0.0004537931034482759 0.0007268965517241379
300
296
289
280
279
274
270
259
257
256
258
250
248
249
250
247
243
242
237
235
233
233
233
231
227
226
226
228
229
230
230
230
234
232
230
232
232
232
233
229
229
227
228
226
226
225
225
226
225
226
226
227
228
228
228
227
226
226
226
224
224
225
224
222
221
221
222
221
220
220
219
219
221
221
221
219
220
218
218
219
219
219
221
222
225
225
227
227
226
226
225
226
227
226
224
224
223
222
220
219
219
219
218
219
217
217
218
218
218
217
216
215
214
216
216
217
216
217
219
220
219
217
217
216
216
216
214
212
213
212
210
211
212
212
212
214
214
214
213
215
214
212
213
213
213
214
213
214
214
215
214
216
214
215
216
215
215
215
215
215
213
214
216
218
218
216
216
217
218
217
217
216
217
216
216
218
216
216
215
213
213
214
216
215
215
217
217
216
218
217
216
218
217
217
218
217
216
217
215
215
214
215
216
215
215
215
215
217
217
217
217
217
218
218
219
219
217
217
216
218
215
212
212
213
212
214
214
215
214
213
213
212
209
210
207
207
207
207
205
205
204
203
203
204
205
204
204
204
204
205
208
209
209
208
210
209
209
211
210
208
207
207
207
209
208
207
207
207
207
207
207
209
210
210
214
214
214
215
214
213
212
213
210
211
210
209
210
209
211
210
209
210
211
211
209
210
209
209
209
208
209
209
209
208
206
207
205
207
207
207
207
207
207
207
208
207
207
208
209
208
206
208
210
208
207
205
204
203
203
202
200
201
202
203
203
204
204
201
202
202
202
201
201
201
202
204
204
204
203
205
204
202
203
202
202
199
198
197
197
197
197
196
197
197
197
196
196
196
197
197
199
199
199
200
199
199
200
199
199
201
202
201
203
203
203
203
202
201
202
205
205
206
205
206
205
205
205
207
206
208
208
211
211
210
210
204
204
203
204
201
200
198
198
198
197
198
199
199
200
201
203
204
203
200
200
200
199
199
198
198
199
200
202
199
198
198
200
199
199
199
198
197
199
199
199
199
198
198
200
201
201
200
200
199
200
201
200
199
198
198
197
197
197
196
195
195
193
193
194
193
193
193
194
194
195
195
196
196
195
195
195
196
196
197
199
198
198
198
198
197
199
195
196
196
196
196
194
194
195
195
196
197
198
196
197
196
197
198
199
199
199
199
199
200
199
198
196
195
195
197
195
196
194
194
195
195
195
196
195
197
195
195
196
194
190
190
190
190
193
193
190
192
194
195
194
195
195
195
195
196
196
197
197
195
195
196
198
197
194
192
192
191
195
192
192
192
193
193
192
194
195
196
195
193
194
195
194
194
195
195
194
194
195
193
193
193
193
193
192
191
191
190
192
192
193
193
194
194
195
197
197
199
198
197
195
194
194
194
193
192
191
191
194
194
194
195
195
190
192
190
190
191
190
191
189
190
188
188
188
188
187
188
188
191
189
188
187
188
189
188
188
187
189
189
189
188
187
184
183
183
182
182
182
185
185
185
185
185
185
190
189
191
192
189
189
188
187
187
189
191
192
192
191
189
190
188
189
188
188
186
187
187
186
186
186
185
185
187
188
190
191
192
193
194
195
193
192
192
192
190
190
190
189
187
188
187
186
187
188
188
189
188
188
189
188
188
189
188
188
188
189
187
187
187
187
187
188
189
188
188
190
190
188
188
187
188
188
188
188
188
189
189
188
187
190
191
191
192
193
193
193
193
192
193
193
192
192
191
191
191
191
191
190
189
189
189
189
191
194
193
193
194
194
193
193
191
189
189
191
193
195
195
194
194
191
191
191
190
188
187
186
185
185
185
183
185
187
187
186
186
186
186
185
186
186
185
185
185
184
183
185
184
185
184
185
182
184
183
184
184
187
186
186
187
187
188
188
189
188
187
186
188
188
187
187
189
188
188
188
187
187
187
187
185
184
184
184
187
186
186
188
187
187
189
188
187
187
188
189
186
182
183
184
184
183
185
182
181
180
181
180
181
180
179
179
179
180
180
183
184
184
183
183
183
183
183
184
184
184
184
184
184
184
184
182
183
184
186
185
183
183
185
183
182
183
182
181
180
181
181
181
181
181
182
182
183
183
183
184
185
183
184
183
184
183
183
183
184
183
185
185
185
185
183
184
186
187
188
187
185
185
184
184
185
185
184
183
185
184
183
183
184
185
182
182
182
182
182
182
182
183
184
185
185
182
182
181
181
181
184
184
184
183
186
186
187
186
186
185
185
183
182
184
183
183
185
185
186
186
185
184
185
186
185
187
188
188
187
185
184
183
182
180
182
182
181
180
179
179
179
179
181
181
180
178
177
176
177
178
178
178
181
180
182
181
180
178
179
177
179
180
176
178
175
176
176
177
178
179
181
181
180
179
179
179
179
179
181
182
183
186
184
184
184
184
184
183
183
183
184
183
183
184
185
185
181
181
183
182
180
179
177
177
177
176
180
180
178
179
178
179
180
180
179
178
178
178
177
177
177
176
178
178
178
181
180
180
181
181
180
179
178
175
174
174
174
174
173
173
174
173
173
173
174
174
173
175
180
178
178
177
177
177
175
174
174
176
176
176
176
176
176
177
177
177
180
180
179
177
177
178
178
178
179
178
178
177
177
180
177
178
177
178
179
179
178
176
175
175
176
177
177
177
177
177
176
177
177
178
177
176
176
176
176
176
175
175
175
175
176
180
180
180
180
178
179
178
178
178
178
177
178
179
181
182
181
181
179
181
182
182
180
181
178
177
177
177
177
177
179
179
181
181
180
180
180
181
181
178
179
180
180
177
179
179
179
178
177
177
178
178
179
178
176
177
178
178
177
176
177
176
176
175
177
178
177
175
176
179
181
182
182
182
179
178
177
179
180
179
180
180
181
179
180
180
180
180
180
178
178
179
179
179
175
174
174
173
174
173
172
172
172
172
172
172
173
173
174
174
174
175
177
177
177
177
178
177
178
178
175
176
177
178
179
181
181
180
180
177
177
178
178
178
179
181
181
181
181
181
180
179
178
176
173
173
174
173
172
171
171
172
172
173
173
173
173
173
174
174
173
173
171
170
172
171
171
170
170
171
171
173
173
173
173
175
173
171
172
170
171
172
170
171
172
173
173
174
175
177
178
178
175
173
175
174
173
173
173
174
174
174
172
172
172
172
173
173
175
178
178
178
179
181
180
179
179
180
179
180
178
178
177
177
177
176
174
174
174
174
173
173
173
171
171
170
169
167
166
166
167
167
167
169
173
174
174
175
175
176
174
174
175
173
174
174
174
173
174
173
172
172
171
172
171
174
174
175
175
174
175
173
173
174
174
175
174
175
172
171
171
172
171
173
173
173
174
175
175
175
172
172
172
173
172
172
171
170
171
170
170
171
170
169
169
168
168
168
168
169
169
170
169
169
167
166
167
166
166
166
164
163
165
164
167
165
165
166
166
167
167
168
167
167
168
167
168
168
167
167
169
170
168
168
167
167
166
165
165
166
169
169
169
168
171
170
171
170
170
171
172
173
174
172
170
170
169
169
169
168
167
166
165
166
166
166
166
166
169
171
173
172
171
170
170
170
172
169
169
169
168
165
165
164
165
166
165
163
163
164
164
165
165
166
165
165
165
164
164
166
164
164
165
166
166
165
162
163
164
162
163
164
163
164
164
165
165
165
165
165
164
162
162
162
163
163
163
162
163
164
164
164
164
165
165
166
166
167
166
167
167
170
168
168
167
167
167
166
166
166
167
168
168
168
168
167
168
171
171
169
167
167
166
168
166
165
165
166
167
168
168
168
168
172
168
169
169
167
168
168
167
166
166
165
165
163
164
164
163
163
162
160
160
161
161
161
161
162
163
163
163
165
164
163
162
160
160
161
161
161
161
159
159
158
159
159
159
159
158
158
159
159
159
159
160
161
160
158
157
158
159
160
157
157
157
157
158
158
159
161
161
159
157
159
159
158
157
157
157
158
159
158
160
160
159
159
161
162
162
163
162
162
163
163
165
165
166
166
164
163
163
163
165
163
163
162
161
161
161
158
159
158
157
158
157
156
156
157
158
158
158
158
158
157
156
157
157
158
157
158
158
158
158
156
157
156
156
156
157
157
155
155
154
154
155
155
157
157
157
159
159
159
160
160
161
160
159
158
158
158
159
159
158
161
161
160
158
157
157
155
155
155
155
156
156
156
157
157
156
157
157
156
156
157
157
158
159
158
158
159
159
160
159
158
157
157
157
158
155
154
154
156
156
156
155
154
155
152
153
154
155
156
156
157
159
160
160
161
161
161
160
160
160
159
158
158
158
158
159
160
161
161
160
157
157
157
157
157
157
158
155
154
155
157
159
159
159
157
156
157
158
157
158
160
160
161
160
160
160
160
159
158
157
157
158
156
157
159
156
156
152
151
152
152
151
150
152
152
151
152
153
154
152
153
153
153
150
149
149
150
150
149
149
149
153
149
149
149
150
151
152
154
154
154
153
154
154
153
153
153
153
151
152
151
151
149
150
150
148
148
148
148
147
148
149
148
149
151
152
152
151
151
149
149
149
149
148
148
148
148
148
148
149
147
148
148
148
147
146
147
148
148
145
144
145
146
146
148
149
149
151
150
151
149
149
149
149
151
153
152
152
153
155
155
154
154
152
152
150
150
150
148
147
147
147
147
147
147
149
150
149
150
150
149
150
150
150
151
149
149
150
150
151
149
149
148
148
148
149
147
148
148
148
147
147
148
149
149
151
150
146
147
148
148
148
149
150
150
150
151
150
149
149
149
148
151
152
152
152
151
152
153
151
149
150
149
149
149
150
149
149
149
150
149
149
148
150
152
151
150
150
152
153
152
154
155
154
154
154
153
152
152
151
149
150
150
149
149
148
148
148
146
146
145
147
147
146
146
146
145
145
145
145
146
145
145
145
146
146
145
145
146
146
147
147
147
147
147
146
147
147
149
150
152
152
152
153
154
154
154
153
151
151
150
147
149
150
149
149
148
148
148
148
149
150
145
146
147
146
146
143
143
143
144
144
143
143
144
143
143
144
144
143
144
144
146
144
144
143
144
143
142
143
141
141
143
143
144
144
144
145
145
145
146
146
146
146
145
146
145
144
144
145
144
143
143
143
142
142
142
141
141
141
139
139
139
139
139
140
139
141
142
143
143
143
143
143
143
143
142
144
143
144
145
145
144
144
144
144
144
145
145
145
145
145
145
145
144
143
144
144
142
143
143
144
143
142
143
142
143
142
142
142
140
140
140
140
140
140
140
140
139
139
139
139
142
143
143
143
144
142
142
143
144
145
145
146
145
146
145
144
144
143
144
144
143
143
144
144
144
145
145
145
146
147
145
146
146
146
147
147
150
149
147
147
146
146
146
147
147
146
146
145
144
143
140
139
138
136
136
139
139
141
141
140
140
138
140
141
141
141
142
142
141
142
139
141
139
139
139
138
139
139
139
139
139
138
139
141
142
138
137
138
138
138
139
139
139
139
141
141
141
142
142
143
144
144
144
144
145
145
147
147
148
149
149
149
148
148
148
146
147
149
148
149
150
148
145
143
145
144
140
141
141
142
141
140
141
140
140
140
142
143
145
143
146
144
144
144
144
144
140
141
140
138
138
136
136
134
132
133
134
134
133
132
132
133
134
132
133
133
134
134
134
135
136
134
134
134
134
135
136
136
135
134
135
135
133
132
133
132
131
130
130
131
131
129
129
129
129
129
129
129
128
128
127
128
129
131
132
132
133
133
133
132
132
131
130
132
131
132
133
132
132
132
131
130
129
130
130
130
130
130
131
130
130
130
130
130
129
129
129
130
131
131
130
130
131
130
132
130
130
130
129
131
132
132
132
132
131
133
133
135
134
135
133
133
131
132
132
132
132
132
131
131
131
132
131
131
132
133
133
134
134
133
133
132
132
131
132
130
131
134
133
132
131
131
131
131
131
132
132
131
132
132
132
132
133
133
133
135
135
136
134
134
133
133
133
133
133
130
130
129
130
129
129
129
128
128
129
128
129
129
129
128
128
127
129
128
128
129
130
130
130
130
130
130
131
131
131
133
133
132
133
132
133
131
129
128
127
127
127
127
128
128
128
128
126
126
127
126
127
127
128
128
128
128
129
130
130
131
132
135
135
134
135
136
133
133
132
129
130
131
131
130
130
130
129
128
127
128
129
128
129
129
131
132
132
130
132
131
131
130
128
128
127
128
128
127
126
126
126
124
124
124
126
126
126
126
126
127
126
125
123
123
123
123
123
124
124
123
124
124
125
125
127
126
126
127
127
126
126
125
124
124
125
124
124
125
125
125
126
126
127
127
126
126
128
127
125
128
128
127
126
127
127
127
126
125
125
125
125
125
124
123
124
123
123
122
122
123
123
124
124
125
125
125
123
121
121
120
121
122
123
124
124
122
121
121
121
120
121
122
120
121
121
120
120
120
120
120
120
119
119
119
119
120
121
120
119
119
119
120
119
119
119
120
119
119
120
121
121
120
120
120
120
120
120
120
119
118
119
119
119
119
119
120
118
119
119
119
119
120
120
120
120
121
122
121
123
123
123
124
124
123
123
122
122
122
120
121
121
121
121
121
121
121
121
121
121
121
122
122
123
124
124
124
123
121
122
123
124
124
124
126
125
123
123
123
123
122
121
121
121
122
121
121
121
121
121
120
120
121
121
122
123
123
123
120
120
120
119
120
121
121
122
122
122
122
122
122
123
125
128
127
125
127
127
126
123
123
122
123
122
123
122
121
119
120
121
121
122
122
122
121
121
119
118
120
120
120
120
120
120
121
120
120
120
120
121
122
122
121
121
123
123
122
123
119
118
119
118
118
117
116
117
117
117
118
118
119
119
118
118
119
120
120
119
119
120
120
120
120
120
122
122
122
124
124
122
121
119
119
119
119
119
120
118
117
117
115
116
118
116
115
116
115
115
115
116
115
115
115
114
114
114
114
114
114
115
115
115
114
113
112
112
112
112
111
111
111
112
111
111
111
112
112
112
112
112
112
112
112
112
115
113
112
112
113
113
114
114
114
114
113
114
114
113
113
112
112
112
112
112
112
114
114
114
113
113
113
113
113
113
113
113
113
113
112
113
112
112
112
112
112
111
111
111
112
112
112
112
113
111
111
111
111
111
112
111
111
112
112
113
113
112
113
113
112
112
113
113
113
112
112
113
113
113
111
111
112
112
112
114
114
111
111
113
113
114
113
114
115
114
114
114
113
114
116
116
116
115
115
114
113
113
113
112
114
114
113
112
112
112
112
113
112
112
112
112
112
113
113
114
115
115
115
115
115
114
112
113
113
114
114
113
112
113
114
114
114
114
114
114
114
114
114
114
113
113
115
114
114
112
113
114
114
113
115
114
116
115
116
116
116
116
116
117
116
116
117
115
115
117
117
119
119
120
121
121
121
120
119
119
119
119
117
116
116
115
116
116
117
116
119
117
116
115
116
116
116
116
117
118
117
118
118
118
118
117
118
119
119
121
121
120
120
120
121
120
119
119
119
119
118
117
116
117
117
116
115
115
116
116
116
116
114
115
115
114
115
115
115
115
115
115
114
114
114
113
113
112
112
113
114
114
114
114
115
116
116
115
115
115
115
115
117
117
116
115
114
115
116
115
114
114
114
113
114
115
116
115
116
114
114
114
114
114
114
114
111
111
110
110
110
110
110
109
109
109
109
109
109
109
109
109
109
109
109
109
109
110
109
109
108
111
112
112
114
114
114
115
114
114
113
113
114
114
115
115
116
116
114
113
114
114
113
113
114
113
113
113
113
112
112
113
112
111
112
113
114
114
112
111
111
111
110
110
110
110
111
111
111
111
111
111
111
112
112
111
111
112
112
112
112
112
114
114
113
113
114
114
114
114
113
114
114
115
115
115
114
113
112
114
113
113
113
112
112
112
112
112
113
112
112
113
113
114
114
114
114
114
114
113
112
113
112
113
113
114
115
115
115
115
113
112
112
113
114
116
115
115
116
116
116
117
117
118
116
115
115
113
113
113
113
115
115
115
114
114
113
113
112
112
112
112
112
113
112
111
112
113
112
113
114
113
113
112
112
112
112
113
112
114
112
115
115
114
113
113
113
113
113
113
113
114
114
113
111
111
111
112
113
114
114
116
115
115
113
111
111
112
112
112
112
113
112
112
113
112
112
111
111
111
112
112
112
113
113
112
112
112
112
112
113
112
113
113
112
111
112
112
112
112
111
111
112
110
110
109
109
109
110
111
111
112
111
112
112
112
112
114
114
114
114
114
114
113
114
115
115
113
114
113
112
112
111
112
112
112
113
112
113
113
112
112
110
110
110
109
111
112
111
110
111
111
113
114
114
114
113
114
113
113
112
112
112
111
110
110
110
111
111
112
113
114
115
116
117
117
117
116
116
115
114
113
112
112
113
114
114
112
111
112
112
113
114
114
113
113
114
112
112
113
113
112
112
112
111
111
111
110
112
112
113
114
114
114
115
115
116
115
113
113
111
111
111
111
111
111
110
112
113
113
112
112
111
109
108
108
108
106
106
106
106
106
107
106
106
106
106
107
108
108
107
108
110
111
112
112
112
112
112
113
113
112
110
110
111
110
109
109
109
110
110
110
113
112
112
111
111
110
109
110
110
109
109
109
108
108
109
109
110
110
111
111
112
111
112
112
113
112
112
112
112
109
110
110
109
110
110
109
109
110
111
111
111
111
111
111
111
110
110
111
111
112
112
112
112
112
112
112
111
110
110
110
114
113
113
112
110
109
110
111
111
112
114
114
113
114
112
115
114
113
112
112
110
111
110
108
109
110
109
111
111
111
111
111
110
109
109
109
109
109
109
109
110
111
111
111
110
111
112
114
114
112
112
113
113
114
114
115
114
115
115
114
113
112
111
111
111
110
110
111
108
108
110
110
110
109
110
110
110
109
109
109
110
108
109
108
108
109
110
109
109
109
109
108
107
107
107
106
107
108
109
110
110
109
109
109
110
111
109
114
112
111
111
110
109
110
108
108
108
109
109
110
109
110
110
110
110
110
109
109
110
110
110
109
109
108
108
108
109
109
110
110
109
108
107
107
108
108
107
110
109
109
109
110
109
110
110
110
109
108
107
107
108
107
107
107
108
108
108
109
110
108
109
110
111
111
111
111
111
111
110
110
109
110
111
111
111
112
111
110
110
110
110
110
111
111
110
109
109
110
110
111
112
111
111
110
111
109
109
109
110
108
108
108
108
107
107
106
107
107
108
109
108
108
106
106
106
106
106
106
106
107
108
107
109
110
110
111
109
109
111
110
111
112
113
114
115
115
111
112
112
113
113
111
110
110
109
110
110
110
109
109
108
110
109
108
109
109
110
110
110
110
111
110
110
111
110
110
110
111
111
111
111
111
111
111
111
110
110
109
109
109
109
110
110
110
110
110
109
109
109
109
109
109
109
109
109
109
109
108
107
107
106
107
107
107
107
107
107
107
107
107
107
107
107
109
109
109
108
108
108
109
109
110
111
110
110
110
110
110
111
111
110
111
110
110
110
110
110
109
109
108
108
109
110
111
111
110
111
111
109
109
112
114
113
111
110
110
111
111
112
112
110
109
109
109
109
109
109
107
108
107
107
107
107
105
107
106
106
105
106
106
107
107
108
107
108
109
109
108
108
108
108
108
108
106
106
106
107
106
106
105
104
104
104
104
105
105
105
104
103
105
106
105
105
105
105
105
105
106
106
105
103
104
104
105
104
105
105
105
106
106
106
106
107
107
105
106
107
107
107
107
107
106
106
107
108
108
108
108
109
109
107
107
106
105
105
103
104
102
102
102
103
104
104
103
103
104
104
104
104
104
106
106
106
106
106
105
105
104
103
103
103
104
105
104
105
104
104
103
103
103
103
102
102
102
101
101
104
104
104
104
105
106
106
104
104
103
103
103
102
103
103
103
102
103
103
104
103
103
103
101
101
101
102
101
101
101
101
102
102
102
102
103
105
105
105
105
105
105
106
105
104
104
105
106
106
107
108
108
107
107
107
106
106
107
107
106
106
106
105
105
103
102
102
103
103
102
103
104
105
104
106
107
107
107
109
109
108
108
107
108
107
108
109
107
107
107
108
109
108
108
108
108
108
106
106
107
106
106
106
108
108
108
107
106
106
107
107
106
106
105
105
104
104
104
105
105
104
104
104
104
104
105
106
108
109
108
108
107
109
108
107
105
106
104
104
104
104
104
105
107
106
107
107
106
106
106
105
103
103
103
106
106
107
109
109
109
110
110
110
110
108
107
108
109
107
106
107
107
108
108
107
107
107
105
106
106
106
105
106
106
107
108
107
107
106
105
104
104
104
104
104
106
106
105
103
103
105
105
104
104
103
105
106
107
105
104
104
104
104
104
104
104
104
104
104
104
104
105
104
105
104
106
106
106
105
105
105
104
104
104
104
104
103
103
102
102
102
103
103
103
102
102
100
100
100
98
99
99
99
98
98
98
98
100
100
99
100
100
100
101
101
103
103
102
102
100
102
102
102
102
102
102
101
100
100
100
101
101
101
101
102
102
102
103
102
102
103
103
103
104
105
106
106
106
108
108
108
107
108
109
107
107
106
106
109
108
109
109
109
107
108
108
107
106
106
105
105
105
106
107
107
106
106
106
107
108
108
108
109
109
109
108
108
107
107
107
107
105
104
104
103
102
102
101
102
102
101
101
101
100
101
101
101
102
102
102
102
102
101
102
102
104
103
103
103
103
102
103
103
103
104
104
103
102
102
103
103
102
103
103
104
104
104
103
104
104
105
106
106
105
105
104
104
104
104
104
105
106
106
105
104
103
103
103
105
106
105
106
106
106
105
103
103
102
100
101
101
101
101
102
102
102
101
100
101
101
101
101
102
101
101
101
103
104
104
104
104
103
105
104
105
104
104
105
105
106
107
106
106
106
107
106
105
103
104
101
100
101
102
101
102
104
105
105
108
106
106
106
105
106
106
104
105
105
106
106
106
107
107
106
108
108
106
106
105
106
106
106
106
104
104
104
106
106
106
109
109
109
108
109
108
108
108
106
106
106
106
105
104
103
103
101
102
102
102
101
101
102
100
100
99
99
99
100
100
100
101
101
100
100
100
100
102
103
103
102
101
99
99
98
98
98
98
98
98
100
101
101
101
101
101
102
101
101
101
101
102
101
102
102
101
101
101
101
101
101
100
99
99
98
98
99
99
99
99
99
99
99
99
98
98
98
98
98
98
98
99
100
99
100
100
100
99
99
99
98
99
99
100
99
100
98
99
100
98
98
98
98
98
98
98
98
99
99
99
100
101
101
101
102
101
101
101
101
101
102
102
101
102
101
101
97
96
96
96
97
97
97
97
97
97
98
99
100
100
