0.0009317241379310344 0.0002831034482758621
300
295
293
293
287
285
280
281
282
277
275
275
274
274
274
273
274
275
274
271
273
273
273
273
272
274
274
275
275
273
275
276
277
279
278
279
279
277
278
276
273
274
275
276
278
278
275
273
276
276
277
277
282
282
281
283
282
284
285
283
286
286
285
283
282
282
284
286
287
287
286
287
286
286
287
286
285
288
288
287
289
291
291
291
292
292
293
293
293
294
298
301
301
302
305
305
305
304
304
304
303
304
305
305
306
306
305
308
309
310
308
308
309
310
309
311
311
311
310
310
312
312
309
308
306
306
306
304
305
306
307
306
307
308
309
309
310
309
311
309
310
311
311
312
313
313
313
313
311
313
316
317
317
318
318
318
316
317
318
321
321
321
322
322
321
321
322
316
317
318
321
319
320
322
323
322
323
322
323
324
324
324
325
328
329
328
328
329
331
328
329
327
327
327
329
331
329
330
331
332
331
329
325
324
323
325
326
324
324
324
323
325
325
326
326
325
324
326
326
326
324
325
329
333
333
333
334
332
330
330
330
329
327
326
327
328
327
327
330
332
334
333
334
335
337
335
336
336
332
335
333
333
334
332
332
333
333
334
334
335
335
336
335
335
338
338
339
339
340
342
342
341
342
341
342
341
343
345
345
346
344
348
345
347
345
344
344
344
343
340
340
339
338
338
338
337
337
338
338
337
336
336
338
338
339
341
340
339
340
340
341
340
340
341
340
341
343
346
347
348
350
349
348
351
352
354
351
352
355
357
355
354
352
352
350
352
352
352
353
355
357
359
358
361
358
357
357
357
354
356
355
353
356
355
356
355
359
359
358
360
359
361
361
362
361
361
359
359
360
360
362
361
363
362
363
362
363
363
363
364
364
361
362
361
360
361
361
358
361
359
357
356
357
356
356
355
359
356
357
357
354
355
354
355
354
356
356
358
357
356
356
356
358
359
360
364
361
361
362
362
362
363
362
363
362
364
364
363
362
365
363
362
361
363
363
362
365
366
365
364
364
364
366
367
368
367
366
366
369
371
373
374
376
375
374
372
372
372
373
372
372
373
371
369
370
368
369
369
368
368
368
369
372
372
371
369
369
372
371
371
370
371
370
371
369
369
367
366
363
363
365
367
366
367
368
370
368
366
366
370
369
369
372
372
373
373
370
368
368
370
375
373
376
376
377
378
377
378
378
378
378
378
377
377
379
382
381
380
382
387
387
387
389
390
390
391
391
390
390
389
388
389
390
388
383
380
381
380
381
384
383
383
383
382
384
383
383
386
384
383
385
385
387
388
388
386
387
387
386
388
390
390
392
397
398
399
399
397
396
398
396
397
397
395
392
392
392
393
393
393
396
396
398
397
398
395
392
392
394
395
394
399
397
396
396
396
395
397
399
399
398
397
398
399
404
405
397
404
401
401
398
397
397
396
399
399
399
403
403
403
403
403
403
405
403
403
403
402
404
403
401
402
402
401
403
403
404
404
403
403
404
404
406
410
412
413
412
410
409
409
406
406
408
410
413
414
416
416
417
416
415
413
419
418
421
421
420
420
421
421
421
423
423
424
422
420
417
417
416
415
416
417
420
420
422
422
424
424
427
429
432
429
428
424
424
424
424
425
425
425
428
428
433
438
437
436
434
433
431
432
435
435
435
436
437
438
434
434
430
434
434
434
436
436
434
432
433
434
433
434
435
431
429
429
431
435
435
434
434
431
428
429
432
431
430
430
427
425
425
428
429
431
432
432
429
429
429
426
425
427
425
429
428
428
426
430
428
427
431
436
435
433
429
430
431
427
426
425
425
425
425
425
428
423
422
426
428
433
428
428
428
428
425
425
424
426
427
426
428
429
431
435
435
435
433
434
435
435
437
437
436
434
435
432
431
431
431
433
432
432
433
432
431
432
433
430
430
430
430
432
430
429
430
427
427
428
428
430
431
434
436
439
441
438
439
436
436
437
435
438
439
441
441
439
439
441
442
440
439
440
439
439
440
441
445
438
437
436
436
437
436
437
436
434
434
435
440
439
436
435
436
434
436
437
439
439
440
437
438
439
440
439
439
437
439
439
439
439
440
441
442
445
446
449
447
446
448
449
450
450
449
451
453
455
457
457
458
455
454
454
455
454
453
455
456
456
456
460
461
463
464
461
456
456
454
452
451
453
457
457
456
452
453
450
452
451
450
451
454
453
453
453
453
454
458
456
457
459
460
458
459
454
455
455
454
455
456
457
457
457
456
452
453
459
456
456
455
453
455
454
455
453
454
453
453
453
452
450
452
453
456
454
454
456
457
456
454
457
457
458
459
460
460
463
467
469
468
465
463
467
470
467
466
463
460
462
463
462
465
465
464
464
466
465
466
466
464
465
463
464
467
467
464
464
465
465
466
469
466
463
462
463
465
465
465
465
468
467
466
467
468
469
468
470
471
468
469
471
469
471
471
474
475
471
472
473
471
473
473
472
470
468
469
471
471
470
471
472
470
473
469
468
469
471
471
475
475
474
474
475
471
470
469
470
468
471
469
470
469
469
471
471
472
469
468
471
474
476
475
474
477
475
476
475
478
479
480
482
484
483
485
486
487
488
487
488
489
487
488
489
486
487
487
487
488
485
483
482
483
482
484
484
481
481
483
481
487
486
485
482
482
483
485
485
486
485
481
479
481
476
474
475
475
476
477
477
479
479
477
478
478
478
480
477
475
477
478
477
478
481
480
478
475
475
480
482
481
480
479
479
483
486
487
483
482
485
484
478
477
478
478
478
476
477
478
479
480
479
478
477
477
477
478
476
477
479
476
473
472
471
474
473
473
474
477
478
477
476
477
477
477
480
479
476
477
479
480
477
476
475
476
478
478
476
478
481
479
478
477
478
478
480
483
480
479
480
480
480
482
485
486
487
486
487
489
488
488
484
481
479
478
479
476
477
475
476
477
479
480
480
483
482
480
480
483
481
484
484
483
483
481
484
486
485
488
490
490
488
491
489
491
489
490
489
490
489
489
490
491
491
491
492
493
495
499
497
494
495
494
494
490
491
489
489
490
491
492
491
490
488
487
488
490
490
491
491
488
489
486
487
491
490
487
488
490
490
491
492
490
488
485
488
484
485
481
477
481
480
481
485
483
483
486
487
486
487
486
489
490
491
494
496
496
495
498
497
498
498
497
499
499
496
497
494
496
495
495
496
494
494
493
493
491
491
491
491
491
496
495
494
497
498
493
492
492
492
495
493
491
491
491
490
490
492
493
496
493
495
494
493
492
491
492
493
498
500
501
500
499
502
500
502
503
498
496
494
493
491
493
495
493
495
494
492
493
497
496
494
498
499
497
496
498
496
494
492
490
488
486
487
490
490
493
495
493
493
495
494
495
495
493
490
490
490
491
493
493
496
496
497
496
497
501
505
503
506
505
501
503
501
502
503
505
507
505
508
506
507
505
500
501
504
505
505
505
506
505
502
503
500
501
501
503
501
496
499
498
500
497
498
501
499
500
499
500
499
497
496
498
499
497
497
496
496
499
499
500
496
494
495
495
495
496
497
499
498
494
494
495
500
500
500
506
507
502
502
502
503
504
507
507
508
509
514
513
511
510
512
516
514
513
512
513
515
517
518
520
515
513
515
513
516
519
520
523
525
524
527
528
525
526
527
528
529
527
527
527
528
528
528
525
523
526
528
527
527
526
529
529
530
532
536
531
532
529
526
523
525
531
525
526
520
519
519
521
519
522
521
524
522
522
523
517
516
515
515
512
512
512
515
516
514
512
513
511
515
515
516
519
517
520
521
521
521
520
517
521
520
518
522
519
511
514
511
511
512
512
509
509
509
510
509
508
507
506
504
503
504
507
504
506
507
507
503
502
503
508
508
507
508
509
514
514
513
518
515
513
516
515
513
514
513
512
512
513
517
513
516
518
514
513
514
512
510
511
512
512
515
515
517
520
520
525
525
521
519
521
520
519
518
517
517
519
521
524
524
522
523
520
521
523
526
524
524
525
526
526
528
528
526
523
524
525
525
525
526
525
524
522
521
518
518
519
519
517
517
517
518
520
520
519
517
514
514
516
516
513
518
519
519
520
520
523
519
520
523
522
525
525
525
525
521
521
519
521
522
526
528
529
529
525
523
523
522
521
520
519
520
520
521
521
521
518
522
523
526
522
523
521
522
520
523
523
524
525
525
526
523
527
528
527
526
525
525
526
529
529
530
532
533
532
531
528
528
525
522
520
522
522
524
525
525
524
524
525
526
530
529
534
532
533
533
531
535
536
536
533
535
544
543
541
544
548
546
547
546
543
542
542
542
538
542
542
543
539
537
540
541
542
540
539
538
535
532
532
535
533
536
537
530
530
530
526
526
526
532
527
528
527
527
524
524
523
523
526
524
524
524
524
525
523
526
529
523
524
523
529
529
532
531
531
532
531
529
535
532
532
533
533
531
529
536
538
542
542
542
542
542
538
535
538
538
538
540
539
541
536
538
533
531
530
526
531
531
532
532
534
535
535
535
537
537
536
540
543
543
545
544
544
538
539
539
539
538
538
541
543
543
543
543
543
541
544
548
549
547
548
544
545
544
547
549
550
547
543
543
540
541
542
544
542
544
542
545
546
546
547
549
548
544
547
546
546
547
545
547
549
546
545
547
544
545
550
550
550
549
551
551
552
551
552
557
557
563
563
558
558
558
560
561
561
563
566
565
560
556
558
561
560
561
562
560
558
558
556
555
556
553
556
557
561
562
558
558
558
558
559
559
558
554
556
554
552
551
549
552
552
547
554
558
562
562
561
562
560
559
557
558
560
562
558
558
556
555
555
557
556
556
559
559
562
560
558
563
564
559
559
557
560
560
563
565
564
564
565
563
561
563
567
571
570
569
565
569
566
569
570
568
572
571
569
571
569
571
573
575
576
576
578
579
581
579
580
579
578
577
577
581
582
584
583
582
585
583
588
586
586
585
583
582
584
584
584
584
583
581
581
581
581
582
583
583
587
585
581
580
580
582
583
580
579
578
579
579
574
577
584
584
579
579
578
577
572
571
570
573
569
570
570
573
572
571
573
571
568
566
568
567
569
566
563
562
561
558
556
562
561
556
556
562
563
565
566
568
570
572
573
571
572
574
572
574
572
571
569
569
567
568
568
571
569
567
565
563
561
565
568
568
566
565
564
564
564
564
567
568
571
570
567
568
570
572
569
570
575
574
574
571
571
572
573
573
575
578
578
580
581
582
586
585
582
580
580
581
580
578
581
587
590
589
588
586
585
588
586
587
584
583
581
581
579
581
584
581
583
581
580
576
579
575
574
574
573
574
574
575
577
575
575
574
574
570
569
568
567
567
570
570
568
569
567
570
572
575
576
577
574
575
576
581
581
580
578
576
574
574
576
577
574
576
571
572
571
569
565
568
566
571
572
571
569
568
565
568
569
573
572
576
575
576
572
571
568
574
576
578
577
575
571
573
573
574
574
578
577
580
576
575
572
572
572
569
568
567
566
566
563
566
567
561
561
565
565
565
566
566
565
565
566
568
570
573
570
569
573
573
575
569
568
569
570
572
575
577
578
579
578
578
578
581
584
589
587
586
586
587
584
585
584
581
582
580
580
581
582
581
583
583
585
583
581
587
584
586
587
591
590
589
589
589
590
591
589
593
591
591
589
588
588
587
587
589
589
589
587
588
587
585
587
587
586
589
591
591
590
592
596
597
593
593
586
585
585
581
581
582
586
583
582
584
587
586
583
583
582
582
582
586
580
578
577
579
579
577
579
577
576
575
576
579
582
585
590
591
590
586
587
586
584
584
582
581
583
582
588
588
592
591
590
590
590
594
592
592
591
591
587
584
587
590
594
592
590
587
587
586
588
593
594
595
596
597
597
595
596
595
597
596
596
597
599
597
598
597
596
596
598
597
598
597
599
598
598
593
593
593
591
595
595
597
596
594
598
592
595
594
595
596
596
594
594
599
599
598
599
597
598
598
601
599
599
598
596
594
596
596
593
594
592
593
597
598
594
591
589
593
597
597
597
598
598
602
606
608
611
612
613
609
610
609
611
616
613
618
617
618
616
613
612
611
610
605
605
602
599
600
599
597
600
602
600
604
605
605
602
605
603
603
605
606
606
606
606
605
605
605
605
610
608
607
605
601
604
606
599
600
604
600
599
597
595
595
597
599
603
601
608
607
610
608
611
613
608
610
612
614
613
609
605
607
604
605
605
610
610
614
619
617
616
616
611
612
612
613
612
606
605
604
601
600
598
594
596
595
594
596
597
598
599
599
598
600
601
605
604
606
606
606
605
605
605
603
603
604
604
606
606
611
612
616
613
608
613
614
611
610
607
608
607
606
606
608
607
602
599
600
601
601
603
605
606
608
611
610
608
610
611
608
609
607
607
605
606
607
605
603
601
605
610
608
606
606
606
606
604
604
605
605
602
596
595
594
598
600
604
606
608
607
601
606
607
608
604
605
605
606
602
601
603
613
612
612
611
617
615
612
613
612
611
607
610
610
609
612
616
614
607
609
607
608
612
613
612
609
610
609
607
603
604
603
603
604
603
603
603
601
598
600
596
598
594
591
588
593
593
592
593
593
594
594
593
591
593
591
588
586
588
590
590
589
583
581
584
584
588
586
587
591
592
597
593
595
593
591
592
586
590
588
583
583
581
581
577
579
581
581
580
583
583
581
581
580
585
586
583
577
579
580
580
579
580
581
579
582
582
581
582
582
583
580
580
580
580
580
582
582
582
585
587
589
590
585
583
583
583
584
584
583
583
583
581
585
588
589
587
586
586
587
588
588
586
586
590
588
586
587
585
587
590
587
587
590
591
590
592
593
595
598
594
594
597
598
603
603
604
603
601
603
609
612
613
615
613
612
611
609
605
604
604
602
599
603
602
602
604
603
602
605
603
606
608
606
608
606
607
610
609
612
611
612
614
615
616
616
618
621
623
622
628
626
625
627
626
627
622
622
616
616
618
620
621
624
622
621
624
623
626
625
624
620
622
625
625
617
615
619
617
618
617
622
623
622
619
622
624
622
623
627
628
627
626
629
624
626
627
629
625
624
623
624
626
624
620
622
625
627
626
627
629
626
627
624
627
630
628
628
627
624
621
623
623
620
619
618
619
621
622
621
620
620
620
623
620
617
615
616
615
614
616
615
615
611
613
612
613
618
617
620
618
618
620
621
620
623
623
625
623
623
623
626
621
621
622
624
624
621
622
622
617
617
617
618
620
614
616
617
618
615
616
615
614
616
616
615
610
609
608
609
612
615
614
616
615
615
618
618
621
616
619
617
617
620
619
618
622
622
623
623
624
628
625
625
628
628
630
630
629
626
622
624
620
618
619
619
622
619
620
620
619
625
626
626
624
627
624
624
624
626
624
623
621
623
620
619
622
626
625
628
629
633
633
632
634
635
632
631
630
633
628
628
629
625
624
624
622
622
623
625
623
626
631
633
630
632
632
633
631
628
629
630
634
636
632
632
626
624
623
622
622
617
613
611
611
617
613
612
610
613
612
613
615
615
615
614
616
616
615
614
616
612
610
611
617
616
615
617
615
616
615
616
617
620
622
623
623
626
632
631
629
629
631
629
625
627
623
620
616
622
623
623
621
623
619
619
621
622
622
621
619
622
625
627
629
632
635
635
632
634
636
635
634
637
637
635
641
639
638
641
636
630
626
628
632
633
633
633
633
631
633
632
632
634
633
634
627
627
627
624
625
624
624
622
621
624
625
625
626
622
623
621
624
626
627
625
625
625
624
623
624
625
622
625
625
628
627
627
626
629
627
628
628
630
631
633
638
637
638
635
630
631
629
627
628
627
626
626
631
633
632
628
626
628
628
627
626
630
628
629
630
630
631
629
628
627
631
632
632
632
632
634
637
637
635
632
638
639
636
635
631
631
631
631
632
634
632
634
627
629
624
621
619
619
622
624
624
624
628
627
627
629
631
628
629
632
630
626
627
627
630
632
632
632
631
629
627
632
632
632
633
636
635
635
633
632
632
634
633
628
627
631
628
631
630
628
631
631
631
632
632
626
626
626
628
631
632
636
637
637
637
640
644
642
640
635
637
642
644
642
643
641
642
640
639
634
632
633
634
633
635
635
636
633
634
630
628
630
631
634
633
633
631
627
626
624
625
628
627
626
628
627
631
636
631
632
633
634
629
627
625
627
624
624
623
626
629
625
626
628
626
626
623
628
629
628
627
632
632
636
640
637
635
633
636
637
638
636
635
632
632
632
632
631
632
631
632
627
627
625
630
633
632
630
630
632
632
631
635
632
631
631
632
634
635
630
632
633
637
636
638
633
632
633
634
637
634
638
639
643
647
646
644
641
641
640
640
638
638
640
640
638
637
636
635
638
642
642
640
638
637
637
632
633
635
630
631
632
634
633
632
634
634
634
633
633
632
634
634
636
635
632
632
628
631
630
634
634
636
635
639
636
636
635
629
633
632
631
632
630
630
630
630
635
635
635
636
637
639
637
636
635
636
633
628
634
635
636
634
632
633
630
633
628
627
629
627
628
628
629
627
624
625
623
627
626
624
624
623
621
625
622
623
624
620
620
621
620
616
618
621
622
622
621
623
619
623
624
625
621
625
626
624
625
626
626
625
624
622
624
626
629
632
631
625
621
620
620
622
619
614
613
617
619
628
629
632
631
624
622
621
622
623
623
627
630
625
621
617
620
620
619
621
619
625
630
630
628
626
623
621
617
616
617
617
615
615
614
615
613
614
610
612
615
615
617
615
615
612
614
615
610
612
612
614
614
613
613
615
611
613
612
612
611
610
611
614
612
613
613
611
602
604
602
604
601
601
601
600
602
602
602
604
606
605
604
606
607
610
608
609
609
605
603
602
604
604
604
603
604
603
605
605
609
613
611
609
610
612
614
614
615
614
612
611
609
608
607
608
611
610
607
606
605
603
603
601
603
605
607
608
612
605
604
606
608
606
608
607
608
609
607
608
608
610
608
609
611
610
609
612
613
613
614
620
617
615
613
611
609
606
604
605
607
610
609
608
610
611
608
607
604
604
606
607
606
605
603
609
608
609
605
608
610
610
611
613
611
609
611
609
610
609
608
608
611
607
608
609
606
604
605
605
605
608
609
608
610
608
611
613
611
609
610
608
608
610
610
611
617
623
622
623
622
617
614
615
613
616
617
616
615
616
612
610
614
611
611
612
609
611
608
605
609
610
613
613
612
610
611
610
612
604
606
603
602
600
599
600
602
600
602
606
613
618
617
616
619
617
621
619
620
620
619
619
614
614
613
614
612
613
611
613
615
616
616
612
619
617
619
621
618
614
613
616
614
618
613
616
617
614
613
613
614
615
616
617
618
620
621
620
623
621
624
623
623
621
621
619
623
625
626
626
623
622
621
621
617
621
619
621
619
614
613
621
622
625
628
624
626
625
624
628
633
630
630
626
627
629
627
622
623
625
624
623
621
621
626
621
620
619
621
625
625
624
623
620
616
614
615
615
618
616
615
617
616
614
620
618
619
622
625
623
623
620
619
620
622
622
624
621
623
621
623
626
626
627
625
623
623
625
624
627
630
624
625
623
625
623
621
623
620
621
618
614
617
621
620
623
621
620
625
623
622
622
622
625
624
627
629
626
625
629
630
629
627
629
632
630
628
629
627
627
624
626
627
629
629
627
629
632
629
628
632
632
631
630
629
626
626
626
631
629
628
629
626
628
631
629
631
632
633
631
629
629
629
629
628
630
633
634
639
638
638
637
639
640
641
643
646
652
649
647
649
650
651
652
653
649
644
643
643
647
646
646
646
644
646
649
647
647
646
643
644
645
647
649
649
649
650
647
648
649
648
649
651
653
654
653
652
656
654
655
656
655
655
652
653
655
654
654
657
654
651
650
651
651
647
647
650
648
650
653
648
649
646
651
654
655
655
654
659
659
662
659
655
661
658
657
661
659
658
653
654
657
659
656
657
656
655
655
654
653
656
654
653
654
655
657
663
661
660
658
657
658
657
661
661
660
662
659
658
661
661
660
659
660
658
660
660
659
659
664
666
665
666
665
663
661
664
662
665
661
665
666
668
667
667
664
668
663
662
657
655
655
652
653
655
659
660
663
663
663
661
663
665
664
666
667
663
664
665
665
662
663
664
665
663
667
665
663
659
661
665
667
670
668
667
666
663
660
659
655
651
652
654
654
654
655
660
659
657
658
657
658
656
655
657
655
658
661
658
660
662
661
661
659
660
662
661
662
663
662
665
663
665
666
665
665
663
666
664
666
667
668
665
669
668
671
674
674
666
670
668
669
663
666
669
670
667
666
670
667
669
670
672
672
673
675
670
665
666
670
673
676
674
667
666
663
655
650
651
647
648
648
649
652
651
653
657
655
658
659
662
664
662
662
660
658
662
665
666
664
664
670
670
672
671
669
664
666
668
672
671
671
671
676
674
674
671
668
666
667
665
661
661
661
663
658
664
663
660
660
658
660
661
664
664
664
663
659
661
661
658
660
659
659
660
658
657
660
661
662
663
662
660
658
660
663
666
664
666
662
663
658
660
657
655
660
660
662
658
655
653
654
653
657
658
657
659
659
662
662
660
664
659
656
653
651
654
656
655
657
654
654
653
648
646
651
651
646
644
644
642
644
644
652
651
647
646
645
644
648
645
647
642
635
636
637
636
641
641
640
635
634
632
634
636
636
633
632
632
630
630
631
633
634
632
632
633
637
634
634
635
634
636
633
632
628
631
633
631
630
630
633
632
631
633
633
630
631
630
633
636
637
634
636
636
634
635
631
635
633
631
634
635
636
635
633
638
641
644
644
651
648
650
648
647
646
642
642
639
639
640
640
640
639
642
645
648
649
650
647
652
653
653
655
652
652
646
643
643
638
637
636
634
637
638
638
639
637
639
637
640
642
643
644
644
637
638
642
637
640
643
647
647
645
646
642
643
643
642
637
637
638
636
632
628
631
631
630
633
632
634
635
639
637
635
632
631
630
628
628
628
627
632
632
635
632
633
635
633
631
632
633
634
635
640
638
641
640
636
637
639
641
643
644
645
644
644
642
645
647
639
643
641
643
642
645
643
639
639
640
636
635
635
638
640
636
639
639
640
640
645
642
641
640
639
640
643
643
644
643
645
644
649
648
649
646
646
652
655
653
655
655
656
652
652
652
651
651
650
650
651
650
654
656
653
652
651
646
649
651
652
655
653
655
655
657
660
659
660
657
657
659
657
659
659
660
660
664
663
662
659
662
664
664
662
665
664
665
668
669
670
665
665
665
666
668
667
667
666
663
664
662
662
653
653
652
652
650
652
654
656
660
663
661
662
661
660
656
657
657
656
659
659
657
658
653
654
657
653
