0.0004879310344827587 0.0005562068965517242
300
294
294
288
282
280
278
276
275
271
271
268
264
264
261
262
259
258
258
259
256
254
253
250
250
250
251
246
247
244
244
245
243
242
242
244
243
244
243
242
243
241
238
239
239
241
241
241
239
239
241
241
240
240
241
240
243
241
239
238
238
235
236
235
236
237
238
239
241
241
242
240
240
240
240
239
240
239
239
239
239
240
239
238
239
239
239
235
235
233
235
237
237
239
238
237
237
236
236
235
234
234
235
234
234
234
234
234
235
234
233
231
230
233
232
231
229
228
229
229
226
227
228
231
231
228
229
229
227
229
228
227
229
228
226
227
226
227
226
226
228
228
227
229
229
229
228
227
229
228
227
226
226
226
227
226
226
226
226
225
225
225
224
223
222
223
221
221
220
220
218
219
219
219
220
219
219
219
217
217
218
220
221
221
220
220
222
221
221
222
224
221
221
221
218
216
215
217
218
218
216
216
216
217
216
217
218
218
218
217
216
217
217
218
218
218
218
218
218
219
218
219
217
219
219
219
220
218
217
215
215
217
220
220
219
220
218
218
219
221
221
220
221
221
219
219
220
220
220
219
219
218
217
216
218
219
221
222
220
220
219
218
218
217
217
217
217
216
217
216
216
217
217
219
219
219
221
220
216
216
214
215
215
215
215
214
213
212
211
212
215
216
216
218
218
218
219
221
222
219
221
222
221
220
221
219
220
221
221
220
220
219
218
219
220
218
218
219
219
219
220
217
218
216
215
217
216
218
215
214
212
212
212
214
213
213
214
212
213
213
213
211
209
209
209
211
210
210
211
213
212
210
210
210
210
213
212
213
212
213
209
210
210
208
209
209
209
206
208
208
207
207
207
207
208
207
206
206
207
208
208
208
208
204
204
205
205
205
207
209
211
211
213
213
212
210
209
211
207
207
206
205
205
205
205
204
205
205
204
205
204
204
202
205
206
208
206
206
206
206
205
204
205
204
203
203
202
201
199
199
199
199
199
199
198
199
200
202
200
200
200
200
199
198
197
195
196
198
198
198
199
199
201
202
202
202
202
202
203
203
204
205
205
204
201
201
203
202
204
203
202
203
203
202
199
200
198
199
200
199
199
198
196
197
199
199
199
201
199
198
199
201
198
198
199
200
200
200
200
202
201
201
203
203
202
202
203
204
202
203
203
204
203
202
202
203
205
204
200
202
202
200
198
197
198
198
198
198
200
199
198
198
200
201
199
199
198
199
198
198
198
197
198
201
202
202
203
202
201
202
201
200
200
200
198
200
199
199
199
198
197
198
198
200
200
200
201
202
202
201
201
201
202
200
201
200
199
198
198
198
199
198
198
199
199
197
199
200
203
203
204
203
201
201
201
203
202
199
197
197
196
195
196
197
198
198
197
197
195
193
193
193
192
192
192
192
191
191
192
193
193
193
193
193
193
192
193
193
194
194
194
194
195
196
195
196
198
198
197
200
200
198
198
197
195
193
193
194
193
193
194
196
196
197
196
198
198
198
200
200
199
198
198
196
194
194
195
198
196
197
197
197
200
199
198
197
194
195
195
194
195
193
193
191
191
192
191
191
191
191
192
192
191
195
194
191
194
195
193
194
192
192
191
190
189
188
190
190
191
190
189
192
192
191
191
191
191
191
193
192
192
192
194
194
195
195
194
193
192
194
194
191
189
189
188
188
188
189
190
188
188
188
188
189
191
190
191
193
192
191
191
191
190
189
189
189
188
188
188
189
189
190
189
188
189
190
188
189
187
188
188
188
188
188
189
188
187
189
189
187
187
190
189
189
189
188
190
189
189
186
187
188
186
187
185
185
186
185
184
185
187
187
186
185
187
188
189
191
191
191
190
191
191
191
191
192
191
188
187
188
187
186
187
188
190
190
190
188
188
186
185
185
185
186
186
186
186
187
186
186
187
186
188
189
189
191
190
190
189
190
190
189
194
194
196
195
195
197
196
192
193
193
191
190
189
189
190
190
191
191
190
189
187
188
188
189
187
189
184
184
185
183
185
185
185
185
184
184
185
185
185
184
184
187
188
189
187
188
188
191
190
188
188
188
187
186
184
185
185
185
184
183
183
184
186
185
185
184
183
184
184
183
184
184
182
182
182
182
182
180
179
179
180
179
179
178
180
183
183
183
181
181
184
182
183
182
182
184
183
182
183
183
183
184
184
184
185
185
184
184
184
183
183
180
182
182
183
182
182
185
186
186
186
183
181
180
178
177
178
179
180
180
182
182
182
185
185
185
188
188
187
184
183
183
182
182
183
182
184
184
186
185
184
185
184
185
184
184
182
182
183
181
183
182
181
179
179
183
184
183
183
184
185
182
182
183
179
180
181
181
182
182
182
181
179
178
178
179
180
178
177
177
176
177
177
177
178
179
179
178
178
178
179
179
179
180
179
180
178
175
176
177
176
177
177
175
174
173
172
172
173
173
173
171
171
173
173
173
174
175
173
175
176
174
175
178
178
179
178
178
176
177
178
178
178
178
179
180
180
180
180
179
179
179
178
178
178
176
175
175
174
174
175
175
176
176
174
175
175
176
175
174
175
176
175
176
175
174
174
174
174
174
176
171
170
171
171
171
172
172
172
174
172
172
172
173
171
171
172
171
168
168
170
173
174
175
176
175
174
174
175
176
177
173
173
173
172
172
173
174
173
173
172
171
174
172
172
173
174
175
176
175
176
176
175
174
176
177
176
175
172
172
170
170
169
170
171
170
170
170
172
171
171
171
171
170
171
170
171
171
174
172
173
173
170
171
171
171
171
172
173
173
173
172
174
174
172
170
171
171
171
172
171
171
171
171
170
172
171
172
170
171
172
171
171
171
172
170
170
172
173
172
171
170
172
174
171
172
171
173
173
171
170
170
171
172
172
172
172
172
173
174
174
173
172
171
171
171
172
167
168
169
169
168
167
167
166
166
166
166
166
166
164
167
166
164
165
165
166
166
165
165
166
165
164
163
164
163
164
164
163
162
163
163
163
162
160
161
163
163
163
162
162
161
161
162
164
164
164
163
162
162
163
163
166
166
167
165
166
166
166
167
169
168
169
168
165
166
166
166
166
168
166
166
167
165
166
165
166
166
169
168
169
169
169
169
170
170
169
170
170
170
170
170
169
166
167
168
169
168
169
169
169
168
172
173
174
171
170
169
169
169
170
169
169
168
169
168
167
165
164
164
164
165
163
165
165
165
166
165
164
163
163
162
162
163
162
161
165
168
167
166
167
167
166
164
164
164
165
164
164
165
164
165
164
163
164
164
163
161
161
160
160
160
162
162
163
165
164
162
163
164
164
163
161
158
157
158
158
158
158
158
157
158
158
158
158
162
163
162
163
165
164
164
163
163
164
163
164
165
165
165
166
166
162
163
163
160
159
158
158
160
160
161
159
160
161
161
161
161
163
161
160
160
158
158
158
161
159
159
159
158
159
158
158
158
158
158
159
160
160
162
161
161
161
161
161
161
161
163
163
164
166
165
164
166
166
165
165
162
161
161
161
162
162
163
163
165
167
164
162
162
161
161
163
162
161
161
161
161
160
161
160
160
156
157
159
161
157
156
156
157
158
158
159
159
158
159
160
160
159
160
161
160
160
160
160
160
161
159
159
161
161
161
161
161
162
161
165
166
167
167
167
166
166
167
168
163
161
161
163
161
159
159
159
157
157
158
157
158
157
157
159
158
157
157
157
157
158
157
158
159
158
158
157
157
158
157
155
156
157
156
158
157
158
158
158
158
160
161
161
162
161
160
159
158
160
158
155
155
156
156
157
159
159
159
161
161
161
161
161
161
161
162
161
161
160
159
160
161
161
160
160
160
160
160
158
158
157
157
158
158
156
158
158
157
158
160
161
161
159
158
158
157
158
157
156
156
156
157
157
156
156
158
158
159
160
161
162
164
163
163
164
162
162
162
161
159
160
159
161
159
159
161
159
159
158
158
159
158
158
158
158
159
159
157
158
159
160
159
161
161
162
166
165
165
165
165
165
164
164
162
164
163
163
163
162
162
161
160
162
163
161
161
162
166
164
164
163
164
163
164
165
165
166
167
168
165
165
166
165
165
163
163
164
163
164
164
164
164
166
165
164
165
167
167
167
168
167
168
166
164
165
163
165
164
162
162
160
162
162
162
161
160
160
158
157
157
158
160
159
162
162
160
160
160
161
160
162
161
161
159
159
159
158
158
158
157
157
156
154
156
155
154
155
155
155
153
153
153
152
151
150
152
152
151
151
150
151
151
152
152
153
153
154
154
153
154
155
155
155
154
154
154
154
155
154
155
154
154
153
153
152
152
152
155
155
156
156
155
156
156
157
158
159
161
160
158
159
158
157
158
159
159
158
158
158
157
159
159
157
156
156
155
154
153
152
152
152
152
152
153
153
153
153
151
152
152
150
151
149
149
150
150
151
150
152
151
151
151
151
151
153
152
152
152
154
152
153
153
153
154
154
155
156
155
154
154
154
152
153
153
152
153
152
150
149
148
149
150
150
150
150
150
149
149
149
150
150
150
149
149
150
151
151
151
151
151
151
150
150
152
151
151
150
151
152
151
150
150
151
149
150
150
149
152
151
151
151
151
152
152
152
150
150
147
147
147
148
149
149
150
150
150
150
150
150
151
151
151
151
152
152
151
150
149
148
148
149
147
149
149
149
149
149
148
150
150
151
150
149
147
147
146
146
147
148
148
148
148
148
146
146
146
147
149
149
149
149
150
149
151
152
152
151
150
149
149
150
150
152
152
153
154
153
153
154
154
155
152
153
151
151
152
153
152
151
151
150
148
147
147
146
146
146
145
146
146
146
145
146
147
148
148
148
148
149
149
149
149
150
148
148
147
147
148
149
149
150
150
152
153
154
152
152
152
153
153
154
154
152
151
151
152
150
151
152
151
147
147
148
148
148
147
147
146
145
146
147
145
145
145
145
146
145
145
145
145
146
148
149
149
148
149
147
147
147
146
146
146
146
146
145
144
146
146
147
148
147
146
144
145
145
145
145
144
144
144
146
146
146
147
146
146
145
145
144
145
144
144
144
144
145
145
145
146
146
145
145
145
145
145
147
144
145
145
145
145
146
145
147
146
146
146
147
148
147
148
148
148
149
149
150
150
152
154
153
151
151
151
149
149
147
147
146
146
146
146
145
146
146
146
147
147
147
147
147
147
147
147
148
148
147
147
148
147
147
147
148
147
148
146
146
145
146
146
146
145
145
146
146
146
146
144
144
143
145
145
144
143
145
145
146
148
147
147
147
148
148
148
148
150
150
150
150
150
152
149
149
149
147
147
148
148
150
151
149
149
148
149
149
149
148
148
149
150
150
148
148
150
151
150
149
149
149
149
151
149
149
149
147
146
147
146
145
145
147
147
148
147
150
150
148
147
147
146
147
148
149
149
150
151
151
150
149
149
149
150
148
147
148
147
147
147
146
144
144
144
144
145
145
145
144
145
145
143
143
143
144
143
143
144
143
143
144
141
141
143
144
147
148
149
148
147
146
148
147
147
147
148
149
146
147
147
147
146
144
144
144
145
145
145
145
145
145
145
145
144
144
145
145
144
143
142
143
144
145
145
145
144
144
143
144
146
146
147
146
147
145
145
146
144
145
146
145
146
147
145
147
149
146
145
148
147
148
148
145
143
140
141
141
141
142
143
143
145
143
145
145
143
143
143
143
143
142
142
141
141
139
139
139
140
141
141
142
142
142
142
140
139
139
139
139
140
140
139
140
138
139
138
138
138
137
137
138
138
138
139
138
138
140
141
142
142
143
142
142
145
144
142
141
141
141
143
145
143
145
145
148
147
146
144
143
142
141
140
139
139
138
136
136
137
138
139
139
139
140
140
140
139
139
140
140
139
140
140
140
139
139
139
139
140
139
139
140
140
138
139
140
138
140
141
140
142
142
142
142
142
141
141
140
140
140
140
140
141
141
140
141
141
140
140
141
141
141
139
139
139
140
140
140
140
140
140
141
142
143
141
142
141
141
140
143
144
139
138
138
139
139
138
136
136
136
136
136
136
138
136
137
138
138
138
139
137
137
137
136
136
137
138
138
138
138
138
138
139
139
138
139
140
139
139
139
138
137
137
136
136
137
137
137
136
136
135
135
136
136
136
136
138
138
140
141
141
140
143
143
142
141
141
141
140
142
142
141
141
140
141
141
141
140
139
138
138
139
137
139
140
139
140
139
138
137
139
138
137
138
139
140
140
142
142
142
141
141
140
140
141
141
142
142
141
142
143
142
141
139
137
137
139
138
137
137
136
136
136
136
136
139
139
139
138
138
137
136
135
135
135
137
136
136
136
134
134
135
135
135
135
135
135
136
136
136
136
136
136
136
136
135
135
134
133
133
133
133
133
133
134
134
134
134
135
135
136
137
135
136
137
137
137
138
136
137
137
137
138
139
139
139
138
138
138
135
135
135
135
134
135
135
135
135
135
135
135
134
133
133
132
132
133
133
131
131
131
130
131
130
131
131
132
132
131
131
131
131
132
133
136
138
137
138
139
137
138
140
140
139
140
140
139
138
137
138
136
137
138
138
140
139
138
136
136
135
135
134
135
134
133
134
135
136
138
138
138
137
137
137
134
133
133
134
133
133
134
133
133
133
133
134
135
135
135
135
135
137
136
137
137
138
138
137
139
139
136
140
142
141
140
142
144
143
142
142
142
141
142
140
141
140
140
139
141
139
140
141
142
142
141
140
139
139
140
139
139
138
138
139
138
138
138
139
137
136
135
134
134
134
134
134
133
134
133
133
131
131
133
133
133
132
132
133
134
134
134
134
136
137
137
137
137
136
133
133
133
133
133
134
134
135
133
134
136
135
135
136
136
137
135
135
135
135
136
137
139
138
138
137
136
137
136
135
135
134
135
134
133
134
134
135
135
133
134
135
135
135
133
133
133
133
134
134
135
135
135
133
134
134
134
135
136
135
135
134
134
134
133
133
133
133
132
132
132
132
131
131
131
131
131
131
130
132
134
134
134
135
136
137
136
137
136
136
137
136
136
137
136
135
134
134
134
132
133
133
133
132
133
133
133
133
133
133
133
133
133
133
133
131
131
131
131
132
131
132
132
132
132
134
134
135
133
135
135
135
134
134
134
134
134
132
132
131
131
132
132
133
132
132
132
132
132
132
133
133
133
134
135
132
134
133
132
133
133
134
135
135
135
135
136
136
134
133
133
133
132
132
132
135
135
134
134
135
134
135
135
136
136
136
136
137
136
136
136
135
134
136
134
134
132
131
131
130
131
132
132
132
132
132
132
132
132
132
133
134
132
131
131
131
131
130
130
130
129
129
130
130
130
131
131
132
131
131
130
130
128
128
128
128
130
130
130
130
130
131
131
132
133
133
133
133
133
133
133
134
133
132
133
134
133
132
132
132
133
132
133
133
132
132
133
133
133
134
134
134
133
133
133
133
132
133
132
131
132
132
132
131
132
131
131
130
129
129
130
132
132
132
131
130
130
131
131
132
133
131
131
131
132
132
129
129
130
130
130
132
132
132
132
133
133
133
135
135
135
135
134
134
136
136
133
135
135
135
136
135
133
132
131
131
132
133
133
133
134
133
131
131
131
131
131
131
132
133
131
131
132
133
132
134
135
137
138
137
138
139
138
137
137
137
135
136
135
136
136
136
135
135
135
135
136
136
136
136
137
138
136
136
136
136
136
136
135
136
134
134
135
135
134
135
135
136
135
133
132
132
132
133
134
134
133
133
133
134
133
133
134
135
135
134
134
134
135
136
136
135
137
136
134
133
132
132
131
132
133
133
132
132
133
133
132
132
132
133
134
134
134
134
134
135
136
136
136
137
137
135
136
137
137
137
136
138
137
137
138
139
138
139
139
137
138
139
138
136
135
135
135
135
135
134
134
134
135
138
138
138
137
139
138
138
137
135
135
135
135
135
135
137
138
137
137
136
136
136
134
134
134
134
133
132
134
134
135
135
134
134
132
133
133
134
134
133
132
133
134
133
135
133
135
136
135
136
136
137
137
137
137
138
138
138
135
135
135
135
135
137
137
137
135
134
134
135
136
138
138
137
137
136
139
141
138
135
134
135
133
133
132
132
133
133
131
132
135
133
134
132
132
132
131
132
132
132
132
132
132
132
131
131
131
131
131
131
130
131
131
133
134
133
133
134
135
134
133
134
133
133
132
133
133
133
134
134
134
134
134
134
133
132
132
134
136
137
136
135
135
135
136
137
137
137
138
141
140
138
136
135
136
135
134
134
133
132
130
131
131
131
132
132
132
132
133
130
130
130
131
130
131
131
132
131
131
131
130
130
128
128
128
128
128
128
129
131
130
131
129
129
130
133
133
134
134
134
133
132
132
132
131
130
130
130
129
129
129
129
129
129
130
131
131
129
129
129
129
129
130
129
128
128
129
129
130
129
127
127
128
127
127
129
128
127
127
127
127
126
125
125
125
126
126
125
126
125
125
126
127
126
126
128
128
126
126
128
128
127
127
127
127
129
130
130
130
130
129
128
129
128
125
126
127
127
127
125
124
124
124
124
124
123
123
124
125
125
129
126
123
120
120
120
120
120
120
119
120
121
122
123
124
125
127
125
126
126
127
127
122
121
123
123
123
123
122
123
124
124
124
124
124
123
121
121
120
119
119
119
118
118
119
119
120
120
120
120
120
120
120
121
121
122
122
123
124
127
126
125
125
125
125
126
127
122
122
122
122
123
123
124
124
123
123
122
123
124
124
124
125
126
125
127
126
125
125
125
124
125
126
125
124
124
125
125
124
124
124
125
126
126
128
128
126
125
125
124
124
122
122
123
124
124
126
127
129
127
127
127
127
128
127
126
123
123
125
123
122
122
121
121
122
122
121
121
121
122
123
124
124
124
123
124
125
124
124
124
123
122
122
123
123
124
121
121
121
120
120
121
120
120
120
120
120
119
119
119
119
119
118
118
118
119
119
119
118
118
118
118
119
120
120
120
118
117
118
118
118
118
118
118
118
118
119
119
119
120
122
123
123
122
124
125
124
123
123
123
124
122
121
121
121
122
122
121
124
123
123
124
123
124
123
125
127
127
124
123
123
124
124
123
124
124
124
122
121
121
122
121
122
121
120
121
119
119
119
119
119
120
121
120
119
120
119
119
119
118
118
118
118
118
119
119
119
119
119
118
117
117
116
116
116
117
118
119
120
121
120
120
120
120
119
119
122
121
121
119
119
118
118
118
119
119
120
121
122
122
121
120
119
119
119
119
118
119
119
117
117
119
119
119
120
119
120
121
120
120
120
121
121
120
118
119
118
117
117
117
117
118
118
118
118
118
118
118
118
119
119
119
118
118
118
118
120
120
120
120
120
119
120
121
121
122
122
122
121
121
121
119
120
118
118
119
118
117
118
118
119
117
116
116
117
119
119
119
118
119
119
118
118
118
118
118
117
116
116
116
116
116
117
118
118
118
118
118
118
119
119
120
122
121
121
119
117
117
117
117
116
117
118
118
118
118
117
119
119
120
119
118
118
118
119
119
119
120
121
120
121
122
122
121
120
121
119
118
118
119
120
119
119
118
119
120
119
118
117
117
116
116
117
118
118
118
117
115
116
115
115
116
115
115
115
115
115
118
121
121
121
121
121
121
122
121
121
121
120
118
118
118
117
117
116
116
116
117
119
118
118
118
116
115
116
117
118
119
118
118
118
119
120
119
120
121
121
122
122
121
121
121
119
119
118
119
118
118
116
115
116
116
117
118
118
118
118
118
118
118
119
118
117
117
115
114
114
114
115
115
116
116
116
115
115
115
115
114
114
114
114
113
115
117
118
118
118
117
116
115
115
115
115
116
116
116
115
115
115
114
115
117
117
116
115
115
115
116
116
117
116
117
116
118
119
120
120
121
121
122
120
120
119
120
120
120
119
118
119
121
121
122
120
120
120
119
119
118
120
121
121
120
120
119
120
119
117
117
118
119
118
117
117
117
117
117
118
119
120
117
118
118
115
114
113
113
114
113
113
114
115
115
116
116
116
116
116
114
114
114
113
114
114
114
114
114
114
114
114
114
116
116
116
116
116
117
116
116
114
113
114
114
116
116
115
114
113
113
113
113
112
112
112
112
112
112
112
113
115
115
115
114
114
114
114
116
119
119
119
119
117
116
116
116
116
117
114
114
114
114
114
113
113
114
115
114
114
113
115
116
116
115
115
115
113
113
115
114
114
114
113
114
114
113
113
113
113
113
113
113
113
113
113
114
115
116
116
115
115
115
115
115
114
115
114
115
115
113
113
113
113
113
113
113
113
114
115
116
116
113
113
112
114
114
114
112
112
112
112
111
113
113
113
112
112
114
114
114
114
113
115
113
113
112
113
113
114
112
113
113
111
112
112
112
112
113
113
113
114
113
114
112
113
112
111
111
111
111
111
111
111
112
112
112
112
111
112
112
112
112
112
112
112
112
112
112
111
111
111
111
111
111
110
111
112
113
112
112
112
111
111
110
110
110
110
110
110
110
110
110
111
111
112
113
112
111
111
111
111
112
114
114
115
115
114
115
115
115
114
114
114
114
115
115
115
114
111
112
111
111
111
111
113
113
113
114
113
113
113
115
114
112
113
112
111
111
111
111
111
110
111
111
111
112
112
112
112
113
115
115
115
115
114
113
113
113
112
111
110
109
109
109
109
110
110
110
110
110
110
110
111
112
112
112
111
112
112
112
112
112
112
112
112
112
113
113
112
112
113
113
114
114
113
112
110
111
111
111
111
110
110
110
110
110
110
113
111
112
112
112
111
111
111
112
111
111
111
111
110
110
110
110
110
110
109
108
108
107
108
108
108
109
108
109
109
110
114
114
114
114
112
113
111
110
108
108
109
108
108
108
108
108
108
108
109
109
107
107
108
108
108
108
108
108
109
109
107
107
108
109
109
109
111
112
112
112
114
115
115
114
115
116
117
117
115
115
114
113
112
111
110
110
111
111
112
112
111
111
112
112
113
112
114
114
114
114
113
112
113
114
113
113
113
112
113
114
112
112
113
115
115
114
114
113
113
112
111
112
112
113
111
110
109
110
109
110
107
107
105
105
104
105
105
106
106
106
106
106
106
107
107
107
107
107
107
106
106
106
106
107
106
106
107
107
106
105
105
105
104
104
104
106
106
106
107
107
107
108
108
109
107
107
108
109
107
107
107
107
106
107
107
106
105
106
106
105
106
107
107
107
105
105
105
105
106
106
108
108
109
107
107
110
109
110
110
110
110
109
109
108
108
110
110
109
109
109
109
109
110
107
107
108
108
108
109
109
110
109
107
106
107
106
105
105
105
105
106
107
106
105
106
106
107
105
105
105
105
105
106
107
108
