0.0008975862068965518 0.0002831034482758621
300
298
295
292
287
287
287
287
285
286
289
288
290
288
285
285
284
284
282
283
282
280
281
279
279
278
278
281
281
281
282
281
276
277
278
278
277
276
278
277
278
280
279
279
282
282
280
280
280
282
281
283
284
285
283
283
284
284
285
285
283
282
281
281
284
283
283
283
283
283
283
285
286
286
287
287
288
290
289
289
286
286
287
286
289
289
289
288
289
291
291
293
289
290
292
293
292
292
292
292
295
299
297
297
293
294
296
295
297
296
296
296
298
300
298
297
297
297
298
299
301
302
300
300
299
300
298
298
301
301
300
299
303
303
305
306
307
308
307
308
308
310
308
308
309
309
312
311
309
310
309
310
311
311
312
314
316
317
321
317
316
316
317
319
318
316
316
317
320
321
324
322
322
323
321
322
321
324
324
322
324
320
320
319
319
319
322
322
321
318
319
318
320
320
321
325
324
327
328
329
330
331
328
324
325
325
324
324
323
321
321
321
321
322
322
322
321
321
320
323
326
325
324
323
322
322
323
322
321
321
321
324
323
323
323
321
319
318
321
322
322
321
322
323
325
326
325
326
326
327
327
328
329
330
329
329
330
331
332
334
333
332
334
332
332
333
334
331
331
335
334
336
338
336
335
336
339
340
340
340
345
343
345
348
349
348
344
343
346
344
343
343
341
339
339
339
341
339
339
339
338
338
339
338
335
336
337
338
339
336
339
337
337
340
342
344
344
342
342
343
343
343
343
342
343
344
342
342
345
342
340
343
347
350
355
350
349
348
347
348
350
350
349
347
347
349
349
352
350
348
350
351
350
349
348
346
348
350
350
349
350
351
351
354
356
358
355
355
354
354
354
354
353
353
352
352
352
353
353
355
355
357
359
357
355
357
356
355
357
360
357
355
357
358
360
362
364
365
364
365
365
364
365
370
370
368
367
367
367
371
369
364
365
363
364
366
365
362
361
362
362
363
365
368
367
368
362
364
366
367
366
368
367
364
364
365
368
369
371
373
372
372
375
378
378
373
373
372
375
375
373
374
372
373
375
377
377
377
377
375
377
377
376
376
374
377
378
375
373
372
371
368
369
366
367
365
367
365
367
369
367
368
367
366
366
363
365
370
371
371
371
370
370
368
370
371
369
374
376
376
376
377
375
374
373
370
369
369
368
370
375
370
371
372
376
376
377
373
373
375
374
376
374
373
374
372
371
371
372
371
372
371
371
371
372
370
367
366
365
367
364
364
364
365
367
366
366
364
371
371
371
370
372
372
371
372
370
368
367
367
370
371
372
369
370
369
368
368
371
371
368
371
370
369
371
374
374
374
372
376
377
380
380
382
381
379
379
381
382
379
377
377
377
376
376
378
381
385
381
380
381
383
382
384
384
385
384
385
383
383
383
385
385
384
387
381
382
382
382
381
383
382
383
383
383
386
386
387
385
384
384
384
387
388
387
388
388
390
390
386
384
386
386
385
388
386
386
386
387
391
391
391
390
389
386
382
381
380
378
378
380
381
379
379
378
379
380
379
376
379
377
376
379
377
379
379
379
380
380
381
383
381
381
380
377
377
378
379
383
384
383
384
384
386
388
388
389
393
393
390
393
394
398
397
396
397
396
396
395
394
395
395
394
395
393
387
384
383
386
384
381
381
381
380
378
379
380
383
386
386
388
389
387
388
389
389
385
385
383
387
388
389
387
390
391
388
390
391
389
390
391
390
391
390
390
389
388
387
386
386
384
384
381
381
382
381
384
384
382
384
383
382
382
385
383
386
388
389
389
389
392
393
396
397
403
402
400
402
399
398
398
397
396
395
395
394
394
395
393
392
393
394
388
388
390
388
391
391
390
392
392
393
389
390
389
391
392
389
387
388
389
390
390
389
390
391
391
393
392
394
394
394
392
393
391
391
392
394
396
396
391
394
394
392
393
393
394
396
398
399
398
398
401
402
405
409
407
407
406
401
402
403
403
403
401
402
403
400
399
400
397
397
399
399
398
400
399
397
397
399
399
400
399
399
402
401
401
404
406
406
407
408
408
410
408
409
410
413
413
414
415
417
414
416
417
415
415
417
418
418
418
418
419
419
421
421
420
417
419
421
418
414
415
416
417
419
422
422
422
420
419
415
414
413
417
416
415
414
415
415
415
414
416
419
416
420
420
421
422
421
420
421
422
420
419
421
422
422
422
420
421
422
422
420
421
422
420
422
421
424
426
426
428
430
431
433
433
433
433
432
432
429
429
427
427
429
430
431
429
427
430
431
434
434
435
434
435
434
434
434
438
438
436
437
434
438
443
444
443
444
441
441
439
438
438
438
441
442
442
442
440
440
438
437
439
441
441
441
440
440
439
436
437
438
438
439
439
437
437
440
437
436
435
436
437
437
436
435
434
437
434
436
437
437
440
440
440
443
439
440
442
443
442
442
441
444
443
442
444
446
445
442
441
443
445
443
444
443
442
441
440
439
440
440
441
443
441
441
445
444
444
445
445
449
449
449
450
450
445
445
445
446
446
445
442
442
441
442
444
441
440
441
438
437
439
438
439
443
444
443
443
444
444
443
445
445
447
446
446
446
447
448
448
452
454
454
455
453
451
451
454
451
451
450
452
449
448
447
449
452
451
452
452
451
452
452
450
448
451
449
451
454
452
452
453
451
454
453
454
452
453
449
449
453
452
451
452
453
455
456
458
458
457
454
454
453
449
448
447
451
448
450
450
450
453
454
453
451
452
452
451
452
449
446
443
443
442
442
443
446
448
448
450
448
447
447
447
448
447
448
446
442
444
447
446
445
446
446
449
445
443
440
441
439
438
440
441
444
445
442
443
444
447
444
443
446
454
451
449
449
447
448
450
448
446
446
446
446
447
446
447
448
448
450
451
447
449
450
451
451
449
447
448
450
452
450
451
449
449
449
446
449
448
451
450
449
452
454
451
452
452
449
448
449
448
451
449
450
450
449
447
448
447
449
451
449
449
452
449
449
448
447
447
447
447
445
445
446
447
443
443
439
441
440
443
442
441
440
441
441
445
443
444
441
441
440
440
443
444
445
443
443
445
449
450
450
450
450
449
449
448
449
447
449
449
445
443
445
445
446
448
448
446
449
449
448
447
446
447
447
446
446
446
448
449
448
448
449
450
448
448
450
447
450
444
446
448
449
451
451
451
453
453
454
451
454
456
455
458
458
461
460
462
463
463
462
457
459
462
459
460
458
458
461
461
461
462
463
459
459
457
459
459
459
459
461
462
462
462
460
459
463
464
461
461
462
459
460
462
463
468
466
466
464
462
463
463
464
463
466
469
471
470
470
468
469
471
472
469
468
468
472
471
469
468
468
469
469
472
471
472
471
470
471
471
473
475
474
477
476
475
475
479
481
479
481
481
479
480
481
480
478
479
484
484
483
484
486
490
488
488
485
483
485
486
485
487
486
489
488
490
487
491
494
495
489
488
485
489
490
488
488
485
485
483
483
482
484
485
482
482
481
487
488
488
486
485
485
486
488
491
491
489
492
494
496
492
491
490
489
491
491
492
494
493
493
493
493
494
494
494
494
494
495
492
493
492
492
492
489
493
493
491
492
490
489
490
489
488
481
483
480
483
484
489
486
491
491
493
494
491
493
491
493
493
495
491
490
492
486
482
482
483
484
483
483
482
483
485
487
484
481
483
480
478
477
481
480
480
482
480
479
479
480
479
478
478
480
482
482
480
482
486
487
486
484
485
489
486
486
487
485
482
478
482
485
487
487
490
487
486
486
483
484
481
481
480
481
485
485
487
486
487
488
488
489
488
489
488
486
490
487
488
491
489
488
490
488
487
484
484
484
484
485
485
487
487
491
491
490
489
490
493
492
494
490
490
490
491
486
486
488
489
485
484
485
487
487
486
485
485
482
479
478
480
481
481
482
480
478
480
481
482
484
486
488
486
486
488
487
490
490
489
491
492
495
494
492
490
488
489
490
492
489
488
487
485
486
484
482
483
485
487
485
486
483
482
484
484
483
484
484
487
485
488
491
489
489
488
485
482
480
479
480
480
484
485
486
486
485
486
489
490
492
497
497
497
495
493
491
493
493
492
495
493
490
493
492
493
492
492
492
491
492
491
494
494
492
492
491
489
487
487
486
486
488
488
488
489
487
487
489
485
488
486
486
488
489
489
486
485
484
486
486
486
490
489
488
487
487
488
488
487
487
487
490
489
490
489
488
487
487
487
485
485
485
485
482
481
481
480
482
484
485
487
487
487
486
487
485
485
485
483
484
486
486
488
489
487
489
493
493
494
495
494
499
497
498
509
507
505
506
505
504
504
502
502
500
499
499
500
502
502
502
500
501
502
504
509
508
504
501
499
503
502
504
503
501
503
505
501
499
499
498
499
499
498
498
500
498
494
496
497
496
497
499
503
506
505
504
503
506
507
504
502
505
506
505
503
503
503
503
502
502
501
500
500
497
496
496
500
499
499
501
503
500
500
499
500
502
499
501
503
501
501
502
499
496
497
498
498
500
501
500
506
510
509
507
505
506
505
505
504
505
507
511
508
508
508
506
504
503
505
502
504
503
504
505
507
507
511
507
504
505
505
504
506
506
509
512
511
508
511
510
510
510
512
511
510
511
512
512
511
509
509
511
509
510
508
508
508
508
512
517
514
513
513
511
510
508
511
514
517
518
514
515
518
518
518
517
511
512
515
515
516
516
514
513
516
516
518
519
515
513
510
509
508
504
504
505
506
506
504
506
505
501
500
498
495
495
492
492
496
496
501
500
498
501
502
503
503
500
499
498
498
497
498
496
496
495
494
494
493
494
494
494
492
491
491
493
495
495
495
496
498
495
499
496
494
498
499
503
502
503
499
502
503
501
503
502
501
500
503
499
498
497
498
497
499
499
496
496
494
498
496
497
495
495
498
500
500
501
504
502
500
502
503
509
505
503
503
504
506
505
504
505
506
500
496
496
496
496
497
501
500
502
501
500
501
498
496
499
501
502
499
496
497
500
498
500
503
500
502
501
501
500
498
502
506
505
500
499
502
505
503
507
509
507
508
504
502
504
506
504
501
510
507
507
508
507
503
498
499
502
499
498
499
501
501
501
501
504
506
506
506
504
505
506
506
511
513
515
513
509
506
505
505
506
506
506
503
505
505
504
500
500
501
500
504
501
501
502
504
506
509
509
512
512
512
514
517
514
510
512
517
518
517
514
515
516
517
520
516
516
517
517
515
513
513
513
513
509
507
509
508
506
509
508
512
508
509
508
508
507
507
506
505
507
509
512
515
515
516
514
515
515
513
515
518
519
520
517
517
514
515
515
517
519
518
518
522
522
522
521
522
525
521
523
522
522
523
524
521
523
523
522
522
522
518
522
520
523
524
523
526
528
523
523
524
524
525
524
526
527
526
527
527
527
530
530
529
533
533
533
534
532
530
534
535
534
531
530
530
530
526
526
529
525
523
524
524
520
521
517
513
512
512
513
511
507
506
506
508
506
505
505
505
506
505
504
505
508
508
510
509
510
509
510
506
509
509
508
502
503
506
503
505
506
509
511
508
506
505
503
504
508
509
511
513
510
513
513
512
511
513
511
508
510
506
508
509
510
506
504
502
504
501
501
499
501
502
499
499
500
499
501
502
502
505
502
502
503
505
505
507
508
508
508
508
510
510
511
512
513
513
511
512
513
511
510
506
512
509
508
507
506
506
509
507
510
511
506
510
511
513
512
512
509
508
509
511
513
514
510
514
512
512
514
515
515
515
513
514
515
519
518
516
515
513
518
521
525
525
521
516
518
516
518
517
518
519
521
526
527
527
527
526
526
530
528
529
525
528
530
529
529
528
528
529
530
528
527
525
523
523
523
525
527
528
531
532
533
533
530
529
528
528
525
526
523
526
525
527
529
527
527
528
526
524
523
524
520
519
518
516
516
515
519
519
523
519
517
518
518
519
520
516
517
519
516
519
521
520
520
519
525
525
522
524
523
523
523
523
524
525
524
522
525
524
527
525
525
524
526
526
528
530
529
528
529
530
531
531
530
534
539
540
539
541
540
546
543
543
543
542
539
539
540
540
540
541
542
541
540
540
538
537
538
538
538
539
540
545
545
545
545
547
545
554
552
547
547
546
547
546
543
542
542
543
539
539
539
540
543
542
542
543
545
545
544
540
540
542
543
540
542
539
539
538
539
539
539
539
538
536
536
539
538
540
537
538
536
538
540
538
537
535
534
538
535
533
528
531
533
531
527
528
527
529
527
532
530
526
526
529
529
528
531
528
530
528
530
531
531
531
531
529
527
529
528
527
525
526
527
530
532
534
532
532
534
534
535
537
535
530
529
527
532
530
531
532
531
530
530
531
531
533
534
535
535
536
537
534
534
538
540
537
533
534
532
531
533
535
537
537
536
537
534
530
534
534
533
532
533
533
530
530
530
532
535
535
535
533
536
535
534
534
536
536
540
543
542
544
542
542
540
540
539
541
539
540
534
533
535
539
539
542
540
540
540
535
538
535
534
535
536
534
534
527
524
526
527
528
529
528
532
530
531
531
531
531
536
536
535
532
528
530
527
530
528
528
528
528
530
532
530
530
535
535
534
535
537
536
536
535
536
540
541
542
541
542
543
541
537
542
544
543
540
540
543
546
542
542
540
541
539
542
543
544
549
551
551
549
549
549
548
548
548
550
554
556
554
551
552
549
549
556
558
556
557
557
556
559
557
559
558
560
565
566
565
566
569
567
566
563
562
565
567
563
562
560
558
558
558
563
564
568
569
569
564
562
562
563
565
567
569
570
570
567
566
569
567
569
570
568
569
569
571
571
570
572
573
573
572
577
577
579
581
584
582
581
581
578
579
576
577
579
581
585
582
579
579
578
582
582
582
582
579
577
575
572
574
576
576
575
575
576
574
575
576
579
577
576
578
577
574
573
573
573
574
570
572
572
571
572
572
570
566
566
568
566
568
569
571
567
562
563
564
564
566
565
563
564
563
565
567
566
569
566
567
561
562
565
566
564
565
564
567
568
570
567
568
569
570
572
570
570
571
565
563
561
564
564
565
568
569
568
564
563
565
569
570
571
570
568
568
572
574
572
573
574
576
576
580
574
574
573
572
565
564
563
568
571
568
564
567
565
566
568
568
568
568
567
568
570
572
570
574
571
572
573
570
574
579
579
575
576
576
570
568
570
574
573
577
578
575
578
577
573
575
576
574
576
571
572
569
571
577
579
578
576
579
577
573
577
573
578
579
580
583
578
575
577
578
575
576
578
578
581
583
585
586
589
590
589
594
591
595
591
592
591
592
592
587
585
583
588
585
590
589
586
591
591
589
592
590
590
593
593
594
593
596
600
604
598
601
601
595
595
592
589
588
589
589
590
591
590
589
587
585
585
586
590
587
586
587
586
589
588
587
589
590
592
588
590
591
591
587
588
586
585
584
587
584
581
582
585
587
588
591
591
591
589
591
588
588
590
589
591
593
595
598
599
599
599
599
604
598
596
597
597
595
595
597
597
596
597
593
595
591
590
589
588
589
592
592
594
593
592
589
589
592
593
593
594
595
594
595
597
598
596
597
599
596
596
595
593
593
594
596
593
597
594
594
597
596
596
595
593
594
594
594
592
591
591
593
594
593
594
591
585
582
583
585
585
582
583
582
585
585
588
588
587
590
585
588
585
586
585
588
589
584
588
588
590
586
587
587
586
586
585
589
590
588
588
589
584
586
582
581
580
580
584
585
583
586
587
585
591
592
592
590
588
589
590
593
593
589
588
589
594
592
593
595
593
594
594
593
594
591
588
588
588
591
595
594
597
596
596
592
591
590
590
591
590
590
591
589
584
583
584
586
590
584
583
587
583
581
582
580
580
584
589
590
589
588
590
587
585
587
587
589
588
589
590
590
591
591
592
592
596
594
593
596
594
597
594
595
594
596
596
597
600
596
596
596
592
591
590
589
591
589
589
594
591
593
594
592
592
593
592
591
590
593
593
590
589
590
589
587
589
590
592
592
594
592
593
593
595
596
596
595
595
594
590
592
589
591
594
592
593
592
595
596
595
597
598
598
600
599
597
596
594
596
597
597
598
597
597
597
599
597
597
597
593
593
599
600
595
593
591
590
590
590
589
590
590
588
596
593
597
597
600
599
598
594
595
594
596
592
593
594
594
594
594
597
597
597
594
598
599
598
598
598
602
602
607
611
607
604
602
602
597
604
603
602
603
606
610
608
604
600
598
597
596
597
597
599
602
606
605
605
606
605
607
604
602
602
600
600
599
601
606
604
599
598
602
604
603
605
605
608
610
609
606
604
603
606
607
608
609
608
608
606
603
600
602
604
602
602
598
602
603
602
603
604
602
601
600
602
604
606
608
607
604
607
609
611
609
608
607
601
605
603
607
605
605
606
605
604
607
612
613
613
611
612
612
610
611
611
611
613
609
610
610
610
609
611
614
612
613
610
608
610
611
613
612
608
610
613
615
614
612
612
608
608
609
607
608
610
608
604
601
603
605
605
604
603
602
604
608
607
608
611
613
614
612
610
609
610
609
606
608
606
606
604
605
603
603
601
604
604
608
607
608
606
607
606
605
606
605
607
608
607
609
611
612
614
612
615
618
617
614
615
616
617
616
614
613
615
616
618
623
622
623
624
626
624
623
623
625
625
623
624
626
627
629
624
627
628
628
624
624
624
622
626
625
622
622
621
622
623
621
623
624
621
621
619
621
619
622
622
625
624
625
626
625
629
630
632
628
627
629
627
629
631
630
627
628
628
632
632
631
630
632
632
632
635
632
633
634
633
631
631
627
630
629
630
630
632
633
633
632
629
628
629
631
632
631
630
630
631
631
634
636
632
629
631
630
628
628
631
628
631
627
625
625
630
630
628
628
627
629
629
626
627
628
629
629
634
635
636
629
624
621
618
618
619
619
616
619
621
622
623
624
627
626
629
629
629
622
622
619
619
618
618
618
620
621
623
623
622
619
619
616
616
615
613
612
615
613
611
613
616
614
612
612
609
610
611
608
603
604
608
608
610
610
608
609
607
609
612
614
614
613
613
610
609
610
612
619
621
613
611
609
608
604
604
599
602
600
599
601
598
601
600
602
601
601
602
602
600
602
603
602
601
605
599
599
600
602
600
602
602
599
598
597
592
593
592
597
597
597
595
597
600
599
600
601
601
600
599
596
597
597
599
602
600
601
600
596
598
602
603
599
598
602
602
599
597
600
595
593
594
591
592
588
594
593
592
597
600
600
596
597
598
600
599
598
601
599
600
600
601
606
604
602
602
601
598
595
595
597
596
596
594
592
592
595
594
593
592
593
593
591
592
592
590
590
593
594
597
596
595
591
594
596
591
592
593
596
594
594
597
597
596
596
594
592
595
597
592
592
593
589
588
587
588
585
586
590
591
589
589
589
587
592
593
592
592
592
593
594
592
595
599
597
597
597
594
595
590
592
590
590
592
591
595
595
597
598
596
593
595
596
592
591
591
592
589
590
591
590
591
592
594
594
592
587
589
591
591
590
589
590
588
589
587
592
593
593
594
594
595
595
597
598
594
590
589
588
589
590
589
595
598
599
598
596
600
601
603
599
602
603
603
602
603
600
600
604
601
602
602
602
604
606
605
607
608
608
606
606
603
600
604
606
607
607
610
611
611
610
610
609
612
611
612
611
610
609
607
612
612
611
612
613
614
614
612
614
618
617
617
616
614
613
617
623
618
616
619
621
619
620
621
618
620
620
621
619
618
619
620
616
615
617
620
617
621
619
619
619
617
618
620
620
618
618
618
615
614
615
614
611
611
608
608
607
607
605
605
606
607
608
605
604
601
603
604
608
609
609
611
609
608
605
606
607
604
602
602
600
604
603
603
603
600
601
599
598
599
600
602
599
602
600
599
599
601
604
604
606
601
596
600
602
603
605
597
594
592
594
597
600
602
601
600
603
601
601
599
602
603
601
601
603
603
604
606
605
607
605
605
603
604
600
600
599
595
595
596
597
600
602
602
602
602
602
604
604
606
609
605
607
608
606
606
609
608
610
608
609
602
602
599
598
601
602
604
603
605
606
609
608
606
607
607
602
598
598
600
606
606
609
609
607
608
609
611
607
607
606
606
605
606
605
602
603
600
598
596
597
597
600
597
597
598
600
599
594
594
596
598
597
595
598
599
597
594
596
594
594
592
595
594
593
596
596
596
593
594
594
592
593
592
591
592
593
595
597
597
597
596
596
598
600
600
601
600
600
600
601
600
600
600
596
599
602
603
604
605
608
608
610
610
612
611
612
613
611
616
616
618
618
617
618
619
619
620
619
620
615
614
612
614
615
613
617
614
615
612
613
610
609
605
606
608
608
604
605
608
608
613
610
611
609
609
609
611
609
611
609
608
611
611
612
616
613
615
612
612
613
612
608
611
613
615
613
616
615
613
614
612
615
612
610
610
607
609
605
604
601
600
602
602
603
607
604
601
604
604
605
605
605
603
606
607
610
615
614
612
612
609
610
614
613
612
616
618
614
615
613
613
610
609
608
607
607
614
611
610
609
613
611
607
607
609
610
610
609
610
611
609
609
607
607
609
605
607
610
608
613
616
616
619
621
619
619
619
617
620
619
618
620
617
618
618
614
612
612
612
607
605
607
606
607
607
610
612
611
610
609
609
613
611
611
609
609
608
612
613
615
613
614
615
615
613
611
612
613
611
613
615
614
615
615
615
615
612
613
620
622
619
617
618
622
622
623
624
627
623
622
623
622
621
623
623
624
618
620
620
619
619
617
621
626
624
620
623
618
619
624
626
622
619
618
617
617
617
617
614
613
613
616
617
617
616
617
617
618
621
622
624
622
619
617
619
616
620
619
623
622
621
620
618
618
621
622
621
623
626
628
630
629
629
629
630
629
631
628
633
632
629
625
624
624
628
633
631
633
630
632
634
635
634
636
635
642
639
637
638
636
636
633
635
633
635
631
633
633
634
634
634
629
633
631
631
628
631
632
632
634
634
632
629
633
633
634
633
631
630
634
631
634
631
629
633
629
630
631
631
632
634
636
638
639
635
637
639
637
638
638
636
635
636
639
636
635
631
630
631
632
630
627
627
628
627
627
626
627
628
624
623
621
622
624
623
625
625
621
621
623
626
627
627
627
629
629
630
629
628
628
635
634
634
639
640
639
636
632
634
635
635
638
637
637
634
635
634
633
633
637
639
636
635
633
635
634
632
634
635
637
639
638
641
641
646
647
649
643
639
639
642
639
642
644
641
640
642
643
648
652
651
649
647
645
644
644
640
642
639
640
637
636
640
640
642
641
643
640
639
638
639
639
640
643
644
643
643
645
645
647
646
645
645
645
644
646
645
