0.001 0.0001124137931034483
300
299
300
299
299
297
298
295
294
294
295
293
294
297
300
301
302
300
299
299
299
299
298
300
304
303
303
304
303
304
305
306
309
309
310
312
314
313
312
313
312
312
314
315
321
320
319
318
318
320
319
319
321
319
320
320
322
323
323
324
324
326
327
329
329
332
333
333
335
336
337
336
338
340
342
344
348
349
350
352
352
353
356
358
361
362
362
364
365
367
367
369
370
369
370
370
369
370
370
370
371
371
371
371
370
372
370
372
373
374
373
373
376
377
377
377
377
379
379
384
385
387
388
389
389
388
389
390
391
394
397
395
395
397
399
401
403
406
407
409
412
415
417
420
420
423
425
426
428
430
433
435
438
443
445
443
444
443
445
448
450
452
456
456
455
458
459
461
460
461
460
460
461
463
465
465
463
462
463
463
470
472
474
473
473
476
480
481
482
479
480
484
486
486
489
490
492
491
491
493
496
498
497
498
502
505
504
502
503
506
505
503
507
509
511
514
514
518
520
520
523
528
529
530
531
532
535
540
544
549
549
551
549
549
549
550
550
552
551
552
553
555
554
559
558
560
563
563
560
560
560
563
564
566
569
574
576
578
577
580
582
584
587
586
586
587
588
590
589
590
588
588
592
596
596
598
601
603
607
610
610
609
612
611
613
614
616
616
616
619
620
618
620
622
620
622
627
626
628
628
626
629
627
632
634
640
641
640
642
645
645
647
647
649
650
649
651
651
652
655
657
662
665
669
672
674
672
673
672
670
671
672
673
675
676
681
684
688
693
690
692
696
693
694
697
699
700
704
707
708
711
715
715
717
715
716
717
721
722
724
730
733
732
735
737
739
738
741
745
743
743
746
751
751
750
751
752
755
754
756
758
761
755
757
757
756
758
764
763
770
768
771
776
776
779
780
783
783
785
788
791
794
794
799
800
803
807
805
804
806
808
811
808
812
814
820
822
824
826
826
827
832
824
824
826
835
836
832
834
833
832
831
833
832
834
836
844
844
844
846
844
846
851
853
854
856
860
864
863
870
873
874
870
872
871
872
877
882
887
889
888
889
889
896
901
906
909
912
915
919
923
919
921
922
921
923
926
926
930
932
931
929
931
934
938
939
944
943
944
947
947
952
954
955
957
961
961
960
963
964
965
968
970
972
973
973
973
975
981
983
984
985
986
992
991
990
993
993
998
1002
1005
1007
1010
1013
1015
1017
1018
1023
1026
1031
1036
1038
1039
1037
1040
1043
1044
1046
1049
1047
1048
1048
1051
1057
1064
1068
1064
1066
1067
1066
1067
1071
1076
1074
1074
1079
1078
1079
1075
1083
1081
1081
1090
1089
1091
1092
1095
1101
1100
1100
1100
1107
1107
1106
1108
1109
1106
1107
1107
1107
1111
1112
1114
1114
1117
1119
1120
1122
1124
1127
1127
1131
1132
1136
1142
1142
1143
1143
1142
1146
1151
1159
1158
1155
1159
1166
1169
1172
1167
1168
1174
1175
1174
1175
1174
1175
1174
1178
1180
1190
1190
1190
1195
1201
1208
1209
1214
1216
1212
1212
1214
1217
1221
1220
1222
1220
1223
1225
1227
1230
1234
1235
1240
1243
1240
1242
1242
1240
1243
1248
1253
1257
1260
1253
1260
1262
1265
1263
1266
1267
1273
1279
1278
1281
1283
1289
1293
1292
1295
1304
1298
1301
1295
1304
1308
1307
1305
1304
1307
1306
1311
1308
1316
1320
1325
1327
1335
1333
1334
1329
1335
1342
1340
1346
1343
1346
1346
1344
1346
1353
1358
1361
1361
1362
1363
1366
1369
1374
1372
1374
1381
1376
1377
1382
1385
1383
1381
1385
1389
1393
1392
1388
1393
1387
1385
1393
1390
1396
1406
1407
1402
1402
1404
1407
1410
1413
1410
1414
1419
1419
1426
1428
1430
1431
1433
1433
1432
1440
1443
1443
1445
1448
1453
1462
1462
1459
1470
1474
1473
1474
1479
1479
1481
1487
1487
1488
1489
1492
1495
1495
1498
1498
1502
1506
1511
1508
1514
1518
1513
1512
1516
1519
1518
1528
1527
1525
1525
1530
1532
1532
1537
1534
1540
1543
1550
1549
1551
1558
1559
1557
1559
1561
1560
1557
1560
1563
1566
1573
1576
1574
1580
1583
1590
1592
1592
1602
1602
1603
1607
1606
1604
1597
1598
1602
1604
1605
1600
1598
1604
1604
1606
1610
1607
1613
1615
1618
1627
1632
1636
1638
1640
1644
1645
1636
1637
1640
1640
1639
1647
1641
1641
1646
1648
1650
1646
1652
1653
1655
1660
1666
1668
1669
1674
1674
1675
1680
1683
1681
1681
1681
1683
1678
1680
1675
1677
1678
1683
1685
1693
1693
1694
1691
1695
1700
1701
1708
1716
1714
1716
1721
1730
1736
1735
1734
1734
1740
1740
1738
1741
1739
1743
1746
1754
1753
1754
1757
1764
1769
1770
1767
1764
1759
1767
1772
1771
1773
1768
1768
1769
1767
1766
1765
1765
1771
1772
1776
1781
1788
1789
1794
1798
1800
1797
1801
1808
1813
1814
1816
1818
1818
1826
1823
1825
1822
1826
1831
1838
1838
1836
1840
1843
1845
1841
1836
1837
1835
1837
1834
1834
1834
1835
1835
1837
1840
1840
1844
1848
1844
1853
1852
1849
1855
1861
1860
1861
1865
1865
1871
1870
1876
1881
1880
1875
1873
1873
1874
1874
1872
1872
1877
1883
1887
1888
1890
1889
1891
1888
1890
1891
1893
1901
1903
1903
1911
1917
1918
1924
1924
1926
1930
1932
1933
1929
1930
1927
1926
1932
1930
1937
1933
1933
1931
1932
1933
1941
1943
1942
1948
1956
1963
1969
1975
1974
1979
1982
1982
1988
1994
1993
1995
1999
1999
2009
2007
2016
2020
2024
2019
2019
2017
2020
2025
2028
2027
2032
2037
2030
2033
2041
2038
2040
2031
2034
2039
2040
2046
2042
2039
2039
2043
2047
2051
2054
2065
2065
2071
2070
2074
2077
2085
2081
2085
2084
2082
2083
2083
2085
2092
2097
2095
2098
2094
2098
2103
2108
2109
2106
2113
2109
2109
2114
2117
2115
2120
2136
2138
2133
2130
2130
2132
2139
2144
2147
2148
2155
2157
2157
2155
2161
2159
2150
2147
2159
2162
2169
2170
2174
2173
2169
2170
2182
2178
2181
2187
2184
2184
2181
2186
2204
2210
2214
2213
2210
2211
2197
2202
2203
2206
2203
2213
2215
2216
2223
2224
2224
2225
2226
2229
2232
2236
2236
2233
2237
2241
2242
2246
2249
2258
2260
2258
2257
2261
2265
2266
2269
2275
2277
2279
2277
2280
2280
2286
2287
2287
2285
2289
2288
2285
2291
2294
2294
2299
2305
2308
2306
2307
2313
2313
2318
2321
2328
2335
2338
2333
2338
2342
2340
2337
2339
2331
2340
2337
2341
2339
2346
2351
2349
2349
2356
2366
2375
2378
2381
2385
2382
2380
2389
2378
2384
2394
2399
2408
2401
2402
2409
2418
2421
2419
2423
2417
2415
2421
2418
2409
2407
2410
2413
2411
2417
2418
2424
2421
2423
2426
2424
2427
2430
2439
2441
2443
2442
2449
2453
2457
2451
2456
2458
2462
2469
2477
2485
2483
2486
2481
2486
2486
2495
2500
2498
2494
2504
2507
2504
2507
2507
2508
2512
2518
2522
2527
2533
2545
2543
2543
2543
2547
2556
2560
2562
2562
2568
2569
2565
2561
2567
2566
2561
2555
2555
2555
2573
2574
2578
2578
2575
2574
2571
2572
2574
2572
2573
2570
2569
2574
2581
2586
2597
2598
2607
2598
2600
2596
2601
2595
2602
2603
2604
2605
2611
2615
2614
2614
2615
2621
2625
2633
2629
2629
2627
2625
2623
2621
2627
2636
2638
2644
2644
2646
2648
2644
2654
2656
2657
2661
2659
2668
2679
2686
2686
2689
2697
2693
2694
2700
2711
2720
2721
2727
2736
2744
2746
2736
2736
2738
2737
2735
2739
2742
2751
2756
2756
2768
2771
2768
2772
2779
2767
2765
2769
2765
2767
2772
2769
2770
2773
2769
2769
2769
2777
2784
2788
2797
2801
2800
2804
2806
2809
2817
2823
2826
2829
2835
2840
2832
2826
2835
2822
2824
2827
2837
2842
2836
2840
2837
2835
2846
2845
2852
2849
2852
2860
2861
2862
2864
2868
2872
2872
2865
2866
2876
2880
2885
2895
2897
2898
2892
2897
2902
2897
2899
2903
2911
2918
2914
2929
2939
2936
2935
2937
2944
2945
2951
2957
2954
2953
2959
2964
2970
2973
2968
2973
2981
2978
2988
2988
2989
3000
3008
3008
3005
3013
3008
3013
3009
3013
3024
3024
3033
3033
3046
3054
3059
3056
3067
3071
3079
3084
3093
3090
3090
3093
3099
3114
3117
3110
3111
3111
3106
3111
3110
3120
3134
3145
3139
3142
3141
3145
3149
3161
3150
3156
3154
3157
3153
3157
3158
3163
3164
3173
3170
3166
3165
3163
3165
3167
3170
3177
3180
3188
3189
3192
3195
3195
3194
3196
3202
3201
3201
3201
3208
3217
3226
3221
3223
3229
3232
3232
3237
3237
3246
3252
3246
3248
3261
3263
3267
3279
3283
3291
3292
3290
3290
3296
3297
3304
3301
3299
3300
3297
3305
3306
3308
3309
3308
3308
3306
3306
3314
3321
3316
3312
3328
3316
3319
3321
3334
3339
3342
3336
3330
3331
3335
3338
3338
3346
3339
3339
3346
3346
3347
3349
3352
3363
3363
3359
3364
3362
3365
3369
3377
3379
3380
3391
3394
3396
3393
3392
3389
3407
3405
3407
3409
3401
3407
3407
3408
3419
3425
3426
3424
3427
3425
3426
3428
3431
3433
3429
3435
3437
3436
3434
3436
3443
3443
3457
3462
3467
3467
3466
3467
3457
3454
3467
3469
3472
3475
3479
3489
3496
3492
3498
3492
3499
3495
3494
3498
3503
3514
3515
3516
3524
3531
3536
3543
3540
3544
3552
3562
3563
3562
3564
3561
3565
3578
3578
3575
3580
3578
3575
3573
3575
3581
3584
3582
3588
3596
3604
3611
3618
3615
3624
3617
3615
3634
3643
3652
3648
3660
3650
3654
3659
3659
3672
3671
3675
3667
3664
3664
3674
3667
3667
3668
3673
3679
3675
3673
3681
3684
3693
3691
3694
3698
3697
3699
3713
3712
3718
3717
3728
3722
3721
3716
3714
3710
3717
3723
3722
3713
3708
3714
3721
3731
3737
3731
3737
3740
3733
3738
3741
3739
3736
3736
3742
3745
3735
3737
3736
3726
3733
3735
3736
3746
3749
3754
3757
3762
3769
3768
3774
3778
3780
3777
3790
3780
3780
3793
3798
3797
3797
3791
3796
3808
3806
3803
3794
3800
3808
3806
3803
3820
3818
3815
3819
3813
3811
3817
3821
3831
3828
3831
3837
3846
3848
3847
3852
3850
3850
3851
3860
3866
3866
3860
3858
3865
3853
3857
3860
3859
3868
3863
3859
3874
3881
3887
3885
3890
3895
3904
3911
3906
3921
3919
3922
3920
3932
3933
3943
3946
3952
3955
3958
3952
3947
3949
3950
3958
3953
3959
3960
3962
3967
3964
3964
3955
3955
3950
3948
3949
3953
3959
3962
3975
3978
3984
3984
3986
3994
3992
3996
4001
4004
4015
4020
4025
4028
4030
4024
4026
4036
4042
4042
4044
4050
4058
4067
4075
4077
4070
4079
4084
4080
4088
4091
4085
4098
4105
4109
4112
4111
4117
4122
4124
4123
4133
4134
4136
4135
4129
4130
4136
4144
4151
4158
4157
4165
4174
4173
4184
4188
4182
4187
4192
4187
4184
4189
4198
4199
4197
4202
4198
4208
4215
4212
4218
4222
4218
4225
4229
4238
4241
4238
4241
4251
4257
4251
4262
4264
4252
4249
4254
4253
4247
4254
4259
4250
4254
4260
4264
4267
4261
4261
4271
4276
4273
4273
4281
4275
4273
4276
4282
4291
4297
4306
4310
4322
4327
4332
4332
4333
4335
4337
4332
4338
4337
4334
4346
4350
4350
4359
4368
4372
4382
4382
4376
4364
4371
4362
4369
4378
4378
4384
4388
4388
4388
4398
4399
4407
4412
4422
4417
4432
4444
4445
4448
4459
4460
4470
4479
4488
4492
4492
4503
4491
4504
4502
4497
4509
4508
4508
4516
4514
4524
4527
4536
4537
4539
4526
4538
4542
4549
4545
4548
4545
4555
4562
4583
4581
4574
4581
4590
4589
4587
4579
4577
4580
4586
4599
4607
4613
4615
4620
4618
4625
4632
4646
4653
4662
4665
4659
4657
4660
4656
4651
4647
4652
4661
4665
4664
4662
4665
4658
4660
4673
4675
4680
4682
4683
4693
4689
4705
4703
4709
4717
4731
4735
4738
4740
4744
4748
4737
4736
4735
4740
4746
4755
4765
4765
4754
4755
4762
4768
4774
4770
4778
4778
4779
4788
4787
4789
4797
4794
4788
4784
4779
4784
4802
4805
4808
4800
4802
4796
4799
4796
4794
4804
4798
4813
4813
4826
4809
4820
4820
4827
4828
4819
4822
4820
4837
4836
4832
4828
4832
4829
4829
4832
4839
4845
4856
4853
4848
4863
4857
4860
4870
4884
4886
4886
4896
4896
4897
4897
4906
4914
4908
4919
4919
4919
4925
4935
4928
4929
4940
4938
4941
4949
4949
4957
4964
4972
4971
4974
4982
4985
4979
4972
4978
4982
4993
4996
4991
4987
4996
4994
4992
5000
5007
4995
4996
5000
5003
5020
5024
5031
5038
5049
5056
5066
5071
5081
5073
5069
5071
5077
5089
5105
5105
5106
5099
5101
5112
5111
5100
5113
5125
5113
5115
5122
5129
5134
5129
5133
5131
5140
5138
5132
5138
5127
5145
5149
5157
5169
5181
5184
5187
5179
5184
5199
5192
5202
5196
5202
5206
5208
5208
5206
5203
5212
5225
5222
5227
5236
5233
5235
5234
5240
5239
5242
5250
5255
5268
5270
5284
5301
5302
5308
5310
5316
5319
5328
5331
5324
5329
5335
5335
5342
5347
5352
5354
5357
5359
5371
5375
5372
5373
5381
5390
5397
5395
5394
5409
5398
5402
5401
5398
5394
5416
5413
5420
5433
5439
5447
5455
5464
5471
5483
5480
5477
5482
5487
5488
5484
5494
5500
5511
5515
5523
5517
5523
5520
5537
5540
5540
5533
5539
5539
5535
5537
5545
5551
5555
5565
5570
5569
5571
5584
5591
5588
5591
5596
5597
5607
5599
5600
5602
5607
5603
5605
5603
5609
5611
5621
5621
5630
5638
5632
5639
5642
5652
5649
5652
5645
5649
5644
5652
5650
5657
5659
5671
5674
5679
5685
5696
5689
5699
5710
5705
5707
5715
5727
5730
5723
5731
5733
5732
5734
5737
5736
5732
5725
5729
5728
5715
5708
5717
5733
5739
5744
5749
5754
5763
5761
5760
5762
5765
5770
5772
5783
5799
5790
5772
5775
5785
5778
5778
5784
5790
5782
5802
5798
5788
5785
5786
5783
5782
5784
5779
5785
5791
5789
5790
5788
5784
5796
5803
5798
5794
5806
5812
5818
5829
5831
5829
5831
5836
5836
5836
5838
5843
5846
5847
5855
5865
5872
5881
5900
5903
5904
5904
5901
5906
5912
5922
5917
5930
5918
5911
5930
5937
5944
5943
5948
5956
5953
5958
5968
5968
5977
5983
5984
6003
6001
6004
6005
6003
6022
6016
6011
5993
5997
6003
6010
6014
6021
6022
6027
6038
6044
6051
6059
6051
6055
6070
6067
6057
6073
6076
6083
6083
6085
6082
6080
6082
6088
6087
6094
6098
6100
6115
6122
6129
6122
6131
6123
6137
6129
6138
6141
6149
6153
6153
6152
6167
6173
6195
6196
6191
6193
6193
6186
6199
6204
6211
6224
6218
6222
6220
6220
6233
6234
6239
6244
6256
6266
6269
6277
6272
6279
6290
6302
6312
6324
6313
6313
6317
6331
6337
6338
6350
6355
6377
6376
6387
6397
6401
6403
6415
6426
6428
6423
6434
6447
6444
6438
6450
6443
6447
6467
6465
6478
6479
6490
6494
6498
6499
6512
6500
6508
6509
6514
6511
6516
6523
6522
6513
6525
6512
6517
6521
6524
6538
6545
6548
6553
6560
6568
6571
6578
6595
6600
6606
6627
6629
6641
6639
6653
6650
6646
6651
6659
6665
6667
6656
6651
6664
6680
6669
6687
6693
6696
6716
6722
6732
6740
6750
6740
6761
6761
6794
6804
6813
6813
6808
6822
6826
6833
6833
6845
6858
6862
6868
6877
6878
6873
6884
6882
6886
6882
6883
6889
6892
6901
6914
6918
6927
6916
6927
6939
6943
6950
6968
6970
6966
6956
6962
6962
6973
6977
6982
7007
7029
7040
7044
7056
7062
7060
7051
7063
7063
7067
7062
7063
7054
7068
7090
7094
7115
7123
7126
7134
7139
7154
7159
7151
7165
7182
7191
7204
7180
7187
7195
7201
7202
7200
7219
7201
7209
7228
7240
7237
7246
7266
7268
7279
7283
7282
7290
7287
7299
7309
7312
7315
7327
7332
7333
7343
7367
7366
7382
7387
7390
7393
7404
7400
7395
7419
7434
7439
7438
7446
7444
7454
7449
7461
7463
7458
7457
7456
7467
7482
7482
7499
7510
7530
7543
7544
7541
7537
7550
7557
7561
7567
7573
7568
7583
7594
7599
7605
7611
7609
7616
7627
7637
7644
7639
7638
7645
7656
7664
7671
7666
7649
7655
7684
7689
7711
7723
7725
7728
7738
7743
7752
7765
7769
7773
7766
7777
7783
7799
7797
7809
7822
7822
7834
7830
7823
7829
7822
7827
7816
7823
7823
7819
7823
7832
7830
7823
7839
7847
7857
7870
7867
7874
7872
7902
7909
7906
7911
7914
7931
7932
7928
7935
7940
7949
7962
7972
7974
7985
7981
7982
7999
8000
8011
8013
8012
7999
8026
8024
8019
8028
8044
8055
8060
8072
8079
8097
8100
8109
8112
8112
8110
8108
8109
8107
8123
8117
8131
8148
8146
8135
8143
8137
8154
8153
8151
8162
8163
8158
8174
8188
8193
8202
8225
8229
8224
8228
8232
8242
8243
8244
8248
8267
8271
8278
8276
8295
8292
8298
8292
8309
8311
8314
8330
8340
8335
8341
8341
8342
8359
8374
8372
8375
8367
8364
8368
8364
8364
8379
8388
8398
8404
8411
8428
8430
8433
8421
8425
8443
8437
8452
8451
8459
8474
8482
8497
8506
8516
8523
8516
8516
8516
8529
8534
8527
8525
8553
8566
8555
8557
8561
8549
8568
8579
8592
8614
8631
8635
8627
8632
8631
8641
8643
8644
8652
8658
8671
8685
8693
8693
8715
8721
8732
8741
8743
8748
8755
8759
8782
8799
8812
8825
8822
8825
8842
8822
8833
8822
8844
8857
8880
8891
8904
8914
8917
8918
8950
8947
8954
8970
8987
8981
8982
9008
9015
9011
9028
9028
9035
9023
9034
9016
9035
9028
9041
9047
9054
9064
9067
9067
9068
9083
9090
9091
9103
9098
9095
9088
9097
9105
9137
9137
9160
9149
9143
9159
9158
9151
9159
9165
9167
9171
9192
9193
9189
9210
9196
9195
9192
9195
9193
9211
9206
9208
9217
9234
9256
9258
9267
9280
9298
9301
9313
9304
9316
9324
9330
9328
9347
9354
9356
9363
9366
9385
9395
9392
9392
9409
9433
9440
9444
9448
9464
9461
9476
9495
9507
9506
9517
9522
9539
9553
9567
9563
9568
9586
9597
9597
9601
9602
9617
9616
9630
9649
9655
9666
9693
9698
9705
9715
9721
9726
9728
9749
9746
9773
9768
9785
9785
9791
9801
9805
9817
9831
9822
9840
9873
9882
9876
9885
9891
9897
9889
9899
9903
9912
9916
9916
9943
9934
9925
9938
9960
9971
9978
9988
9996
9997
9993
10005
10015
10030
10033
10030
10051
10044
10048
10064
10069
10067
10076
10079
10087
10101
10109
10122
10126
10128
10132
10139
10141
10158
10164
10176
10176
10169
10173
10170
10179
10199
10203
10224
10228
10217
10226
10242
10265
10281
10288
10297
10289
10298
10307
10323
10330
10350
10348
10354
10362
10356
10375
10385
10409
10397
10402
10417
10437
10450
10446
10465
10461
10470
10484
10464
10468
10490
10488
10513
10525
10537
10524
10535
10548
10562
10566
10588
10586
10583
10597
10596
10593
10592
10606
10609
10615
10621
10630
10654
10666
10674
10687
10688
10702
10707
10724
10729
10744
10741
10748
10762
10772
10772
10788
10770
10781
10799
10814
10841
10853
10866
10876
10900
10916
10930
10929
10945
10930
10950
10958
10957
10966
10956
10967
10973
10985
11004
11009
11022
11040
11049
11058
11071
11059
11091
11100
11107
11099
11104
11109
11118
11120
11122
11130
11141
11149
11155
11156
11168
11172
11185
11184
11194
11203
11220
11214
11225
11234
11257
11273
11275
11277
11280
11297
11304
11322
11318
11325
11335
11346
11364
11378
11388
11399
11404
11432
11431
11422
11443
11458
11466
11470
11475
11467
11472
11475
11489
11501
11497
11491
11498
11515
11529
11534
11543
11563
11573
11586
11586
11597
11601
11601
11612
11630
11654
11654
11661
11676
11673
11678
11701
11710
11722
11725
11733
11738
11751
11766
11774
11787
11795
11795
11793
11795
11805
11818
11824
11838
11853
11868
11874
11880
11892
11909
11921
11936
11950
11935
11960
11966
11969
11986
11997
12009
12026
12025
12045
12057
12061
12067
12093
12100
12100
12102
12118
12129
12158
12179
12179
12175
12208
12215
12204
12223
12229
12242
12249
12267
12284
12288
12309
12308
12336
12333
12355
12369
12364
12375
12389
12398
12412
12406
12412
12403
12410
12431
12440
12463
12468
12468
12465
12481
12482
12480
12490
12489
12502
12493
12508
12508
12522
12520
12522
12537
12541
12543
12555
12565
12583
12577
12594
12626
12634
12660
12653
12682
12687
12712
12739
12740
12744
12750
12757
12775
12790
12813
12832
12845
12857
12859
12850
12864
12877
12885
12893
12903
12924
12933
12933
12942
12949
12956
12972
12986
13013
13010
13024
13025
13049
13066
13080
13073
13072
13078
13087
13103
13115
13133
13137
13151
13158
13166
13183
13194
13201
13192
13208
13206
13207
13205
13226
13232
13248
13263
13269
13280
13289
13313
13310
13338
13338
13345
13366
13397
13382
13400
13416
13426
13452
13465
13476
13490
13505
13505
13513
13530
13521
13553
13561
13582
13611
13624
13640
13637
13643
13661
13665
13677
13674
13692
13684
13702
13701
13719
13713
13726
13735
13743
13762
13775
13805
13810
13811
13827
13837
13843
13851
13854
13849
13865
13867
13900
13904
13908
13924
13925
13942
13941
13967
13970
13968
13987
14004
14025
14038
14054
14046
14054
14073
14076
14087
14088
14100
14113
14117
14137
14134
14157
14175
14174
14191
14203
14207
14231
14242
14244
14254
14259
14266
14288
14296
14323
14346
14350
14370
14384
14391
14415
14431
14436
14451
14483
14490
14494
14509
14517
14528
14548
14565
14570
14573
14590
14612
14616
14636
14657
14660
14664
14690
14727
14740
14754
14770
14783
14803
14801
14813
14812
14814
14825
14838
14852
14862
14874
14881
14895
14912
14919
14912
14937
14952
14938
14963
14968
14974
14969
14994
15006
15003
15010
15016
15026
15051
15069
15088
15097
15098
15121
15140
15163
15160
15166
15181
15193
15196
15203
15222
15221
15254
15264
15278
15296
15317
15316
15319
15349
15327
15317
15338
15341
15355
15375
15403
15418
15432
15443
15465
15468
15467
15478
15496
15510
15525
15549
15560
15552
15576
15597
15608
15612
15642
15646
15660
15669
15707
15713
15724
15745
15761
15763
15776
15783
15817
15819
15843
15853
15864
15871
15879
15896
15917
15944
15938
15946
15983
15992
16006
15999
16021
16040
16072
16066
16090
16082
16087
16108
16153
16188
16183
16213
16212
16236
16258
16256
16263
16296
16319
16352
16359
16346
16359
16393
16416
16430
16444
16442
16469
16486
16493
16509
16517
16524
16555
16553
16573
16593
16605
16617
16630
16625
16633
16646
16667
16670
16692
16706
16720
16724
16730
16767
16772
16772
16797
16816
16842
16857
16859
16869
16892
16893
16896
16910
16904
16927
16958
16960
16968
16961
16978
16982
17004
17034
17039
17083
17080
17096
17117
17110
17121
17141
17168
17195
17195
17208
17220
17235
17254
17296
17319
17361
17366
17375
17391
17402
17402
17446
17451
17453
17479
17499
17501
17540
17567
17574
17587
17597
17609
17621
17628
17658
17647
17670
17684
17693
17715
17737
17748
17763
17786
17771
17806
17821
17835
17865
17871
17897
17897
17910
17940
17942
17997
18001
18010
18046
18061
18070
18081
18097
18114
18109
18124
18143
18166
18206
18221
18239
18224
18244
18266
18285
18298
18315
18316
18325
18352
18346
18359
18369
18410
18411
18421
18423
18455
18466
18504
18513
18522
18537
18560
18566
18580
18602
18640
18657
18683
18695
18721
18735
18746
18743
18761
18782
18802
18816
18849
18857
18860
18890
18902
18899
18911
18902
18928
18952
18964
18994
19002
19019
19034
19058
19073
19094
19136
19140
19162
19188
19183
19199
19213
19258
19252
19270
19282
19309
19326
19326
19357
19372
19377
19403
19396
19420
19449
19462
19473
19490
19490
19517
19536
19556
19569
19585
19602
19627
19636
19648
19671
19712
19711
19709
19747
19765
19790
19786
19801
19805
19817
19843
19855
19878
19902
19935
19974
19981
19997
20032
20071
20095
20114
20120
20150
20178
20174
20198
20197
20235
20254
20279
20275
20287
20308
20323
20318
20326
20353
20378
20396
20420
20431
20451
20460
20470
20473
20504
20522
20519
20526
20546
20561
20559
20578
20597
20606
20631
20657
20684
20711
20732
20749
20777
20793
20801
20796
20827
20821
20860
20872
20895
20911
20932
20943
20972
20996
21023
21040
21071
21085
21091
21100
21101
21141
21152
21166
21183
21206
21215
21223
21258
21248
21287
21317
21341
21368
21391
21421
21434
21464
21468
21478
21489
21493
21502
21525
21553
21566
21569
21584
21621
21645
21683
21691
21718
21756
21787
21817
21820
21838
21851
21874
21905
21921
21930
21970
21954
21995
22018
22044
22069
22113
22144
22139
22180
22214
22210
22231
22255
22277
22308
22302
22323
22356
22402
22425
22470
22476
22501
22517
22544
22559
22581
22610
22640
22645
22686
22698
22709
22716
22743
22773
22812
22818
22838
22868
22878
22908
22923
22933
22973
22997
23026
23042
23079
23102
23123
23150
23182
23205
23225
23231
23264
23269
23272
23294
23314
23347
23373
23394
23423
23424
23445
23480
23481
23511
23507
23554
23573
23604
23626
23645
23679
23709
23727
23749
23762
23803
23804
23823
23847
23885
23906
23902
23936
23970
23995
24009
24028
24054
24078
24091
24122
24115
24117
24149
24169
24207
24211
24268
24280
24277
24313
24332
24330
24348
24371
24393
24419
24450
24471
24469
24493
24518
24527
24579
24587
24569
24592
24619
24636
24651
24690
24705
24725
24751
24765
24784
24781
24828
24830
24863
24886
24902
24929
24974
24994
25026
25041
25057
25083
25100
25133
25171
25211
25209
25215
25247
25248
25280
25307
25337
25366
25372
25414
25423
25467
25523
25520
25560
25588
25627
25635
25655
25659
25676
25705
25716
25775
25821
25802
25851
25867
25877
25905
25928
25929
25975
26019
26048
26049
26088
26121
26138
26152
26191
26228
26244
26272
26286
26340
26355
26379
26409
26451
26462
26485
26509
26533
26545
26579
26627
26632
26656
26681
26693
26724
26741
26794
26819
26838
26885
26901
26893
26943
26951
26966
27001
27040
27042
27035
27082
27104
27119
27150
27193
27196
27224
27248
27280
27314
27335
27384
27421
27425
27454
27474
27513
27548
27593
27621
27619
27659
27667
27690
27754
27766
27799
27806
27850
27892
27896
27945
27985
27997
28024
28043
28071
28108
28144
28192
28185
28205
28237
28282
28308
28295
28333
28365
28373
28392
28407
28448
28474
28510
28544
28560
28609
28636
28673
28689
28692
28726
28744
28779
28809
28840
28865
28872
28899
28918
28954
28937
28995
28997
29018
29039
29047
29095
29121
29151
29185
29186
29202
29262
29277
29290
29330
29368
29390
29423
29440
29444
29481
29490
29514
29540
29565
29595
29612
29633
29648
29687
29701
29742
29777
29803
29837
29874
29887
29939
29983
29973
30008
30020
30029
30020
30071
30088
30142
30155
30176
30200
30229
30260
30287
30314
30316
30341
30372
30399
30430
30497
30527
30546
30549
30594
30625
30640
30667
30665
30701
30739
30725
30737
30792
30797
30839
30856
30880
30939
30958
31005
31021
31050
31105
31141
31147
31189
31267
31255
31280
31329
31332
31372
31407
31421
31459
31529
31523
31550
31545
31596
31611
31614
31654
31697
31726
31766
31802
31834
31859
31901
31919
31952
31972
32008
32052
32067
32108
32139
32167
32202
32216
32256
32274
32295
32314
32338
32357
32381
32393
32421
32458
32487
32499
32552
32590
32633
32657
32690
32712
32734
32756
32815
32842
32888
32897
32945
32967
32993
33026
33058
33097
33123
33161
33203
33251
33266
33297
33345
33355
33395
33398
33437
33483
33497
33508
33523
33537
33563
33591
33652
33676
33707
33719
33759
33752
33774
33830
33855
33886
33931
33968
33979
34030
34033
34034
34067
34110
34138
34166
34162
34225
34247
34274
34305
34332
34349
34397
34461
34464
34495
34519
34549
34600
34610
34645
34661
34695
34731
34765
34779
34827
34867
34892
34952
34989
35038
35064
35097
35120
35139
35141
35196
35216
35223
35260
35302
35351
35391
35407
35437
35475
35522
35533
35582
35624
35628
35670
35700
35684
35704
35739
35801
35826
35872
35899
35914
35943
35994
36003
36042
36059
36095
36112
36121
36185
36217
36243
36244
36290
36325
36344
36354
36395
36489
36503
36528
36556
36603
36635
36701
36728
36780
36813
36830
36864
36885
36925
36963
36969
37002
37034
37067
37104
37142
37122
37169
37210
37263
37298
37342
37364
37403
37448
37499
37539
37567
37600
37604
37646
37687
37733
37761
37824
37858
37904
37954
37994
38046
38066
38095
38141
38191
38220
38276
38291
38338
38361
38398
38454
38483
38519
38543
38576
38604
38655
38666
38705
38724
38777
38815
38859
38885
38927
38966
39017
38998
39055
39110
39129
39163
39198
39237
39276
39320
39343
39368
39431
39472
39486
39533
39584
39617
39649
39681
39734
39777
39784
39839
39888
39924
39945
39996
40079
40099
40159
40196
40252
40283
40339
40383
40434
40493
40526
40571
40572
40598
40639
40699
40733
40775
40795
40836
40871
40932
40968
41015
41038
41072
41115
41143
41211
41244
41295
41326
41373
41395
41414
41468
41503
41560
41588
41648
41712
41757
41827
41848
41859
41922
41954
42003
42028
42050
42109
42147
42204
42200
42250
42288
42330
42379
42408
42444
42486
42529
42576
42617
42651
42697
42733
42786
42812
42828
42887
42943
42963
43011
43043
43079
43102
43151
43167
43204
43267
43284
43336
43355
43407
43445
43461
43511
43584
43625
43654
43691
43730
43775
43809
43843
43872
43937
43971
44028
44070
44093
44169
44197
44246
44270
44310
44357
44408
44455
44514
44530
44596
44633
44669
44686
44748
44760
44833
44848
44896
44920
44986
45027
45049
45110
45195
45202
45269
45315
45358
45412
45410
45490
45523
45595
45642
45678
45748
45765
45806
45839
45900
45936
45986
46018
46032
46104
46125
46144
