0.0008293103448275862 0.00018068965517241382
300
295
291
288
288
289
287
286
283
284
284
284
283
284
286
288
285
285
286
284
284
286
285
283
281
282
283
281
283
285
287
287
286
290
292
290
294
293
291
289
292
293
293
293
290
291
291
291
291
291
291
291
294
295
295
295
295
298
298
299
300
301
301
301
303
305
304
305
306
307
306
304
307
304
305
309
310
309
310
309
308
308
311
310
311
312
315
315
314
313
316
317
318
318
318
319
319
324
324
325
323
321
322
326
327
327
329
329
331
331
332
332
333
336
338
341
343
344
344
344
346
348
350
349
352
355
353
352
352
355
355
356
356
355
359
359
359
363
363
366
367
368
367
365
366
367
366
366
368
367
367
368
367
369
367
367
368
369
369
371
372
374
374
374
374
375
376
379
379
380
381
381
379
379
382
385
387
389
390
392
393
393
395
394
393
395
392
390
391
393
392
393
393
394
396
393
392
392
392
393
396
396
399
398
400
402
401
402
402
403
405
405
403
403
402
398
398
398
401
403
403
403
405
405
406
408
410
410
414
416
414
414
416
417
418
416
416
416
415
417
421
425
425
422
424
424
426
426
427
423
427
429
429
432
432
433
432
431
435
437
437
438
442
443
444
445
445
444
439
441
441
440
442
443
447
450
451
449
451
453
451
446
448
446
448
451
453
456
457
455
455
453
453
454
454
455
456
456
457
456
457
457
457
457
457
455
455
460
461
465
467
470
471
475
475
477
475
477
478
478
480
487
487
487
487
485
485
486
488
488
485
487
489
487
489
490
491
494
493
493
493
491
492
492
493
493
493
495
494
494
495
497
497
496
498
498
499
500
500
496
498
498
498
498
499
501
499
502
503
504
505
507
508
509
510
506
508
508
509
512
514
515
521
524
522
520
516
515
517
516
515
518
518
524
523
526
526
525
525
524
526
528
529
530
528
526
527
526
522
523
521
523
525
525
525
525
525
526
523
523
522
525
526
528
524
522
525
526
526
527
527
526
525
528
530
531
534
536
535
536
541
540
541
540
541
541
538
540
542
545
544
544
546
548
547
542
541
542
542
546
549
549
551
551
551
553
552
551
554
554
552
553
554
552
548
547
549
549
551
552
553
550
553
558
559
559
559
561
565
563
566
567
567
573
576
575
575
576
580
579
576
576
574
572
572
577
577
578
578
576
576
579
580
579
581
582
584
583
585
586
589
589
588
587
586
586
584
587
588
593
591
593
593
591
588
591
592
594
594
591
595
596
595
596
597
598
606
602
602
604
604
607
610
607
609
611
614
614
614
615
615
619
619
621
622
624
626
623
624
623
628
628
628
629
632
632
635
630
629
634
635
643
644
643
646
645
646
648
650
652
652
654
651
650
650
645
646
648
648
646
646
644
647
646
649
649
651
653
650
656
658
656
659
659
658
655
656
652
653
656
657
661
663
662
661
662
662
662
665
663
663
663
667
667
667
670
672
675
676
673
676
677
676
676
682
681
681
685
689
685
687
689
691
694
693
691
691
689
692
697
698
698
699
699
700
700
703
701
703
703
701
703
706
701
700
700
700
700
700
702
700
702
703
704
703
704
703
706
705
704
704
700
701
706
714
714
712
716
717
715
716
718
716
716
717
720
721
721
721
724
721
720
721
719
718
722
717
717
716
715
716
719
722
724
721
722
726
730
730
731
732
736
736
737
736
734
738
733
736
737
739
740
739
738
734
732
734
737
737
737
737
733
736
740
739
739
746
745
747
749
750
753
755
754
762
761
759
760
759
756
758
756
757
761
764
764
761
765
765
766
772
769
772
774
773
773
776
780
782
780
779
783
784
783
782
787
788
787
786
783
785
785
785
785
785
788
786
790
788
790
788
786
786
785
787
789
791
790
789
792
795
797
798
797
802
799
802
800
802
803
799
796
797
796
794
794
797
795
796
796
801
799
808
805
804
802
803
799
801
798
795
801
801
800
805
800
799
797
798
800
800
803
804
802
807
802
805
803
805
808
808
806
806
804
807
810
808
810
808
811
810
809
806
802
806
809
812
812
807
809
809
814
810
811
807
806
805
806
807
808
806
807
805
803
802
805
807
807
803
800
796
801
801
801
804
805
804
801
800
804
804
804
802
802
804
805
807
808
806
805
806
805
803
803
802
803
805
808
807
810
810
809
808
810
811
812
809
809
809
811
813
814
817
818
817
818
823
822
824
826
827
825
823
823
826
827
828
829
828
827
823
826
826
830
831
829
829
836
838
837
840
831
832
836
834
830
828
829
831
834
832
834
834
833
835
837
837
839
840
841
835
835
836
843
843
844
846
845
848
849
851
851
858
857
860
856
855
853
854
853
852
853
851
853
855
856
857
860
860
863
862
859
860
859
861
861
865
861
856
855
852
852
853
855
854
853
854
853
854
862
859
855
854
858
859
862
862
863
864
864
861
859
862
862
860
862
865
864
864
860
853
852
851
851
851
854
856
857
857
857
856
859
859
860
864
867
869
870
868
865
864
868
872
871
873
874
873
874
873
874
873
875
872
867
869
866
870
870
873
874
876
873
869
867
867
866
863
867
868
868
870
869
867
866
860
858
856
859
861
863
864
867
867
863
862
855
857
856
859
863
860
862
865
862
862
862
865
865
869
870
868
872
874
878
879
878
880
877
876
874
870
869
862
867
868
869
874
875
879
882
882
884
881
883
882
885
886
884
885
888
888
886
889
889
887
894
892
889
889
888
889
889
898
902
906
908
908
905
903
899
893
891
890
888
885
884
886
891
894
894
895
899
899
900
900
895
895
895
895
895
896
895
899
900
904
900
896
897
897
894
894
893
893
894
897
898
903
900
901
908
905
906
907
906
906
905
904
903
907
906
910
914
912
910
908
911
906
905
905
906
901
898
899
900
901
904
914
911
911
909
908
906
909
911
915
911
917
914
916
918
921
919
919
920
920
918
913
913
918
921
921
924
925
922
922
922
917
920
915
913
910
913
915
919
922
920
922
928
927
928
929
926
926
927
930
930
933
934
931
928
927
924
924
923
923
924
922
926
924
927
928
930
924
922
921
921
926
927
930
929
930
932
926
929
932
928
926
929
927
931
935
935
938
939
940
940
939
942
944
946
948
955
952
951
948
955
954
948
947
949
943
946
947
951
952
955
954
952
949
948
949
949
952
945
949
950
948
946
947
946
948
947
947
952
955
956
954
953
948
948
947
947
955
952
951
954
955
956
956
952
956
958
952
952
950
947
947
947
951
947
945
945
949
950
949
948
948
950
952
948
951
952
946
952
958
961
961
962
961
960
956
958
957
966
968
969
972
965
965
967
963
963
963
962
962
960
958
961
961
967
965
962
963
959
957
958
956
954
953
954
960
959
958
962
963
968
971
970
968
970
967
965
967
967
971
971
966
970
969
969
967
968
968
972
969
970
972
974
972
973
971
966
970
975
976
972
972
980
981
984
985
982
980
983
986
989
984
986
985
987
988
980
978
979
982
984
989
992
995
993
994
994
999
995
996
999
1001
996
1000
1000
999
1002
1003
999
1002
1008
1006
1002
1008
1006
1007
1007
1008
1011
1013
1016
1018
1016
1017
1018
1018
1015
1017
1013
1015
1016
1015
1019
1019
1016
1020
1019
1018
1018
1019
1019
1025
1025
1033
1033
1030
1025
1024
1025
1024
1027
1022
1019
1021
1021
1021
1025
1024
1027
1025
1028
1030
1030
1029
1030
1034
1027
1024
1022
1024
1023
1023
1022
1018
1019
1020
1024
1025
1026
1030
1028
1025
1023
1024
1025
1028
1026
1018
1012
1010
1011
1007
1007
1007
1008
1009
1013
1011
1012
1016
1020
1021
1021
1024
1027
1029
1032
1028
1029
1030
1029
1030
1033
1037
1034
1034
1038
1039
1041
1041
1037
1035
1040
1039
1039
1043
1043
1050
1047
1051
1052
1052
1055
1056
1058
1059
1059
1058
1054
1053
1052
1051
1048
1046
1051
1052
1049
1050
1047
1048
1044
1039
1040
1039
1037
1035
1031
1030
1026
1024
1025
1028
1031
1032
1031
1031
1033
1031
1032
1033
1033
1039
1038
1037
1035
1036
1037
1034
1033
1036
1038
1036
1034
1042
1046
1043
1042
1043
1043
1044
1042
1046
1048
1044
1040
1042
1041
1040
1037
1038
1041
1043
1045
1046
1045
1048
1046
1040
1041
1046
1051
1053
1048
1048
1046
1042
1041
1044
1044
1046
1043
1049
1044
1043
1036
1037
1034
1031
1030
1032
1030
1032
1032
1032
1029
1031
1031
1026
1027
1029
1028
1030
1033
1034
1037
1043
1041
1039
1041
1045
1042
1040
1043
1044
1043
1041
1043
1046
1044
1038
1039
1040
1040
1039
1038
1034
1034
1039
1040
1037
1034
1033
1038
1043
1045
1042
1043
1040
1043
1045
1042
1047
1043
1044
1043
1047
1047
1050
1047
1047
1044
1048
1043
1044
1043
1043
1046
1050
1052
1056
1060
1066
1064
1061
1063
1063
1063
1059
1064
1068
1069
1072
1080
1076
1076
1078
1075
1075
1075
1078
1080
1080
1077
1074
1076
1078
1077
1082
1077
1075
1072
1069
1069
1070
1074
1077
1081
1082
1083
1088
1090
1090
1092
1090
1092
1092
1094
1094
1093
1100
1099
1102
1102
1101
1102
1096
1103
1105
1107
1106
1107
1111
1109
1112
1113
1108
1106
1110
1105
1107
1106
1108
1109
1107
1105
1104
1102
1109
1105
1104
1104
1102
1102
1106
1110
1113
1113
1109
1110
1112
1113
1113
1113
1114
1115
1111
1111
1116
1118
1116
1119
1122
1120
1124
1123
1127
1129
1131
1126
1127
1129
1128
1127
1126
1127
1125
1119
1120
1123
1132
1135
1139
1139
1135
1136
1134
1132
1127
1127
1122
1122
1122
1126
1130
1130
1128
1124
1125
1126
1125
1122
1123
1127
1129
1131
1132
1137
1135
1132
1137
1139
1130
1126
1127
1134
1134
1143
1137
1139
1135
1135
1136
1137
1144
1139
1137
1141
1139
1144
1140
1144
1145
1149
1145
1143
1146
1149
1150
1149
1151
1152
1149
1149
1149
1149
1147
1151
1156
1155
1155
1153
1158
1157
1153
1154
1154
1154
1153
1157
1156
1159
1154
1154
1154
1151
1148
1149
1146
1149
1153
1156
1157
1157
1150
1146
1147
1149
1154
1149
1151
1148
1150
1152
1153
1156
1150
1149
1147
1149
1151
1151
1146
1145
1144
1144
1147
1152
1150
1155
1152
1150
1155
1153
1157
1155
1152
1159
1162
1164
1159
1163
1162
1167
1164
1163
1167
1169
1169
1162
1166
1173
1174
1172
1174
1177
1178
1177
1183
1178
1180
1180
1180
1193
1189
1192
1184
1189
1193
1191
1185
1187
1188
1189
1190
1192
1189
1190
1190
1189
1183
1182
1184
1181
1181
1176
1179
1182
1185
1185
1181
1177
1178
1178
1176
1182
1181
1178
1178
1180
1181
1177
1177
1177
1172
1169
1166
1167
1165
1166
1167
1166
1170
1174
1173
1174
1178
1180
1180
1185
1184
1180
1178
1183
1181
1184
1185
1189
1186
1186
1190
1188
1188
1192
1195
1198
1200
1202
1201
1198
1201
1206
1206
1208
1209
1209
1212
1210
1208
1209
1204
1201
1201
1205
1207
1208
1202
1198
1197
1203
1209
1207
1212
1214
1216
1213
1207
1208
1206
1207
1208
1211
1216
1222
1220
1220
1223
1217
1221
1221
1218
1223
1226
1227
1230
1232
1235
1230
1228
1229
1227
1229
1227
1229
1229
1233
1236
1237
1233
1233
1236
1234
1234
1235
1238
1239
1238
1238
1242
1243
1249
1246
1247
1253
1253
1257
1261
1253
1255
1255
1255
1253
1253
1258
1258
1259
1260
1261
1261
1266
1262
1268
1270
1271
1268
1270
1270
1270
1272
1268
1273
1275
1277
1274
1271
1269
1273
1280
1276
1273
1274
1271
1275
1275
1274
1271
1271
1269
1269
1263
1264
1268
1269
1267
1268
1270
1267
1271
1269
1269
1272
1273
1268
1263
1266
1270
1268
1265
1265
1270
1267
1260
1256
1255
1254
1258
1256
1263
1259
1254
1255
1258
1256
1255
1257
1257
1257
1255
1259
1261
1258
1262
1262
1257
1259
1258
1257
1259
1260
1263
1264
1261
1260
1254
1253
1249
1252
1252
1251
1252
1257
1258
1259
1260
1258
1261
1263
1260
1259
1260
1256
1260
1257
1261
1261
1266
1266
1263
1261
1269
1271
1274
1273
1272
1269
1262
1264
1264
1265
1257
1257
1261
1264
1262
1265
1256
1259
1256
1255
1259
1261
1257
1260
1265
1263
1256
1255
1253
1253
1247
1250
1249
1246
1245
1247
1254
1253
1256
1260
1258
1256
1264
1267
1269
1271
1272
1266
1271
1269
1269
1269
1268
1268
1267
1264
1270
1267
1269
1273
1275
1281
1283
1287
1287
1283
1283
1281
1279
1281
1286
1294
1293
1298
1297
1299
1297
1294
1289
1293
1292
1290
1294
1297
1295
1297
1292
1291
1284
1284
1288
1283
1285
1285
1288
1288
1290
1294
1295
1292
1289
1293
1291
1293
1296
1294
1288
1286
1283
1286
1288
1290
1297
1300
1301
1299
1297
1301
1308
1304
1304
1307
1296
1297
1301
1299
1296
1293
1292
1291
1296
1296
1302
1305
1305
1301
1299
1304
1303
1302
1296
1292
1292
1291
1290
1298
1297
1298
1303
1302
1304
1302
1303
1300
1303
1302
1306
1306
1305
1302
1300
1292
1297
1298
1300
1299
1298
1297
1297
1296
1299
1302
1301
1296
1300
1300
1293
1289
1287
1287
1290
1287
1298
1294
1298
1296
1289
1284
1284
1282
1283
1279
1274
1280
1280
1280
1280
1278
1281
1282
1281
1278
1277
1275
1273
1276
1279
1284
1287
1288
1289
1289
1288
1294
1292
1290
1292
1295
1292
1295
1289
1288
1288
1289
1289
1284
1284
1281
1282
1285
1284
1289
1291
1295
1296
1299
1301
1294
1297
1290
1294
1291
1294
1288
1292
1292
1292
1299
1297
1298
1298
1294
1294
1287
1284
1287
1290
1293
1295
1300
1295
1295
1298
1299
1304
1303
1297
1299
1298
1302
1298
1293
1292
1292
1292
1288
1289
1290
1291
1293
1298
1298
1301
1303
1301
1300
1303
1305
1302
1303
1306
1307
1307
1302
1302
1305
1304
1304
1309
1313
1307
1309
1314
1313
1302
1302
1304
1311
1311
1316
1319
1319
1317
1321
1317
1315
1312
1314
1308
1312
1311
1303
1304
1303
1301
1305
1304
1300
1293
1288
1295
1303
1297
1300
1302
1303
1302
1299
1297
1301
1303
1301
1301
1302
1311
1305
1307
1307
1307
1307
1309
1308
1309
1305
1305
1305
1301
1301
1298
1299
1291
1290
1286
1284
1286
1287
1287
1290
1291
1284
1282
1284
1286
1278
1275
1276
1273
1275
1277
1282
1284
1286
1278
1273
1272
1277
1283
1279
1279
1280
1282
1281
1279
1280
1284
1287
1291
1292
1289
1289
1289
1286
1290
1290
1291
1295
1294
1299
1297
1305
1307
1305
1304
1302
1302
1297
1295
1293
1292
1292
1293
1298
1299
1299
1299
1296
1291
1292
1294
1297
1293
1296
1299
1295
1304
1300
1303
1298
1295
1297
1302
1305
1304
1299
1298
1294
1291
1295
1302
1298
1300
1296
1300
1299
1297
1289
1288
1284
1287
1295
1297
1294
1297
1300
1298
1295
1297
1291
1289
1290
1292
1299
1293
1302
1298
1300
1297
1293
1298
1299
1303
1297
1297
1294
1294
1292
1292
1295
1291
1288
1289
1289
1286
1284
1281
1280
1284
1279
1284
1284
1287
1290
1295
1296
1299
1300
1297
1295
1292
1294
1297
1294
1295
1297
1295
1296
1297
1290
1287
1287
1289
1287
1292
1296
1299
1302
1303
1305
1303
1307
1307
1307
1309
1313
1312
1314
1315
1309
1315
1312
1314
1308
1313
1313
1314
1308
1312
1314
1309
1307
1306
1304
1304
1303
1295
1298
1299
1303
1299
1302
1306
1314
1316
1319
1311
1314
1315
1309
1307
1311
1309
1313
1315
1310
1307
1311
1307
1301
1306
1303
1303
1302
1297
1293
1292
1291
1289
1295
1294
1294
1295
1302
1302
1305
1303
1306
1299
1300
1305
1301
1294
1297
1295
1297
1296
1301
1293
1296
1297
1296
1299
1302
1308
1308
1306
1302
1302
1299
1298
1301
1299
1305
1305
1311
1313
1317
1319
1317
1319
1315
1314
1309
1310
1311
1317
1320
1321
1319
1318
1315
1313
1312
1318
1317
1311
1309
1313
1317
1316
1319
1319
1318
1308
1313
1311
1309
1306
1310
1311
1311
1314
1316
1318
1322
1319
1320
1318
1317
1324
1325
1320
1324
1324
1324
1327
1327
1322
1322
1320
1320
1320
1319
1319
1325
1326
1329
1322
1324
1325
1325
1328
1327
1326
1327
1326
1330
1329
1328
1333
1333
1340
1340
1343
1338
1336
1335
1330
1325
1324
1325
1325
1329
1331
1336
1335
1328
1326
1326
1328
1324
1329
1330
1330
1333
1326
1328
1328
1331
1328
1336
1340
1342
1345
1341
1341
1343
1343
1337
1341
1342
1340
1342
1341
1345
1339
1335
1344
1340
1340
1336
1336
1337
1340
1340
1337
1337
1337
1342
1347
1343
1346
1348
1349
1351
1353
1358
1355
1356
1359
1355
1347
1351
1350
1349
1343
1339
1344
1345
1344
1345
1338
1342
1342
1345
1349
1350
1354
1352
1351
1351
1353
1353
1356
1360
1358
1356
1352
1355
1359
1356
1362
1362
1362
1363
1359
1358
1360
1356
1352
1353
1353
1352
1352
1350
1349
1351
1347
1351
1351
1345
1349
1350
1351
1352
1356
1358
1352
1348
1351
1352
1357
1355
1354
1354
1352
1352
1357
1359
1361
1362
1361
1364
1366
1367
1363
1360
1363
1361
1366
1365
1370
1371
1369
1367
1364
1368
1369
1369
1371
1371
1373
1368
1368
1373
1368
1368
1367
1369
1374
1373
1377
1376
1372
1369
1371
1369
1368
1368
1369
1366
1371
1372
1374
1381
1387
1390
1390
1385
1389
1388
1388
1387
1391
1389
1387
1390
1390
1384
1388
1386
1383
1386
1388
1385
1391
1399
1389
1390
1398
1401
1400
1399
1396
1394
1399
1399
1399
1396
1395
1402
1404
1406
1403
1410
1411
1415
1410
1411
1414
1418
1423
1424
1426
1422
1423
1418
1418
1417
1416
1415
1413
1417
1417
1422
1418
1419
1416
1414
1411
1409
1411
1409
1412
1415
1413
1414
1417
1421
1416
1417
1417
1413
1412
1417
1418
1416
1423
1424
1426
1429
1419
1416
1417
1423
1422
1422
1417
1422
1418
1417
1421
1424
1421
1417
1413
1408
1407
1411
1408
1415
1410
1410
1416
1417
1421
1411
1415
1418
1415
1416
1417
1417
1417
1408
1403
1403
1399
1399
1403
1402
1407
1402
1404
1402
1408
1404
1404
1403
1403
1404
1402
1402
1405
1412
1413
1415
1416
1410
1414
1413
1421
1416
1415
1414
1416
1415
1417
1417
1416
1421
1416
1415
1412
1412
1414
1414
1416
1414
1414
1409
1409
1405
1406
1405
1406
1407
1410
1408
1409
1406
1406
1411
1412
1411
1411
1412
1413
1414
1412
1409
1401
1402
1396
1400
1400
1394
1390
1389
1390
1392
1391
1393
1397
1389
1389
1391
1388
1387
1381
1384
1388
1386
1381
1384
1388
1383
1380
1377
1381
1383
1382
1385
1383
1383
1383
1389
1385
1389
1390
1383
1386
1388
1390
1383
1385
1385
1389
1393
1398
1400
1392
1388
1386
1387
1383
1380
1382
1378
1375
1377
1377
1378
1378
1380
1380
1384
1387
1383
1388
1391
1388
1390
1388
1387
1387
1382
1384
1386
1381
1381
1379
1379
1381
1385
1381
1382
1380
1387
1383
1386
1394
1395
1396
1390
1388
1391
1390
1389
1386
1391
1395
1395
1395
1403
1396
1397
1391
1394
1390
1390
1390
1392
1393
1388
1389
1393
1398
1399
1399
1396
1398
1395
1395
1395
1392
1395
1393
1389
1388
1386
1389
1387
1389
1387
1391
1390
1387
1391
1389
1390
1392
1393
1397
1398
1398
1395
1396
1407
1401
1408
1410
1409
1407
1408
1405
1405
1406
1404
1406
1403
1400
1400
1400
1400
1403
1399
1400
1399
1400
1403
1407
1412
1409
1407
1406
1406
1406
1405
1406
1405
1413
1414
1411
1412
1418
1416
1421
1418
1420
1415
1417
1415
1411
1410
1411
1412
1411
1410
1414
1412
1410
1410
1411
1413
1408
1412
1415
1416
1419
1424
1426
1432
1428
1429
1431
1432
1431
1431
1430
1428
1426
1428
1427
1431
1434
1433
1430
1430
1429
1431
1430
1429
1428
1435
1435
1434
1435
1436
1442
1438
1441
1445
1444
1443
1441
1441
1440
1442
1435
1432
1428
1424
1426
1423
1419
1421
1426
1428
1431
1430
1432
1435
1432
1435
1436
1432
1430
1432
1429
1430
1433
1435
1435
1433
1430
1431
1433
1432
1435
1432
1435
1431
1431
1429
1426
1430
1430
1434
1434
1435
1430
1429
1433
1437
1439
1436
1439
1437
1439
1436
1441
1440
1440
1438
1443
1442
1438
1437
1442
1442
1439
1436
1430
1427
1429
1428
1428
1428
1428
1417
1417
1421
1424
1427
1428
1428
1425
1424
1421
1420
1419
1418
1422
1422
1424
1419
1423
1424
1418
1418
1420
1424
1418
1421
1421
1421
1423
1422
1423
1421
1424
1419
1425
1427
1422
1422
1429
1430
1430
1429
1431
1432
1432
1439
1436
1442
1436
1437
1442
1442
1434
1437
1439
1441
1439
1440
1440
1438
1440
1440
1442
1443
1442
1436
1437
1433
1433
1436
1440
1443
1443
1443
1443
1435
1441
1438
1449
1449
1452
1447
1447
1444
1439
1432
1424
1426
1422
1421
1424
1421
1425
1430
1428
1427
1429
1428
1426
1431
1436
1430
1428
1429
1431
1432
1436
1437
1427
1425
1426
1431
1437
1444
1442
1435
1431
1432
1425
1428
1432
1433
1434
1437
1439
1438
1438
1435
1436
1435
1446
1456
1456
1453
1444
1445
1448
1445
1440
1438
1442
1440
1436
1435
1434
1430
1433
1434
1435
1432
1436
1444
1445
1454
1451
1448
1444
1448
1447
1448
1451
1453
1451
1452
1445
1441
1443
1436
1434
1437
1443
1446
1452
1455
1457
1453
1448
1449
1445
1440
1445
1450
1455
1446
1451
1450
1445
1448
1444
1448
1448
1446
1446
1448
1449
1450
1463
1464
1462
1462
1466
1463
1456
1458
1460
1457
1458
1460
1462
1464
1465
1468
1468
1466
1461
1459
1463
1469
1479
1480
1478
1479
1478
1480
1484
1485
1482
1471
1469
1475
1469
1466
1466
1468
1469
1468
1467
1468
1468
1469
1470
1474
1466
1463
1469
1474
1473
1470
1469
1468
1474
1470
1472
1471
1465
1460
1461
1465
1463
1468
1472
1476
1476
1470
1465
1465
1467
1468
1468
1470
1469
1467
1471
1477
1483
1484
1481
1476
1475
1479
1476
1474
1479
1485
1482
1485
1490
1487
1492
1494
1493
1493
1492
1490
1484
1481
1476
1476
1480
1477
1478
1482
1484
1485
1497
1497
1494
1493
1492
1497
1494
1488
1490
1491
1487
1492
1495
1495
1492
1494
1500
1496
1492
1494
1494
1492
1491
1490
1488
1487
1491
1486
1486
1493
1493
1489
1497
1497
1491
1493
1493
1492
1493
1495
1491
1492
1489
1493
1492
1492
1492
1488
1487
1489
1490
1491
1491
1496
1495
1498
1489
1493
1491
1495
1495
1492
1496
1505
1504
1499
1496
1494
1500
1497
1498
1492
1491
1496
1496
1494
1498
1496
1493
1498
1494
1495
1498
1496
1501
1498
1498
1498
1497
1497
1501
1499
1502
1505
1510
1508
1498
1497
1495
1502
1503
1501
1496
1497
1497
1500
1502
1502
1498
1499
1498
1500
1505
1506
1501
1498
1502
1503
1495
1496
1498
1492
1488
1493
1492
1488
1489
1486
1481
1482
1487
1488
1485
1485
1487
1489
1489
1486
1495
1493
1487
1482
1475
1474
1471
1479
1480
1478
1478
1474
1477
1472
1473
1475
1480
1481
1475
1475
1476
1469
1467
1464
1466
1464
1464
1460
1460
1455
1453
1458
1458
1460
1456
1454
1450
1447
1444
1448
1449
1445
1447
1448
1445
1448
1448
1442
1444
1442
1442
1452
1451
1452
1452
1455
1454
1455
1456
1459
1461
1463
1461
1457
1461
1465
1467
1466
1461
1461
1457
1456
1455
1458
1458
1455
1453
1452
1448
1447
1449
1450
1455
1456
1459
1453
1445
1454
1452
1453
1452
1452
1456
1456
1451
1446
1445
1449
1450
1451
1455
1459
1454
1460
1465
1464
1466
1466
1466
1463
1463
1456
1454
1453
1450
1451
1457
1461
1462
1464
1461
1457
1462
1463
1469
1466
1459
1456
1449
1454
1451
1451
1449
1457
1458
1450
1448
1452
1449
1445
1447
1448
1452
1457
1459
1462
1455
1455
1459
1461
1458
1456
1458
1458
1462
1460
1464
1458
1457
1459
1461
1467
1468
1473
1469
1470
1472
1482
1483
1483
1475
1473
1469
1474
1474
1470
1474
1474
1481
1485
1480
1472
1474
1475
1472
1474
1467
1471
1471
1466
1463
1459
1460
1461
1463
1460
1456
1454
1460
1464
1462
1465
1466
1469
1466
1471
1468
1465
1469
1470
1473
1466
1462
1463
1463
1469
1471
1468
1467
1467
1469
1472
1475
1479
1478
1480
1472
1473
1477
1473
1475
1477
1482
1481
1481
1484
1488
1486
1483
1484
1488
1491
1495
1496
1495
1500
1497
1498
1502
1503
1503
1499
1503
1508
1505
1509
1502
1493
1494
1496
1498
1497
1500
1490
1480
1491
1492
1490
1493
1487
1498
1496
1487
1493
1487
1488
1487
1479
1476
1476
1471
1470
1468
1466
1467
1467
1464
1468
1461
1459
1460
1462
1467
1467
1464
1465
1469
1466
1467
1463
1463
1464
1466
1470
1467
1468
1468
1469
1477
1479
1479
1478
1479
1478
1471
1475
1472
1472
1475
1477
1477
1478
1472
1467
1470
1467
1468
1461
1466
1461
1462
1462
1462
1459
1455
1459
1459
1457
1461
1463
1460
1458
1467
1470
1469
1467
1469
1471
1473
1468
1459
1462
1461
1470
1473
1474
1484
1478
1476
1481
1479
1480
1486
1484
1484
1475
1472
1477
1474
1473
1476
1482
1480
1476
1475
1474
1475
1472
1472
1477
1478
1477
1477
1480
1485
1486
1488
1491
1496
1499
1495
1493
1492
1486
1489
1489
1495
1492
1492
1497
1491
1491
1495
1491
1496
1495
1493
1496
1493
1492
1495
1492
1490
1493
1489
1490
1493
1490
1494
1488
1490
1495
1495
1496
1496
1496
1494
1498
1497
1495
1496
1494
1499
1500
1503
1502
1505
1496
1490
1491
1486
1489
1492
1495
1493
1497
1494
1498
1503
1503
1509
1502
1501
1500
1503
1499
1501
1498
1498
1500
1500
1504
1501
1508
1505
1508
1501
1501
1503
1506
1502
1497
1500
1500
1499
1497
1496
1499
1501
1501
1500
1504
1499
1499
1499
1494
1492
1491
1494
1488
1486
1485
1483
1484
1479
1478
1475
1475
1475
1473
1472
1476
1476
1480
1477
1473
1476
1476
1478
1477
1475
1480
1487
1483
1478
1475
1470
1472
1470
1468
1471
1468
1472
1473
1473
1472
1476
1472
1471
1471
1473
1469
1471
1472
1477
1474
1472
1474
1481
1483
1483
1483
1481
1482
1493
1492
1493
1493
1499
1503
1501
1499
1494
1504
1510
1505
1505
1504
1503
1498
1496
1497
1495
1493
1496
1496
1498
1492
1488
1483
1478
1487
1481
1479
1484
1483
1478
1473
1475
1480
1476
1479
1480
1482
1479
1484
1482
1484
1481
1485
1491
1496
1499
1496
1496
1492
1492
1492
1492
1492
1490
1489
1484
1479
1477
1481
1481
1479
1473
1468
1473
1477
1477
1486
1490
1483
1489
1487
1496
1500
1497
1496
1498
1494
1486
1487
1486
1486
1490
1492
1488
1486
1487
1494
1498
1500
1502
1505
1506
1509
1504
1498
1498
1496
1489
1495
1494
1487
1493
1489
1486
1487
1485
1485
1486
1487
1481
1486
1480
1487
1487
1491
1487
1486
1480
1477
1473
1477
1474
1478
1479
1479
1482
1485
1487
1485
1484
1493
1490
1485
1487
1483
1489
1493
1495
1498
1497
1494
1501
1496
1495
1487
1484
1481
1482
1484
1492
1496
1503
1500
1499
1496
1502
1500
1488
1489
1487
1486
1479
1477
1482
1483
1480
1482
1482
1476
1477
1473
1479
1481
1482
1488
1485
1489
1490
1487
1490
1495
1496
1496
1496
1494
1493
1497
1496
1500
1497
1500
1495
1495
1496
1493
1492
1490
1490
1490
1487
1484
1483
1483
1486
1483
1486
1474
1478
1478
1482
1480
1483
1479
1480
1481
1480
1478
1489
1488
1481
1478
1479
1482
1479
1486
1484
1483
1486
1487
1490
1495
1490
1496
1491
1487
1488
1487
1488
1487
1492
