0.00035137931034482766 0.0007610344827586207
300
293
287
278
276
276
271
267
263
257
256
256
256
252
252
249
249
245
244
245
246
246
244
244
243
243
240
240
242
242
241
242
240
237
237
236
235
237
237
233
236
237
235
236
236
235
235
235
235
235
235
233
233
233
235
237
237
238
239
238
237
237
240
241
241
239
240
237
237
236
234
236
234
235
232
231
230
230
231
230
229
229
230
231
230
230
230
232
232
229
229
228
225
225
226
225
223
225
225
223
222
221
221
222
222
225
227
229
229
229
226
227
230
231
229
228
228
228
227
226
227
225
224
222
223
223
223
224
224
224
223
224
222
223
223
224
224
225
224
224
222
221
223
224
224
223
221
221
221
221
222
225
224
224
223
222
222
221
219
218
220
221
219
220
221
221
221
223
223
224
224
223
223
222
222
222
219
221
220
221
221
224
223
223
222
220
219
218
219
219
219
220
219
219
218
220
220
222
225
224
224
224
224
223
222
225
227
226
225
224
224
224
223
223
221
222
223
225
223
225
225
225
225
223
221
221
221
221
220
218
216
216
216
218
220
218
218
219
218
219
217
218
216
216
218
218
218
218
219
221
222
221
222
221
222
222
223
222
221
219
216
216
217
217
216
215
215
214
215
214
214
214
214
213
213
215
215
217
216
216
216
215
216
215
215
214
214
214
215
213
212
212
212
209
211
211
211
211
212
212
213
215
214
215
214
216
216
217
217
217
217
217
217
216
221
221
221
222
223
224
226
223
223
223
224
223
222
221
220
220
220
220
217
216
213
212
213
213
212
212
212
212
213
215
215
216
215
214
213
213
214
215
216
215
214
216
216
217
218
218
218
220
218
218
216
215
214
214
213
212
212
211
211
213
214
216
216
216
215
216
216
217
213
212
212
213
214
213
214
217
217
216
216
217
217
213
212
214
213
213
213
212
212
212
212
213
212
212
211
210
210
210
210
210
211
209
210
210
209
209
208
207
208
208
208
207
207
207
207
208
212
212
214
214
213
213
213
213
213
213
212
212
214
214
216
215
214
214
213
213
216
217
221
222
219
218
218
214
214
211
211
212
212
211
210
210
211
209
209
210
209
213
213
211
210
212
212
210
206
206
207
211
211
209
209
210
210
211
209
208
208
207
207
208
207
207
206
206
206
205
206
207
207
206
206
204
204
205
204
204
204
204
204
204
203
203
202
202
203
203
204
205
204
203
202
201
201
205
204
205
204
203
204
206
206
207
207
207
207
208
210
210
210
209
207
207
207
207
204
204
205
205
206
207
207
207
206
205
205
206
204
204
202
202
201
201
203
203
204
205
204
202
202
202
202
202
202
203
203
202
202
201
201
200
201
201
201
201
201
201
201
200
199
201
201
201
201
201
200
202
202
203
202
203
202
202
199
199
200
200
200
201
203
202
204
203
203
205
206
206
206
208
206
205
207
206
205
204
205
205
206
205
206
205
207
205
205
206
209
211
211
210
211
210
210
209
207
206
207
206
208
206
206
205
205
206
206
204
202
202
203
203
203
205
203
204
203
202
202
203
204
206
205
202
202
202
203
202
202
203
204
206
205
203
204
205
204
203
203
203
203
204
203
203
205
204
204
202
201
201
204
204
205
207
208
208
208
211
212
210
209
209
209
210
210
209
207
202
200
200
200
201
201
200
201
202
201
201
200
199
200
199
199
200
201
202
201
199
199
198
196
196
194
195
196
199
199
196
196
195
195
194
193
192
192
193
191
191
191
190
190
191
191
192
193
192
192
192
191
192
194
193
194
195
196
196
194
193
192
193
193
191
191
190
191
191
192
194
194
194
197
196
196
197
197
196
196
196
196
196
194
194
194
196
195
194
194
194
194
196
196
193
191
191
191
190
190
190
190
189
190
191
193
195
193
193
193
192
192
191
188
188
188
188
188
188
190
191
192
193
194
198
199
199
202
198
199
198
197
196
196
197
195
193
195
195
193
193
193
190
189
189
189
189
190
191
191
194
194
192
193
191
190
190
190
189
190
192
192
192
189
191
190
190
190
189
189
188
190
190
192
191
193
194
193
192
190
192
190
191
191
193
194
193
193
195
195
194
194
193
193
194
195
196
194
193
192
190
191
190
190
189
188
187
188
187
186
186
186
187
190
190
190
188
190
190
190
189
188
186
186
187
188
188
187
187
189
189
187
187
188
189
189
189
190
189
189
188
191
190
189
187
186
187
186
186
186
186
186
189
189
190
191
191
190
189
189
189
188
189
189
189
189
189
192
192
191
191
190
191
190
193
194
194
194
193
195
194
194
192
192
190
190
190
190
192
194
193
192
190
190
192
194
192
192
191
190
190
189
189
189
188
188
188
187
187
187
188
187
188
187
188
188
187
187
186
188
184
184
184
184
187
187
187
189
189
188
188
188
190
190
189
189
190
191
192
190
190
190
190
189
188
187
186
186
186
186
187
185
184
186
186
186
185
184
185
186
184
185
188
188
188
188
188
187
187
187
187
188
190
187
190
191
191
190
190
189
187
185
185
185
185
186
185
185
185
185
187
186
186
187
188
189
185
183
182
183
184
183
184
183
183
183
184
183
185
184
186
187
187
187
186
186
186
186
186
187
187
187
187
186
186
188
188
187
186
185
184
183
185
186
185
185
185
185
185
185
187
186
184
184
185
186
185
184
185
184
185
184
182
181
182
182
181
182
182
182
181
180
180
179
179
179
178
179
178
178
179
179
179
180
180
181
181
181
182
183
182
183
182
181
181
181
181
180
181
181
180
180
181
180
181
181
182
181
180
180
177
179
180
180
179
180
180
180
179
177
177
176
176
176
175
176
175
174
174
174
175
175
175
175
175
175
176
175
173
172
173
175
175
174
175
176
177
177
177
178
176
176
176
175
174
174
174
174
174
174
174
175
175
175
176
177
177
178
179
175
175
175
175
175
173
173
174
176
177
177
175
178
178
178
176
176
176
176
179
176
174
174
174
176
175
174
173
175
173
173
173
174
173
173
175
175
176
175
175
177
178
179
179
179
179
177
176
177
178
176
176
175
174
175
177
177
177
177
176
175
176
177
175
174
175
175
176
176
177
177
177
178
178
179
180
179
179
179
179
179
178
177
178
178
177
177
175
176
175
176
176
175
177
176
176
177
176
177
175
174
175
176
176
177
178
179
179
180
179
179
180
178
178
178
178
177
180
179
177
177
178
180
178
177
177
177
178
178
178
178
178
176
177
178
177
178
178
179
178
177
177
178
177
177
178
176
177
178
176
175
175
173
173
175
175
175
176
174
174
174
174
174
178
177
177
176
178
178
178
177
177
176
177
177
176
176
175
175
175
175
175
175
174
173
174
175
175
177
176
175
176
177
178
179
176
178
177
177
176
178
179
177
180
179
179
179
177
177
178
177
175
176
176
177
178
178
177
175
173
174
174
173
175
176
176
178
177
177
177
178
177
177
176
177
176
176
174
173
174
176
174
174
174
173
174
174
175
174
174
176
176
176
175
174
174
174
173
175
174
172
171
172
171
172
172
170
171
171
171
170
172
172
173
172
171
170
170
170
170
170
172
173
173
173
173
171
172
171
169
169
168
168
167
167
169
169
170
170
170
171
171
171
171
171
171
171
171
170
170
170
170
170
169
170
170
171
171
172
173
173
172
174
174
173
174
173
173
173
171
170
170
171
172
173
175
176
177
178
178
178
177
175
175
170
171
172
173
173
172
173
174
175
175
177
177
179
180
178
177
176
178
179
177
175
175
174
176
176
175
175
178
177
175
177
177
177
178
178
177
175
174
174
173
172
172
171
170
169
168
170
170
171
168
168
168
169
168
169
168
168
169
172
172
172
172
172
172
173
172
172
170
172
172
173
173
175
174
175
175
177
180
181
179
178
174
173
173
176
178
178
178
176
175
175
175
174
174
173
169
169
168
169
168
167
167
167
168
168
169
167
167
166
166
168
168
170
170
171
170
171
171
173
176
174
174
173
172
172
171
172
170
170
170
169
169
169
169
170
170
170
169
169
168
169
169
168
167
167
168
168
169
170
171
172
172
171
167
166
165
168
169
170
170
173
172
172
171
171
171
172
172
172
172
172
171
169
170
170
173
173
171
171
169
168
166
166
167
166
166
167
168
170
171
170
170
168
168
170
169
168
168
169
168
166
164
164
163
163
162
163
164
165
164
164
163
164
162
162
164
164
163
164
163
164
163
164
164
164
163
164
164
165
164
165
166
166
166
167
166
167
168
167
167
166
166
166
166
169
169
167
168
167
168
169
168
170
169
169
170
171
171
170
168
170
167
168
169
168
167
166
166
167
166
167
166
167
163
162
162
162
161
161
161
162
162
164
163
163
162
165
166
166
168
168
168
169
168
168
170
167
168
167
167
169
168
167
166
166
164
164
164
164
164
164
162
163
163
163
162
163
165
165
164
164
166
166
165
165
167
168
167
166
167
167
168
166
165
165
164
165
164
165
165
164
163
162
162
162
162
164
164
163
165
166
169
167
168
168
166
166
165
164
163
163
163
163
163
162
163
164
164
163
163
165
165
164
162
162
162
162
162
163
161
163
163
164
163
164
165
164
164
164
165
165
164
165
166
168
169
170
171
172
171
171
170
170
168
166
166
166
166
166
166
162
163
166
167
166
168
169
171
170
168
169
169
169
168
168
167
167
167
167
167
165
166
166
167
167
167
166
165
164
163
164
164
166
166
166
166
163
163
164
164
165
165
164
164
163
163
164
163
165
162
162
160
160
161
163
164
165
166
166
168
169
170
169
167
166
163
162
162
162
162
162
163
163
165
162
162
163
164
165
165
165
166
168
167
166
167
168
172
171
170
169
171
171
169
170
172
173
171
170
171
172
171
171
171
171
170
169
168
168
169
169
169
166
165
164
166
164
166
166
166
167
168
169
167
166
166
168
169
169
168
167
167
168
169
168
167
167
167
168
169
169
169
169
170
170
168
169
171
169
171
172
172
174
177
176
173
174
174
174
176
173
173
173
171
169
168
169
167
166
168
170
169
171
174
175
171
170
169
169
171
170
169
169
169
167
167
167
167
166
165
164
164
164
165
166
168
168
168
168
168
170
169
172
171
171
170
170
171
171
169
168
168
168
168
168
168
167
169
169
169
167
167
167
167
167
169
169
170
170
170
169
165
166
166
165
165
165
164
163
163
162
162
160
162
161
161
161
161
162
162
161
162
162
163
163
164
163
164
165
163
163
162
162
164
165
164
165
164
163
161
162
162
162
163
163
163
163
163
163
164
165
165
165
166
166
166
167
165
167
166
166
165
163
162
163
163
164
164
162
161
161
160
159
159
159
161
162
162
161
161
160
160
159
159
159
159
160
159
160
162
161
165
165
164
163
163
163
164
164
165
165
165
163
165
166
164
165
164
164
165
163
162
161
162
163
162
161
162
162
163
163
164
165
164
164
166
167
166
166
168
166
165
164
164
164
165
165
164
162
162
162
162
164
163
163
164
165
164
164
164
163
164
163
161
159
159
159
160
158
158
160
160
160
160
160
159
159
159
160
160
159
159
159
158
157
156
157
157
158
159
160
160
159
159
159
160
160
160
159
159
160
161
161
161
161
162
161
162
163
164
163
164
162
160
160
160
157
158
159
156
157
157
158
158
159
161
162
162
161
159
160
159
158
157
156
158
160
159
159
160
161
161
162
161
162
161
161
159
160
158
158
157
158
159
158
159
159
159
160
160
160
160
161
161
161
161
162
162
162
161
160
159
158
158
157
158
159
159
158
159
159
158
159
159
160
160
160
160
158
158
158
160
160
161
159
160
161
160
159
157
157
157
157
157
159
160
160
160
161
159
159
162
162
167
167
166
164
165
163
165
165
165
165
163
165
164
165
164
162
162
162
161
160
160
159
159
159
159
160
160
160
159
159
160
163
162
162
162
162
160
160
160
160
160
160
161
163
161
160
160
159
158
158
159
159
157
156
157
156
158
157
158
159
159
161
162
162
161
162
160
160
159
158
158
158
159
158
157
158
159
159
158
158
157
156
156
156
156
156
156
156
158
158
158
158
157
157
156
156
156
157
157
157
156
157
157
158
159
161
161
163
162
163
165
164
165
163
164
164
165
168
168
167
167
167
166
167
169
170
167
166
167
166
166
166
165
165
167
168
167
167
166
165
164
166
167
165
166
166
163
163
164
164
165
165
165
165
165
164
164
165
165
164
162
162
163
162
162
161
161
159
159
160
161
161
158
158
157
155
155
156
155
157
158
157
156
157
156
155
154
155
155
157
158
159
159
159
160
159
160
158
158
157
158
158
158
159
159
159
157
158
160
159
156
155
155
159
161
160
158
158
158
159
159
159
159
158
158
158
159
159
159
158
156
155
155
155
155
155
156
156
157
157
157
157
158
159
159
157
157
156
155
153
153
153
153
153
153
153
153
153
153
155
155
155
155
156
156
156
157
159
160
158
158
157
156
155
156
156
155
155
154
154
153
155
156
156
156
156
156
159
156
156
156
157
155
157
158
158
159
157
156
157
155
156
157
157
156
155
155
155
157
156
155
155
155
156
156
157
157
155
155
155
157
157
155
155
155
155
154
154
153
153
153
154
153
155
155
155
157
159
159
159
158
159
160
159
159
159
159
159
159
159
158
158
158
158
155
157
157
156
156
156
156
156
155
155
156
156
156
154
152
152
153
152
153
153
151
152
152
152
151
151
153
154
154
152
152
152
154
153
153
153
153
153
153
153
153
153
153
154
154
155
154
156
157
157
156
155
156
154
153
153
152
152
154
153
153
154
153
152
153
153
154
155
156
156
157
156
156
155
156
156
156
154
154
155
154
155
156
156
155
154
152
151
151
152
153
154
154
157
156
156
156
154
154
153
155
155
157
155
155
155
155
155
155
155
155
156
155
154
154
154
154
155
156
156
157
157
156
155
157
158
155
153
154
154
154
154
154
154
154
152
152
153
153
153
153
156
156
157
155
155
154
154
153
151
151
152
154
153
155
156
157
160
161
161
161
162
160
160
159
160
159
158
157
159
158
158
157
159
161
161
162
162
162
161
159
160
159
157
158
158
157
158
156
155
155
154
155
155
155
155
153
152
152
152
153
152
154
153
152
153
153
154
155
155
154
154
154
155
154
153
152
151
151
150
150
150
150
151
151
152
152
154
154
153
155
157
157
155
155
155
154
155
154
155
155
155
155
154
154
155
154
154
153
153
154
153
154
154
153
153
152
152
152
153
153
153
153
153
153
155
155
153
153
153
153
152
153
153
153
154
155
154
154
154
153
151
152
153
154
154
152
151
151
151
152
152
152
152
152
154
154
155
155
154
157
157
156
155
156
155
157
158
157
159
159
158
158
158
157
158
156
156
157
157
158
158
156
155
154
154
154
154
153
152
152
152
151
151
153
153
153
155
156
155
158
158
159
157
157
155
155
154
154
154
155
155
155
155
154
155
154
154
154
151
152
152
152
152
152
153
150
151
150
151
151
151
152
152
151
149
149
150
150
151
151
150
151
152
152
150
150
150
150
151
150
150
152
153
153
155
156
157
158
158
158
155
153
153
152
154
155
154
154
154
157
158
157
157
156
156
154
153
154
155
154
157
158
158
157
154
152
151
151
152
153
153
152
153
153
153
154
154
152
152
152
152
152
152
153
152
152
153
153
152
150
151
149
149
149
149
149
150
151
150
149
148
148
147
148
148
146
146
147
147
147
148
148
148
146
146
147
147
146
146
146
147
147
147
147
147
148
147
146
147
147
145
145
147
146
145
145
146
146
145
145
145
145
146
147
148
146
146
147
146
145
146
146
146
147
150
151
152
151
150
150
149
149
148
148
149
150
150
150
153
151
152
153
153
152
153
152
151
153
152
152
150
151
151
150
151
152
151
150
149
150
150
150
150
150
149
150
152
152
154
154
153
152
152
150
150
148
148
148
148
147
148
148
148
150
150
150
149
150
152
149
149
149
151
153
152
154
154
152
153
153
152
153
152
151
148
148
149
149
148
148
149
151
150
149
148
147
147
146
146
146
146
146
146
147
149
150
149
148
147
146
146
146
147
149
148
146
147
147
147
148
149
150
151
150
150
148
147
146
144
144
144
145
145
144
144
143
143
143
143
143
143
143
143
142
144
144
145
144
143
143
143
143
143
143
144
144
144
145
147
147
148
146
145
144
144
144
144
145
145
145
145
148
148
146
146
148
148
146
146
147
148
148
149
149
148
148
146
146
145
146
147
148
148
148
150
151
151
149
152
151
152
147
148
148
149
148
148
149
148
146
146
149
147
145
147
148
147
147
147
144
143
143
143
142
145
144
145
147
147
149
149
149
149
149
148
146
146
149
149
147
149
149
149
151
150
149
147
147
145
146
146
146
146
146
146
146
145
145
144
145
145
145
147
147
146
145
145
145
145
145
144
144
144
143
143
143
143
143
142
142
142
142
141
143
143
142
142
142
141
141
141
141
141
141
140
141
142
142
143
144
143
143
142
142
141
143
143
142
144
145
144
144
144
145
146
149
149
149
150
149
148
145
143
144
143
143
143
145
143
144
145
144
145
145
145
144
143
144
144
145
142
142
143
143
144
142
142
142
142
145
146
146
147
147
147
146
148
148
147
150
149
150
150
150
147
146
147
145
146
145
145
145
144
141
141
140
142
143
144
144
142
142
142
143
141
141
140
140
139
140
139
139
139
138
138
138
137
138
140
141
142
142
142
143
145
146
148
145
145
146
145
144
141
140
141
141
140
141
141
143
142
142
142
141
143
144
144
144
141
140
141
140
140
140
141
141
141
142
142
142
141
143
143
143
143
142
142
143
146
143
143
142
141
143
141
142
141
140
140
140
140
141
141
141
143
143
142
141
142
141
140
140
139
138
138
138
139
139
138
138
138
139
139
139
138
139
139
139
140
140
141
141
142
143
144
145
145
147
147
147
146
147
142
142
142
142
139
139
140
140
139
140
140
140
141
141
142
142
144
145
142
142
142
142
143
143
143
143
142
141
141
141
141
137
137
138
138
139
139
141
141
141
140
140
139
140
139
140
140
139
139
140
139
140
140
140
139
139
138
138
139
138
137
138
139
139
139
139
139
140
140
139
139
139
139
137
136
137
136
137
139
138
137
138
137
138
137
139
136
136
136
136
136
137
137
136
135
132
133
133
133
133
133
133
132
131
132
133
134
133
135
135
133
135
135
136
135
136
135
136
135
134
134
134
134
134
134
134
134
133
133
132
132
132
132
132
131
132
132
132
132
133
132
132
133
132
132
133
132
134
133
132
132
132
132
132
132
133
133
133
133
132
132
133
132
131
131
134
132
133
130
129
130
132
131
131
133
134
134
135
136
136
134
133
133
132
133
131
130
130
130
129
129
128
130
129
130
130
131
131
131
131
131
131
132
132
133
133
134
133
133
132
131
131
130
130
131
131
132
134
132
133
133
133
134
133
133
133
133
133
134
134
133
134
133
134
132
134
135
134
133
131
131
131
131
131
132
132
131
131
131
130
130
130
130
131
131
130
131
132
133
133
133
133
133
133
132
132
130
131
130
131
131
131
129
128
130
131
129
129
128
130
130
129
130
129
129
129
129
128
128
128
127
127
127
128
127
127
127
127
128
129
128
129
129
132
131
131
132
132
132
132
132
131
132
132
132
132
135
135
134
134
136
136
135
133
135
136
133
133
133
133
131
130
130
130
130
129
129
130
129
129
130
130
129
130
128
128
128
129
130
129
129
130
131
131
131
131
130
132
134
134
133
135
133
134
134
134
135
134
132
129
130
129
129
129
127
127
127
128
128
128
128
129
129
129
129
128
128
128
128
128
128
127
127
127
129
127
127
128
129
129
128
128
129
129
130
130
130
129
129
129
130
132
132
133
131
131
130
130
130
129
130
133
132
132
131
132
132
131
131
130
130
131
132
131
131
130
131
132
133
132
130
129
128
128
128
128
128
129
129
127
127
127
127
127
127
127
126
126
128
128
129
130
130
130
131
130
130
129
130
131
131
130
129
130
130
130
131
132
131
131
131
130
130
131
131
131
132
132
130
131
133
133
132
132
132
132
131
130
130
132
132
132
130
130
131
130
129
130
130
131
129
129
128
129
131
131
130
130
129
129
130
130
130
130
130
130
130
129
131
134
134
133
132
129
130
128
129
126
127
127
128
128
126
126
126
126
125
124
125
126
128
128
127
128
128
128
126
125
125
125
125
126
125
126
126
125
125
124
126
127
127
128
127
127
126
126
125
125
125
126
126
125
125
126
126
127
125
124
124
123
123
125
125
126
125
125
125
124
123
123
124
124
124
124
124
125
125
125
125
127
127
127
125
125
125
124
125
126
128
125
125
126
126
125
125
125
125
125
126
127
129
128
128
129
130
130
129
130
132
133
133
131
129
126
127
127
126
125
128
129
128
127
127
126
125
124
123
123
122
122
122
122
122
121
121
121
121
121
121
122
122
123
125
125
125
124
123
123
123
123
123
122
121
122
121
121
121
121
121
121
121
121
121
121
121
121
121
120
121
121
122
121
121
121
121
121
122
122
122
121
122
122
122
123
124
124
124
124
123
123
121
121
121
122
121
121
121
122
121
121
121
122
121
121
121
121
121
121
122
122
123
124
125
126
123
123
122
123
123
123
123
125
126
126
125
122
122
122
123
122
123
123
123
124
124
123
123
125
125
125
127
125
124
124
123
123
125
125
125
123
123
123
124
126
127
127
127
129
128
127
126
125
125
125
125
125
126
128
127
126
126
127
127
125
125
125
123
123
123
123
122
122
122
122
121
122
123
123
123
123
123
122
122
123
123
122
121
121
121
120
121
122
122
122
121
121
122
123
123
123
123
124
125
126
125
125
126
127
127
127
127
127
127
125
124
124
123
123
123
122
122
123
123
124
122
123
122
122
122
122
122
122
121
121
122
122
122
123
121
121
121
121
122
123
123
122
122
121
123
123
123
123
122
124
124
124
124
124
126
125
124
123
121
123
123
123
121
121
121
121
121
121
123
121
122
121
121
121
121
121
122
122
121
121
120
122
123
123
123
123
122
122
122
121
121
121
120
119
119
120
121
121
121
120
120
120
119
119
121
121
120
119
120
120
119
120
120
120
121
120
121
122
121
121
121
121
122
121
122
122
122
122
122
122
122
123
121
120
120
120
120
120
120
120
121
123
123
123
123
123
122
121
121
121
121
120
121
121
120
117
119
118
119
119
120
120
120
120
120
119
119
120
121
122
122
122
121
120
119
120
120
120
120
121
121
121
121
121
120
118
118
118
119
118
118
118
118
118
117
118
118
119
119
119
119
120
120
121
119
120
120
120
120
120
120
121
121
120
120
118
118
118
120
121
120
122
121
120
122
120
