0.0006586206896551723 0.0007610344827586207
300
298
290
281
273
270
271
266
263
260
255
256
253
252
253
250
248
246
245
246
243
242
239
235
233
232
231
233
231
231
232
230
230
230
228
228
226
224
222
225
225
225
225
223
221
220
221
219
217
217
216
215
214
215
213
213
215
214
215
215
214
211
210
210
210
210
211
212
212
210
209
210
208
206
207
206
207
207
205
207
207
207
205
206
206
206
205
203
205
207
210
209
208
205
204
202
199
199
200
200
201
201
200
200
200
201
203
201
203
203
203
203
204
204
201
201
202
202
202
200
200
203
204
204
204
204
204
204
207
205
206
208
210
209
204
205
206
206
205
204
201
204
205
205
204
204
202
204
207
202
201
198
199
198
198
198
200
201
201
199
197
196
195
195
196
195
195
195
194
194
195
195
196
195
195
194
194
195
195
195
196
197
199
197
196
194
194
194
193
193
194
194
194
196
196
198
199
197
198
197
197
197
195
194
192
191
192
190
190
189
190
190
190
192
194
195
194
195
196
197
196
195
194
195
197
197
196
196
196
196
195
194
194
192
190
190
192
193
193
194
195
196
197
196
195
197
196
195
197
197
198
200
199
198
197
198
198
197
194
195
194
194
195
195
194
195
193
194
193
195
195
191
187
187
186
185
185
186
187
189
190
189
187
187
187
187
186
186
186
186
187
188
189
189
187
188
189
188
188
189
189
188
189
185
184
184
185
184
182
182
183
184
183
184
186
185
185
185
186
188
187
188
188
188
187
186
187
187
188
189
190
191
188
188
187
187
187
185
183
183
182
184
185
184
184
181
181
182
181
181
181
181
181
180
180
179
181
181
182
181
181
181
181
179
177
177
175
177
178
178
181
180
179
179
179
180
180
180
181
179
179
179
180
182
182
181
179
181
181
179
178
177
178
178
178
180
182
181
181
181
178
177
176
176
175
176
176
177
177
177
176
176
176
175
175
174
174
175
176
174
172
172
174
174
174
175
176
176
177
178
176
177
175
176
175
175
173
173
172
173
172
173
173
174
174
174
174
175
175
175
174
174
176
177
177
178
178
180
180
180
184
181
181
181
181
181
183
183
181
181
180
182
181
180
181
182
183
182
182
182
182
182
182
180
181
182
182
182
185
182
182
183
182
183
183
185
185
183
184
184
185
184
184
185
184
185
183
184
184
184
186
186
186
184
185
184
184
182
182
181
183
183
182
181
180
182
181
180
182
183
184
183
184
184
185
186
186
185
184
182
180
178
178
176
176
177
177
178
178
176
176
173
173
173
173
172
171
169
168
170
170
172
172
171
170
171
172
171
169
167
169
167
167
168
171
171
170
172
172
174
173
174
173
173
172
170
170
169
170
168
170
172
170
170
167
168
169
168
167
167
167
168
166
166
166
164
164
164
164
164
164
163
163
164
164
163
165
166
166
166
166
166
165
166
165
165
165
166
166
168
168
167
167
167
167
167
167
170
169
171
169
172
172
171
171
172
172
174
172
169
169
169
168
168
169
169
169
169
169
170
171
171
170
171
170
171
171
172
172
172
173
173
174
174
173
173
173
172
168
168
168
169
170
169
168
169
167
167
167
166
164
165
166
166
166
165
164
163
164
163
165
165
165
165
165
165
166
165
164
163
163
165
165
165
165
168
169
168
168
167
168
168
167
168
168
167
166
169
167
167
167
168
170
170
169
169
169
170
169
169
170
170
169
169
169
170
168
167
165
165
167
168
168
168
168
167
168
168
167
167
169
168
167
166
166
166
165
165
165
166
166
165
168
167
166
166
165
164
164
167
167
167
167
168
168
168
169
169
166
168
166
166
167
165
165
164
162
160
163
164
166
167
168
168
167
168
167
165
165
165
165
165
163
162
162
164
164
165
163
165
164
166
165
164
164
164
164
163
163
163
163
163
163
163
164
164
163
163
163
165
165
165
165
164
165
166
168
168
166
165
167
168
168
166
165
166
166
167
166
167
166
165
164
164
164
166
165
166
166
166
166
167
167
168
167
167
167
167
167
166
166
166
165
164
164
164
163
166
167
168
169
174
174
174
173
172
172
170
169
168
169
172
172
173
173
172
170
170
167
166
169
170
172
172
172
173
173
169
170
171
171
168
167
167
168
167
167
165
165
165
164
163
162
163
165
166
166
166
167
167
169
169
169
168
167
166
167
167
164
163
163
162
162
162
164
165
166
166
166
166
166
165
165
166
166
165
165
165
165
165
164
164
164
165
165
166
166
165
165
165
164
164
162
162
161
162
160
160
160
161
162
163
164
165
166
167
164
165
165
166
166
166
166
168
168
167
168
166
164
162
162
163
163
164
160
160
161
161
163
163
163
163
163
164
165
166
167
166
165
167
167
167
168
167
165
165
165
164
164
164
163
163
165
165
164
166
163
161
160
159
160
161
162
161
163
162
162
162
161
162
162
161
162
162
161
160
161
158
159
158
157
157
158
157
156
155
155
155
158
158
157
157
157
157
159
160
159
159
159
161
162
163
163
162
160
160
160
160
159
158
159
159
159
159
158
158
158
156
155
158
160
160
161
161
160
159
156
156
154
154
156
156
157
157
156
155
154
154
154
154
154
154
155
154
154
154
154
156
157
157
157
158
158
157
156
156
160
159
160
160
159
158
160
160
159
160
160
160
160
160
160
162
164
160
161
162
162
162
162
161
161
161
161
160
158
158
156
155
156
155
155
152
153
154
155
155
151
152
153
154
154
153
154
153
155
154
154
153
154
153
153
153
154
155
154
154
154
154
154
154
155
155
156
158
159
162
162
161
160
159
157
157
158
161
160
161
162
163
162
162
163
162
163
163
164
162
160
162
159
158
156
154
153
152
151
151
148
148
149
149
150
150
150
151
151
151
151
151
150
150
150
151
151
150
150
149
147
149
149
150
153
153
154
154
155
154
156
155
156
154
153
153
153
153
154
153
153
154
152
152
153
148
148
150
150
150
150
151
152
152
152
151
152
153
152
149
149
151
152
152
152
152
151
151
152
152
152
152
151
150
149
148
149
147
148
147
147
149
148
150
148
147
147
144
143
143
145
145
145
145
145
143
144
143
143
144
145
142
142
142
142
143
143
143
143
146
145
145
145
145
147
147
149
149
150
147
147
147
148
146
146
148
148
150
147
146
147
148
149
148
148
149
148
147
147
148
148
148
151
152
151
150
147
150
149
148
148
146
145
145
147
148
147
147
146
145
146
146
146
144
144
142
143
145
144
145
146
146
149
151
153
150
152
151
147
147
146
146
146
146
146
143
143
143
142
140
141
142
142
143
143
141
141
140
140
141
141
142
141
141
142
143
143
142
142
140
140
140
140
140
140
141
143
143
143
144
144
144
144
144
144
144
144
145
144
141
141
140
141
141
142
145
145
147
146
147
147
146
146
149
149
149
147
147
147
145
145
148
147
146
148
147
146
147
148
149
147
148
146
147
149
148
149
147
147
147
147
147
147
146
144
144
144
145
145
149
148
148
148
147
146
147
148
150
151
151
149
149
147
145
146
147
147
146
145
144
145
146
147
145
145
144
144
140
140
140
141
141
141
141
141
141
142
141
141
139
139
141
140
139
139
139
139
139
140
139
138
138
138
139
140
139
139
139
139
139
139
139
140
141
140
141
140
140
141
141
141
141
140
139
139
140
140
139
139
138
136
136
136
136
136
136
136
135
135
133
133
133
133
133
133
133
133
134
136
138
139
140
138
139
139
140
139
140
139
139
138
138
136
138
138
136
133
133
132
132
132
133
135
135
134
133
134
132
132
133
135
137
138
139
139
140
139
135
133
133
134
134
134
134
134
134
134
134
132
132
132
133
134
135
136
136
137
137
137
138
139
140
140
140
139
140
139
139
139
139
140
139
140
139
138
138
138
137
137
135
135
136
135
135
135
134
135
135
134
135
135
134
134
135
134
134
135
135
134
131
133
133
133
133
133
134
135
136
137
137
136
136
136
136
136
137
137
138
138
138
139
139
139
138
138
140
139
139
138
137
136
137
137
137
136
136
135
136
135
136
135
135
135
135
135
135
135
137
136
137
136
136
136
135
135
136
136
138
136
136
136
137
137
136
136
137
136
135
134
135
135
135
134
135
135
135
134
134
133
133
134
136
136
138
138
138
138
137
137
138
140
139
137
137
136
136
135
132
132
131
131
131
131
129
129
131
132
132
133
134
133
132
132
132
131
129
129
130
130
130
129
129
131
132
133
133
133
133
133
133
132
131
131
132
133
134
135
138
139
138
138
138
138
138
138
137
139
138
137
137
137
137
136
136
135
137
138
137
136
137
138
138
140
139
136
134
134
134
136
136
136
135
135
137
136
135
135
135
134
135
134
134
133
131
131
129
129
129
132
131
131
132
132
132
133
131
130
130
130
132
131
131
130
130
130
132
134
136
135
135
133
133
134
135
136
136
135
134
134
133
132
133
132
131
131
132
131
130
130
130
131
132
133
132
131
130
132
132
132
133
133
133
133
130
129
129
129
129
129
129
131
130
131
131
128
128
128
128
128
129
129
130
129
130
130
130
129
130
132
133
134
136
136
134
134
134
134
134
133
133
133
134
131
130
130
130
131
132
133
134
132
133
133
132
132
132
132
131
133
135
134
133
131
132
132
132
134
133
133
133
132
132
131
131
131
130
129
130
130
131
132
132
132
132
132
132
132
133
132
131
132
131
131
131
133
133
133
133
133
134
134
133
133
133
132
132
132
132
132
133
133
135
136
136
137
136
135
135
137
138
138
137
136
135
134
134
135
136
137
137
138
138
137
136
136
137
137
138
137
137
135
135
136
135
134
135
135
135
134
134
137
137
136
135
135
136
138
138
138
138
138
136
134
133
133
133
132
132
132
133
133
133
134
133
132
133
133
133
133
133
134
133
133
132
132
132
132
135
135
136
136
136
136
137
138
136
136
134
133
134
133
134
132
133
133
133
132
132
133
133
132
134
133
131
131
131
133
133
134
134
134
132
132
131
133
134
135
135
136
136
135
135
133
133
134
133
135
135
134
132
132
133
134
135
135
133
132
131
130
129
128
130
131
131
130
129
129
129
129
130
130
130
131
131
132
134
134
134
133
131
131
132
132
132
132
131
131
132
134
134
131
131
131
131
132
131
131
131
130
129
130
128
127
128
128
129
129
130
131
130
133
134
134
135
135
133
131
130
129
130
129
129
127
129
127
128
129
129
128
128
128
126
127
127
127
127
127
128
130
130
130
130
130
130
130
130
131
130
130
130
130
130
130
130
131
130
130
130
131
132
131
131
132
132
131
134
133
134
134
134
134
134
133
132
132
132
131
131
131
133
133
133
133
132
129
129
129
128
129
128
127
129
129
130
129
131
131
129
130
129
128
129
131
130
128
130
130
130
129
129
131
131
130
128
127
127
128
129
130
131
130
128
129
129
128
128
127
127
127
126
126
125
125
125
125
125
125
124
124
124
123
123
123
125
126
128
129
130
129
129
129
129
128
129
127
126
128
128
127
129
129
130
128
130
130
130
129
129
127
127
127
127
129
127
126
127
127
128
128
126
126
127
127
127
126
125
125
125
125
124
124
123
124
126
127
124
125
127
126
126
126
126
126
126
126
127
127
126
126
126
126
127
125
125
123
124
124
124
125
124
124
124
123
123
124
124
125
125
124
124
124
123
123
124
125
124
123
122
123
123
124
124
123
121
123
123
123
122
122
120
121
122
122
123
123
122
123
122
122
122
121
121
121
121
121
120
118
119
120
122
122
121
120
120
120
122
120
120
120
118
119
119
119
119
118
117
118
119
120
120
119
118
119
118
119
119
119
119
119
119
121
121
121
123
122
123
124
124
123
123
123
123
123
121
121
122
122
123
122
121
120
120
120
121
121
120
120
120
119
119
119
118
118
118
119
119
120
119
118
118
118
119
121
121
120
120
119
118
120
120
121
121
120
119
120
119
119
119
119
119
119
118
119
118
118
118
119
118
118
119
119
117
117
117
118
118
117
119
119
119
120
120
119
120
119
119
119
120
120
120
121
121
121
122
122
122
122
120
120
120
120
123
122
123
122
121
119
119
120
120
120
120
119
118
118
118
117
117
117
117
117
118
119
119
118
116
117
117
116
116
117
117
117
117
117
117
117
118
118
117
119
120
122
121
122
121
120
119
120
120
120
120
119
119
117
118
119
120
121
119
119
119
120
118
116
117
117
118
118
118
120
119
118
119
120
119
119
116
118
116
117
116
115
115
115
115
117
118
118
118
119
120
120
120
118
118
118
118
119
120
120
119
119
121
120
119
119
118
119
119
119
118
117
117
118
119
119
118
119
119
119
120
119
118
118
117
118
118
118
119
116
116
117
117
117
117
118
116
116
118
118
118
120
121
120
121
122
121
120
118
119
119
120
120
120
119
119
118
119
119
118
117
116
116
117
117
117
118
118
119
119
119
120
118
119
119
119
119
117
117
116
117
117
117
119
120
121
119
119
120
120
118
115
115
115
118
118
118
117
117
116
117
117
116
115
114
112
114
113
113
113
114
113
113
113
113
115
114
114
115
117
119
118
119
117
116
116
116
116
115
116
116
120
121
121
120
121
121
118
117
118
116
116
114
114
113
113
114
115
115
117
117
116
116
115
115
116
115
115
116
116
116
116
117
119
119
120
120
120
119
119
119
119
120
121
119
117
118
118
119
119
120
121
119
119
119
120
120
119
118
117
118
118
119
120
117
117
118
116
116
112
111
112
112
112
112
112
113
112
110
111
112
113
113
115
116
115
116
116
116
116
116
117
119
119
118
117
116
116
114
114
113
114
114
115
117
118
118
119
118
117
115
114
118
117
117
118
116
115
115
116
117
115
116
115
116
116
116
117
116
118
117
116
115
115
116
115
116
116
116
116
116
116
116
117
117
117
117
115
115
115
116
115
115
115
115
115
116
115
116
115
116
116
115
117
117
117
117
118
117
118
118
118
119
118
119
120
119
119
119
119
121
122
121
121
121
121
121
120
118
117
119
118
119
119
118
121
120
120
120
119
121
120
118
119
120
121
120
120
119
119
120
119
120
120
120
119
117
117
115
115
114
114
113
113
112
115
115
117
118
120
119
118
118
117
118
117
117
116
116
117
118
118
118
119
121
121
122
122
122
122
119
118
117
117
118
119
120
118
119
118
117
116
116
116
116
117
117
116
117
116
115
114
114
114
114
115
114
114
114
114
115
114
114
114
114
112
112
113
113
112
112
112
112
111
112
112
114
113
112
113
113
114
115
113
113
113
112
113
114
114
114
115
115
115
115
115
115
115
116
116
115
114
115
115
115
111
111
110
110
110
111
111
111
110
110
110
111
111
110
110
110
110
110
112
112
110
110
109
108
109
109
109
110
110
111
112
111
110
110
110
109
109
109
109
109
110
110
109
109
109
110
110
110
111
109
109
109
109
107
109
109
109
111
111
111
112
111
111
110
109
109
109
109
109
109
110
111
110
110
110
109
109
109
110
110
110
110
111
111
111
113
112
113
112
112
112
110
109
109
110
110
111
111
113
115
114
113
112
112
113
113
113
113
114
113
112
114
113
111
112
112
110
113
113
113
114
114
112
113
112
112
112
112
112
112
112
114
114
114
115
114
115
114
113
116
115
115
115
115
114
114
114
113
113
113
114
114
113
112
114
117
117
117
115
115
117
116
117
117
115
115
114
114
115
115
116
115
116
118
118
118
116
116
115
114
114
115
116
118
117
117
116
115
114
115
114
115
115
113
114
114
114
114
115
115
115
112
110
109
111
110
110
110
111
109
111
111
111
111
109
108
107
107
107
106
107
108
108
108
108
108
108
108
109
108
110
109
108
108
108
107
108
108
107
106
107
107
109
106
107
108
108
108
109
109
110
110
110
110
110
111
111
111
111
111
109
110
109
109
109
110
109
109
109
108
108
108
108
107
107
108
109
109
110
109
109
110
110
110
109
109
109
109
107
108
109
110
110
109
108
108
108
108
108
108
107
108
109
109
109
110
109
110
110
110
110
110
110
110
109
109
109
109
109
109
107
106
106
106
107
107
107
107
107
108
108
108
109
110
113
114
117
115
114
114
112
111
111
112
112
110
109
109
109
108
107
107
106
105
106
106
106
106
109
111
113
113
115
115
114
114
114
114
113
113
112
111
111
113
113
113
113
113
113
114
114
114
114
113
112
112
111
109
109
109
108
108
108
108
109
109
110
110
109
110
109
108
110
110
111
111
112
112
112
111
111
110
110
110
109
108
107
106
109
108
110
110
110
109
110
108
106
106
105
105
105
105
104
103
103
102
103
103
104
104
105
106
106
106
106
105
106
106
104
103
104
105
106
108
108
106
106
107
107
106
106
107
107
106
104
105
105
104
105
105
105
105
105
106
106
105
105
106
106
107
106
106
106
107
107
107
108
108
107
107
106
106
106
105
105
105
105
105
105
106
105
105
105
105
105
104
104
103
104
104
106
106
105
105
105
104
104
104
105
105
104
104
104
104
104
104
102
102
103
104
105
105
105
106
107
106
107
107
105
106
106
105
106
106
105
106
106
105
107
106
105
106
105
103
104
104
103
104
102
101
102
103
103
103
104
106
107
106
106
106
107
107
106
106
105
105
106
107
107
108
108
107
104
103
102
102
103
103
103
103
103
104
104
105
105
104
105
105
104
103
104
104
104
104
105
105
106
106
105
106
108
109
109
110
109
107
106
107
107
107
106
106
105
106
107
108
108
108
109
108
108
108
109
109
108
108
107
107
106
107
107
107
105
104
104
104
104
105
105
105
104
103
103
104
105
105
105
106
106
107
106
107
107
106
105
104
105
105
105
104
103
103
103
104
104
104
104
107
107
106
106
105
105
102
102
102
101
101
101
101
103
104
106
105
105
105
105
105
105
105
104
104
104
104
105
105
105
106
107
108
106
104
104
104
104
104
104
105
105
105
105
105
105
105
105
105
106
104
104
103
104
104
103
103
104
104
103
103
103
102
102
101
103
103
102
103
102
104
105
104
102
103
103
103
102
101
101
101
100
100
100
100
100
99
99
99
98
99
98
98
98
98
99
99
100
100
100
99
99
98
98
99
100
102
102
102
102
103
103
103
104
105
106
106
106
106
107
107
107
107
107
107
107
105
104
104
104
103
104
104
104
104
104
104
104
104
104
103
102
102
102
101
101
102
102
102
103
103
104
104
104
104
104
103
102
102
102
102
102
103
103
103
104
103
103
104
104
105
105
103
103
103
102
102
103
102
102
103
103
102
102
102
103
104
105
105
105
106
106
105
104
102
102
104
104
103
103
103
102
103
106
106
105
106
106
104
103
102
102
102
105
106
107
108
108
107
106
105
104
103
103
103
102
102
101
102
102
101
101
101
101
101
102
102
101
101
102
102
103
101
100
101
103
102
102
102
101
101
101
101
101
100
100
100
101
101
102
102
102
102
102
101
101
101
101
101
101
101
101
102
102
102
102
101
101
101
101
100
98
99
99
100
99
99
99
101
101
102
103
105
104
104
104
107
107
107
108
109
109
109
108
107
106
106
106
106
103
103
102
103
103
103
102
101
100
100
100
102
103
104
104
104
104
102
102
102
101
101
102
102
102
101
102
102
104
105
105
105
105
105
104
104
102
100
100
100
100
100
100
101
101
101
101
101
103
102
102
102
102
102
102
101
101
101
102
102
102
102
104
104
105
105
105
106
108
108
106
106
104
104
104
102
101
101
101
102
103
101
101
101
100
100
99
98
99
99
99
100
99
99
99
99
99
100
100
100
100
101
101
100
100
101
100
100
100
99
100
100
101
101
103
103
103
101
101
101
101
100
100
100
100
100
99
97
99
98
100
101
101
99
99
99
99
99
98
98
98
98
98
97
97
97
97
98
98
99
99
99
99
99
99
99
99
99
99
100
101
102
103
103
103
101
102
102
101
102
102
103
103
103
103
103
103
103
103
101
101
100
100
100
100
100
100
100
99
99
100
98
98
98
98
99
100
101
100
101
100
100
100
99
100
100
99
101
99
98
96
96
96
97
97
97
96
97
96
96
96
97
97
97
97
95
95
95
95
95
95
95
95
95
95
96
96
96
97
96
96
97
99
99
99
100
101
100
98
97
97
98
98
98
98
99
99
98
98
98
98
98
98
98
96
96
96
97
97
98
98
98
97
97
97
97
97
97
99
100
101
100
100
99
97
97
98
97
97
97
97
97
97
97
98
99
99
100
99
100
100
102
101
102
101
101
101
101
101
100
101
102
102
102
102
102
101
100
99
99
99
98
100
100
100
100
99
101
101
101
101
101
100
101
101
101
100
100
100
101
101
101
103
102
104
103
104
104
103
103
104
104
104
103
104
104
104
103
103
103
103
102
102
101
102
100
100
99
100
102
101
101
102
100
99
99
99
98
98
99
98
100
100
101
101
102
102
102
101
101
101
102
101
102
99
100
100
99
98
97
99
99
100
100
101
102
103
103
103
103
104
105
105
106
104
103
104
105
106
105
105
105
105
104
103
103
103
102
104
104
104
103
103
101
100
100
100
101
101
101
101
100
100
100
100
100
100
100
101
101
102
102
102
104
106
106
107
107
105
105
105
105
105
105
106
106
106
107
106
106
106
106
107
107
108
107
106
104
105
104
104
107
106
106
106
104
105
105
104
103
103
102
102
101
102
102
102
103
103
104
103
102
103
102
103
103
102
102
101
102
102
101
101
101
101
101
102
103
102
102
102
102
102
102
101
101
101
102
101
100
99
101
101
101
101
101
100
100
99
99
100
100
102
102
102
101
100
101
99
99
99
99
100
100
100
101
101
100
102
102
103
103
104
103
102
102
102
102
102
101
103
102
102
101
102
102
101
100
101
102
101
101
102
101
100
101
102
103
103
102
101
101
101
101
100
100
100
100
101
101
102
104
102
102
102
102
102
101
101
101
100
100
99
100
100
101
101
102
102
102
102
103
103
102
100
100
100
100
99
100
99
97
98
97
98
99
101
103
102
103
102
104
103
106
105
104
104
104
103
103
101
99
99
100
100
100
99
99
99
98
98
98
98
98
98
98
100
101
100
99
99
100
100
103
105
105
102
102
99
100
101
101
102
102
101
101
100
100
100
99
99
100
99
99
100
101
101
102
102
104
104
104
103
102
102
103
103
103
104
104
104
104
104
99
99
101
102
103
103
105
103
102
101
101
100
98
98
99
98
99
98
98
99
98
98
97
97
97
96
97
98
98
99
99
98
98
98
98
97
95
95
94
95
97
98
98
98
99
98
98
98
99
98
98
98
98
98
98
98
97
98
99
99
100
99
100
100
101
100
100
101
101
101
100
100
100
100
100
99
99
99
100
99
99
98
98
99
100
100
100
100
98
