0.0004537931034482759 0.00014655172413793104
300
297
295
293
293
292
292
292
295
295
296
296
295
294
296
296
297
297
297
298
299
298
298
295
293
295
296
295
297
296
296
296
294
295
295
297
298
297
297
299
299
300
301
302
302
304
304
303
302
302
303
302
303
305
305
306
307
307
310
307
311
310
309
309
308
308
306
308
308
310
310
311
312
314
314
316
318
318
321
321
320
321
322
322
323
323
322
325
324
323
325
322
323
322
323
326
326
328
330
331
331
330
325
328
329
330
327
329
329
328
327
327
329
328
327
329
329
333
335
333
331
333
333
331
330
327
329
330
332
334
334
334
334
333
335
339
338
336
336
340
343
344
344
344
345
346
345
342
343
344
346
344
345
345
346
347
348
347
345
347
349
349
350
349
350
351
350
350
350
348
349
348
349
352
351
351
354
354
353
353
354
354
354
350
350
350
353
354
355
354
355
356
360
361
365
366
363
364
365
365
366
364
364
366
365
364
363
364
363
363
366
369
367
365
365
365
366
367
367
366
369
368
368
370
373
375
375
374
375
376
376
373
374
375
375
377
379
378
378
379
380
381
380
380
378
380
381
384
384
383
383
383
387
389
391
394
392
389
390
393
392
391
391
391
390
390
389
389
389
387
387
388
387
389
395
394
396
393
394
395
394
394
392
393
395
397
397
397
396
397
396
398
398
398
398
399
398
395
395
395
396
396
396
397
397
402
405
407
408
406
407
407
407
408
410
410
413
412
412
413
414
417
417
417
415
417
417
416
416
415
419
418
421
420
421
424
420
420
420
422
424
422
421
422
421
423
423
422
426
424
421
421
421
420
422
421
421
421
421
421
419
416
417
418
417
418
419
420
423
421
419
422
423
420
421
422
423
423
424
422
422
421
420
421
420
422
425
427
424
426
426
424
421
422
422
423
423
425
423
423
423
422
423
424
424
426
428
424
425
424
427
427
428
430
429
428
428
429
429
429
431
433
431
434
432
434
434
433
429
431
432
433
436
437
438
438
442
445
445
443
441
444
444
444
444
444
444
444
444
445
443
445
444
443
443
444
443
445
446
444
442
442
444
443
440
441
439
440
443
442
443
444
443
444
446
448
448
450
452
452
452
453
451
452
451
453
451
449
451
451
455
455
453
455
457
460
464
466
467
466
466
466
466
463
464
464
464
466
465
466
468
465
464
463
459
458
460
460
462
462
464
465
464
467
469
470
467
466
468
466
468
469
470
472
471
471
475
477
479
480
479
477
478
479
480
479
479
478
481
481
478
476
474
474
479
479
480
482
478
477
476
476
477
477
477
479
483
481
481
480
482
483
484
486
486
486
486
482
483
482
482
482
483
486
486
483
483
484
486
485
486
488
491
491
486
485
485
488
489
492
490
491
491
490
489
489
489
488
487
488
492
494
494
492
488
486
486
487
487
487
489
491
490
491
493
492
492
494
493
493
493
494
490
492
492
493
495
498
498
500
503
503
505
505
507
503
504
506
505
503
501
503
503
499
502
502
504
508
508
509
507
507
506
507
505
505
506
502
503
507
504
503
500
503
500
500
503
504
503
507
505
503
502
499
501
503
506
505
503
504
503
499
502
505
503
503
503
502
502
501
500
500
502
500
499
499
501
500
500
500
500
502
504
505
507
506
508
510
507
505
504
505
507
510
509
509
510
510
508
510
508
508
512
511
514
516
518
523
527
527
525
525
523
521
524
523
522
519
517
518
520
521
520
521
518
516
516
517
518
520
521
519
517
520
521
519
518
516
517
519
518
516
514
516
518
519
519
518
519
520
522
521
517
520
522
520
522
524
523
526
521
523
527
530
525
526
531
530
525
525
525
523
525
523
525
525
527
528
526
527
526
525
527
525
524
525
527
525
524
524
525
527
532
534
535
536
536
535
535
535
534
533
534
535
535
539
537
537
537
539
540
541
537
541
538
537
538
537
536
535
537
538
537
539
538
538
533
532
531
534
533
533
531
530
525
525
524
525
526
526
527
525
524
526
526
526
529
528
527
528
523
521
521
520
521
519
521
521
526
527
526
528
526
525
529
527
536
536
534
535
534
532
533
534
538
538
539
539
541
538
537
540
544
544
542
541
542
541
543
545
544
544
544
544
541
543
542
543
542
543
542
541
545
549
551
550
550
551
551
548
548
549
548
551
550
549
550
552
548
550
550
551
551
549
546
549
550
552
558
557
563
562
561
559
559
558
556
556
556
549
548
550
550
553
553
554
554
553
552
552
552
551
555
555
555
557
562
559
561
561
560
560
555
552
552
554
554
553
551
549
547
547
549
551
551
551
553
553
553
558
560
561
561
556
551
552
552
551
550
546
547
545
545
545
546
546
548
547
547
550
549
550
551
551
553
553
555
555
554
553
552
553
555
554
555
552
554
552
551
555
557
556
554
555
556
552
551
552
555
554
552
552
553
554
555
557
559
558
557
560
557
552
554
556
554
556
557
559
562
559
561
561
558
558
558
558
557
559
559
561
562
563
564
565
564
562
560
561
559
563
565
570
571
574
576
580
577
575
576
573
576
574
576
575
576
574
573
569
571
571
571
569
566
567
565
565
568
569
567
567
569
575
573
575
574
572
571
568
569
565
564
562
562
564
565
562
560
559
558
557
556
556
556
558
561
564
561
563
561
558
557
560
556
559
560
560
557
556
558
558
562
562
562
560
565
564
562
559
562
563
564
570
571
570
571
571
572
569
572
570
570
567
572
575
576
579
579
582
580
578
575
572
573
577
579
578
575
575
580
579
580
582
587
589
582
581
583
586
584
583
584
587
589
591
585
579
581
580
579
583
581
583
583
581
581
584
583
583
585
584
582
584
585
584
579
582
585
585
587
588
590
591
585
586
586
585
588
587
589
588
586
587
590
591
593
593
595
594
594
599
597
593
591
595
593
594
592
593
594
596
596
595
597
600
599
599
599
601
602
603
601
601
605
605
603
604
600
601
603
603
605
605
605
606
605
608
608
607
608
602
602
605
605
602
601
602
601
603
603
605
603
600
598
596
596
598
594
598
599
600
600
601
598
596
593
593
594
592
593
593
591
589
591
590
593
593
594
598
598
598
601
598
598
598
597
595
598
596
599
597
597
597
596
599
600
603
601
603
605
606
605
604
603
604
603
602
608
606
604
608
601
597
595
594
595
599
597
596
600
597
596
596
601
605
605
604
605
604
606
601
600
599
599
598
598
600
598
601
597
597
596
595
595
597
592
592
592
591
591
590
591
594
593
590
590
592
593
594
591
592
593
593
594
593
592
593
592
596
597
597
598
598
600
598
599
598
599
598
601
600
597
597
601
604
603
604
601
604
608
608
608
606
607
607
609
610
611
613
613
613
614
615
615
617
616
619
618
620
623
622
621
620
622
621
623
624
625
625
625
628
628
627
629
630
628
631
631
633
633
634
636
633
634
634
631
630
627
625
628
630
636
635
632
630
626
628
632
628
628
629
629
628
624
623
621
621
624
628
630
632
630
632
632
632
634
637
640
639
639
639
637
641
639
635
638
640
641
644
644
648
652
651
654
655
653
654
653
647
648
645
646
647
645
645
645
646
651
653
650
652
650
649
646
647
647
649
650
649
648
649
649
652
656
657
658
658
661
661
656
653
658
662
664
665
666
661
660
659
661
657
655
654
657
660
660
661
659
655
654
654
653
653
655
656
656
657
657
657
654
654
652
651
657
657
658
660
662
665
662
663
666
665
665
662
664
662
660
662
660
664
663
663
664
662
666
666
667
669
669
669
670
671
674
675
674
673
676
675
676
679
676
675
677
678
682
678
679
680
681
681
680
679
681
684
683
684
687
690
692
695
695
694
695
691
695
696
695
692
691
690
689
687
691
689
684
684
684
684
686
688
692
693
694
695
693
691
690
689
690
691
692
689
691
694
695
696
694
695
697
699
698
699
698
697
693
691
693
695
698
696
698
698
702
702
700
704
702
700
697
698
698
697
696
696
693
691
686
688
691
693
694
695
688
690
693
695
692
693
694
696
698
696
693
697
696
703
707
706
706
708
706
706
705
704
706
706
707
708
707
703
700
700
704
705
706
704
707
707
709
708
709
706
701
702
705
703
703
704
706
704
701
701
698
699
699
698
699
701
704
707
709
708
709
713
713
716
712
711
709
713
714
710
707
704
706
705
705
703
701
703
703
700
700
699
698
696
701
701
699
701
704
706
705
703
702
707
702
698
696
695
696
701
701
697
699
698
698
696
697
699
701
704
701
699
699
703
701
699
703
702
703
704
707
708
708
707
707
708
708
706
703
709
709
712
709
711
716
716
716
721
717
717
716
716
720
721
722
721
721
718
722
726
729
728
728
728
731
734
734
736
735
730
731
735
738
735
736
735
736
742
738
731
728
731
733
737
733
733
732
737
737
736
736
737
737
735
739
739
741
741
740
742
740
740
739
738
740
737
739
740
741
742
745
742
743
740
741
736
740
739
740
740
742
742
741
743
740
742
740
737
741
741
739
741
742
740
742
743
746
748
748
749
745
747
749
751
747
746
744
740
738
735
738
739
738
735
735
740
741
742
739
740
746
746
744
744
744
742
743
749
747
747
752
750
750
744
742
747
747
749
749
746
744
743
744
743
741
742
742
744
746
744
746
744
743
740
743
745
749
751
751
746
745
743
746
746
746
746
749
749
748
747
748
749
747
748
747
745
744
746
750
750
753
752
748
747
743
739
744
745
752
751
743
742
740
742
744
742
742
744
747
742
743
743
746
740
738
739
739
740
744
742
742
741
742
740
741
744
742
745
749
749
749
746
748
744
742
746
745
749
747
745
743
748
751
749
751
753
747
749
756
751
753
751
751
753
752
754
755
755
755
759
754
757
757
758
756
756
758
760
760
760
761
763
766
764
765
768
766
764
767
767
765
761
759
760
755
756
757
761
755
752
753
754
754
756
757
759
750
753
757
755
755
754
755
749
749
751
751
751
753
755
754
757
759
758
757
756
759
760
761
763
761
763
765
763
765
763
761
763
761
762
764
765
764
765
767
772
773
773
775
772
776
774
773
769
773
775
772
771
774
770
770
768
770
770
771
769
773
767
768
769
769
767
767
767
769
770
768
770
768
772
774
772
771
772
773
775
774
773
776
773
773
774
776
774
780
782
779
776
775
776
777
777
775
778
782
781
781
780
776
781
779
778
781
780
783
786
789
787
786
785
782
784
785
785
782
777
772
770
772
773
773
773
770
768
767
769
771
770
772
771
770
767
765
766
766
764
764
763
764
764
764
767
769
768
767
769
766
764
764
766
764
768
770
769
770
765
768
767
765
766
770
770
767
769
770
771
771
769
773
772
767
765
766
769
766
765
764
761
764
763
764
765
765
765
767
769
769
768
772
773
773
775
774
775
776
772
770
771
772
776
773
776
775
775
778
782
783
785
781
781
785
787
787
785
784
786
786
787
791
789
784
783
784
785
785
785
785
786
786
785
787
781
785
781
781
780
781
781
782
782
778
782
780
782
780
782
777
771
771
775
775
779
780
783
784
786
784
786
789
785
787
788
787
780
776
779
777
774
777
775
779
778
779
779
777
780
780
781
778
781
782
782
787
788
792
789
786
785
788
790
790
788
788
788
790
789
791
791
791
796
791
788
789
790
789
794
794
800
794
789
793
796
791
788
788
788
787
790
789
793
795
802
801
797
801
797
793
793
794
794
790
787
790
788
791
787
786
789
789
792
788
789
792
791
792
791
793
795
793
795
794
793
792
788
793
792
799
789
789
782
782
785
787
789
790
794
792
787
782
785
785
789
788
786
783
785
783
787
784
784
787
787
794
795
800
797
792
795
792
794
793
792
796
793
795
794
796
796
793
791
794
792
792
789
785
788
789
788
789
790
789
791
789
788
787
790
792
786
786
788
791
795
790
796
791
793
788
792
789
788
790
790
791
792
791
791
792
789
789
793
793
796
792
793
787
784
784
783
782
784
785
784
782
781
782
783
783
784
785
788
789
789
786
785
784
786
785
784
783
785
787
789
793
792
795
793
791
789
792
790
793
794
797
799
799
796
795
795
795
795
794
794
795
792
791
795
797
794
796
799
801
800
798
796
797
800
798
799
796
799
798
799
801
801
804
806
807
808
807
809
807
806
806
812
812
810
808
806
811
809
812
810
807
807
805
810
813
816
813
809
806
805
804
809
813
808
805
806
807
810
812
812
812
810
813
813
813
817
820
821
822
826
824
823
822
822
819
820
824
824
821
824
823
823
827
830
826
828
825
825
824
829
828
826
824
830
830
831
826
829
828
836
835
841
844
846
841
838
838
837
838
841
844
841
840
839
844
846
842
844
849
849
847
847
849
848
848
850
852
849
848
847
852
852
851
854
855
856
857
856
857
859
857
858
859
862
853
853
851
851
850
846
844
847
849
851
851
850
850
851
855
853
853
852
857
854
853
852
848
847
856
856
858
855
852
851
852
857
856
863
860
859
855
856
859
860
857
853
855
859
857
856
857
858
860
861
864
868
867
864
862
857
859
858
858
857
855
857
859
853
852
854
853
854
857
854
850
856
852
852
844
844
849
850
847
848
852
849
855
853
857
856
855
855
857
857
859
861
862
859
857
858
853
853
854
853
845
844
845
848
846
847
848
853
855
853
852
855
855
862
863
860
860
858
864
862
857
856
859
860
860
861
860
861
860
860
863
867
864
862
866
872
877
876
873
874
868
867
869
869
873
877
876
878
878
879
877
876
875
876
877
877
880
879
881
881
882
877
872
871
874
873
869
867
869
870
867
867
867
868
866
870
870
866
867
867
865
869
864
861
859
858
859
857
857
861
862
865
865
866
867
866
864
870
868
869
868
869
866
864
868
871
865
865
861
865
868
866
862
861
864
864
866
863
862
867
871
872
873
869
874
872
873
876
877
878
878
876
874
874
878
879
880
879
874
876
871
865
863
867
865
868
863
862
867
867
866
868
866
870
869
867
865
861
863
863
866
866
864
863
865
865
867
871
870
866
870
870
869
866
874
878
875
878
876
878
885
883
882
883
884
880
884
885
881
880
877
878
879
876
871
871
871
872
873
870
870
867
868
870
869
868
865
868
869
869
869
870
874
877
880
879
881
883
879
883
882
886
885
890
889
891
894
894
892
892
886
882
877
878
880
882
886
887
881
881
884
886
886
886
883
882
884
884
879
879
875
878
880
877
881
884
882
885
889
886
886
888
886
886
886
886
886
885
884
886
887
886
888
892
885
883
886
886
880
878
875
874
875
875
876
873
870
869
869
866
871
870
868
870
877
876
882
883
881
880
884
878
878
881
881
878
882
881
878
883
883
878
883
882
882
879
879
879
877
880
882
881
881
879
877
878
879
882
885
884
881
881
883
882
885
889
887
888
885
884
883
882
879
877
880
879
877
880
881
883
888
890
893
889
886
887
885
892
895
892
888
893
896
896
896
895
894
896
894
893
895
896
900
899
900
895
895
894
893
891
888
889
887
892
896
893
895
893
893
900
901
898
895
898
902
902
901
900
901
903
907
909
913
911
909
905
907
908
904
906
905
901
900
905
909
905
905
906
902
903
904
908
907
906
910
911
917
912
906
906
908
909
912
908
908
911
910
911
910
908
910
913
908
905
906
906
906
907
906
906
906
909
909
908
913
915
918
922
929
925
926
924
921
918
919
922
924
920
924
920
918
916
916
913
913
913
914
915
917
917
917
913
912
913
913
912
916
916
917
916
913
914
917
916
918
919
921
917
911
911
911
910
912
911
915
912
916
913
910
912
912
913
916
919
918
916
916
915
916
916
918
920
920
921
920
922
920
921
924
922
927
925
919
921
923
926
926
924
927
923
918
915
914
911
913
915
915
920
927
926
932
930
930
927
928
925
928
926
926
927
926
923
923
923
924
928
927
923
922
925
927
926
926
924
925
926
927
927
925
924
919
918
917
912
910
912
906
905
906
909
907
905
903
905
905
908
910
912
911
908
909
911
911
917
913
915
914
908
906
909
902
906
906
908
913
913
909
904
904
905
907
905
908
909
910
904
904
906
906
906
911
906
903
900
901
896
894
894
902
898
896
901
903
903
903
901
905
904
904
899
902
902
899
901
903
900
899
897
897
901
905
910
911
909
911
906
906
908
910
913
911
911
910
911
911
912
906
906
905
905
905
906
902
902
905
907
907
901
905
902
903
905
907
907
909
912
913
915
917
916
918
920
920
924
925
921
918
919
918
912
913
909
914
917
921
917
922
921
920
918
920
923
923
922
918
917
916
916
913
915
915
915
917
919
917
917
912
916
915
911
911
911
915
916
916
913
908
911
915
915
920
918
921
918
920
923
922
925
923
919
923
921
919
918
915
910
905
911
916
915
917
913
920
918
917
920
925
925
926
922
916
920
915
911
907
907
903
907
903
904
905
908
907
908
903
904
906
906
905
905
903
902
906
905
904
899
901
902
896
896
894
892
899
901
900
899
898
894
891
890
890
894
896
899
902
901
904
902
906
906
908
912
916
914
915
906
907
906
906
906
904
907
908
910
914
915
913
915
915
915
913
907
906
908
912
913
912
911
913
915
916
914
921
916
918
922
918
915
917
917
920
912
916
913
916
914
914
915
916
917
915
910
907
904
907
907
907
910
907
907
904
905
903
901
902
899
898
901
902
904
903
906
901
901
901
906
906
906
904
905
901
902
904
907
908
906
909
909
912
915
917
916
918
918
914
912
913
915
911
916
914
913
912
912
913
915
914
914
910
911
912
915
917
914
915
915
915
920
919
922
924
924
926
927
929
929
934
932
933
932
931
931
928
931
933
931
930
926
928
925
931
933
932
928
928
931
934
931
932
933
937
933
936
937
937
937
934
931
932
929
931
932
934
931
933
932
934
929
930
933
930
931
930
931
932
934
935
934
935
934
940
941
944
935
933
932
931
932
932
932
933
934
934
933
932
931
933
932
936
935
937
937
941
937
938
937
937
946
942
941
935
932
932
939
933
936
937
939
937
933
930
929
933
932
929
932
928
929
927
927
927
925
921
920
921
925
925
926
930
933
934
935
933
934
937
942
940
940
941
938
941
941
938
933
937
936
940
937
934
935
935
935
936
937
935
935
936
939
935
937
936
932
930
933
932
930
934
932
930
930
934
935
939
940
941
939
932
933
934
932
935
932
938
935
939
938
939
940
939
937
938
938
936
935
938
936
936
940
938
937
936
935
936
941
941
940
938
941
941
941
940
936
931
934
936
935
936
933
938
937
930
929
927
927
928
931
934
934
935
936
933
931
931
928
931
927
925
927
930
931
934
939
942
941
944
946
945
945
941
940
942
941
942
938
932
928
928
929
930
933
930
930
931
932
937
939
941
937
938
940
941
944
942
943
942
942
944
947
944
938
936
935
939
942
945
947
947
946
949
951
949
950
955
956
953
950
943
945
937
937
935
927
927
930
934
935
939
936
930
932
932
930
929
927
923
918
919
917
923
920
920
915
916
913
915
915
918
915
913
907
906
905
905
900
901
899
899
896
898
897
898
898
901
902
901
899
901
902
904
903
901
895
896
898
897
903
901
900
898
895
895
894
894
899
900
901
898
897
900
901
904
903
905
902
904
908
910
910
907
909
904
900
896
900
900
904
905
906
902
902
901
901
903
907
908
909
912
913
909
913
915
913
917
913
915
918
908
912
915
914
914
916
919
915
917
920
923
921
922
923
922
923
922
926
929
926
926
923
923
923
919
920
918
914
919
924
919
914
915
919
917
914
915
919
919
918
922
926
925
924
926
928
930
923
923
925
923
926
921
926
928
928
930
924
925
927
928
925
920
924
922
921
916
920
924
924
923
923
921
920
922
922
923
923
924
924
922
922
922
913
914
911
910
911
909
911
910
913
911
910
904
903
906
906
907
907
908
907
908
910
915
914
913
916
921
922
924
919
921
921
921
926
923
919
918
921
919
918
916
913
914
914
918
921
918
918
919
916
915
911
913
908
907
908
910
910
911
908
908
908
906
902
906
906
911
913
923
927
930
927
925
919
921
923
922
918
918
921
921
921
917
915
912
911
914
912
910
910
907
908
907
905
905
909
906
904
905
903
907
903
906
904
901
898
897
895
892
895
895
892
897
894
892
895
896
898
896
899
896
898
897
895
902
903
900
902
902
902
903
903
905
900
904
910
911
914
917
917
914
915
913
914
915
920
921
916
918
915
913
912
911
912
912
915
914
914
914
917
913
917
916
911
908
914
917
916
917
918
919
912
912
917
918
919
922
925
921
923
921
921
923
923
926
927
931
933
932
934
930
930
929
931
932
927
930
927
933
929
931
929
932
931
929
928
933
940
939
940
942
947
945
945
943
942
937
936
935
941
943
942
947
948
954
952
949
947
949
948
946
941
944
947
947
948
952
956
954
957
956
959
958
957
954
956
956
961
963
964
961
960
957
957
959
963
962
961
962
959
960
964
959
958
957
962
959
963
963
962
960
958
957
953
952
958
957
958
961
964
963
962
962
965
959
958
958
963
962
962
958
952
948
945
946
946
949
947
948
948
957
958
956
955
956
957
960
963
960
952
949
946
946
951
951
949
952
948
953
950
947
946
949
948
946
948
954
956
950
945
945
944
944
942
942
939
943
946
945
947
949
953
952
950
952
952
955
957
958
957
955
953
954
953
950
945
940
940
941
942
941
942
943
941
940
946
945
946
948
953
957
954
956
960
962
959
959
961
963
964
963
959
959
960
963
955
959
961
963
962
959
956
952
949
950
950
947
946
946
952
950
950
953
950
951
950
955
954
956
954
953
954
952
952
959
954
949
952
953
951
953
952
948
951
953
953
952
952
948
945
945
944
942
941
942
941
936
940
944
948
947
947
947
945
941
938
940
942
942
941
941
945
944
943
941
938
938
938
937
942
944
946
949
951
950
947
949
952
956
960
958
964
966
960
960
958
958
954
948
946
946
945
949
947
948
947
945
947
945
944
945
943
949
953
953
949
949
950
951
953
953
948
946
948
948
949
953
953
957
958
954
952
950
953
957
957
958
960
957
953
953
949
946
946
945
945
945
951
949
952
948
951
954
955
951
953
951
954
957
955
957
958
956
953
949
950
952
955
957
960
959
960
959
953
956
953
953
956
956
955
959
954
961
966
968
969
969
963
959
959
957
960
961
964
964
963
964
962
959
956
958
957
953
957
960
955
958
962
964
964
967
969
970
970
968
967
967
969
974
974
973
973
974
969
965
965
966
969
971
973
974
971
965
968
970
969
970
972
973
972
973
975
970
971
971
975
976
978
970
975
977
980
982
981
983
977
977
981
977
980
978
976
980
985
986
980
979
982
983
981
989
983
992
992
989
991
991
988
990
985
987
986
987
985
