0.0004537931034482759 0.0008975862068965518
300
291
286
284
278
276
274
267
266
260
259
257
252
252
251
248
250
250
249
250
246
244
243
240
239
237
235
229
229
229
230
229
228
227
227
228
229
229
230
230
229
225
226
227
225
227
224
225
225
227
230
228
224
226
227
230
230
227
227
225
225
226
225
221
219
218
218
218
217
217
218
219
219
219
222
221
220
220
219
219
221
222
222
222
222
224
224
224
223
224
223
224
225
222
226
226
225
223
222
222
222
222
222
221
221
220
218
218
222
220
220
220
220
222
221
221
221
223
223
221
220
220
220
220
221
223
220
220
221
220
219
217
219
220
218
215
216
216
216
218
220
217
217
217
217
220
219
221
218
218
217
216
215
214
213
213
213
213
213
212
213
212
213
213
214
214
212
213
213
213
214
214
213
213
211
213
212
210
211
211
211
211
210
210
210
210
213
212
212
212
213
213
212
211
212
210
209
211
210
210
210
210
211
211
212
214
211
211
212
213
215
215
214
215
217
216
217
216
217
215
217
217
215
216
214
215
215
214
215
211
211
210
209
210
210
209
210
208
208
209
211
211
212
211
212
211
209
211
212
213
214
215
215
214
213
213
213
211
213
212
212
213
214
213
213
213
212
210
210
210
208
209
211
210
209
209
209
209
210
210
211
211
210
210
211
211
214
214
214
213
213
216
215
214
214
213
215
213
213
213
214
216
218
217
216
217
216
216
215
214
214
216
216
214
213
213
212
212
214
210
208
207
209
207
206
207
208
210
210
209
209
208
208
209
210
209
210
210
210
212
212
209
209
208
208
208
207
212
212
212
213
214
214
215
215
217
216
216
215
214
213
210
209
206
205
207
206
207
208
208
209
206
205
205
202
202
200
203
203
205
205
206
205
205
201
201
202
202
204
204
205
205
206
207
209
209
205
205
207
207
209
211
210
210
209
210
210
209
207
208
208
212
211
209
209
211
208
207
208
209
209
210
207
208
208
206
205
204
205
205
204
207
205
207
206
204
203
203
205
205
206
205
204
202
201
202
203
203
203
202
203
206
205
205
205
204
203
206
205
205
205
205
202
203
202
204
203
204
203
201
201
200
200
201
201
202
202
204
203
202
202
205
204
205
204
202
202
203
204
204
204
207
207
206
207
205
206
205
202
202
201
203
202
200
200
200
200
200
201
201
204
202
204
203
204
205
206
204
204
202
202
203
203
204
205
205
205
203
202
202
202
203
202
201
200
197
197
198
199
199
200
200
202
199
200
200
201
200
200
196
196
197
198
198
198
198
199
198
197
197
198
196
195
198
199
200
200
198
198
197
196
196
195
196
194
195
196
195
194
194
196
196
195
196
197
199
198
199
201
201
201
201
201
200
202
203
204
204
205
207
205
203
203
201
199
196
197
197
198
198
199
200
199
197
198
197
197
197
197
197
196
196
197
197
196
194
193
193
193
192
191
192
194
195
196
196
199
197
198
197
197
199
198
197
196
197
198
197
198
193
193
190
190
192
192
192
192
193
192
192
192
192
192
193
192
194
194
196
197
196
195
195
197
197
197
198
197
196
194
193
191
191
192
193
194
192
192
192
192
191
190
188
190
189
188
189
189
189
191
191
192
192
193
193
193
194
193
194
191
191
193
194
193
195
196
200
201
203
204
202
197
197
195
193
193
193
193
194
194
195
194
194
194
194
195
195
196
196
196
196
196
196
195
194
193
194
196
198
199
198
199
198
197
196
197
196
194
193
191
193
194
192
193
193
193
192
192
190
190
190
191
192
192
194
195
197
196
194
193
192
193
191
191
192
191
193
193
194
192
191
191
191
191
191
189
190
191
190
191
188
188
189
191
189
190
192
191
189
190
192
193
194
193
191
191
192
191
191
192
194
192
188
188
187
186
187
186
188
187
188
187
189
187
187
186
188
189
189
189
188
188
188
188
189
190
190
189
189
188
191
193
193
195
194
193
193
192
191
187
188
189
189
189
189
187
185
183
183
184
183
183
181
182
181
181
181
185
185
185
185
185
187
186
185
186
185
184
186
186
184
184
183
183
185
185
184
184
183
184
184
183
184
184
185
186
186
185
184
184
183
185
185
185
187
188
189
188
188
189
188
189
188
190
189
190
192
190
191
188
187
187
186
186
188
188
189
188
185
186
188
186
185
186
184
184
184
186
187
188
188
189
189
190
190
192
194
193
193
194
194
194
193
190
190
190
191
192
193
194
194
192
190
190
191
192
191
191
191
190
189
188
187
190
190
188
188
189
188
189
189
189
188
187
189
189
190
189
190
190
187
186
186
186
185
187
185
184
183
182
182
182
184
185
184
184
183
184
186
187
188
189
189
188
188
187
188
189
190
191
190
187
186
186
186
186
183
185
186
185
183
182
180
178
178
177
178
179
179
179
179
179
178
178
178
179
177
176
176
177
177
177
176
177
179
179
178
178
179
180
180
180
180
181
180
180
180
180
181
180
183
183
182
181
179
179
180
180
179
178
178
180
181
180
180
180
181
182
181
181
180
182
181
181
182
182
181
183
183
183
182
182
181
181
178
178
177
177
178
179
179
179
179
179
182
182
182
181
181
182
183
182
181
183
181
182
183
183
182
180
178
178
179
178
176
176
175
176
175
175
177
176
176
178
178
177
175
176
176
177
178
179
178
178
178
178
177
178
179
178
180
179
176
176
176
176
176
175
174
175
175
174
173
174
175
174
174
173
173
176
176
176
175
175
176
176
175
176
178
181
181
180
178
180
180
180
179
177
177
175
175
175
176
174
174
176
177
177
178
177
176
176
174
174
172
171
171
171
172
173
172
172
172
171
172
176
175
176
177
178
177
176
176
177
178
177
176
175
174
176
176
177
177
177
176
177
179
179
179
180
181
182
181
181
180
178
179
178
179
180
181
182
182
181
177
178
177
179
178
179
180
180
180
181
182
183
183
182
182
182
181
183
181
182
183
182
183
184
186
185
185
186
187
185
184
184
182
180
180
181
181
180
179
178
179
178
180
179
179
180
179
179
179
180
180
180
180
178
175
176
175
175
176
176
177
177
177
178
178
178
178
180
180
180
179
178
177
177
178
178
178
178
178
180
179
179
178
178
179
178
179
174
173
174
177
179
180
178
177
177
178
179
179
178
178
178
178
180
177
176
175
175
175
175
174
178
177
176
178
176
176
176
176
176
174
176
176
176
175
175
175
175
176
175
176
176
177
176
174
175
175
175
173
173
174
174
173
173
173
173
173
171
171
171
170
171
172
172
171
172
172
172
174
175
174
175
177
177
176
176
175
175
177
177
176
176
176
174
172
173
173
175
174
174
175
174
174
175
175
173
173
174
174
173
175
177
177
178
178
177
177
176
176
177
176
174
174
172
169
170
168
168
169
169
168
169
169
169
170
170
171
171
173
173
174
172
172
172
170
171
172
172
170
170
170
170
172
171
172
171
172
173
172
173
174
174
173
174
175
173
175
171
171
171
171
172
174
176
175
172
172
173
173
173
172
174
176
177
174
174
173
173
168
168
167
165
167
166
167
167
167
167
169
168
168
171
171
171
173
173
173
173
171
173
174
174
171
171
171
171
173
173
171
170
169
170
172
173
175
176
175
175
174
172
171
171
172
172
173
171
172
172
173
172
172
171
169
171
171
170
170
169
168
170
170
171
172
171
171
170
168
167
168
168
167
166
166
167
168
167
167
168
167
167
166
165
165
167
168
168
169
169
167
166
166
167
168
168
168
167
167
165
166
164
164
165
164
165
165
164
164
163
163
163
166
165
165
166
167
168
168
168
168
167
167
168
168
169
168
168
168
169
169
172
170
168
166
168
169
170
173
175
173
172
171
172
171
171
172
172
172
170
171
170
169
167
168
169
168
168
165
166
165
165
167
168
168
169
168
170
169
167
166
167
167
167
168
168
168
169
167
167
167
166
167
167
165
166
166
167
167
168
168
167
168
168
167
169
170
170
170
167
165
165
165
165
163
162
162
162
161
161
161
163
161
161
160
159
157
157
155
156
158
158
159
159
159
159
160
160
161
158
159
160
159
159
157
158
161
161
161
161
159
161
160
160
160
162
161
162
161
160
160
161
161
163
163
164
164
164
165
166
167
164
163
162
162
162
161
159
158
159
159
159
157
158
159
159
158
161
162
163
165
162
161
162
161
160
161
161
161
160
159
158
159
159
161
161
161
161
160
160
161
160
161
159
157
159
160
161
161
161
160
160
161
162
162
163
163
163
163
164
164
164
164
165
165
164
164
163
163
162
162
162
164
165
163
161
161
159
158
158
158
158
157
157
162
163
162
162
162
161
161
163
162
162
161
161
161
162
164
164
164
163
161
161
161
163
163
163
163
162
162
162
161
162
158
158
161
160
159
161
161
161
162
163
164
164
164
162
163
164
163
165
164
163
164
164
162
163
162
164
164
163
165
164
165
165
164
165
164
165
166
164
163
163
163
163
161
162
163
164
163
162
162
162
162
160
160
160
160
161
161
161
163
163
163
162
162
163
165
164
164
162
163
165
166
165
164
161
160
161
160
159
158
158
159
160
160
159
159
159
159
159
157
157
156
155
156
157
155
155
155
155
158
159
160
159
161
160
160
157
156
154
154
155
154
155
155
156
156
155
155
156
157
156
158
157
157
155
154
155
154
154
155
156
154
154
154
153
153
153
153
151
151
151
151
153
152
152
152
153
154
153
154
154
154
154
154
153
154
155
155
156
155
155
155
155
156
158
157
156
155
154
155
154
154
154
156
156
155
157
157
158
158
157
155
156
154
155
155
155
155
155
155
155
155
156
156
157
158
157
158
157
157
157
158
158
158
159
160
160
163
161
161
161
157
157
156
158
159
161
161
159
159
161
161
159
158
158
159
159
159
159
159
159
159
158
159
156
155
154
155
154
156
155
154
157
158
155
154
153
153
153
153
154
155
155
155
155
155
156
155
155
155
156
155
156
155
154
155
153
155
154
155
154
153
153
154
155
155
156
158
160
160
160
158
159
159
158
158
159
159
161
159
158
161
162
161
159
156
154
151
150
150
150
151
151
152
153
154
154
153
151
151
150
150
152
153
152
153
153
153
153
154
154
155
159
159
157
156
159
159
158
159
161
163
164
164
165
164
160
159
157
156
155
155
155
153
153
150
149
150
150
149
149
151
151
150
151
152
152
151
151
151
151
151
151
153
154
154
154
155
158
156
156
157
156
156
156
157
159
157
157
157
157
156
155
155
156
156
155
156
156
154
153
152
154
154
154
153
153
152
152
151
151
147
147
147
148
149
149
149
149
147
149
149
152
152
150
150
151
151
151
150
150
150
150
149
149
150
149
149
150
149
149
149
148
149
150
150
149
152
153
153
150
150
149
151
151
150
150
149
149
150
150
152
151
150
148
148
147
146
146
147
146
147
148
149
149
149
149
149
147
147
146
147
147
148
148
148
148
148
149
147
146
144
145
144
144
144
143
143
143
143
143
145
144
145
145
145
145
145
146
146
147
149
149
147
147
147
147
147
146
146
146
145
145
145
146
148
146
147
147
148
148
148
150
149
149
148
149
148
149
150
150
149
148
149
149
148
148
148
147
147
146
146
146
147
148
148
147
147
149
149
148
148
148
148
148
149
149
147
146
146
150
148
147
148
148
149
147
146
146
145
145
146
146
144
145
146
148
149
148
148
148
147
147
148
149
150
151
150
147
147
148
148
148
147
146
147
147
146
147
147
146
147
147
147
147
146
146
145
146
148
146
146
146
148
148
149
148
148
148
147
145
145
145
146
146
147
147
144
145
144
144
145
144
143
144
144
144
144
145
145
144
142
142
142
142
144
144
143
143
144
144
144
144
144
144
143
146
145
144
144
144
145
145
144
144
145
143
143
143
145
145
146
146
145
147
145
145
148
148
147
147
147
146
144
144
145
144
145
145
146
147
147
149
148
148
147
146
144
144
143
142
142
143
143
144
145
145
144
143
145
143
142
142
144
141
141
142
141
141
141
142
142
142
141
141
140
140
140
139
140
140
140
141
142
142
142
143
145
146
146
147
147
145
144
144
143
142
142
142
143
142
141
140
140
141
140
141
140
140
139
140
141
141
140
139
140
140
141
141
142
141
141
142
142
142
142
143
143
143
143
143
143
144
144
145
143
142
142
142
142
142
143
143
144
144
145
146
144
146
146
146
144
146
146
146
146
148
149
149
151
151
150
150
150
150
149
148
147
150
150
150
145
144
144
145
146
146
147
147
146
146
147
148
148
149
148
148
149
147
147
147
147
146
146
146
148
150
152
149
150
149
148
149
148
146
147
150
150
148
147
148
147
147
146
146
146
145
143
144
142
142
142
143
143
143
143
143
145
145
145
145
146
147
148
148
147
145
143
144
144
142
141
141
140
140
141
141
141
143
143
143
144
144
143
142
144
143
144
145
145
145
144
143
143
143
143
143
143
142
143
142
142
141
141
141
142
142
141
141
141
141
140
139
139
139
140
140
141
141
143
143
143
144
144
146
147
146
145
145
142
142
141
141
141
142
143
144
141
141
141
141
142
141
144
142
143
143
143
140
138
138
138
138
138
137
137
136
136
136
137
136
137
137
137
138
138
137
138
138
138
137
137
137
137
136
137
138
139
139
140
141
144
144
144
143
143
143
144
143
144
143
143
142
141
141
142
140
140
141
143
143
144
145
145
145
145
144
143
144
144
143
142
144
145
145
145
143
142
142
142
142
143
144
143
143
143
143
143
143
143
144
142
141
143
142
142
143
145
144
145
145
142
142
141
141
141
140
140
138
138
139
139
139
139
141
142
142
142
141
141
139
139
139
139
140
141
143
142
141
142
142
142
141
143
142
142
143
143
143
143
144
143
142
141
140
140
140
141
141
140
141
141
141
142
145
145
145
145
146
146
145
144
145
146
145
145
146
147
147
144
143
144
143
142
142
141
142
142
142
140
139
139
139
139
139
139
139
141
142
141
139
139
141
141
139
138
137
137
135
135
135
135
135
135
135
135
136
136
137
137
137
137
136
136
136
136
137
137
139
138
141
141
143
141
140
140
139
139
140
140
140
139
142
143
143
144
143
140
139
139
140
139
141
141
141
139
138
136
134
134
134
135
135
138
138
138
136
135
135
136
135
135
135
136
136
137
136
135
135
134
134
134
134
135
137
139
139
141
141
139
140
140
140
138
136
136
137
138
138
137
137
137
136
136
137
138
138
137
138
138
139
139
139
139
139
137
140
138
138
137
137
137
138
137
137
140
140
139
139
137
136
136
137
138
138
137
136
136
136
136
136
137
137
139
138
136
136
137
138
139
138
138
138
138
138
139
139
139
138
138
139
138
138
138
139
141
138
138
138
139
139
139
138
138
136
136
135
135
134
135
136
137
135
137
137
136
137
135
135
134
134
133
135
135
135
136
136
135
135
136
136
136
136
135
134
137
137
138
139
138
137
138
137
135
136
135
136
134
135
137
138
139
138
137
139
139
139
139
139
138
139
139
139
137
137
136
136
136
136
136
136
136
134
134
135
135
137
137
137
137
139
139
138
137
139
137
137
136
136
135
135
136
137
136
134
134
134
136
136
136
136
136
136
136
137
138
139
140
141
140
140
141
141
142
142
143
143
143
141
140
141
139
140
141
141
140
140
139
138
138
137
137
137
139
141
138
138
139
140
137
137
135
136
136
137
138
138
136
136
136
137
139
139
140
140
138
138
139
139
139
138
137
135
135
136
136
136
137
137
137
138
138
139
139
139
142
140
141
142
140
139
138
138
138
138
138
138
137
138
138
139
139
139
138
138
138
138
136
137
138
137
137
138
139
140
140
139
139
140
140
139
138
138
138
138
137
137
137
138
138
139
138
139
139
138
140
139
138
138
138
138
139
136
137
137
137
137
137
137
137
137
139
140
141
142
141
143
142
141
141
143
143
141
142
144
143
143
143
143
143
142
142
142
141
142
143
142
143
143
144
147
146
145
144
143
145
144
144
140
141
141
139
140
139
139
139
137
137
136
137
137
138
139
139
141
142
143
142
141
141
139
138
138
138
138
138
139
140
141
141
141
141
141
139
138
138
139
139
139
139
140
139
139
140
141
140
140
140
140
138
138
139
138
138
135
134
133
132
131
131
130
130
131
131
131
130
130
130
131
131
132
132
132
133
134
134
133
133
133
132
132
134
134
135
135
135
134
135
135
135
137
136
138
140
142
143
142
143
144
144
139
138
137
138
137
137
136
136
137
137
140
136
136
139
140
141
142
141
140
141
140
140
138
138
137
137
136
136
136
136
137
138
138
138
137
135
136
136
134
134
135
136
136
135
135
136
137
138
138
139
138
136
139
139
140
142
140
139
141
141
141
139
139
138
139
138
136
136
137
136
136
136
136
137
137
138
138
137
137
135
135
134
133
135
136
135
136
136
136
134
132
132
136
136
139
138
137
136
137
137
137
138
138
138
138
137
136
135
135
135
134
133
132
132
131
130
131
132
133
132
132
131
132
133
133
133
134
131
130
131
131
131
130
131
130
130
130
132
132
134
133
134
134
134
135
135
137
137
137
137
136
135
135
136
135
135
135
137
138
138
138
136
136
136
137
137
137
136
136
136
134
135
135
135
135
134
135
135
134
135
134
133
133
133
133
133
136
135
134
135
135
132
134
135
135
134
133
133
131
131
131
132
132
130
129
129
129
129
129
130
131
131
130
129
131
131
131
131
131
133
134
134
133
132
133
133
133
133
133
133
133
135
134
136
136
136
136
136
136
134
135
132
134
133
136
134
135
135
135
136
136
137
139
140
138
140
137
137
136
139
138
139
139
140
140
141
141
139
139
136
136
136
136
137
137
138
137
136
135
136
134
134
134
133
134
134
133
134
134
135
136
136
137
136
136
137
137
137
137
137
136
134
132
132
132
132
132
132
132
131
132
130
131
132
131
132
131
131
131
132
132
132
132
132
133
132
132
132
131
131
131
131
130
130
130
132
133
132
133
133
132
133
133
134
133
135
135
135
133
133
132
135
136
137
138
139
138
137
137
135
135
135
134
137
137
137
136
137
136
135
135
135
135
135
134
133
134
134
134
134
134
134
135
134
134
135
134
133
133
132
131
130
130
129
131
131
131
132
132
132
133
133
135
135
135
135
134
134
133
134
132
134
135
133
134
134
136
136
135
134
132
131
131
130
130
131
130
130
130
129
129
127
126
126
127
127
127
127
128
128
128
130
130
131
131
131
130
130
130
128
128
128
127
128
128
127
127
127
128
128
128
128
128
127
127
127
127
127
127
128
128
127
127
128
128
128
128
128
129
131
133
131
130
130
131
130
130
129
128
128
128
129
128
129
129
129
129
130
130
130
131
131
132
131
131
132
134
135
135
133
135
135
134
134
134
134
134
136
135
135
134
134
133
134
135
136
136
135
134
135
133
133
132
132
132
132
133
134
135
134
133
132
131
131
130
132
131
131
132
132
129
127
127
127
126
127
128
128
129
129
129
129
130
130
134
133
132
133
133
134
134
133
133
132
132
133
132
131
130
130
131
130
129
129
129
129
129
131
130
130
131
131
130
130
130
131
132
133
133
132
133
131
131
131
130
132
133
133
133
132
130
130
130
129
129
129
128
126
127
127
128
129
129
129
129
129
129
129
129
129
130
130
129
129
129
130
132
133
132
134
133
131
133
132
132
132
132
131
131
130
131
130
131
131
131
131
131
131
131
131
131
132
131
129
129
129
130
132
132
132
135
133
133
133
132
133
134
134
133
133
133
133
133
132
132
132
131
130
130
130
130
130
130
130
129
129
129
130
131
131
130
129
130
130
129
127
127
126
126
128
129
131
130
132
131
131
131
132
133
133
133
134
135
135
136
137
134
132
131
130
131
131
131
133
133
135
133
134
132
133
134
132
132
131
129
129
128
129
129
129
130
130
130
129
130
129
128
126
127
127
127
127
128
125
126
126
126
126
126
127
127
127
128
128
128
131
131
131
131
131
130
131
131
131
132
131
131
131
131
131
131
131
130
131
131
132
132
133
133
133
133
134
134
134
131
130
130
130
131
131
129
129
128
128
127
127
127
127
126
126
126
126
126
126
126
126
126
127
126
126
125
125
127
127
125
124
126
126
123
123
123
124
125
125
125
125
125
125
125
128
128
128
129
129
129
127
128
128
129
129
130
130
130
130
130
130
130
129
128
128
128
126
125
125
125
124
125
126
127
126
126
125
123
123
123
123
124
124
124
123
125
125
125
126
127
128
125
125
125
125
126
125
125
124
124
124
124
124
123
124
124
123
126
126
126
126
126
126
126
125
125
125
126
126
124
124
124
123
123
123
123
123
123
123
122
125
126
126
127
125
125
125
126
126
126
125
127
127
126
125
127
128
126
126
126
127
127
126
126
125
124
126
127
126
127
127
127
126
127
126
127
127
127
128
128
128
130
131
130
130
130
129
129
128
128
129
129
130
131
131
131
130
129
128
129
128
128
126
125
123
123
123
125
124
125
125
126
124
124
124
125
125
124
123
123
122
122
121
120
121
121
119
119
119
119
121
122
123
123
123
123
123
123
124
124
125
124
123
123
123
122
123
123
124
124
124
125
125
125
125
125
124
124
124
123
122
122
126
126
126
125
125
124
123
123
123
123
124
124
124
124
125
126
124
123
123
122
123
122
122
121
121
122
122
122
122
122
123
123
123
124
123
124
124
125
124
123
123
123
123
124
124
124
126
125
125
126
127
127
127
127
127
127
127
127
126
126
126
126
126
126
127
128
128
128
128
129
127
127
128
128
128
128
127
127
126
126
126
127
127
128
128
126
125
124
124
124
123
123
123
123
123
124
124
123
123
123
124
125
125
125
129
128
128
127
128
127
128
128
125
126
124
125
126
126
124
123
122
122
122
120
121
122
122
120
121
122
123
122
122
121
122
122
122
123
123
123
124
124
125
126
127
126
126
125
125
125
124
124
124
124
125
124
125
125
124
123
123
123
121
120
121
121
120
121
122
122
121
121
120
119
119
119
119
118
118
119
119
119
118
118
118
118
118
118
118
118
120
120
119
119
118
118
118
119
119
120
121
121
121
122
122
123
124
125
125
124
124
123
124
126
125
125
123
124
125
124
125
125
125
125
125
124
124
123
124
125
126
125
126
129
127
127
128
129
127
126
126
125
124
124
124
124
124
124
124
124
123
123
123
123
123
123
123
123
124
124
123
124
124
123
124
126
126
125
125
124
124
123
123
124
124
125
125
125
123
123
124
125
124
123
122
122
124
123
125
125
125
126
126
123
123
122
122
121
121
120
119
120
120
119
119
119
119
120
120
120
120
121
121
121
121
124
124
126
126
126
124
123
122
122
121
120
118
118
118
