0.00021482758620689656 0.0007951724137931035
300
295
295
289
287
287
284
283
280
281
279
278
276
275
272
272
270
271
270
272
271
270
268
269
268
269
269
266
264
262
262
262
263
262
261
260
260
259
260
260
259
258
259
260
259
259
259
260
260
258
259
261
259
258
256
255
255
256
254
255
256
256
254
256
257
258
259
259
260
259
260
261
259
258
259
260
259
259
259
258
256
255
255
256
256
253
252
252
251
251
253
252
253
253
253
254
254
256
255
255
254
254
255
256
254
254
254
254
255
257
257
258
258
258
261
258
258
257
257
253
252
254
253
252
253
254
257
259
260
260
258
257
256
257
258
257
257
257
257
257
256
255
253
254
253
254
251
251
252
254
253
253
253
254
254
254
255
255
255
255
254
255
256
255
256
255
254
254
255
254
254
254
255
254
254
256
257
257
256
258
256
255
255
254
253
253
252
251
253
251
252
252
254
254
253
253
253
254
252
252
252
253
254
254
255
255
253
255
256
257
258
256
253
255
255
256
253
251
250
249
249
249
250
249
248
249
248
247
248
248
248
249
249
251
250
247
247
248
249
251
250
251
250
247
247
247
246
247
248
248
249
252
253
252
251
249
251
251
252
249
247
246
246
246
245
244
247
248
248
248
248
247
247
248
247
247
246
245
246
245
246
244
245
246
246
246
245
244
244
245
243
243
243
244
244
244
246
245
246
246
246
244
243
245
244
246
245
246
246
245
246
248
246
245
243
244
243
243
242
242
242
241
241
241
242
241
241
242
244
244
244
247
245
245
244
244
244
241
242
242
240
241
241
241
242
244
244
243
241
242
242
243
243
245
245
243
243
244
243
244
244
244
246
245
246
246
245
245
244
244
244
244
244
246
247
248
248
248
247
246
246
246
247
246
244
245
246
243
243
243
243
243
242
243
243
244
244
242
242
241
241
241
241
241
242
244
247
246
245
246
245
245
244
243
244
245
248
249
251
253
252
252
252
251
249
249
251
251
252
251
252
254
254
254
253
252
251
251
250
249
250
249
249
248
248
247
245
246
246
248
249
249
248
246
247
247
246
246
245
245
245
242
242
242
243
244
245
246
248
247
246
246
244
243
242
245
246
244
244
244
244
244
242
242
243
243
242
243
243
243
242
241
241
241
241
241
243
246
246
246
248
247
247
245
245
245
242
240
239
241
242
243
242
243
246
246
246
244
244
244
244
243
242
242
243
244
244
244
244
245
246
246
245
244
246
245
243
245
245
247
246
246
247
249
247
246
245
244
245
245
244
244
248
248
249
246
244
245
243
242
242
241
242
242
243
242
242
243
240
243
242
243
243
243
243
243
245
244
244
244
242
243
241
241
240
241
240
238
238
238
237
237
236
237
237
237
239
240
242
243
243
244
242
242
239
239
239
240
238
238
236
235
235
235
236
236
235
235
236
238
237
238
237
236
237
238
238
239
239
239
238
238
238
238
237
238
237
236
236
235
235
236
235
237
237
236
238
238
239
239
239
239
242
243
243
243
242
243
242
241
242
243
242
240
240
243
247
241
239
239
239
238
239
240
240
239
239
238
238
238
239
240
241
240
240
241
239
238
238
237
237
237
240
240
239
239
241
239
240
241
241
241
242
240
238
240
239
238
238
239
239
239
237
237
238
239
238
235
235
234
236
236
236
236
235
236
236
237
236
236
235
235
233
234
235
235
236
236
236
237
236
236
236
236
236
237
241
240
240
238
235
237
236
236
235
235
235
235
235
235
239
239
238
239
239
239
240
239
238
238
238
238
239
237
235
235
234
234
233
233
233
233
235
237
238
237
238
239
237
239
238
237
237
238
241
241
240
237
237
236
237
235
235
235
235
234
234
235
235
233
233
235
234
234
233
233
234
236
239
240
240
240
242
241
241
243
241
239
239
237
236
235
235
236
236
236
236
238
237
236
236
234
233
231
231
232
234
232
233
233
234
235
234
233
232
233
235
235
234
234
234
232
232
233
233
234
234
233
235
236
236
236
235
235
234
233
234
234
232
231
232
230
232
231
231
230
231
232
231
232
231
229
231
232
230
230
230
230
232
232
232
232
231
234
233
233
231
234
234
234
233
230
231
233
232
233
233
233
234
233
233
233
235
236
236
236
233
231
230
227
227
226
226
225
224
224
224
226
226
225
225
226
226
225
225
225
227
226
226
225
224
225
226
225
227
226
226
228
229
228
225
226
227
227
227
229
230
229
229
230
230
231
231
233
232
233
232
233
233
231
230
229
231
232
232
231
230
229
230
229
229
229
229
229
229
230
231
229
229
230
230
230
228
227
227
227
225
225
224
223
223
223
223
224
225
226
225
225
225
225
226
226
226
226
226
226
225
226
226
226
226
224
224
224
224
224
224
224
224
225
225
223
224
224
224
224
225
225
227
229
229
230
229
230
230
230
228
227
226
226
228
228
227
225
224
225
223
223
222
222
223
223
226
226
225
224
226
225
224
225
225
226
226
230
228
229
227
227
224
224
224
223
224
224
224
224
224
222
221
221
222
222
222
221
221
221
222
223
224
223
223
224
226
227
228
228
224
223
223
223
224
225
225
225
224
223
222
222
221
219
219
220
220
221
223
222
222
223
224
224
225
225
222
222
223
222
222
222
222
222
222
221
222
225
225
225
226
227
225
225
223
221
222
221
221
219
221
221
222
224
224
225
223
224
224
226
227
227
227
227
231
231
229
228
227
227
228
226
225
226
226
225
227
227
225
222
222
222
223
222
221
222
222
222
222
222
222
221
221
221
222
223
222
222
221
221
221
222
222
222
223
223
222
222
220
221
222
222
223
224
225
224
224
223
223
224
224
223
225
223
224
224
225
225
225
224
223
223
223
223
225
225
225
224
226
226
225
225
224
222
221
223
223
224
225
228
229
230
228
226
223
224
223
224
224
225
226
226
226
226
225
225
223
223
224
223
223
223
225
225
225
226
225
225
224
222
221
221
221
222
221
222
223
225
228
228
228
228
226
227
227
225
224
223
222
219
219
219
219
218
217
216
218
218
219
219
218
222
222
221
222
223
223
223
223
224
223
223
222
223
224
224
223
224
224
224
225
223
220
220
222
223
223
222
222
224
222
222
221
222
223
226
225
224
223
222
223
223
223
222
219
219
219
219
219
219
220
221
221
220
220
221
221
222
222
222
223
222
222
220
220
219
219
220
221
222
222
223
223
223
222
222
221
219
219
220
220
223
223
222
221
220
219
219
219
218
218
217
218
219
220
221
221
221
218
218
219
219
221
221
225
225
225
225
224
222
221
221
222
222
222
224
224
223
224
221
223
225
224
224
223
223
223
223
223
224
223
222
222
223
220
219
217
219
219
220
219
218
218
218
218
219
219
220
219
220
220
218
216
214
214
214
214
215
215
216
216
215
215
215
217
219
218
218
217
218
218
218
218
218
217
218
217
216
216
216
218
217
216
217
218
218
218
220
221
222
220
220
220
222
222
221
220
221
221
220
221
219
222
221
221
222
221
222
222
220
220
222
224
224
225
224
221
220
219
217
216
215
216
216
216
217
216
216
214
215
215
216
216
216
216
217
217
217
215
215
216
218
219
221
220
221
222
220
219
219
219
219
221
221
219
219
221
219
220
218
218
219
219
219
217
218
217
217
215
215
215
215
215
216
216
217
219
220
221
219
219
219
219
219
218
218
218
219
218
219
218
217
216
216
216
216
217
216
217
216
217
218
219
219
220
220
219
218
219
215
215
215
215
216
217
217
217
217
215
216
216
214
214
214
213
214
216
214
214
214
214
214
213
213
212
210
210
210
211
212
212
213
212
214
213
213
213
214
214
212
212
212
212
212
212
211
213
213
213
211
210
210
212
213
212
212
213
211
211
209
208
208
209
207
209
210
210
211
209
210
209
209
208
207
208
207
207
208
208
209
210
210
209
209
210
210
211
211
210
210
210
211
209
209
209
209
210
209
209
209
210
210
211
211
211
211
212
212
213
213
215
213
212
212
209
210
210
209
209
208
208
210
212
212
215
214
214
214
212
212
214
214
214
215
216
218
218
218
216
216
217
216
216
215
215
215
215
212
212
213
213
212
211
211
211
212
212
213
212
214
214
214
213
211
212
211
211
210
210
210
210
211
211
212
212
211
212
211
212
212
213
213
214
214
215
211
211
212
212
213
212
211
210
210
210
213
211
211
210
209
209
208
211
211
211
211
211
210
210
209
210
208
208
207
206
206
207
206
207
206
205
206
206
208
207
207
207
207
208
207
206
205
206
206
206
206
206
204
204
204
204
204
204
205
204
204
206
208
207
209
210
211
209
209
210
208
208
207
208
209
209
208
211
211
212
211
211
211
212
211
214
215
214
215
214
212
213
213
214
213
212
209
207
206
206
206
206
206
207
206
206
207
207
207
208
207
209
208
207
208
207
207
207
207
207
207
208
208
206
206
206
207
207
205
205
205
205
205
206
207
206
205
205
205
204
204
205
204
204
205
204
205
205
206
207
205
206
208
208
208
208
206
206
205
205
206
206
207
208
206
206
207
207
208
206
205
205
205
205
205
204
205
205
204
203
203
200
200
200
199
199
202
203
203
202
202
202
202
203
202
202
202
200
201
203
203
203
205
204
205
203
206
205
207
208
209
210
206
206
206
206
204
203
203
202
202
202
203
206
204
205
206
205
202
201
202
201
200
200
202
202
203
203
203
202
200
202
202
203
203
205
204
203
203
203
203
203
204
207
209
209
207
207
204
204
205
205
204
204
203
202
201
201
199
200
200
199
200
200
203
203
206
207
206
206
206
204
204
202
202
200
199
199
197
195
196
197
197
197
197
198
198
200
200
198
200
200
201
201
205
206
205
203
201
202
204
205
204
205
205
204
204
203
202
202
203
202
200
199
199
198
196
195
195
195
194
193
193
194
194
192
192
190
191
191
192
195
194
195
194
194
194
196
196
195
197
198
198
198
197
197
196
198
198
196
196
197
197
197
199
201
200
198
197
197
197
197
199
197
200
200
199
199
201
199
197
196
197
195
195
195
196
196
196
196
194
195
194
193
193
193
193
193
194
195
195
195
195
193
194
195
196
197
197
198
197
196
197
196
196
195
195
195
195
195
195
194
195
192
192
192
191
191
190
191
190
190
190
192
191
191
191
193
192
193
191
191
192
192
192
192
191
191
192
192
193
190
189
189
189
189
188
188
188
187
187
188
189
189
189
190
191
191
191
190
191
191
192
191
191
190
190
190
190
189
189
189
189
190
192
191
191
193
190
191
193
193
193
195
197
195
196
197
197
198
198
198
196
196
196
195
193
192
191
190
191
194
193
192
193
193
192
191
192
191
189
190
190
189
188
188
189
190
193
193
192
192
191
191
191
191
192
192
194
194
194
193
195
196
196
196
197
197
198
197
196
197
198
198
197
198
196
196
197
198
196
196
196
195
194
195
196
195
193
191
191
194
194
194
193
193
194
195
196
198
195
194
194
194
193
193
192
193
193
193
192
192
193
192
193
192
193
193
192
191
191
191
189
190
191
190
189
191
191
192
193
194
195
194
194
194
195
196
196
195
195
195
195
194
194
192
194
193
193
192
194
194
194
194
194
195
195
198
198
199
197
195
194
195
194
194
196
194
193
194
193
193
192
191
190
189
189
190
190
190
190
191
191
191
189
189
189
190
191
191
188
188
188
191
192
191
191
192
191
191
190
190
190
191
190
188
189
191
189
189
188
188
189
191
192
190
192
193
193
192
192
190
189
189
190
191
191
192
191
189
188
188
189
188
187
186
186
186
187
188
189
190
190
189
188
188
188
188
188
189
189
189
188
190
190
193
193
192
191
191
191
191
190
188
188
191
191
190
190
190
189
190
190
193
192
193
194
194
192
192
191
191
191
191
192
193
192
192
191
191
190
189
189
191
190
190
189
190
190
189
189
189
190
192
192
192
193
194
191
191
190
191
190
190
190
190
190
191
192
190
190
189
189
189
189
189
189
189
188
190
192
193
192
191
193
194
192
191
192
193
193
193
192
193
194
194
194
193
192
191
192
191
191
190
190
190
189
188
188
190
190
189
188
189
189
189
189
189
190
190
189
189
190
190
191
192
189
189
189
188
188
188
189
190
191
189
190
191
190
190
189
189
189
190
191
194
195
194
194
197
196
195
194
193
194
193
192
193
194
196
194
194
194
195
194
196
194
194
192
193
192
189
188
188
188
187
187
187
187
187
187
187
187
187
187
187
187
187
186
185
186
186
187
188
188
188
185
185
184
185
186
187
187
187
187
187
187
187
187
187
187
186
188
188
187
188
189
192
193
191
192
192
192
193
192
191
191
191
190
189
190
190
188
191
191
191
190
190
189
189
191
192
191
190
192
192
192
192
191
191
191
190
189
189
190
189
189
189
189
187
186
186
186
185
185
186
187
187
188
188
189
189
192
191
191
191
190
190
191
191
192
192
192
192
191
191
191
191
191
192
192
190
188
189
189
188
188
188
189
188
188
188
187
186
187
186
187
187
187
187
187
188
188
189
188
187
186
186
186
186
186
187
186
186
186
187
187
189
189
189
190
190
190
190
189
188
191
190
190
189
189
190
192
194
194
191
191
192
192
192
190
191
191
191
191
190
189
189
189
189
189
190
189
188
187
188
188
189
190
190
191
191
190
189
188
188
188
187
188
188
188
186
187
187
187
187
187
188
189
190
190
188
188
189
189
191
188
189
190
192
190
188
187
187
187
187
187
188
188
188
187
185
185
186
188
188
188
189
189
188
188
186
186
186
187
187
186
187
189
188
188
188
189
187
188
188
188
188
185
185
186
186
186
186
187
186
186
186
187
188
187
186
186
187
187
186
186
186
184
182
184
184
184
185
185
186
185
188
187
187
187
187
187
187
186
185
185
184
183
183
183
183
183
183
183
183
183
183
184
186
187
186
186
186
187
187
187
186
187
189
189
189
192
191
191
191
192
193
193
192
193
192
190
190
190
192
190
190
191
191
191
191
190
189
189
189
187
189
187
187
187
187
186
186
186
185
187
186
182
183
184
184
185
186
185
186
185
185
185
185
186
187
187
188
186
186
187
188
186
186
186
186
185
184
183
183
184
184
183
182
181
181
181
181
183
183
183
181
183
182
183
183
183
182
182
183
183
183
185
184
184
186
186
186
186
185
185
185
184
184
183
183
182
183
181
181
181
181
180
181
180
179
180
181
180
181
180
181
181
183
182
183
183
183
183
183
184
185
185
187
189
187
187
189
187
187
187
187
188
187
186
188
185
185
184
184
183
182
181
184
185
183
183
183
185
183
184
183
182
182
182
182
183
184
183
183
184
182
182
181
181
179
179
178
178
179
179
181
183
184
184
184
183
181
181
180
181
182
183
183
183
182
184
182
182
181
181
181
182
181
182
183
183
184
185
186
185
185
185
187
187
184
181
181
181
181
181
180
179
180
180
181
177
177
178
177
176
176
177
178
178
179
177
177
177
177
177
177
178
179
180
180
182
182
181
181
180
180
179
179
180
180
178
177
177
177
178
178
178
177
177
180
181
181
182
182
179
179
178
178
178
179
179
178
178
178
177
177
178
179
180
182
182
184
184
186
187
187
187
186
186
187
188
189
187
186
186
186
185
186
184
182
181
182
184
184
185
184
184
183
184
185
185
182
182
182
183
183
183
184
185
185
186
184
184
182
183
182
181
181
180
179
179
179
179
180
179
180
180
180
178
178
179
179
179
179
178
177
178
177
178
180
179
180
179
180
180
178
178
177
177
175
174
174
176
176
176
174
173
173
173
173
175
176
175
176
176
175
175
175
175
177
176
177
176
174
175
175
174
173
173
174
173
173
174
174
176
174
173
173
174
174
174
174
174
173
173
173
173
174
174
176
176
176
175
175
177
178
180
179
178
178
179
181
179
180
178
177
176
176
175
175
175
176
176
175
176
176
177
180
181
181
181
181
181
180
180
179
176
176
176
175
175
174
174
174
173
173
173
173
173
172
172
173
173
173
172
171
171
171
171
170
170
170
170
171
170
170
170
170
172
173
173
172
172
173
172
172
173
171
171
173
174
174
173
171
172
173
174
177
175
174
175
174
173
173
174
175
174
173
174
174
173
173
173
172
172
170
171
171
171
172
172
172
172
172
174
174
173
174
177
178
177
178
178
177
177
175
174
174
174
175
173
173
172
172
172
172
170
171
170
170
171
170
169
169
169
168
168
168
168
168
168
168
168
167
167
168
168
169
169
169
170
170
169
170
170
169
169
169
169
170
171
172
172
172
171
171
173
172
170
170
171
172
172
171
170
170
170
171
171
174
172
171
172
172
171
171
172
173
173
173
172
173
175
175
175
174
175
176
177
177
178
177
178
179
178
177
178
178
180
177
178
175
175
175
173
172
172
172
171
173
174
172
170
171
172
172
171
170
170
171
170
169
169
168
168
169
169
170
169
168
169
169
170
169
171
171
172
171
172
172
175
174
174
175
174
170
169
169
167
168
167
168
167
166
166
166
167
167
167
167
166
167
165
165
163
163
163
163
163
163
163
164
164
164
164
164
163
163
162
162
162
162
162
164
165
164
165
166
166
167
168
170
170
167
167
167
167
167
167
167
167
165
165
164
164
166
166
164
164
164
165
165
165
164
163
165
167
166
167
166
165
165
164
162
160
160
160
160
161
162
163
162
162
164
164
164
164
165
165
167
166
167
166
168
169
169
169
170
170
169
168
166
166
167
168
169
169
167
167
167
168
168
168
171
173
175
173
172
171
170
171
169
167
166
167
166
166
165
164
164
163
162
161
163
164
164
165
165
165
164
164
164
164
163
163
162
162
163
164
165
166
164
165
167
165
166
167
166
166
164
165
168
168
169
171
171
170
170
170
170
170
171
170
167
166
164
164
164
162
162
161
161
160
160
160
161
161
161
160
160
160
160
160
160
163
164
164
166
164
165
165
166
164
164
163
162
161
160
161
161
164
165
164
163
163
163
163
163
162
161
161
161
162
162
162
162
164
162
163
163
163
163
162
161
161
160
160
160
159
160
159
159
159
158
159
160
160
161
163
163
164
163
163
163
161
161
161
161
161
163
163
165
165
165
166
165
165
167
168
168
168
164
164
164
163
163
165
165
164
163
163
163
164
162
160
159
159
160
161
161
162
160
162
161
161
161
160
159
158
158
158
160
160
160
160
159
160
159
160
160
160
160
160
161
161
162
163
163
162
163
165
165
164
164
163
163
163
164
163
163
163
162
163
164
164
162
162
163
163
163
162
164
165
166
167
167
168
169
167
167
168
167
168
168
165
164
165
166
167
167
170
170
169
169
167
166
165
164
165
166
166
163
164
164
163
163
163
164
164
163
164
163
163
165
164
162
163
163
163
162
161
163
160
161
161
162
160
160
159
161
162
162
162
161
161
163
163
162
162
162
163
164
163
162
162
164
164
163
163
162
162
160
161
162
162
163
163
162
162
162
162
162
162
163
162
161
161
161
162
161
161
160
161
161
162
162
162
161
161
160
159
159
159
159
158
158
160
159
157
157
155
155
155
155
156
156
156
157
157
158
158
158
158
158
156
156
155
156
154
154
155
154
154
155
155
156
156
156
156
156
156
156
155
157
157
158
159
160
162
163
163
163
161
159
159
159
160
160
161
160
162
162
162
160
160
158
158
158
159
160
159
161
160
159
161
162
161
162
162
162
161
161
161
162
163
164
165
165
164
163
163
162
161
162
161
160
160
161
161
161
161
162
163
162
162
162
161
161
161
161
161
160
160
160
159
160
160
159
159
159
159
159
161
160
160
159
158
158
158
158
158
158
158
157
158
158
157
158
158
158
158
159
162
163
163
163
164
164
163
162
162
162
163
163
163
163
163
162
163
164
165
166
167
167
167
167
168
168
167
166
167
167
166
167
166
167
166
167
167
163
164
164
164
164
162
162
159
160
160
160
161
159
159
159
159
159
158
157
158
158
158
157
154
155
155
156
155
154
154
156
155
154
154
155
156
156
155
155
156
156
158
157
156
155
157
157
157
157
158
157
157
157
157
156
156
155
153
153
153
153
153
151
152
153
155
156
155
157
157
158
158
157
156
157
157
159
158
157
157
158
157
156
156
156
155
154
154
153
153
153
153
152
153
155
155
158
158
158
158
158
156
157
157
157
155
154
153
152
152
153
154
155
156
154
154
154
153
154
153
153
154
154
154
154
154
154
154
154
155
155
154
155
157
158
158
158
157
157
157
157
158
159
156
156
156
156
157
156
157
157
156
156
155
156
157
157
156
156
157
158
160
159
158
159
158
159
158
156
156
156
158
158
156
155
155
157
158
156
156
156
154
155
154
154
153
153
153
154
154
155
155
155
157
158
158
158
158
159
159
159
159
158
157
154
154
154
154
155
155
155
154
155
154
154
154
155
155
155
155
155
154
154
154
154
154
154
154
154
154
154
152
153
152
153
153
154
154
153
153
153
153
153
153
154
154
155
156
156
157
158
157
156
157
157
157
158
159
158
158
158
156
157
156
155
156
156
155
155
155
156
156
157
157
158
157
157
156
156
156
157
157
157
156
156
157
157
157
156
158
155
154
155
155
153
153
155
155
155
154
154
155
155
155
155
155
155
154
155
156
156
157
156
155
156
156
158
156
156
155
155
154
154
154
154
153
152
152
152
154
154
155
157
156
155
155
154
155
157
157
156
154
153
153
152
152
154
154
154
154
155
155
154
154
155
155
155
155
153
153
155
155
154
155
155
155
155
154
153
153
153
153
152
154
154
154
154
154
155
156
157
156
154
153
153
153
152
151
151
151
152
152
152
152
151
151
150
151
151
150
150
150
150
150
150
150
148
148
149
150
149
151
152
152
153
154
152
153
154
153
156
153
153
152
153
153
152
151
150
152
150
150
150
152
154
153
154
152
154
154
151
150
152
153
153
153
153
153
153
151
151
151
151
151
151
151
151
151
151
153
153
154
153
154
153
153
154
152
152
149
150
150
150
152
153
154
157
156
155
156
155
155
158
156
156
159
158
156
155
155
154
154
154
153
153
152
155
154
153
153
154
152
152
150
151
154
155
155
154
154
153
152
151
151
151
150
150
149
148
148
148
148
148
148
149
148
150
151
152
151
150
150
151
151
151
151
151
151
151
150
152
154
153
151
151
152
150
152
152
151
150
150
151
151
152
150
149
149
149
148
148
148
149
150
151
151
151
151
152
151
151
151
151
152
151
151
151
151
149
149
148
148
149
147
147
147
147
147
147
147
147
148
148
149
150
149
148
149
148
147
148
150
147
151
151
154
154
155
154
156
157
155
154
153
153
151
150
150
150
150
149
149
149
149
149
149
149
151
150
149
149
149
150
150
149
150
150
150
