0.000863448275862069 0.001
300
297
287
284
279
271
270
262
257
249
246
241
238
236
235
232
229
228
225
224
223
220
218
216
217
217
215
214
216
216
217
215
213
212
213
213
214
215
214
214
213
211
215
211
213
212
211
208
206
205
204
203
203
201
203
202
203
200
200
197
196
196
197
196
194
194
194
194
193
193
192
193
190
190
191
194
194
195
193
195
194
192
192
193
192
193
193
190
188
186
184
182
181
180
180
180
180
181
180
180
180
179
181
183
182
182
179
180
179
179
180
180
180
183
184
183
182
183
184
184
182
180
180
180
179
178
178
179
180
180
181
179
180
181
183
183
182
185
185
184
184
184
184
185
186
186
185
185
185
184
183
183
182
179
178
178
179
179
179
179
182
181
181
180
179
178
179
178
178
177
177
174
171
171
171
172
170
169
170
171
170
168
169
170
168
168
168
167
167
168
166
165
167
167
165
164
165
164
163
163
163
165
165
165
168
169
170
169
169
169
169
169
169
172
171
172
171
170
171
171
171
170
170
167
169
168
169
169
170
170
172
173
173
173
175
175
174
176
176
177
175
175
171
171
171
170
169
168
167
170
168
171
170
171
171
168
169
170
170
170
170
170
170
169
169
169
168
167
170
169
170
170
171
169
166
167
167
167
167
167
167
167
169
171
171
171
169
168
168
168
167
163
163
163
163
165
165
163
164
164
163
164
164
164
164
162
161
160
159
160
162
163
162
162
161
160
161
160
160
164
162
163
163
163
162
162
159
160
159
159
158
158
158
158
156
156
157
156
154
154
155
155
154
156
156
158
159
158
160
160
159
159
158
158
158
159
159
160
161
162
161
160
160
160
159
159
160
159
160
158
159
159
160
160
161
161
159
158
158
159
162
163
162
160
160
161
160
160
160
160
159
162
162
161
162
163
164
164
164
164
164
161
158
158
158
157
157
157
155
154
155
155
155
156
156
157
157
156
156
156
157
156
155
155
157
156
157
155
155
155
158
158
159
161
160
158
159
157
159
158
158
159
159
159
159
159
159
159
161
161
160
161
162
162
162
162
161
160
158
158
156
155
155
155
155
156
154
154
156
157
156
155
156
156
157
156
156
156
154
154
154
153
154
154
154
154
153
153
154
154
155
154
152
152
152
149
149
149
149
148
150
149
148
147
147
146
147
147
147
148
147
148
149
149
148
148
148
148
148
146
147
147
147
147
148
148
148
148
149
149
148
149
147
147
147
148
148
148
149
150
151
152
152
152
153
154
152
151
151
148
147
147
146
147
146
146
145
146
145
146
147
148
147
147
147
147
148
149
151
152
151
151
153
152
153
152
154
155
156
156
153
154
153
153
153
153
155
155
154
154
155
155
152
152
152
153
153
152
150
150
149
148
145
145
145
145
147
146
146
146
146
148
150
149
150
150
152
151
151
149
147
149
148
149
149
148
148
148
148
149
150
150
149
148
148
143
142
143
143
143
144
144
144
143
141
141
139
140
141
141
140
140
141
142
142
142
142
142
142
144
144
143
143
143
142
143
144
145
145
145
144
144
144
142
143
144
143
145
145
144
143
142
143
144
144
144
144
140
142
142
146
147
148
147
144
144
146
145
143
145
145
145
145
146
144
145
143
144
144
145
143
143
144
144
143
144
147
146
146
145
144
144
146
148
147
146
145
144
145
145
146
146
145
145
145
144
144
143
140
139
139
140
140
138
139
138
139
139
139
140
138
138
138
140
140
140
139
137
136
136
135
136
137
136
137
136
139
140
139
137
137
135
135
134
135
136
135
135
136
137
136
136
136
136
137
138
139
137
135
136
138
137
137
138
137
136
135
138
138
139
138
138
138
138
138
137
136
136
134
135
136
136
134
135
135
137
136
136
136
135
132
132
132
132
132
133
132
133
134
133
131
129
129
130
131
129
129
129
128
128
129
131
131
133
135
134
133
133
135
137
136
135
136
135
136
135
134
133
133
131
131
130
131
130
131
131
132
132
133
133
132
133
133
132
132
132
132
132
131
131
131
131
131
131
133
134
133
134
130
131
131
133
133
131
131
131
130
130
128
127
127
125
124
123
123
126
126
124
124
125
127
127
127
127
127
126
126
125
125
123
122
123
122
123
125
124
123
123
123
123
123
123
124
122
122
122
121
122
122
122
122
123
124
123
123
123
121
121
121
121
120
120
121
121
122
123
124
124
124
124
128
127
128
128
128
128
127
125
126
126
126
124
124
124
124
125
124
124
123
123
123
124
123
125
125
124
124
124
123
123
125
123
123
121
121
119
119
119
119
121
122
121
121
121
122
123
123
122
122
121
119
119
120
120
120
121
121
121
121
119
118
118
118
118
118
119
121
121
123
122
123
122
121
121
121
120
120
120
121
124
123
122
123
123
122
122
122
123
122
123
122
123
123
122
122
121
121
123
124
124
126
124
124
126
125
123
125
125
125
126
126
126
127
127
128
129
129
129
128
128
127
127
128
128
129
127
129
129
128
128
129
129
127
126
127
126
125
125
126
125
125
126
127
129
130
130
131
129
131
131
132
130
127
128
127
129
130
128
126
126
125
125
125
124
123
123
123
123
124
123
123
124
124
125
127
128
127
125
125
125
125
125
126
126
126
126
125
126
127
127
126
127
127
124
124
124
123
123
124
123
122
120
121
122
123
123
121
120
121
123
123
123
123
123
122
122
120
120
120
119
120
120
121
121
120
120
122
122
122
122
123
121
121
120
121
122
122
121
122
120
121
122
121
121
120
121
120
119
120
121
126
126
124
122
123
126
124
123
122
123
124
122
122
122
124
124
124
123
123
123
122
122
121
122
122
123
124
124
123
123
122
122
122
121
122
122
121
120
122
121
119
118
118
117
117
119
120
117
117
117
117
119
118
116
117
116
117
118
118
119
120
119
118
120
120
120
121
121
120
120
120
120
119
118
118
117
119
119
118
119
119
120
120
120
122
122
123
123
123
122
121
122
123
124
125
124
126
126
124
125
125
125
126
124
123
123
123
123
127
126
127
127
126
124
121
121
121
122
123
126
126
124
124
124
124
123
122
122
122
122
122
122
122
121
122
122
121
122
123
124
124
123
123
123
124
126
126
126
126
125
124
123
123
124
126
126
128
128
127
126
127
126
124
124
125
123
125
124
124
124
124
123
121
122
122
122
122
123
121
122
122
122
122
122
121
120
120
119
120
121
122
121
121
121
120
120
120
119
118
119
119
118
118
120
121
121
122
122
121
121
122
122
124
123
122
122
123
123
122
122
122
122
122
121
121
118
117
117
118
118
118
119
119
118
118
117
117
117
119
119
118
117
117
116
116
116
116
116
116
116
116
116
116
116
116
116
116
117
117
116
116
116
116
114
115
116
116
117
117
118
118
117
117
117
117
117
116
116
116
116
117
117
117
118
119
118
119
120
120
122
121
121
121
122
123
123
125
126
126
126
126
126
126
126
127
127
125
125
125
127
126
128
127
127
128
127
127
128
127
127
127
126
126
127
129
128
127
128
127
127
125
123
124
122
123
121
119
119
119
118
118
118
118
118
117
117
117
116
115
114
114
114
115
115
116
118
118
117
116
115
115
115
116
117
115
114
114
115
114
114
114
115
117
116
118
116
116
116
113
113
114
114
114
114
114
114
114
114
114
116
116
117
117
116
118
118
120
119
120
119
120
119
122
122
121
120
120
120
120
120
120
121
120
119
121
119
119
118
118
117
116
116
118
120
120
118
119
119
119
118
119
119
119
120
120
118
118
118
117
117
116
116
115
116
116
117
117
117
116
116
117
117
119
119
118
117
118
118
118
118
120
119
118
119
119
121
120
120
121
121
118
118
117
117
117
117
117
117
116
117
117
115
113
113
113
113
113
114
113
113
113
113
114
114
113
112
113
113
112
112
113
112
113
112
112
113
112
113
113
116
117
117
116
116
116
114
115
115
116
117
117
115
115
115
113
113
113
111
111
112
112
113
113
112
113
113
113
112
113
113
111
112
113
113
112
112
113
113
113
112
110
112
112
111
112
112
112
111
111
111
111
111
110
110
111
111
111
111
111
111
111
112
111
111
109
109
110
112
112
112
112
112
112
112
112
112
114
116
118
119
120
120
118
117
116
117
116
116
116
116
114
113
114
117
118
118
117
119
120
120
119
118
117
119
119
119
119
120
119
118
118
118
118
116
116
115
116
116
115
116
115
116
116
116
115
114
113
114
112
111
112
112
112
111
111
111
111
110
109
110
112
112
111
112
112
111
111
112
112
113
115
117
116
116
116
115
114
113
113
112
111
112
113
114
113
113
113
113
111
111
111
111
111
111
111
111
111
111
111
112
113
112
111
110
110
110
110
111
111
111
110
110
109
108
108
108
107
107
107
108
108
110
109
109
110
111
109
108
108
109
109
108
108
108
107
107
108
108
108
107
107
107
107
106
106
107
105
104
104
105
105
105
106
107
106
106
106
106
105
105
105
106
107
109
109
110
110
110
112
111
113
113
114
113
114
114
113
113
114
113
113
110
109
107
106
106
106
107
107
108
108
107
108
108
108
108
108
109
108
108
108
109
109
109
109
108
111
113
112
111
111
110
109
109
110
110
109
109
107
107
108
108
109
109
110
109
108
109
109
108
107
107
108
105
105
105
105
105
106
106
106
107
106
107
107
106
106
106
106
106
107
107
108
108
109
108
107
108
108
109
109
109
107
107
107
108
108
109
109
109
109
109
109
108
107
108
105
104
104
105
104
104
104
104
104
105
105
105
105
105
105
103
103
104
105
105
105
106
106
106
108
109
110
110
110
111
111
111
110
111
111
111
113
112
113
112
113
112
113
112
113
113
113
113
113
113
113
114
114
114
114
112
112
112
111
111
109
109
108
108
109
108
108
106
105
106
105
105
105
106
107
108
108
108
110
110
110
111
112
112
110
109
110
109
109
108
108
108
109
109
109
109
108
109
109
108
106
107
107
108
108
107
108
108
108
109
108
109
108
108
109
108
109
108
108
109
112
112
113
113
113
114
113
113
113
113
114
114
115
116
116
116
116
115
114
113
112
114
113
112
113
116
117
118
117
116
117
116
117
120
120
120
119
116
116
113
112
114
117
116
115
114
115
115
115
116
115
115
117
116
115
113
114
115
115
115
117
117
117
116
116
115
114
113
114
114
113
114
114
114
114
115
117
119
118
118
117
117
116
116
114
113
114
113
114
113
113
113
112
112
114
116
118
117
116
115
114
114
114
114
116
115
115
115
113
116
117
117
114
114
111
113
115
115
114
113
114
111
111
109
108
109
109
109
109
109
108
106
106
106
106
106
107
106
107
106
106
106
106
107
105
105
106
106
105
105
105
105
107
107
105
105
105
106
106
106
106
107
108
107
106
108
108
108
108
109
111
111
111
111
111
111
110
110
111
111
111
111
110
110
110
110
112
113
113
112
109
110
111
111
111
112
110
109
109
109
110
110
110
109
108
110
110
110
110
111
110
109
109
109
110
109
108
110
110
110
110
109
109
110
110
110
109
109
108
108
108
107
107
107
108
108
109
109
109
110
110
110
112
112
112
113
113
113
113
113
113
113
113
116
116
116
116
114
113
114
114
113
111
112
113
114
111
112
111
109
107
107
107
107
107
108
108
107
108
108
108
108
108
107
107
108
109
108
109
106
107
109
108
110
111
111
111
111
111
110
108
109
110
107
109
108
108
110
110
109
109
109
109
109
106
106
105
105
104
103
103
104
105
104
105
105
106
105
105
105
105
106
106
105
105
107
107
107
107
106
105
104
104
106
106
105
107
105
104
105
106
105
106
107
107
107
105
105
105
105
105
105
106
106
106
106
105
107
107
105
106
104
104
106
106
106
107
107
107
105
105
106
105
105
105
106
106
105
106
107
107
107
109
106
105
107
107
107
109
109
108
109
110
110
109
110
110
112
112
110
109
110
110
111
110
112
112
111
112
113
114
113
113
113
113
112
112
112
113
114
114
113
113
115
115
115
111
112
112
110
110
110
108
108
108
107
108
108
108
107
109
110
110
110
111
112
112
111
110
111
110
109
107
107
106
106
106
106
106
106
106
106
105
105
105
107
107
107
109
109
108
108
109
109
110
112
112
111
111
111
111
111
110
107
109
110
110
109
109
109
108
106
106
106
107
108
107
107
107
108
109
109
109
108
108
108
109
107
107
108
108
109
112
112
112
112
113
112
112
112
113
113
113
115
116
117
118
115
115
115
115
115
116
119
119
121
121
120
119
121
121
121
119
118
116
115
114
113
113
115
115
114
115
113
116
116
116
115
114
113
115
115
113
112
112
113
114
114
114
112
114
114
113
113
113
113
114
112
111
111
111
111
113
111
111
110
110
109
110
112
112
111
113
113
112
111
112
115
114
113
111
113
116
117
115
114
114
112
111
111
111
111
111
111
111
111
109
109
107
107
105
105
105
104
104
104
104
105
105
105
103
104
104
104
105
104
103
103
103
100
101
102
101
103
103
103
103
102
102
102
101
101
101
102
101
101
101
100
100
100
100
100
101
101
101
101
101
101
100
100
100
100
99
100
99
99
100
99
98
98
98
98
100
99
99
99
99
99
99
100
100
100
100
100
100
101
102
102
105
107
106
106
105
105
103
103
102
101
100
98
98
98
97
98
100
100
99
100
101
102
104
104
104
101
101
102
103
101
101
101
101
101
101
102
102
101
101
100
100
100
100
101
101
101
103
103
104
104
104
105
105
104
103
103
101
102
102
102
101
100
99
99
99
99
99
100
100
100
101
101
103
102
102
102
102
102
102
101
102
101
102
102
102
104
105
109
108
105
104
104
104
104
104
103
103
102
102
102
102
102
102
103
104
104
104
103
103
102
103
103
102
101
103
103
103
104
104
104
104
103
104
103
103
104
105
102
101
101
102
101
101
100
100
101
101
99
99
101
101
101
102
100
101
102
101
102
102
102
102
103
103
104
103
101
99
100
99
99
100
100
100
100
100
100
100
103
102
103
103
103
103
104
104
106
105
107
105
103
103
103
103
103
103
101
104
105
105
104
104
104
105
107
107
107
104
103
103
104
103
103
103
102
101
102
101
102
102
102
101
102
102
104
105
102
102
102
101
103
103
101
101
102
102
102
103
103
103
104
104
107
108
106
105
105
104
103
102
102
101
101
98
98
98
97
99
101
101
100
99
99
99
99
97
97
97
97
96
96
94
94
94
94
95
95
95
96
96
96
97
98
98
97
97
97
97
97
98
98
97
96
99
99
102
102
99
97
96
97
97
97
97
97
98
98
96
95
95
96
95
97
97
97
97
96
96
96
96
96
97
99
98
97
97
97
97
96
95
95
94
94
94
93
92
92
92
92
92
92
94
95
93
94
94
94
94
94
93
92
91
91
91
92
91
90
90
91
92
93
93
93
95
95
96
97
97
95
95
95
96
95
95
95
95
96
96
97
97
97
96
96
96
97
99
99
100
100
99
101
100
99
99
99
99
99
98
97
97
96
96
96
96
95
96
100
99
98
97
96
97
96
95
94
91
91
91
92
92
93
93
92
92
93
92
92
92
92
92
93
93
93
95
94
93
93
93
93
93
93
94
94
94
95
95
93
94
94
94
94
95
96
95
97
97
96
97
97
98
97
96
97
97
96
96
96
96
98
98
97
97
95
97
97
97
98
98
98
99
100
100
100
100
100
100
100
100
99
99
99
99
98
99
100
99
97
98
98
100
100
100
101
99
99
99
101
102
102
102
99
98
99
99
99
98
98
98
98
97
99
99
99
100
99
99
99
99
98
99
100
101
101
100
101
100
100
100
99
99
98
100
99
99
100
100
100
100
100
101
101
99
99
100
100
99
99
99
96
96
96
95
97
96
96
95
95
95
93
93
94
93
95
95
95
97
97
97
96
96
97
95
92
92
91
91
91
90
89
90
91
90
89
90
90
91
92
92
92
92
92
92
91
91
90
90
90
90
90
89
89
89
88
87
87
88
87
87
87
87
87
87
87
87
87
87
87
87
87
88
90
91
90
88
88
89
89
89
89
89
89
89
89
89
88
88
88
88
90
90
90
91
91
91
91
90
90
91
90
90
91
90
91
92
94
94
94
94
94
94
94
93
93
94
94
94
96
97
98
98
98
96
97
95
93
94
93
94
93
93
93
93
93
93
93
93
93
93
93
93
94
94
93
92
92
92
91
92
91
91
90
90
90
93
93
96
96
96
94
95
95
97
97
95
96
95
96
97
97
98
97
98
97
95
95
96
96
96
96
96
94
92
93
93
92
92
93
93
94
94
94
94
94
94
94
95
95
95
95
94
93
93
92
92
93
93
92
93
93
93
93
92
94
92
93
93
93
94
93
93
93
94
94
94
93
93
91
91
90
90
91
91
91
92
91
91
91
91
90
90
90
90
91
90
91
91
92
92
92
92
93
93
94
95
95
94
94
94
94
94
94
95
93
95
94
95
95
94
93
93
93
92
92
93
94
95
94
95
96
96
96
96
96
96
97
99
100
100
100
100
100
98
98
97
97
97
98
98
98
97
96
97
95
97
98
97
97
97
97
96
95
95
96
96
96
96
96
95
95
97
96
96
96
97
98
98
96
96
95
95
96
96
95
94
93
93
94
93
94
95
95
95
95
95
94
94
94
95
95
96
96
96
97
97
97
97
98
98
97
97
97
98
98
97
98
98
98
97
97
98
98
100
98
98
98
98
99
99
98
98
97
96
96
94
93
93
92
93
93
93
93
95
93
93
93
93
92
90
91
91
91
91
90
90
93
93
93
94
94
94
95
94
93
93
93
94
93
93
92
93
93
92
92
92
93
96
97
97
98
99
98
98
98
94
94
94
94
94
94
94
95
95
96
98
99
99
98
96
95
94
93
94
94
94
94
94
94
97
97
97
96
95
95
94
94
95
95
97
97
97
97
97
97
96
96
97
97
97
96
96
94
94
94
94
95
95
97
96
95
95
95
95
96
95
96
96
97
96
96
96
95
96
96
95
96
95
95
95
95
95
95
94
95
94
94
94
93
93
94
95
92
92
91
91
91
91
91
91
93
93
92
91
91
91
92
92
92
92
93
94
94
93
94
93
93
91
92
92
92
92
92
91
91
92
92
91
92
92
92
92
93
92
92
92
90
92
93
91
92
94
94
94
95
95
97
98
98
97
97
95
94
93
94
94
94
95
95
94
94
92
91
91
91
91
91
91
91
91
92
92
92
91
90
91
90
91
91
90
90
90
89
91
91
91
92
92
92
92
92
92
92
90
90
90
90
91
91
91
92
92
93
94
94
93
93
92
92
90
90
91
92
90
90
91
90
90
91
91
92
91
93
93
94
93
91
93
93
92
92
91
93
94
92
92
92
91
91
89
89
89
89
90
89
89
90
89
91
92
89
88
88
88
88
87
88
87
87
86
86
87
87
87
89
90
90
92
93
94
94
94
93
91
91
90
89
89
90
90
90
90
90
91
90
90
91
91
91
91
91
91
92
92
91
91
90
90
90
90
90
90
90
89
89
90
90
91
90
90
91
91
92
92
91
91
91
91
92
93
93
94
94
95
96
95
97
95
95
93
93
93
92
93
93
93
94
94
94
93
93
94
93
94
95
94
93
94
93
93
93
94
93
94
95
95
95
93
92
93
95
92
92
93
94
94
95
95
94
96
96
96
96
96
97
96
94
94
94
94
93
92
90
90
89
89
89
89
89
89
89
90
90
90
90
89
87
88
89
89
89
89
88
88
88
88
88
87
90
90
90
90
90
89
88
87
88
88
87
87
86
86
86
85
85
84
84
84
83
83
83
82
82
83
82
82
82
82
82
83
82
82
82
83
83
84
84
84
85
84
83
82
83
82
82
82
82
82
82
83
82
82
83
84
83
84
84
84
84
85
86
86
85
84
84
84
84
85
85
85
85
86
85
84
82
82
83
83
83
85
86
85
86
87
87
87
87
86
86
86
85
84
83
83
83
83
83
84
84
84
84
84
84
83
83
84
84
86
86
87
86
86
86
86
85
85
85
85
85
84
84
84
84
84
83
83
83
83
82
82
82
82
83
82
81
81
81
81
81
82
82
82
83
83
83
83
84
85
86
86
86
84
84
85
84
84
84
84
84
84
85
84
83
85
85
84
84
84
84
85
84
85
85
86
86
85
86
86
84
84
84
84
83
83
84
82
82
82
81
81
82
81
81
81
81
81
82
82
82
83
83
83
82
83
83
82
82
81
81
82
80
80
81
81
81
82
82
82
82
82
83
83
83
84
85
84
84
84
85
85
85
85
85
84
85
85
84
85
86
86
86
86
86
87
87
87
87
87
85
84
84
84
84
84
83
85
86
87
87
86
86
86
84
84
84
85
84
84
84
82
83
83
83
82
82
82
82
82
82
82
83
85
86
86
86
86
88
86
86
86
86
87
87
86
88
86
85
85
85
86
87
86
87
88
86
87
88
87
86
87
86
87
85
85
85
86
86
85
86
87
87
85
86
85
85
85
86
88
88
87
87
86
85
85
85
85
85
87
88
89
88
89
89
87
87
88
87
87
87
86
85
83
83
85
85
85
86
86
86
87
87
87
89
89
90
90
92
92
93
91
89
88
88
88
88
88
89
90
89
89
89
89
88
89
89
90
91
91
89
88
90
91
91
90
89
88
88
87
87
87
85
85
84
85
85
83
83
83
83
83
85
85
84
85
84
84
84
83
83
83
83
84
85
86
86
86
85
86
85
86
87
87
87
87
86
86
86
87
86
86
84
82
83
82
82
82
83
84
83
83
83
83
83
83
83
83
84
85
85
85
85
84
84
85
84
88
88
88
88
87
88
86
84
84
85
85
85
85
85
85
85
83
81
83
83
82
82
82
82
82
82
81
81
79
79
81
81
81
80
80
80
80
80
80
80
80
80
80
80
79
79
78
78
78
80
82
82
83
83
83
83
83
82
81
81
81
80
81
81
82
83
83
84
84
84
81
81
81
82
83
83
83
84
83
82
83
83
83
83
83
83
85
85
86
86
85
86
85
84
84
82
83
84
86
87
86
86
87
87
86
85
84
84
84
83
83
80
81
83
82
81
80
80
80
79
79
79
80
81
81
81
82
81
80
83
82
83
83
83
82
82
82
82
81
81
80
80
81
79
77
77
78
77
77
77
77
77
77
77
77
77
77
77
77
78
78
79
79
79
78
78
78
78
78
78
78
79
79
79
79
79
79
79
80
79
80
80
80
80
81
81
80
80
79
80
78
78
78
77
78
78
79
80
80
79
78
79
81
79
80
80
80
79
77
78
78
77
79
80
80
80
82
82
81
80
80
79
79
79
79
81
80
81
81
82
82
82
82
82
83
84
84
85
84
84
85
85
86
86
