0.0006586206896551723 0.0007268965517241379
300
296
291
286
282
279
274
268
264
261
259
257
252
250
247
245
244
244
238
235
234
234
235
232
230
228
231
230
228
226
226
228
228
226
225
225
226
225
223
225
225
226
226
226
223
219
220
219
219
218
217
214
214
212
213
212
214
214
215
214
219
218
217
217
216
215
216
216
216
214
214
215
217
215
214
211
210
209
208
209
208
208
207
206
206
206
206
205
205
205
209
209
207
207
208
210
210
208
209
207
208
208
213
211
212
211
210
206
207
207
205
204
205
203
201
201
202
200
200
201
203
201
198
198
200
199
199
199
200
200
200
201
200
200
202
201
201
201
198
197
196
195
197
198
197
197
197
197
196
194
194
194
193
194
197
198
198
198
196
197
197
196
192
194
194
193
194
194
196
193
191
191
190
191
191
191
191
190
190
190
191
190
192
193
191
191
190
190
190
189
188
186
186
186
185
183
183
184
184
183
182
182
182
182
181
181
182
183
182
183
183
182
183
185
184
184
186
188
189
190
190
189
186
188
187
184
182
183
183
185
185
185
184
183
182
181
181
181
181
183
182
182
182
183
183
183
183
183
182
184
187
187
187
186
186
186
184
185
186
186
186
185
185
184
183
181
182
182
181
181
180
180
182
184
184
183
184
182
183
184
184
185
186
185
185
185
184
183
182
182
182
180
181
181
181
182
184
182
181
184
182
184
185
187
186
186
187
188
188
187
187
186
186
185
182
181
181
183
183
186
185
184
184
185
184
183
184
183
182
183
183
182
185
185
182
183
181
177
177
177
177
179
179
179
178
178
178
176
177
178
181
180
180
179
179
180
178
178
178
176
176
174
175
176
176
175
176
178
177
179
178
183
183
184
183
183
182
182
182
179
180
182
183
180
180
180
182
180
180
180
178
179
178
179
177
175
176
176
175
175
176
176
175
174
174
174
173
171
171
170
172
172
173
173
172
173
175
174
174
174
176
175
174
175
172
169
167
169
170
171
170
170
171
171
169
169
172
173
173
172
172
173
174
175
174
172
170
171
170
170
169
169
171
171
171
172
170
170
170
171
169
169
170
172
172
173
174
173
174
172
172
173
174
174
175
176
175
171
172
173
172
172
171
171
170
170
169
169
170
171
170
171
170
168
165
165
167
165
165
165
165
164
165
165
166
166
164
162
163
164
163
163
162
164
163
164
164
166
166
166
166
167
167
166
166
165
165
167
165
166
166
166
165
166
166
165
166
163
163
163
163
165
165
167
168
168
166
163
163
162
161
162
162
160
162
162
162
162
163
161
161
161
160
160
160
161
162
162
163
164
164
163
163
163
164
165
165
165
162
162
162
162
163
164
164
164
163
162
162
162
162
162
161
160
163
163
164
164
164
164
165
164
164
164
164
165
164
165
166
166
167
165
165
168
168
169
169
167
168
168
168
168
168
169
168
168
168
168
167
168
169
172
170
166
166
167
166
167
169
168
165
166
167
167
166
166
166
168
170
169
167
166
167
167
167
165
163
163
163
162
160
160
159
159
159
159
160
160
161
162
161
161
161
160
160
161
161
162
164
166
166
164
162
163
162
162
163
163
164
163
162
162
162
163
162
161
160
160
159
160
159
160
160
159
159
161
161
161
161
161
162
163
164
164
165
163
163
164
164
165
164
166
168
168
167
166
168
164
162
161
161
162
161
161
162
162
162
162
164
166
166
166
166
164
164
164
164
164
165
164
165
165
166
167
167
166
168
168
169
167
167
168
171
171
171
171
171
173
173
169
169
169
167
166
167
168
167
167
168
167
167
165
165
164
162
161
160
160
160
160
160
159
160
161
161
161
162
160
161
163
163
162
164
163
163
163
163
162
163
163
163
165
164
163
164
164
163
162
162
164
164
164
164
163
163
163
162
163
162
162
162
161
161
162
161
162
164
162
162
161
161
160
163
164
165
165
164
162
162
163
163
166
166
167
168
167
164
165
165
163
163
165
165
165
163
163
165
166
162
163
164
164
163
163
163
164
162
163
163
163
166
166
164
164
163
165
165
166
166
166
167
166
165
164
164
164
165
168
169
170
170
171
171
169
169
169
170
170
170
170
168
168
168
172
173
174
175
174
172
173
173
173
174
175
177
177
175
175
174
174
173
173
173
174
175
174
172
173
172
171
171
171
171
172
173
177
177
175
173
173
172
171
170
169
168
169
169
169
170
171
171
171
170
169
170
168
168
168
167
168
169
170
169
171
172
172
170
170
169
169
167
167
167
166
166
166
166
166
167
166
167
167
166
165
165
165
164
165
165
164
165
164
165
165
166
165
166
166
167
168
167
167
166
166
166
167
167
169
167
169
171
172
172
173
173
173
170
170
166
166
167
169
168
169
170
169
169
167
168
168
169
168
168
169
167
166
166
166
167
168
168
168
167
168
167
165
165
164
164
163
164
163
161
163
164
165
166
164
162
162
163
163
163
164
164
163
163
165
165
166
163
164
166
165
164
165
165
166
167
166
165
166
166
167
166
167
166
165
166
167
165
167
166
164
163
163
164
164
164
166
167
166
166
166
166
165
167
167
168
169
169
170
170
170
170
167
168
170
166
163
162
163
162
161
161
161
161
162
161
161
161
162
164
164
164
164
163
164
166
168
167
167
168
167
167
167
166
167
165
164
163
164
161
159
159
159
159
160
161
160
159
159
159
159
158
158
157
157
158
157
157
157
156
155
156
156
156
154
153
155
153
154
155
155
154
155
154
156
156
156
156
157
158
161
163
165
165
163
164
163
164
164
162
161
162
162
162
162
158
158
161
162
162
160
158
159
160
159
159
158
159
158
157
159
159
157
156
156
158
158
159
159
159
158
159
159
159
159
159
159
159
162
161
161
163
165
165
165
164
164
164
163
162
160
160
160
162
162
159
158
160
160
160
160
159
162
161
159
158
160
160
161
161
160
159
162
162
162
162
163
163
163
163
165
164
164
164
164
163
161
159
158
158
158
159
158
158
158
157
157
158
158
158
159
160
160
161
161
161
161
161
161
160
161
161
162
159
157
157
157
157
158
159
159
159
160
158
158
158
159
159
161
161
161
160
158
162
162
162
162
164
164
164
164
162
159
161
161
161
161
160
160
161
160
160
157
158
158
158
158
155
154
154
155
153
151
153
154
154
154
154
154
156
156
154
153
153
155
156
156
155
156
156
157
157
158
157
156
157
158
158
157
157
158
159
157
156
156
156
156
156
157
156
157
156
158
158
158
157
157
158
158
158
155
156
156
155
154
155
152
151
150
147
148
148
149
150
151
151
151
151
151
149
148
148
148
151
151
151
149
149
150
152
152
153
152
152
152
152
149
150
148
148
147
147
147
148
148
149
149
149
149
149
149
150
149
150
150
149
149
150
148
147
147
149
149
149
149
150
152
153
152
151
147
147
147
148
148
149
149
150
152
149
148
148
148
148
148
148
149
149
149
149
149
151
152
152
153
154
154
155
156
155
151
151
149
148
148
149
150
150
151
150
150
150
149
151
150
149
150
151
150
149
149
147
149
147
147
148
148
148
149
149
149
149
149
149
149
149
148
148
149
149
148
148
147
148
149
150
151
148
150
152
152
151
151
151
150
149
149
149
151
153
153
151
152
152
152
150
150
150
148
150
151
152
153
153
153
152
149
150
149
149
149
150
148
148
148
148
149
148
148
147
146
146
146
147
147
147
148
149
149
148
149
148
149
150
148
148
147
146
146
145
144
144
144
145
146
146
146
147
148
148
148
147
148
148
147
148
149
149
148
148
149
147
148
148
149
147
147
146
145
146
146
146
144
143
144
143
144
143
143
144
144
144
144
144
145
145
146
146
144
145
146
147
147
146
145
145
145
146
146
146
147
151
150
152
153
153
152
151
151
152
152
151
149
150
151
152
152
151
150
148
148
148
149
147
147
146
146
146
149
148
148
148
148
148
145
144
144
147
145
145
145
146
147
145
145
145
146
145
146
146
145
145
145
145
145
146
145
147
147
149
146
145
145
144
143
143
145
142
141
142
143
145
144
144
143
142
142
141
142
143
143
143
145
146
147
146
146
147
145
147
148
150
150
150
148
147
147
149
148
148
148
148
148
148
147
149
148
147
146
146
146
146
147
145
145
145
145
144
145
145
144
144
144
145
146
146
144
144
145
145
145
145
145
146
145
146
145
147
146
145
147
148
147
147
147
147
146
146
146
146
146
146
147
148
148
149
145
145
147
147
146
146
146
148
148
145
144
144
143
143
143
141
141
142
140
142
144
144
143
141
143
144
145
144
144
145
147
147
148
148
147
146
145
145
145
145
146
144
144
145
142
141
143
144
145
144
143
143
142
142
143
143
144
144
143
143
143
144
144
143
142
143
143
142
142
142
143
143
145
144
145
146
145
145
146
145
143
141
141
139
139
139
139
139
139
138
139
139
139
138
138
138
137
136
136
137
138
138
138
138
138
140
140
142
144
143
143
143
144
143
142
142
143
143
144
144
145
148
149
147
149
147
147
147
147
146
147
146
145
144
143
142
142
141
142
142
142
141
140
140
140
138
138
139
140
142
142
140
140
141
141
139
140
140
139
140
141
143
142
143
142
143
143
142
142
142
140
138
139
138
137
136
136
137
137
137
137
138
138
137
137
136
136
136
138
138
138
140
139
139
139
139
140
141
141
141
143
145
145
145
145
145
145
145
144
143
141
143
142
142
140
140
139
139
138
138
139
136
137
137
137
138
138
138
138
136
135
136
135
136
135
133
132
133
134
136
136
138
138
137
137
138
140
141
141
141
138
138
136
139
139
137
137
137
136
135
136
136
136
135
135
135
134
134
133
134
134
135
135
135
134
134
134
133
130
130
130
130
131
132
131
132
133
133
133
132
131
130
130
131
131
132
132
132
134
134
134
134
134
133
131
131
132
132
133
133
132
131
132
132
134
134
135
134
136
136
136
136
134
136
137
137
138
138
136
136
136
136
137
136
135
136
136
136
136
137
137
135
136
135
135
134
132
133
133
134
134
135
136
136
138
138
139
138
138
138
138
136
135
135
136
138
136
138
137
137
137
137
138
137
137
138
139
139
139
138
138
140
141
137
139
138
137
139
140
140
138
140
139
140
139
140
137
137
136
136
136
137
138
139
139
137
136
136
136
135
135
134
136
136
136
134
134
134
135
136
135
134
135
135
135
133
133
134
134
134
134
134
134
135
135
137
137
136
136
136
135
135
135
135
136
136
136
136
137
137
137
138
138
138
137
139
141
141
141
144
143
143
143
142
141
142
140
141
143
143
141
140
141
139
138
137
138
134
134
134
134
132
131
131
132
133
133
134
136
136
134
134
133
134
133
132
134
134
133
133
132
132
132
131
131
132
133
132
132
133
134
134
133
133
131
130
129
129
130
130
130
130
130
129
132
132
132
131
132
131
130
129
130
130
130
130
130
132
133
132
133
133
133
133
133
132
131
131
132
133
133
133
133
132
132
132
132
134
132
131
131
131
131
134
134
134
133
133
132
132
131
132
131
131
130
129
130
129
130
129
131
131
133
133
131
130
130
130
130
129
129
129
130
130
131
130
130
129
129
130
130
132
133
132
133
134
135
136
135
136
136
136
136
135
134
133
133
134
134
134
134
134
134
134
132
132
133
133
136
138
138
138
137
137
136
137
136
135
136
137
137
136
135
135
135
135
136
136
136
135
136
136
135
135
135
133
133
133
133
134
133
134
134
133
132
131
131
133
134
134
134
133
131
131
130
129
128
128
129
129
129
128
128
128
128
128
129
129
129
129
130
130
129
129
130
129
129
129
130
130
130
130
130
131
131
132
131
132
132
132
133
130
130
130
130
130
129
130
129
128
130
130
131
129
130
131
131
131
131
132
131
131
132
133
132
133
135
132
131
131
129
128
128
127
128
131
131
133
132
132
131
131
131
131
129
128
127
127
128
128
128
129
128
128
128
128
130
129
128
129
129
128
129
128
127
129
128
129
130
130
131
132
131
132
131
130
129
129
129
128
128
128
128
128
130
130
131
129
127
126
127
127
127
126
127
128
128
130
129
130
130
129
129
129
128
127
127
127
128
128
128
128
128
128
129
129
129
129
130
130
130
132
130
131
132
133
135
134
132
131
131
130
132
133
134
133
133
132
132
131
129
130
131
130
128
128
129
130
129
129
128
128
128
128
131
132
131
131
130
130
129
129
129
127
126
126
126
125
125
125
125
125
125
124
124
125
124
124
124
123
123
123
123
123
124
125
127
128
128
128
128
128
129
130
129
128
128
129
130
130
131
132
132
130
129
129
129
128
128
128
127
128
127
127
127
127
128
128
127
129
130
127
127
127
127
126
125
129
130
131
131
132
130
129
127
128
129
128
126
127
127
128
128
127
126
128
129
129
127
128
131
133
134
135
135
133
133
132
132
132
133
130
129
129
129
129
128
129
129
128
128
127
125
125
126
128
128
128
127
129
127
126
125
126
125
124
124
124
125
126
127
126
127
130
130
130
128
128
128
128
127
127
126
127
126
125
126
128
127
126
125
124
124
122
124
125
125
125
121
123
123
122
122
121
121
123
123
124
125
125
125
124
124
125
126
126
128
127
127
126
126
124
122
122
120
119
120
121
121
120
120
122
121
121
121
121
121
121
121
121
121
121
120
119
118
119
120
120
122
122
125
124
124
123
121
121
120
120
121
122
122
122
121
121
122
122
123
125
125
124
125
124
124
124
123
122
121
119
119
119
119
119
120
121
125
124
124
124
124
124
123
123
123
122
124
123
122
122
121
121
119
119
119
120
118
118
118
119
119
119
119
118
118
119
120
119
120
120
119
119
118
118
119
120
120
121
121
122
122
123
123
124
123
122
120
121
121
121
120
120
120
120
120
120
120
121
120
119
119
119
120
123
124
121
121
121
122
121
121
123
122
124
124
122
122
122
122
122
122
122
121
122
123
123
123
123
124
124
125
122
122
122
121
121
121
121
124
122
121
122
122
123
122
122
122
123
123
122
122
122
123
120
120
121
121
123
123
122
122
122
123
123
123
123
123
124
125
124
122
123
123
123
125
126
126
125
125
125
125
125
124
123
123
122
122
123
123
123
123
126
125
125
125
126
127
129
129
128
127
126
126
127
127
126
125
126
125
124
125
125
127
127
127
127
127
127
126
127
127
128
126
129
128
128
128
128
128
129
128
128
128
127
126
128
127
127
127
126
127
126
126
126
124
124
122
123
124
125
125
125
125
124
124
124
124
124
124
125
126
126
125
124
125
125
127
128
128
128
127
127
126
125
125
126
126
127
125
123
124
125
128
130
129
129
130
132
132
132
132
133
131
131
131
130
130
129
131
129
130
130
129
128
127
126
125
124
125
123
121
120
121
121
121
121
122
123
123
122
121
120
120
119
119
118
118
118
119
119
118
119
119
120
120
120
119
118
118
118
118
118
120
121
120
119
118
118
120
123
122
122
123
125
125
124
122
124
123
122
121
120
119
120
121
120
120
121
121
121
119
119
118
118
118
119
118
119
118
117
115
114
115
115
116
116
117
117
117
119
118
119
119
119
120
119
120
120
120
120
119
119
119
120
118
119
119
120
120
120
119
120
121
120
121
122
122
121
121
121
121
121
122
121
120
118
118
120
120
119
120
120
120
120
120
121
122
123
124
124
124
123
122
121
121
124
123
123
124
126
125
125
125
125
124
126
124
124
124
126
126
126
127
127
127
128
127
125
125
125
125
123
123
122
121
121
120
118
118
118
118
118
118
118
118
117
117
117
119
120
121
121
121
121
120
120
121
122
124
127
128
127
127
125
125
123
122
120
120
119
119
119
119
119
117
117
117
114
114
114
114
114
114
114
115
115
112
112
112
112
111
111
112
112
111
111
111
111
112
111
110
109
111
110
112
112
113
115
114
114
114
114
113
114
113
113
114
114
116
116
116
115
115
116
117
116
116
116
116
117
117
118
118
117
116
116
114
113
113
113
114
114
114
115
116
116
116
114
114
115
115
114
114
114
113
114
117
115
115
115
115
115
113
113
113
114
114
115
114
112
112
112
112
111
112
113
113
113
113
114
113
113
112
113
114
112
113
111
112
112
115
117
116
117
116
118
118
117
117
118
119
119
117
118
116
116
115
115
115
116
117
117
117
117
116
114
114
112
112
112
113
113
114
113
113
114
114
115
115
115
115
115
114
113
112
110
112
112
112
113
113
114
114
113
113
114
113
113
112
114
116
116
115
116
116
115
114
114
114
115
115
114
115
117
117
116
117
117
117
118
119
120
119
119
118
120
120
122
119
116
115
114
115
114
114
114
114
114
114
113
115
115
117
117
117
115
115
116
116
115
116
117
117
118
118
118
119
118
117
116
116
117
117
117
115
117
117
119
119
119
120
117
116
116
116
116
116
117
117
117
117
117
118
117
117
117
117
119
118
118
118
117
116
115
116
115
116
117
118
116
115
117
117
116
113
113
112
113
114
115
115
115
116
115
116
115
114
113
114
114
113
113
113
113
114
113
113
115
116
116
115
114
114
114
114
113
113
113
112
112
111
112
112
111
110
111
111
113
112
111
111
111
110
110
111
110
112
112
112
111
112
113
113
111
111
111
111
111
110
111
111
112
112
111
112
110
111
111
112
112
112
112
113
112
112
112
113
113
113
113
112
112
111
112
113
112
110
109
109
109
109
108
110
111
111
110
110
111
111
111
111
111
111
111
111
111
110
111
110
110
109
110
110
110
110
113
112
112
113
113
114
114
114
114
115
115
115
115
117
115
115
117
116
116
115
115
116
116
115
114
112
113
113
114
116
115
115
117
114
114
117
117
117
116
116
116
116
116
116
115
115
116
117
120
117
115
115
115
114
115
113
113
113
113
114
114
114
114
113
113
114
115
115
114
114
113
110
110
111
114
112
112
112
112
113
112
112
111
110
113
111
112
111
111
110
110
111
110
112
112
114
113
114
114
115
117
117
115
115
114
114
114
114
114
111
111
112
114
113
112
112
111
111
111
113
113
112
113
111
110
110
111
111
111
112
111
111
111
111
111
111
113
113
114
114
115
116
114
116
117
117
119
118
119
118
119
116
117
117
116
117
117
116
115
117
117
116
114
114
112
113
114
114
114
114
109
108
110
110
111
112
111
109
109
108
108
109
109
109
108
108
108
107
106
106
106
106
107
107
107
110
111
111
111
111
111
110
112
115
117
117
116
115
115
116
115
115
113
113
112
113
114
116
116
115
117
118
118
117
119
119
119
118
116
116
115
114
112
111
112
111
111
113
113
113
113
112
112
112
113
113
113
112
112
112
112
111
113
113
113
113
114
113
112
111
111
111
112
112
112
112
112
112
112
111
113
113
113
114
116
116
117
116
115
115
115
115
114
114
114
112
111
110
110
111
111
111
111
111
110
110
110
109
109
109
109
109
109
110
111
112
112
111
111
112
113
113
114
118
118
119
118
118
118
117
116
115
114
113
114
114
113
113
111
111
111
110
109
108
107
107
108
110
110
111
111
111
111
109
108
108
108
110
110
109
108
107
107
106
106
108
108
108
108
109
110
111
110
111
111
112
111
110
109
108
107
108
108
109
110
111
111
110
110
112
112
112
112
111
112
111
111
111
110
110
110
111
112
110
111
112
111
110
110
110
110
110
110
110
110
109
111
112
111
110
110
111
112
113
113
113
113
112
112
111
111
111
111
111
110
111
110
110
109
109
109
109
109
109
109
108
109
108
108
108
107
107
107
107
106
110
110
111
111
111
112
109
108
108
109
109
109
108
107
106
105
105
104
104
104
104
104
104
104
104
103
104
104
105
106
107
108
108
108
106
107
107
107
107
105
103
103
103
103
104
105
107
107
108
108
108
108
108
109
112
113
114
112
111
111
110
109
108
106
107
107
107
107
107
105
105
105
105
105
105
106
107
106
106
105
106
105
106
108
108
109
110
109
108
109
109
108
108
106
105
105
104
103
102
103
103
103
104
104
105
105
104
103
103
103
104
104
103
103
104
104
105
105
105
105
105
105
105
104
105
105
104
104
104
104
104
106
105
105
105
105
105
106
106
106
105
106
104
104
104
104
102
102
102
102
101
102
102
104
104
104
105
105
105
105
106
106
105
105
105
105
105
105
105
105
105
106
105
105
106
105
105
106
107
106
105
105
105
107
107
106
106
108
109
107
106
107
108
108
109
109
110
110
109
110
107
108
107
106
106
107
107
107
107
107
107
107
108
109
109
108
107
107
108
111
112
112
111
111
110
109
109
108
105
105
106
106
107
106
105
105
105
105
105
104
103
104
104
103
104
104
104
104
104
104
104
104
104
104
104
104
105
104
104
105
105
105
105
105
104
104
105
106
105
106
106
105
106
105
105
105
104
104
105
105
105
104
104
105
105
105
106
106
107
108
105
104
105
105
105
105
106
105
104
104
104
104
103
103
104
104
106
106
107
108
108
105
105
105
105
104
105
106
106
106
105
105
104
104
105
106
105
104
104
104
103
104
104
104
103
103
104
105
106
106
105
106
104
104
104
105
105
104
104
104
104
103
104
104
104
103
102
102
103
103
103
102
101
101
102
102
102
102
102
104
104
106
105
106
107
106
106
104
105
106
105
105
105
104
103
103
104
104
104
104
104
105
105
103
103
105
103
103
103
103
103
104
103
104
104
104
104
105
106
106
106
106
106
106
107
105
106
106
105
104
103
104
104
104
105
106
106
105
103
102
102
104
106
107
106
105
104
104
104
105
105
105
106
106
105
104
104
104
105
103
103
104
104
103
103
104
102
104
103
103
104
104
104
104
104
103
103
103
102
104
104
104
104
105
104
104
104
104
104
105
107
107
107
108
109
109
106
106
106
106
105
104
103
104
103
103
104
106
107
107
106
105
105
105
105
102
104
103
103
101
102
102
100
101
101
101
101
101
101
101
101
101
100
100
99
99
99
99
100
101
101
103
105
104
102
104
104
104
104
104
103
104
104
104
102
102
102
102
100
102
101
102
101
101
102
102
102
103
103
103
101
101
101
101
100
101
99
99
100
100
101
101
103
103
101
101
101
101
101
101
101
101
100
99
99
99
100
100
100
100
100
100
100
99
100
100
98
98
99
99
98
98
100
101
102
102
103
103
103
102
102
102
102
102
101
102
102
102
104
104
103
101
100
100
100
100
100
100
101
100
101
100
100
99
99
101
101
101
101
103
103
101
101
101
102
102
103
104
105
107
107
106
107
106
106
105
105
105
106
105
105
105
104
104
104
102
104
102
102
103
102
101
102
102
101
102
104
102
101
102
102
101
103
103
103
103
106
105
105
106
104
104
106
106
105
106
106
105
106
106
103
100
102
102
102
102
102
103
102
103
102
102
101
