0.001 0.0007610344827586207
300
296
288
285
282
279
279
273
270
263
257
257
255
256
250
247
245
243
241
237
235
234
234
230
227
226
223
222
222
223
223
223
223
223
220
219
220
219
218
217
219
216
218
216
215
216
215
214
215
216
213
211
211
211
209
210
210
208
206
205
205
206
203
206
205
207
207
206
209
210
211
211
210
211
212
211
212
212
210
207
206
206
205
204
204
205
204
203
204
205
206
206
206
205
205
206
208
208
206
203
203
203
203
204
204
203
203
203
203
202
203
205
206
208
207
206
204
205
205
205
207
208
208
207
205
206
206
206
206
206
206
205
203
203
204
206
205
202
203
203
203
203
204
204
203
203
202
202
205
203
205
206
208
205
203
201
200
200
203
202
203
204
206
206
206
205
201
201
202
202
202
200
197
198
197
199
197
199
199
200
199
199
198
199
199
196
196
196
196
197
197
196
196
196
195
194
195
195
195
196
196
196
197
198
197
197
198
196
197
196
196
196
198
197
198
198
201
202
199
200
203
203
202
202
201
200
202
199
200
204
204
204
205
206
207
208
208
205
203
202
200
201
203
202
203
203
204
206
206
205
203
203
203
199
199
197
199
198
197
198
198
199
199
198
197
198
199
199
198
196
194
193
194
194
194
193
193
193
191
191
194
195
196
196
196
196
193
193
193
193
193
193
193
193
194
196
194
194
195
195
195
196
198
197
198
196
198
197
197
197
197
196
196
194
197
196
194
194
193
192
190
190
190
190
192
193
190
192
193
194
194
191
190
189
191
191
192
193
192
193
193
191
191
188
188
190
192
191
192
191
189
190
189
190
190
191
191
191
191
193
193
193
192
191
190
193
192
191
192
191
191
191
190
191
192
191
193
193
191
190
189
189
189
191
190
189
191
191
193
191
191
193
195
194
193
194
193
193
192
191
192
190
191
192
192
193
192
192
192
191
191
191
190
191
191
190
188
186
189
189
190
190
188
188
188
185
185
184
184
186
186
185
185
188
189
189
188
190
188
188
188
190
191
192
191
193
193
193
193
193
194
197
195
193
194
192
191
192
193
193
194
194
194
192
190
190
191
190
191
191
190
190
188
188
185
187
188
188
188
188
189
191
192
192
191
192
191
192
188
189
189
188
190
190
189
189
190
189
188
187
186
187
187
187
187
186
186
187
186
187
188
188
189
188
190
191
190
190
188
189
189
190
190
191
192
191
190
189
190
193
191
193
192
191
192
191
191
191
191
193
195
194
195
193
193
192
187
185
186
186
187
187
187
186
188
189
188
190
190
191
189
189
190
190
190
189
188
190
190
188
191
188
190
188
188
187
189
189
189
191
192
193
194
194
194
193
194
195
193
194
193
193
190
188
188
187
187
187
188
187
186
186
186
186
186
187
188
188
188
188
189
187
189
191
192
191
191
190
190
188
188
189
190
191
191
191
190
191
193
194
194
194
195
196
196
197
201
200
198
198
198
195
194
193
193
192
190
191
190
191
191
190
190
189
188
187
187
187
188
186
186
185
186
184
184
185
185
183
183
183
182
182
183
182
182
181
181
180
180
181
181
183
184
185
185
184
184
184
183
183
184
184
186
184
185
184
184
186
187
188
188
189
186
185
185
185
186
186
186
186
190
189
188
190
189
187
188
189
189
190
190
188
188
188
189
192
192
192
193
192
191
189
189
189
190
188
188
186
185
186
185
185
186
185
186
187
186
187
188
188
187
188
189
188
186
187
189
189
187
187
187
186
186
188
186
185
184
186
184
184
184
185
183
182
180
179
180
182
183
184
184
184
184
183
183
182
181
181
180
179
180
179
180
181
183
183
183
182
184
184
181
181
180
179
178
177
179
180
182
183
183
182
181
181
182
184
184
183
184
185
186
185
184
183
183
182
184
181
181
180
179
180
180
178
178
178
179
179
178
176
176
178
178
180
184
182
183
182
182
182
180
179
179
177
178
178
174
175
175
174
174
175
176
176
174
174
174
171
172
173
172
172
172
173
172
172
174
174
175
175
176
177
178
178
179
177
177
177
176
177
176
176
176
178
177
176
176
174
174
173
173
174
172
174
174
173
170
169
169
169
169
169
170
173
172
172
173
174
174
175
174
174
175
175
174
174
171
174
175
173
174
175
175
175
175
176
175
175
177
178
178
179
178
178
179
178
178
177
177
178
179
179
180
181
182
180
182
183
182
180
180
180
179
179
179
178
177
174
174
175
175
174
174
173
174
173
173
171
173
171
171
173
174
171
171
171
172
172
173
174
174
174
174
175
170
171
172
173
171
174
175
175
175
177
177
178
177
175
175
175
175
176
174
173
172
172
170
170
169
171
172
171
171
171
172
171
172
170
170
171
170
169
169
169
171
171
169
170
169
170
170
169
170
170
171
171
170
169
171
170
169
170
170
169
169
168
168
168
169
168
169
167
168
169
169
168
169
170
171
172
172
174
173
175
178
178
177
176
177
178
178
176
177
177
177
178
176
175
174
174
175
175
177
178
178
177
178
179
181
180
180
177
177
177
180
179
179
180
177
177
174
174
175
175
174
173
173
173
173
173
172
171
170
171
172
172
174
176
178
176
176
174
175
173
174
175
174
174
175
174
172
174
175
174
175
174
176
176
177
176
176
176
176
179
177
177
178
178
177
178
179
177
176
175
175
173
173
173
173
175
177
176
175
175
176
176
176
172
172
172
171
171
171
169
167
167
167
167
168
168
168
168
168
169
170
171
171
174
173
173
175
175
174
175
176
177
178
178
176
178
177
177
179
178
175
173
173
173
174
174
173
175
174
174
176
176
177
176
175
175
175
175
174
177
175
173
175
177
175
176
177
176
175
175
175
175
174
174
172
173
170
170
170
169
170
169
170
170
170
170
173
172
171
174
170
172
170
170
169
170
170
171
173
171
171
172
172
168
168
167
167
166
167
166
167
168
167
168
170
171
173
174
176
177
178
176
175
175
175
173
174
174
171
171
173
173
173
173
171
171
172
172
172
169
168
169
171
170
167
170
170
170
169
168
170
169
168
169
168
167
166
167
165
166
165
164
164
163
163
163
163
163
166
166
166
165
164
165
167
167
168
169
168
167
167
168
169
167
166
165
167
167
168
168
167
169
171
171
171
169
168
167
168
166
166
168
169
169
168
169
169
172
172
171
171
172
173
169
168
168
169
169
168
169
169
167
166
166
165
165
168
169
169
170
170
174
174
174
172
172
172
171
171
171
173
175
174
174
175
173
174
173
172
172
173
174
176
175
175
173
172
173
173
172
173
173
172
172
173
170
170
171
170
169
169
169
168
167
167
167
167
167
168
167
166
166
166
166
167
167
166
166
167
168
169
171
171
171
171
171
170
168
169
171
170
170
170
170
172
171
172
171
171
169
170
169
171
173
175
174
172
171
169
169
169
169
169
170
173
174
173
169
168
168
169
167
166
166
168
169
170
169
170
170
168
169
170
169
169
167
166
166
166
165
165
165
166
166
165
164
164
163
163
163
163
163
164
165
166
166
167
167
167
166
165
164
164
164
166
166
166
166
167
168
168
167
167
167
167
169
168
169
170
170
169
170
170
172
172
172
173
172
171
170
169
170
170
170
170
169
168
167
167
167
166
167
168
172
171
171
171
172
171
171
172
173
174
175
176
175
176
177
177
176
177
175
176
176
175
175
175
174
173
174
175
177
178
179
177
179
180
181
180
181
178
177
178
179
179
178
175
175
176
175
175
175
173
171
172
173
172
173
171
172
171
171
174
176
177
179
179
177
178
178
180
181
181
181
179
182
183
186
184
185
186
187
186
185
182
179
180
180
181
180
178
178
179
178
179
177
177
178
175
175
179
181
180
179
177
178
177
176
176
174
174
175
175
175
175
175
175
174
173
174
173
172
173
172
172
174
174
175
173
173
176
176
175
177
177
176
177
177
179
180
180
178
178
178
177
177
176
177
174
174
175
175
176
176
175
175
173
174
174
175
175
175
176
175
176
175
175
176
175
175
177
173
174
170
171
171
172
173
174
173
175
175
176
176
177
177
177
176
174
174
178
178
178
177
177
175
175
172
174
174
175
175
177
175
174
175
174
174
174
173
173
173
172
172
172
172
171
172
172
171
170
171
171
172
171
169
168
167
170
169
169
168
168
168
168
169
169
169
169
170
170
170
169
168
167
168
168
166
168
169
171
171
171
170
171
173
172
169
167
167
169
168
167
166
165
165
166
168
168
168
168
167
168
168
166
166
166
166
165
165
166
168
167
167
166
166
166
166
166
165
164
165
165
164
164
164
165
166
165
164
165
166
165
165
164
163
164
165
165
164
163
163
162
162
163
164
164
166
167
167
167
169
168
168
169
168
167
169
169
171
170
170
170
171
172
172
171
170
169
168
166
166
166
167
167
166
165
163
164
163
164
163
165
164
161
161
162
162
162
162
163
164
164
164
165
166
167
167
167
165
167
169
170
172
172
171
172
173
174
171
171
170
170
171
172
172
172
171
172
172
171
170
171
170
171
172
171
170
169
170
170
169
170
168
169
169
170
168
168
167
170
171
171
171
171
170
169
168
167
167
167
165
165
167
168
171
170
171
171
170
171
169
169
168
170
171
171
170
174
173
175
175
174
171
171
170
170
169
169
168
168
166
167
168
170
171
171
169
168
171
168
168
168
169
167
167
165
166
167
167
169
170
171
172
173
174
171
170
171
171
171
170
170
172
171
170
171
172
170
171
169
169
169
171
171
170
171
172
172
171
173
171
171
172
172
172
172
171
171
171
171
169
169
168
166
166
166
167
167
169
171
170
170
171
171
171
172
173
173
171
171
170
170
167
168
167
167
167
166
167
169
170
169
169
168
169
168
169
170
168
169
170
169
169
169
170
168
168
169
169
169
169
170
172
174
174
173
172
171
171
173
172
172
172
172
172
172
173
172
172
173
175
175
174
173
174
175
175
175
173
170
169
168
166
166
164
168
168
167
167
165
166
165
164
167
169
170
170
169
168
167
168
169
168
166
166
165
164
164
163
162
163
164
166
166
165
165
164
165
164
163
162
162
164
164
165
165
166
166
168
170
171
170
169
168
168
167
167
167
167
168
168
169
166
167
166
167
167
169
169
170
171
172
172
173
174
175
175
175
177
174
173
174
174
175
174
175
175
174
174
174
174
173
175
174
175
174
174
173
174
176
175
175
171
170
168
169
169
169
171
172
172
174
176
176
176
177
174
173
172
171
171
172
173
174
174
173
175
174
173
175
174
176
175
175
175
175
175
176
175
174
175
174
178
177
175
175
174
174
173
172
173
174
172
172
173
174
172
174
174
175
175
176
175
175
177
176
176
177
177
174
174
174
174
173
173
170
168
167
168
168
167
166
168
169
170
170
169
170
170
170
171
172
173
175
176
178
176
177
176
176
177
177
177
179
179
178
179
178
178
178
179
179
178
180
179
178
178
176
177
180
178
179
179
180
178
177
177
178
178
178
180
180
180
178
177
178
178
180
183
182
181
181
182
182
183
183
183
181
182
182
182
181
180
182
183
184
184
184
185
185
186
184
180
184
181
180
180
179
177
179
179
181
182
185
185
184
183
183
178
177
174
175
175
174
174
173
172
172
174
174
174
174
174
171
171
172
173
173
172
172
172
168
168
169
171
173
174
174
174
174
175
175
177
177
178
177
175
174
174
173
173
173
173
173
173
173
174
173
173
174
174
173
173
172
171
172
174
175
176
177
176
175
176
176
178
178
177
179
179
178
179
179
179
180
178
176
175
175
175
175
175
176
177
177
176
177
177
176
175
174
174
175
174
174
173
172
172
172
171
171
171
170
170
169
169
168
167
167
168
169
170
170
170
169
171
171
172
172
171
173
173
176
175
176
176
175
171
170
171
170
172
170
171
169
168
168
170
171
170
170
171
172
171
170
170
170
171
171
170
170
168
169
170
172
173
173
173
174
175
177
178
176
175
173
173
173
172
172
175
174
172
173
172
174
174
175
176
177
175
175
174
173
173
171
173
172
173
173
174
173
173
174
176
177
178
179
182
178
180
180
183
181
181
181
184
183
181
180
179
177
176
176
178
175
177
175
173
172
172
169
170
172
171
169
169
169
168
169
168
168
170
172
173
173
172
171
172
171
170
171
170
170
170
170
170
169
167
165
163
164
163
163
163
162
163
163
163
163
163
164
163
163
163
161
162
162
162
160
161
160
162
161
162
160
161
161
161
161
162
162
161
161
159
158
158
158
159
159
160
160
161
163
163
161
161
161
161
161
161
162
162
162
164
165
165
164
165
166
167
168
170
166
166
166
165
165
165
165
166
166
164
166
166
165
165
165
165
166
165
163
162
163
161
161
164
163
163
162
161
161
162
161
159
160
161
161
161
162
162
161
163
163
162
162
162
161
161
159
159
159
158
159
160
162
161
161
164
165
166
166
162
162
163
164
164
164
160
159
162
161
161
163
163
164
163
164
163
163
161
163
161
160
159
160
160
160
159
160
161
162
162
163
163
163
164
162
160
161
160
160
159
159
159
159
161
162
162
161
162
162
163
163
161
161
161
161
161
161
161
161
160
161
160
158
160
160
160
158
158
158
158
157
157
156
156
156
156
157
155
155
156
156
158
160
160
161
164
163
164
165
164
163
162
161
161
160
159
159
158
157
159
160
162
162
161
162
161
161
163
163
163
164
165
165
166
166
169
167
167
165
164
164
162
164
165
164
164
164
163
162
162
162
163
162
164
163
163
163
163
165
166
166
165
164
162
162
162
162
163
163
163
165
164
164
163
163
164
162
163
162
163
163
163
163
164
163
162
163
163
163
164
164
164
162
162
163
163
164
165
165
166
166
166
168
166
166
167
167
167
168
170
169
170
170
169
170
169
170
169
169
169
170
168
168
167
167
168
167
165
164
164
167
165
166
165
165
165
166
165
165
165
164
165
164
164
163
163
163
162
162
161
162
160
159
158
158
159
160
161
163
162
161
160
164
164
164
164
163
163
162
162
163
162
160
160
159
159
158
158
158
158
157
157
158
158
159
161
162
162
162
161
159
160
160
160
160
161
161
163
164
164
164
165
164
162
163
163
163
161
162
163
162
162
161
163
162
162
162
161
163
163
164
167
168
168
167
167
165
163
162
164
164
163
162
163
163
163
164
165
165
165
163
163
164
165
166
163
163
160
158
157
158
160
161
162
161
160
160
160
160
161
161
161
162
163
164
164
167
167
166
168
167
166
165
164
164
165
164
164
164
165
166
167
167
168
168
169
173
172
172
173
172
172
171
171
173
171
170
171
173
172
173
171
172
172
171
171
171
173
172
173
174
176
176
176
175
175
177
177
175
178
179
176
175
173
172
171
172
172
173
171
172
171
170
170
170
170
171
172
170
172
173
172
173
173
173
173
173
171
171
170
170
170
171
172
176
175
175
178
179
178
179
176
176
176
174
174
173
173
173
173
175
173
172
173
171
170
171
171
171
173
173
174
173
172
174
173
172
172
172
173
173
173
173
172
174
172
173
171
170
170
170
169
169
168
169
169
169
170
168
169
170
172
171
170
170
168
165
166
165
167
167
169
168
169
168
167
166
167
165
165
162
163
161
161
161
160
160
160
162
164
164
164
164
164
165
167
167
164
163
165
166
167
169
170
170
170
169
170
172
171
170
168
168
167
166
167
168
167
167
167
167
168
167
168
170
172
172
173
171
169
168
167
166
167
167
167
167
166
167
167
167
166
167
168
169
167
166
166
167
167
168
167
168
169
169
171
170
169
169
171
170
170
171
171
170
173
173
172
169
168
168
169
169
168
167
168
168
169
169
170
170
169
170
171
169
168
167
166
167
167
166
166
166
167
167
167
167
167
170
169
169
170
171
171
166
167
168
169
169
170
169
170
169
168
169
170
171
170
171
170
169
170
172
173
172
170
170
171
170
169
167
166
167
167
169
170
168
166
167
166
165
165
164
166
166
165
164
165
164
163
163
165
163
163
163
164
163
163
164
162
159
160
160
160
159
159
161
162
162
161
161
160
160
161
164
163
162
162
162
163
163
164
165
165
165
166
166
163
164
163
162
163
163
163
162
162
161
160
160
161
162
160
160
158
159
159
159
156
156
156
156
156
156
156
156
154
155
158
158
158
158
161
159
158
155
156
156
156
159
159
158
160
160
159
159
159
160
160
161
161
161
162
164
164
163
162
160
161
161
160
160
160
159
161
163
165
163
165
164
162
164
165
166
165
165
166
164
165
165
165
163
163
163
166
165
164
166
167
167
167
168
168
169
168
167
165
168
164
163
162
161
161
162
163
161
160
158
160
158
160
161
163
164
168
167
165
165
166
166
165
164
165
165
166
165
164
163
165
165
166
166
166
167
167
168
167
167
165
166
165
165
165
168
170
168
169
169
169
167
168
168
167
166
165
165
164
165
165
165
166
164
163
161
160
161
161
162
159
160
162
163
163
160
162
161
161
161
158
160
159
160
161
163
163
161
163
163
165
165
164
165
165
164
164
163
161
161
160
160
163
164
166
166
167
166
165
161
161
161
160
160
162
163
163
163
164
162
162
162
161
163
162
160
158
158
159
158
159
158
158
160
158
158
158
158
159
160
159
159
157
157
160
160
159
160
160
160
159
159
159
158
158
158
158
156
156
157
156
157
157
157
156
158
158
158
157
157
157
157
156
155
155
156
157
157
156
155
155
155
155
155
156
155
155
154
152
153
151
150
150
151
150
150
150
151
152
153
152
153
154
155
154
154
154
156
156
158
158
157
158
161
159
158
157
159
157
157
157
158
159
160
161
161
161
161
162
162
161
161
162
162
161
163
160
159
159
161
162
161
159
157
158
159
158
158
155
156
156
156
156
155
155
156
157
157
158
159
158
157
155
155
152
152
151
152
153
154
154
156
157
158
159
158
158
157
158
159
161
161
160
160
162
159
157
158
157
156
156
156
156
158
157
157
158
158
159
159
157
158
160
159
159
157
158
158
159
159
160
160
159
159
162
163
163
161
161
161
161
160
157
158
159
161
162
159
158
159
159
159
158
159
158
157
157
159
156
156
156
157
157
158
159
162
162
161
161
164
163
163
161
161
161
160
157
157
157
157
158
161
161
161
161
162
162
164
164
165
164
163
163
163
163
163
163
165
165
167
166
164
163
164
161
161
160
160
160
157
157
155
156
155
154
155
155
155
157
158
158
157
156
155
155
157
156
156
156
156
156
155
156
156
157
158
156
156
155
152
153
152
154
154
154
153
152
152
151
152
152
153
154
153
153
154
152
152
150
150
151
151
151
152
153
152
151
151
152
153
152
151
151
152
154
154
151
151
152
152
152
152
151
150
151
151
152
153
153
151
152
152
150
151
151
152
153
151
152
153
154
154
154
155
153
154
154
155
156
156
155
155
157
157
160
159
159
158
156
155
156
154
155
153
152
151
150
149
148
149
149
149
148
148
149
150
151
152
152
152
152
151
151
151
152
151
151
151
151
151
150
151
153
154
155
155
154
155
154
152
151
152
153
153
155
154
152
154
154
153
154
152
154
155
156
155
154
153
152
153
155
155
154
154
153
150
149
149
148
149
148
147
146
145
145
145
145
145
145
145
146
147
148
147
148
148
148
148
148
148
148
148
148
148
151
152
151
153
154
154
155
153
153
153
157
157
155
154
155
154
153
152
151
152
152
152
153
154
154
153
153
153
153
154
155
155
156
156
156
156
155
155
157
156
157
157
155
155
154
154
154
152
153
152
152
153
153
154
156
155
156
157
157
156
156
154
154
155
153
152
152
154
154
156
157
156
157
157
158
158
154
153
155
155
154
155
155
153
154
153
154
154
153
154
154
154
153
153
152
151
149
147
146
146
146
147
148
148
147
147
146
146
147
150
151
151
153
153
153
153
152
151
151
151
151
151
151
151
151
152
152
152
153
155
156
156
158
156
154
155
154
152
154
156
153
153
156
153
153
152
151
151
150
151
151
150
150
151
153
153
152
152
154
154
154
156
155
155
156
156
155
156
157
158
158
158
153
153
153
152
151
149
147
148
146
146
146
147
145
145
145
146
145
145
147
147
147
148
149
149
151
148
147
147
147
148
147
147
149
148
148
148
147
147
147
149
149
148
146
146
146
148
147
146
146
145
145
145
144
144
144
145
145
144
142
142
141
141
143
143
144
143
143
143
143
141
140
141
141
141
141
142
142
142
142
144
145
144
143
143
143
143
145
146
146
148
148
146
146
145
144
144
143
140
142
142
142
141
142
143
142
143
146
146
146
146
145
148
148
148
147
147
146
145
145
146
146
147
144
143
143
143
143
142
141
141
141
140
140
141
143
144
145
145
145
146
143
143
142
142
143
141
142
142
143
143
142
142
143
144
145
145
145
144
144
143
142
143
144
144
144
146
146
147
148
145
144
144
143
142
141
142
143
144
143
143
143
142
141
141
141
141
140
140
141
139
139
138
139
139
139
140
140
140
139
142
143
143
145
143
142
141
142
142
142
143
143
144
141
141
139
137
138
136
136
137
138
138
138
139
138
138
138
138
139
139
139
139
139
139
139
138
139
139
138
139
140
140
137
136
138
139
139
138
139
139
139
139
138
137
138
137
138
140
140
141
142
141
141
141
140
143
144
145
146
146
145
145
145
143
144
144
145
144
144
146
146
143
143
144
145
144
144
144
145
146
146
147
146
147
147
146
144
143
143
145
144
144
145
145
145
148
148
148
150
151
151
153
151
149
149
148
147
147
146
147
147
148
149
149
148
149
150
149
147
147
148
150
151
151
152
152
152
151
151
152
152
147
147
148
147
146
146
145
146
145
147
147
148
147
147
148
147
147
146
144
144
144
144
146
145
144
144
143
143
144
143
144
145
145
145
146
146
146
146
147
147
149
148
147
148
147
147
147
145
145
145
145
144
146
145
146
146
147
146
146
145
146
146
146
145
145
146
148
148
146
148
149
149
149
151
149
149
150
149
150
150
151
151
151
149
149
148
148
149
147
147
148
148
149
150
150
149
146
147
146
145
143
146
147
146
145
143
143
145
145
146
147
147
147
148
148
147
148
149
150
151
150
148
150
150
149
149
150
150
151
150
148
148
147
149
149
149
148
146
147
147
147
147
148
149
147
147
147
146
147
146
146
145
146
146
147
146
145
145
146
145
145
145
145
145
146
143
143
142
142
143
143
144
145
145
145
146
147
147
146
146
147
147
147
148
146
146
144
144
141
139
138
137
139
139
138
140
140
138
138
136
136
136
137
137
136
136
137
137
140
140
142
141
142
143
143
142
142
143
141
140
140
140
141
139
141
141
141
140
139
140
140
139
138
138
139
138
137
138
140
140
138
137
138
137
138
139
139
139
138
139
