0.0008975862068965518 0.001
300
297
286
280
276
273
268
265
260
256
257
253
252
248
246
245
243
241
244
240
237
235
232
232
230
227
227
228
228
228
228
227
228
223
222
221
220
220
220
217
218
218
218
218
219
218
217
215
215
214
215
217
218
219
214
214
213
211
208
207
207
207
208
207
206
205
204
206
205
206
203
200
199
197
198
199
196
197
197
196
195
195
194
194
194
193
194
195
196
195
196
193
192
191
190
190
191
191
190
190
192
191
187
187
186
183
183
182
182
184
186
188
188
188
189
190
190
189
190
190
191
189
189
188
188
188
187
187
187
186
187
187
186
185
184
186
186
184
185
183
184
184
185
188
188
188
189
187
188
189
189
188
191
190
191
190
188
189
190
188
187
188
188
185
183
181
181
180
181
179
179
180
179
178
179
179
179
179
181
182
181
181
180
181
182
185
185
185
184
182
181
181
179
179
179
179
178
178
178
180
180
180
178
178
178
177
178
179
178
176
176
177
178
176
177
176
176
178
178
181
180
180
180
181
179
179
179
179
180
178
177
177
177
177
175
175
177
179
178
178
179
177
176
175
174
174
173
174
174
174
176
175
175
177
177
175
174
174
176
173
173
174
175
176
177
175
175
174
173
174
173
173
177
177
178
178
177
177
174
175
178
178
175
177
177
176
175
172
171
172
173
171
171
171
171
171
171
170
167
167
168
169
169
169
169
171
171
171
172
172
173
175
173
173
173
173
172
171
172
172
173
173
175
174
174
176
178
178
176
175
174
171
171
171
170
172
172
173
172
175
174
174
171
170
168
167
166
166
166
166
165
165
166
168
167
167
167
168
168
169
168
169
167
169
172
173
174
173
173
173
173
176
175
176
173
173
173
172
172
169
169
168
168
169
168
166
169
169
170
171
168
169
169
169
168
169
170
170
171
172
171
171
172
171
172
173
172
170
170
168
168
169
169
170
169
170
166
167
167
166
166
165
165
165
162
163
162
161
161
162
161
161
160
160
160
159
161
161
163
164
163
163
163
163
163
163
164
164
162
161
160
160
158
159
158
158
159
160
162
162
163
164
164
164
164
163
161
162
162
161
160
160
159
160
161
158
158
157
157
157
158
158
158
157
158
157
157
157
159
160
161
163
162
162
160
160
159
160
162
163
163
163
162
163
163
164
163
162
161
162
162
162
162
162
164
165
165
164
163
163
164
164
163
161
161
161
163
164
162
163
162
162
161
162
162
160
162
164
164
162
161
161
162
163
163
161
160
160
159
159
159
159
160
159
157
157
157
157
158
158
158
156
158
160
160
160
159
160
160
158
157
157
158
160
159
159
159
157
157
158
158
155
154
154
152
151
150
151
151
151
151
151
152
152
155
155
154
154
155
154
156
155
155
155
157
157
157
156
156
156
155
153
154
153
153
154
154
154
154
152
152
148
148
149
149
150
151
152
152
152
153
152
153
153
152
153
153
152
153
153
153
154
153
152
152
152
151
153
152
153
154
155
155
156
156
156
154
155
156
156
156
158
158
157
159
160
160
160
159
157
155
156
155
155
154
155
157
158
157
157
158
159
158
159
158
159
160
160
158
159
157
156
156
156
155
157
159
157
158
159
158
158
158
158
159
158
161
161
160
159
160
160
159
161
161
159
159
158
159
160
158
157
155
154
154
154
155
155
157
156
155
154
155
155
156
155
155
157
157
157
155
152
152
152
152
152
152
153
153
153
154
154
153
153
153
153
154
156
157
156
159
159
154
154
154
153
155
156
158
157
158
158
158
157
157
158
157
158
156
154
154
153
152
152
152
152
153
153
154
154
154
152
151
151
149
148
148
150
151
151
151
149
150
148
146
144
145
144
145
145
147
147
146
146
144
145
147
147
146
147
150
151
150
151
151
150
150
150
148
148
147
147
148
148
148
148
148
150
149
149
149
149
148
147
147
147
148
148
147
147
150
147
148
146
146
146
145
145
144
143
145
148
146
147
148
148
147
148
146
147
147
146
145
146
147
147
146
146
146
146
146
146
148
148
147
147
147
147
147
145
144
145
144
145
146
146
148
147
147
148
153
152
151
149
148
148
147
147
146
146
146
147
148
150
150
151
151
150
151
151
151
152
152
153
152
150
151
153
154
153
156
152
152
152
151
150
149
148
148
149
148
148
149
147
148
148
148
148
148
148
148
148
152
154
154
155
154
154
154
153
154
154
152
152
151
151
153
150
150
149
149
148
148
147
148
151
150
150
150
149
148
149
150
150
151
152
151
152
151
151
152
154
155
156
156
154
154
154
154
152
154
152
154
153
152
152
151
152
153
151
151
149
146
143
145
144
144
146
148
146
145
145
146
146
147
145
145
143
144
144
144
143
142
142
143
143
143
143
144
144
143
143
143
142
142
143
142
144
144
142
142
142
141
139
140
140
139
139
138
138
138
137
139
139
138
137
137
138
139
140
139
139
139
139
139
140
140
142
142
142
142
142
142
143
143
144
144
143
142
143
143
145
146
146
143
143
143
144
143
140
137
137
135
135
135
136
137
137
137
138
139
139
137
138
137
138
138
137
135
135
135
133
134
136
136
137
137
137
137
136
136
136
137
137
136
136
137
137
137
138
138
137
135
136
136
136
136
136
136
138
138
138
139
140
140
140
137
136
137
137
139
138
139
139
141
141
142
141
140
140
139
140
140
140
140
139
139
138
138
138
138
139
141
140
140
141
142
142
143
143
140
141
141
139
139
138
139
139
137
136
136
135
135
136
137
137
138
138
137
139
139
140
141
141
141
139
138
138
140
138
137
135
134
134
131
131
131
132
133
132
131
131
131
131
131
132
132
134
134
136
137
136
137
137
138
138
139
138
140
138
138
137
137
136
137
136
136
137
138
138
137
138
137
139
142
140
141
140
137
137
138
138
137
135
135
136
136
137
134
134
135
138
139
139
141
142
141
140
139
139
137
137
139
139
139
140
142
142
141
141
142
141
137
137
136
136
135
135
135
135
136
137
136
135
136
138
138
135
134
134
135
135
136
136
136
137
134
134
132
133
133
134
134
134
134
133
133
132
133
132
131
130
131
130
130
130
130
129
128
128
127
128
128
128
128
129
129
127
127
128
128
129
130
130
130
130
131
131
130
132
134
134
135
135
135
135
136
136
136
137
137
137
135
134
134
133
133
135
133
132
132
132
132
132
134
137
136
137
138
138
138
138
138
138
135
134
134
133
132
132
134
134
134
135
133
135
134
134
133
135
134
134
136
136
136
135
135
135
135
136
137
137
137
137
137
135
136
135
137
136
136
136
137
137
138
138
137
137
139
139
137
137
138
139
140
140
139
138
137
137
137
138
137
136
134
135
135
135
135
136
136
140
139
138
138
136
135
136
134
133
132
133
133
133
134
134
134
136
135
136
137
138
137
137
137
137
137
138
137
137
135
134
136
135
135
135
136
137
137
136
135
135
136
136
136
138
139
138
139
141
139
140
139
139
138
138
137
137
135
133
132
132
133
133
133
133
133
131
131
131
131
130
130
131
132
134
133
134
134
133
133
134
134
134
135
135
135
132
133
132
132
132
132
132
133
133
133
131
131
129
129
129
129
128
129
128
131
131
132
134
133
132
132
131
130
130
128
127
127
127
127
129
130
130
129
128
129
129
129
128
129
128
128
127
127
128
128
128
128
127
127
125
125
125
126
126
127
125
126
126
127
129
130
128
129
129
128
129
130
129
128
129
131
133
133
134
135
134
133
131
132
131
131
131
133
132
135
134
134
133
133
132
130
132
132
132
131
131
131
133
133
133
133
132
132
131
129
129
129
129
126
126
125
125
125
125
125
125
124
122
123
122
121
122
122
124
123
122
121
121
122
124
125
125
125
125
126
126
126
126
126
126
127
128
129
126
127
127
126
127
127
127
127
127
129
129
129
129
128
126
126
127
125
126
125
124
124
125
125
125
125
124
124
124
124
124
124
126
124
125
124
123
123
123
123
124
124
122
124
122
123
123
124
124
124
125
126
126
125
125
123
122
120
122
124
125
124
125
127
126
126
126
126
126
126
126
126
127
126
126
126
125
125
126
125
125
124
125
124
124
123
123
125
125
126
127
128
128
128
131
130
130
130
130
129
129
129
128
127
126
125
125
126
126
127
127
127
127
127
127
128
127
126
124
123
123
123
122
120
122
122
123
123
125
125
125
125
125
125
125
126
126
124
123
124
124
126
126
125
124
124
125
126
125
126
125
126
127
126
124
124
125
127
126
125
126
124
124
124
125
126
126
125
125
123
124
126
126
127
125
124
123
124
124
125
127
128
126
125
125
126
125
123
124
122
123
124
125
123
123
123
124
124
124
123
123
123
123
122
122
122
123
123
124
124
123
123
123
124
124
126
127
127
127
126
125
124
124
124
123
123
123
122
123
123
123
123
122
120
120
120
120
120
120
121
119
120
120
119
120
120
122
122
122
122
123
124
124
125
123
123
126
125
125
124
126
125
126
128
128
127
127
128
129
126
125
126
126
128
128
125
124
127
127
125
124
124
125
125
125
124
124
124
123
125
127
128
128
130
131
132
132
131
130
131
128
128
128
127
129
129
129
128
128
128
131
130
129
128
130
129
129
131
133
135
135
135
132
132
132
130
128
128
127
127
127
128
129
129
127
126
125
122
124
123
123
124
124
124
125
126
126
125
124
125
125
126
126
127
127
124
125
125
125
123
122
123
123
123
121
120
120
120
119
119
120
120
120
119
120
121
121
122
125
123
123
124
124
125
123
124
123
122
122
124
123
124
126
126
126
127
128
127
127
126
125
128
132
130
130
131
131
130
132
129
127
127
127
126
124
122
122
123
123
127
127
127
126
126
125
126
126
124
124
123
123
123
123
124
123
123
123
125
125
125
125
126
125
124
121
120
120
121
121
121
121
121
121
120
121
121
121
121
121
120
120
122
121
119
117
118
118
118
118
118
118
117
117
118
118
119
119
119
118
118
118
118
119
120
121
123
123
123
122
122
122
120
120
120
121
121
121
121
122
121
122
122
123
122
124
125
124
125
124
124
123
123
124
124
123
123
121
119
120
120
121
122
121
122
121
123
124
123
121
122
120
121
119
119
116
117
118
117
117
118
118
117
116
117
116
115
113
113
114
115
115
116
116
117
118
119
119
119
118
118
120
119
120
120
120
121
121
123
122
122
122
121
120
121
120
119
119
119
119
118
118
117
116
116
116
117
118
117
119
119
119
119
119
121
121
120
121
122
120
118
117
116
116
116
115
118
118
118
117
116
117
117
117
117
117
120
121
121
120
120
119
119
119
119
119
118
119
121
122
123
124
123
123
122
122
122
123
122
121
120
120
120
120
120
119
119
117
117
117
118
119
121
121
121
121
120
119
119
118
118
118
118
117
116
116
115
114
115
117
118
116
117
118
118
116
117
115
114
115
116
116
114
115
115
117
115
115
113
112
113
112
114
115
116
116
115
116
114
112
111
111
113
115
115
115
114
114
114
113
113
113
113
114
114
115
115
114
115
115
115
113
111
112
113
113
113
112
112
111
111
113
114
114
115
115
116
115
116
116
116
116
118
117
117
116
117
116
115
115
113
113
113
112
112
112
114
114
113
113
113
114
114
114
114
113
113
113
115
115
114
114
113
112
112
113
113
114
114
116
115
114
113
112
112
112
112
112
112
111
110
111
111
112
112
111
112
114
115
114
113
113
114
113
113
113
113
113
114
116
116
116
116
114
114
114
112
112
113
113
112
110
110
110
110
110
110
109
109
107
108
108
108
109
107
107
108
109
109
109
108
108
106
106
107
108
108
108
106
106
107
108
108
108
108
108
109
111
110
109
109
110
110
111
110
109
109
110
109
108
108
109
109
109
110
109
109
108
107
109
109
110
109
111
112
111
111
110
111
111
111
111
112
112
113
109
109
109
108
108
107
107
107
107
109
109
109
108
107
108
108
108
108
108
107
107
106
106
105
105
105
105
105
105
106
105
105
106
106
106
108
106
105
106
106
105
104
103
103
104
105
106
107
106
106
106
106
106
105
105
106
106
108
108
109
110
111
113
112
111
110
110
109
108
107
108
107
106
106
107
107
107
107
106
106
107
107
107
106
104
105
105
104
105
106
107
106
105
106
107
108
108
108
107
107
108
107
106
106
106
106
106
107
107
108
107
109
108
110
111
109
109
109
109
110
109
108
109
109
109
111
111
109
107
106
106
106
106
106
107
106
108
107
106
106
106
108
108
109
108
109
110
110
109
107
107
107
108
108
109
108
108
109
109
109
110
110
111
112
110
110
108
107
107
107
107
107
108
108
108
108
108
108
107
106
107
108
107
106
106
106
106
107
106
106
105
105
105
105
106
108
109
108
109
110
110
111
112
114
113
113
112
112
111
111
108
108
109
110
110
109
109
108
106
106
106
108
107
106
105
106
106
107
107
107
106
106
106
107
108
108
106
106
107
106
106
104
104
105
104
105
105
105
106
104
104
104
104
104
104
104
105
106
106
106
108
107
107
108
110
109
111
111
112
113
113
111
112
111
111
110
110
113
112
113
115
114
114
113
115
116
115
117
116
116
118
118
117
115
116
112
112
114
114
113
113
112
112
112
113
113
114
114
114
114
114
115
114
113
113
113
113
113
112
112
112
110
107
107
107
104
104
104
104
104
103
102
103
103
102
103
102
102
102
104
103
103
102
101
101
101
101
101
101
102
103
102
102
101
101
101
101
100
103
103
104
104
104
104
104
104
103
103
101
101
101
102
103
103
104
105
108
107
107
107
109
109
109
108
107
106
106
105
103
103
102
103
103
102
103
102
104
105
104
105
104
105
105
105
105
104
103
103
103
102
101
100
100
100
99
99
98
98
98
97
97
97
98
97
97
97
97
97
96
96
97
98
98
100
100
100
100
101
101
102
101
99
100
101
102
101
102
103
102
104
104
103
103
106
106
106
108
107
108
109
109
107
107
103
103
101
101
101
103
103
103
103
103
104
104
105
106
107
106
107
106
107
107
107
107
109
110
112
113
115
114
114
115
117
116
116
116
114
113
115
117
117
113
111
110
110
111
112
111
110
110
110
111
110
109
108
106
105
105
104
103
103
103
102
102
102
102
103
103
103
102
104
105
105
105
104
104
104
102
103
104
104
104
105
104
105
105
104
106
105
106
104
104
105
105
105
105
105
106
105
106
107
106
107
108
108
109
109
109
106
106
107
108
109
108
108
108
108
107
107
105
104
106
106
106
106
105
105
107
107
108
107
107
108
107
108
108
109
110
110
110
110
110
108
108
108
108
108
110
110
110
110
110
110
109
110
111
110
110
110
110
110
111
109
109
109
110
110
109
113
114
112
112
112
111
109
109
109
109
108
109
109
110
110
108
108
108
108
107
107
106
107
106
107
108
108
111
109
110
109
109
111
111
111
112
113
113
112
112
113
112
113
113
114
114
113
114
114
113
113
114
114
111
110
111
111
111
112
111
112
115
113
113
113
112
111
110
110
110
110
110
110
110
110
110
109
108
108
109
109
111
111
111
111
109
108
107
107
109
110
110
109
109
110
110
110
109
109
108
108
106
104
103
104
104
104
103
103
104
105
107
107
107
106
106
105
105
105
105
106
106
105
105
106
108
108
108
109
108
108
109
107
106
105
104
105
106
108
108
107
108
107
105
105
105
105
105
106
107
107
105
104
104
104
104
104
103
103
103
103
104
104
106
106
106
107
107
109
110
109
110
110
109
110
110
111
108
109
109
111
111
112
112
111
110
110
108
107
108
108
108
107
108
108
110
110
110
110
111
109
107
107
106
107
109
109
109
106
106
105
105
105
106
105
107
107
107
107
107
107
107
109
109
109
109
108
108
107
108
107
107
107
106
106
107
107
107
107
108
107
109
110
111
110
110
111
113
111
109
108
108
107
106
106
106
105
109
109
109
110
110
111
110
108
107
107
107
108
108
107
108
106
104
103
103
103
103
103
103
103
104
104
104
105
105
105
105
105
107
106
104
103
104
104
106
105
104
104
103
101
101
101
101
101
103
104
103
102
102
104
105
105
106
106
106
106
106
106
104
104
103
101
101
101
101
103
101
101
102
102
102
102
104
104
105
105
105
105
105
106
106
106
106
105
105
105
105
106
107
107
108
106
107
106
104
105
105
104
103
103
103
103
103
103
102
102
103
103
103
105
105
105
105
105
105
105
106
105
104
104
104
103
101
102
102
103
103
103
103
102
102
103
103
103
103
102
103
101
101
102
102
102
101
101
101
101
101
101
101
102
101
102
102
102
100
100
100
101
102
102
102
102
104
105
105
104
104
105
105
105
105
105
104
105
106
107
107
108
108
108
107
107
106
106
106
107
106
106
107
107
110
106
106
105
104
104
104
104
102
101
101
101
100
101
102
103
103
102
102
102
102
103
102
103
103
104
102
102
103
104
104
104
103
102
102
101
101
101
101
102
104
105
104
103
103
103
103
103
103
104
105
104
104
104
101
101
101
102
103
103
103
102
103
103
103
104
102
101
100
100
101
101
101
101
101
101
101
101
101
100
100
101
102
102
101
102
102
102
102
103
102
101
102
101
101
99
99
99
100
100
100
99
99
98
98
98
98
98
98
98
99
101
101
101
100
100
100
100
100
102
102
102
103
103
103
102
103
105
105
105
105
105
105
103
103
103
103
102
100
101
101
101
102
102
101
101
100
100
101
102
102
102
102
101
102
102
102
102
102
102
102
102
101
100
100
100
99
97
96
96
97
97
97
97
98
97
98
97
97
98
99
99
98
98
99
101
101
100
100
100
100
100
100
100
100
100
102
102
103
103
104
104
105
105
104
105
104
106
106
106
107
107
105
105
105
105
106
105
105
105
104
105
105
105
104
104
104
104
103
102
102
100
98
99
102
101
100
100
100
100
100
100
99
99
99
99
100
102
102
103
104
104
103
103
103
103
102
100
98
97
98
97
98
98
98
98
98
97
97
99
99
98
98
98
98
98
100
97
97
96
96
96
95
95
96
97
98
98
100
101
101
100
102
100
100
101
102
102
100
101
100
99
98
99
99
100
102
102
102
103
103
104
102
102
101
103
102
101
99
99
98
99
102
105
103
101
101
100
100
99
100
100
99
100
100
97
97
97
97
99
99
98
98
96
96
96
96
97
98
98
97
98
98
97
98
98
98
99
99
98
97
97
96
93
93
93
93
93
93
93
94
94
95
94
94
94
94
95
96
96
98
98
98
100
100
99
100
100
98
98
99
100
102
103
100
99
99
98
98
98
99
99
99
97
96
95
96
96
98
98
98
99
99
100
101
100
101
101
100
100
100
100
99
99
99
99
99
99
100
100
100
101
101
100
100
100
99
99
99
98
98
97
96
96
97
98
99
101
101
101
100
100
100
100
99
99
98
98
97
99
99
100
100
104
104
104
105
103
103
101
102
102
100
100
100
99
98
99
98
98
98
98
97
96
96
96
97
97
98
100
99
99
100
101
101
99
98
99
100
99
99
101
101
101
101
102
98
98
97
96
96
96
95
95
96
96
95
95
96
96
98
98
99
99
100
101
101
101
100
99
98
99
99
98
98
97
97
97
98
98
97
97
96
96
96
97
97
96
96
96
96
95
95
95
94
95
95
96
96
96
97
97
96
96
98
97
97
99
97
97
97
97
97
97
96
96
96
96
97
99
99
99
102
101
101
102
101
102
100
99
98
97
97
96
97
97
97
97
97
95
95
94
95
95
96
97
97
97
97
98
98
97
97
97
97
97
98
98
96
97
97
96
96
95
96
96
97
97
98
98
97
97
97
97
97
98
98
98
98
96
96
97
97
96
95
94
94
95
93
93
95
95
96
95
96
98
99
97
97
98
100
98
98
98
98
98
99
99
99
98
97
98
97
97
97
99
97
96
96
95
96
96
95
94
96
97
98
97
97
97
96
96
96
97
96
96
96
96
95
97
97
95
95
95
95
95
96
96
96
97
97
98
98
97
95
95
96
96
96
95
95
95
95
96
96
97
95
95
95
95
95
95
94
94
94
94
95
96
98
98
98
97
95
99
99
99
99
100
99
98
97
96
97
97
96
96
96
97
97
97
98
98
97
97
99
96
95
95
96
96
95
95
93
91
91
91
89
89
89
88
88
89
88
89
90
90
89
89
91
91
91
91
92
92
93
93
93
93
94
94
93
92
91
91
92
91
91
91
91
91
92
92
92
92
93
93
94
94
94
95
93
93
94
95
95
95
95
95
95
95
95
94
94
95
95
95
96
96
96
98
99
99
100
101
100
99
98
97
96
95
96
95
96
95
95
94
93
94
94
94
93
93
93
92
91
92
92
92
91
92
90
90
90
90
90
90
90
90
90
90
91
92
92
92
92
92
93
93
94
94
95
97
97
96
96
96
96
95
96
97
97
96
96
96
95
95
94
95
96
95
96
95
95
95
95
94
93
93
92
92
92
92
91
91
91
91
93
92
92
93
93
93
94
95
95
94
94
92
94
93
93
94
93
93
93
93
93
95
95
95
94
95
95
95
95
94
93
94
93
93
92
92
91
90
89
90
92
91
89
89
90
90
90
90
90
90
89
90
90
90
90
90
90
90
89
90
91
90
90
91
92
93
93
93
93
91
93
93
93
92
92
92
92
92
91
93
93
93
94
94
95
96
96
97
97
96
96
94
94
94
92
92
92
91
91
92
93
92
92
92
91
91
90
92
92
92
92
91
90
88
88
88
88
87
87
87
88
89
89
89
89
89
88
88
87
88
88
88
88
89
89
89
90
90
90
91
92
91
91
92
92
93
93
92
92
92
93
92
93
94
93
92
91
91
92
93
93
93
93
93
93
93
92
92
92
91
91
90
92
93
94
94
92
92
92
91
89
89
89
89
89
89
89
89
89
89
88
89
90
89
90
91
91
91
92
92
93
93
93
93
93
93
92
92
92
91
92
92
91
91
92
92
92
94
95
95
95
93
94
94
93
94
93
94
95
95
95
95
94
94
94
94
94
95
94
94
95
95
95
94
93
93
95
95
96
97
97
98
100
101
102
100
99
98
98
96
96
96
97
97
96
97
97
97
97
97
98
97
96
96
96
96
96
95
95
94
96
96
97
97
97
98
98
98
97
97
97
95
96
97
98
98
97
98
98
98
99
97
97
98
98
98
99
99
99
99
99
99
99
99
98
98
96
96
96
97
97
98
99
100
101
101
99
98
98
99
99
99
99
99
99
99
101
99
98
99
98
98
97
97
97
96
95
93
94
94
94
94
93
93
93
94
95
95
94
93
93
94
94
94
94
95
96
95
94
94
94
93
93
93
93
94
95
94
95
94
94
94
97
96
96
96
98
98
98
96
95
95
95
95
96
