0.0007610344827586207 0.0002831034482758621
300
292
291
285
285
284
283
282
281
279
280
280
278
279
279
280
280
277
279
277
278
278
280
277
279
282
281
281
281
275
277
276
274
278
278
277
277
275
274
274
277
279
279
281
283
284
284
286
286
287
288
288
287
288
287
290
289
288
287
290
294
292
290
292
291
289
290
290
290
290
289
289
290
290
291
290
289
289
289
290
291
293
296
299
299
299
298
298
297
297
297
298
298
297
299
299
300
296
295
295
292
294
294
293
294
292
293
292
292
291
297
297
301
303
303
305
306
306
306
307
308
310
312
309
310
309
310
310
311
312
312
311
314
314
315
312
314
312
311
309
311
309
309
309
306
306
306
308
309
309
309
310
310
309
312
313
311
311
308
310
310
312
308
306
307
307
309
313
315
315
315
318
318
317
316
318
318
317
317
318
319
317
316
318
319
317
316
318
320
317
318
317
317
318
317
319
322
321
320
325
324
327
326
325
327
326
327
326
326
326
327
326
325
325
323
324
321
321
323
324
323
322
320
320
320
322
322
323
323
323
324
324
327
325
322
323
324
323
323
322
324
328
328
326
325
328
330
330
331
332
333
335
334
335
332
333
336
337
337
335
337
337
339
340
342
341
338
335
331
332
334
333
332
332
333
335
334
334
336
339
339
340
343
343
343
344
342
339
338
337
337
338
339
336
338
340
342
344
340
339
337
341
343
343
342
340
344
340
339
339
340
339
339
342
341
341
341
342
342
341
341
340
338
339
340
341
345
344
345
342
345
345
347
347
350
349
351
353
353
357
358
358
356
356
357
355
358
357
357
358
357
361
364
365
367
368
363
364
364
363
364
365
362
363
362
360
360
361
359
357
359
364
364
364
364
365
365
365
366
363
362
363
364
365
365
364
364
364
363
363
363
360
362
361
361
361
363
366
366
369
366
367
365
366
367
371
370
370
371
370
373
374
373
373
370
371
372
371
370
369
369
367
367
368
366
367
367
371
371
370
367
368
369
368
368
367
369
370
373
374
373
376
375
374
376
377
376
377
372
372
374
374
373
376
377
374
374
374
375
376
377
380
381
380
377
377
377
378
381
380
380
382
381
382
383
384
386
386
388
390
391
390
389
388
387
385
385
384
384
383
382
382
380
384
381
383
381
383
384
385
385
388
391
392
390
394
388
387
387
388
386
388
386
389
390
388
387
388
389
390
390
390
390
390
391
391
393
393
392
390
393
394
401
399
398
399
398
398
398
397
394
390
389
385
387
387
385
386
385
385
387
388
388
390
389
389
391
390
393
393
389
389
389
390
390
393
390
390
391
390
391
392
391
388
388
385
388
387
383
385
383
384
382
384
385
387
388
390
391
389
388
387
386
385
384
385
385
387
388
389
388
388
388
389
387
389
389
389
391
391
388
389
389
390
392
393
389
389
389
390
388
387
387
387
388
387
389
387
385
383
384
383
384
386
386
386
387
385
388
388
389
392
391
394
397
400
400
400
396
394
392
392
392
395
391
389
384
385
385
385
385
386
386
388
389
387
390
393
396
397
390
390
389
389
388
387
387
385
383
383
386
386
386
385
386
386
388
389
389
388
387
388
386
385
385
385
386
389
389
389
390
392
392
391
390
392
393
389
388
388
385
384
385
388
386
386
387
386
387
389
388
386
389
391
391
392
392
392
393
395
396
396
395
394
392
395
397
396
397
400
399
400
399
399
399
402
401
401
397
398
398
399
397
396
401
403
404
403
405
407
406
398
400
401
399
404
403
406
407
406
407
404
405
404
404
407
408
410
409
409
410
411
411
408
406
404
405
407
405
406
406
404
402
398
398
398
398
395
393
392
394
394
394
394
392
391
390
392
393
392
390
391
393
393
394
397
396
398
399
402
404
404
406
405
404
404
402
400
398
402
401
399
394
393
390
389
391
391
389
390
391
390
387
387
387
387
388
388
388
387
387
387
389
386
386
386
385
387
390
392
388
388
389
391
390
389
388
390
390
392
393
395
393
392
392
393
393
394
395
395
393
391
393
394
395
393
393
394
397
398
396
397
401
397
398
398
398
402
396
395
396
397
393
393
394
397
395
394
398
396
394
395
396
397
399
398
400
400
401
400
403
400
401
403
405
403
406
406
407
407
406
411
412
414
412
407
409
410
412
411
409
410
409
410
407
408
408
409
406
407
408
408
407
406
405
407
406
407
407
408
409
410
414
416
416
414
415
413
416
412
412
413
416
416
416
415
412
412
413
411
410
408
406
404
405
406
405
409
411
408
408
408
411
409
407
409
409
410
411
408
407
408
409
411
409
408
410
413
417
416
418
416
414
417
416
416
416
414
415
415
416
421
419
417
417
419
420
420
418
416
416
417
419
418
418
419
420
420
420
419
420
420
419
423
423
422
422
424
424
424
425
426
425
427
426
422
425
427
426
423
422
422
424
419
421
420
422
423
419
418
423
423
422
422
421
422
426
425
429
430
430
433
431
428
428
423
421
421
422
419
420
420
422
421
418
419
419
421
419
419
417
418
417
417
419
422
421
423
420
419
420
422
422
422
423
423
423
421
423
418
420
420
421
422
421
420
423
422
423
422
422
423
424
429
431
433
431
430
430
432
434
436
435
436
437
438
435
435
437
436
434
431
433
434
432
428
428
427
426
429
427
423
420
421
420
421
422
423
424
424
423
422
418
417
415
417
419
418
419
420
419
419
424
425
426
429
427
429
429
427
428
425
426
427
429
426
422
422
419
417
418
417
418
417
413
411
412
413
413
415
414
412
413
416
417
416
417
418
418
416
419
419
418
420
419
422
422
423
426
423
425
425
425
423
426
427
428
430
430
428
428
430
429
430
429
427
428
431
430
430
434
435
434
428
429
428
429
431
434
434
435
434
434
433
429
426
427
427
424
425
427
430
424
423
427
429
431
429
425
423
423
425
422
422
423
424
424
424
420
420
420
419
422
419
418
419
420
421
423
422
420
424
421
420
421
421
422
421
424
426
427
427
429
430
430
428
424
425
424
425
424
424
425
424
426
426
425
425
424
427
428
426
428
429
428
429
429
427
425
426
425
427
430
428
430
431
429
426
429
427
427
425
426
425
424
423
424
427
427
428
428
426
425
425
425
426
425
425
426
426
426
425
423
423
427
426
426
427
432
431
432
437
432
432
430
430
431
431
433
434
432
430
434
435
433
439
439
437
438
437
438
441
444
441
443
441
440
439
440
441
440
445
445
445
443
440
440
438
438
435
436
437
436
435
436
435
437
439
440
441
441
442
443
445
445
441
438
439
441
440
442
443
445
447
447
445
443
444
442
442
444
444
445
446
445
446
446
444
442
442
443
445
442
443
440
438
440
438
438
438
440
439
440
442
445
442
439
440
442
439
442
442
442
441
442
441
440
436
437
434
435
437
438
438
436
435
433
431
431
431
433
433
434
434
434
440
439
440
440
440
441
441
438
439
440
440
445
445
448
445
447
445
444
444
447
446
448
449
451
447
450
449
453
453
448
448
449
449
443
447
448
448
446
446
448
450
452
451
453
451
447
448
452
446
448
450
452
453
454
453
452
454
452
451
449
442
443
443
445
443
442
443
441
440
444
445
442
444
446
446
446
444
445
445
447
450
451
455
453
453
449
449
445
444
449
447
451
450
450
450
450
449
448
447
444
440
441
440
440
439
436
437
439
439
442
443
447
445
444
445
444
447
445
444
443
445
448
452
452
456
457
456
459
459
460
456
458
463
460
461
456
454
453
456
457
457
457
460
461
459
458
456
456
455
455
458
455
454
453
454
452
455
456
456
456
452
457
457
456
456
456
454
454
449
451
451
451
450
453
454
454
454
452
453
457
455
453
452
450
451
449
452
454
451
448
449
451
449
449
448
448
449
453
452
450
451
453
454
453
453
453
451
452
456
453
456
457
457
458
458
459
459
460
459
458
459
454
453
458
458
457
452
453
451
451
453
455
449
448
449
453
454
455
456
454
453
453
450
451
449
447
447
446
445
446
444
445
446
447
444
450
445
450
450
448
448
451
450
446
447
448
448
448
449
446
446
444
443
443
442
445
443
444
442
444
443
444
442
444
444
442
441
443
444
446
448
446
449
449
446
448
448
446
448
446
443
443
445
444
443
444
442
444
443
442
442
442
443
441
441
442
444
443
440
442
443
448
449
445
447
449
449
449
446
444
443
445
447
452
450
450
449
448
452
452
451
453
452
450
452
453
455
454
457
456
451
452
457
456
453
457
458
455
456
455
456
455
454
455
458
460
459
458
456
454
456
457
458
459
463
463
465
458
461
459
461
461
459
461
460
460
459
459
457
463
463
459
463
462
462
460
459
454
453
452
456
453
453
450
449
451
451
450
452
450
451
451
451
451
450
451
454
458
457
454
456
454
455
456
454
455
455
455
451
452
454
454
453
457
457
458
454
453
453
454
454
454
456
455
451
453
455
453
449
450
448
445
445
445
446
449
449
446
446
446
450
453
451
453
453
451
453
456
457
449
448
447
443
443
440
440
440
443
444
443
441
442
442
439
437
438
441
440
435
437
438
440
438
437
438
439
441
440
438
437
438
440
440
441
444
445
446
446
445
445
447
446
446
447
448
447
446
448
454
452
452
452
452
452
450
450
451
452
453
453
453
453
453
452
446
445
447
445
442
440
443
444
446
450
448
442
443
442
442
443
444
448
447
449
448
445
446
445
446
445
445
444
444
445
447
448
446
446
445
446
447
444
443
446
450
445
444
445
445
446
447
448
447
446
445
447
447
448
449
447
450
450
447
448
449
449
453
456
453
453
458
454
456
457
458
456
455
454
456
456
456
453
451
453
452
454
452
456
455
456
458
461
462
462
460
458
454
457
458
460
460
461
458
456
456
456
456
455
454
454
452
453
451
452
451
449
449
449
451
452
451
453
454
449
449
452
454
452
455
453
453
455
454
460
459
458
458
461
465
466
457
459
458
458
453
454
453
454
452
450
446
448
448
453
457
457
456
455
455
454
451
451
451
454
452
454
455
452
450
450
447
450
447
445
442
444
445
447
451
452
453
456
453
455
457
457
452
453
453
450
449
447
448
447
446
448
451
455
454
451
450
450
448
448
449
452
452
453
455
456
450
451
451
450
452
452
452
454
457
456
456
458
458
456
455
455
453
452
450
450
449
451
450
452
453
455
456
456
455
460
462
464
464
462
462
462
463
460
459
457
457
459
458
459
459
461
462
461
461
458
460
461
463
465
465
465
463
466
467
468
468
468
470
469
468
472
470
468
469
469
466
467
468
470
469
468
474
473
471
467
465
463
462
461
459
458
459
462
461
461
462
465
463
466
466
465
467
468
469
469
471
468
469
469
475
475
473
475
473
475
475
472
468
467
473
475
473
473
474
477
478
479
477
475
475
476
476
473
475
473
471
473
474
475
472
474
476
475
479
478
475
478
480
480
481
482
487
483
483
482
483
488
486
481
482
484
484
484
480
482
478
473
474
476
475
474
477
476
476
474
477
479
478
478
477
477
477
471
472
473
472
471
471
471
472
472
474
474
476
478
479
475
474
473
476
473
473
470
466
465
470
472
468
470
470
466
466
466
465
465
464
462
461
465
466
466
466
466
466
463
464
465
462
466
468
462
459
460
458
457
459
458
461
463
465
462
462
462
463
462
465
467
467
467
465
467
465
462
463
466
465
466
465
466
469
469
467
466
464
463
463
462
461
461
460
462
458
458
458
458
460
460
461
461
460
460
462
461
460
466
465
466
466
464
467
466
467
468
467
470
473
472
472
470
470
471
469
468
467
467
468
469
470
469
469
468
471
473
472
472
474
474
476
474
473
472
472
473
470
472
470
467
466
469
469
470
468
472
470
472
468
469
469
467
464
462
462
463
464
467
466
466
467
471
473
474
477
473
474
473
474
474
475
474
474
475
472
472
475
473
470
470
470
472
471
471
472
470
467
469
467
468
469
470
471
471
469
472
470
468
467
466
466
465
468
468
470
468
464
466
472
472
470
471
471
468
468
467
470
471
472
474
479
478
478
476
471
473
468
467
470
468
468
469
465
467
469
471
476
475
473
474
473
474
474
470
470
468
467
467
467
468
468
467
465
465
466
469
465
467
468
468
471
474
472
469
470
470
470
473
469
469
471
470
471
468
467
466
468
466
464
465
469
469
467
466
466
468
469
469
472
471
469
465
465
467
466
466
466
469
474
477
479
474
477
478
480
479
480
480
481
481
480
479
479
481
474
475
476
475
479
480
480
480
479
479
478
481
479
476
474
474
478
476
476
476
476
474
476
478
478
476
470
473
474
476
475
475
477
479
476
472
472
471
469
469
468
469
470
467
467
462
462
461
466
467
467
467
471
471
470
471
469
470
474
474
471
470
469
467
469
467
468
469
471
471
470
472
468
470
470
468
466
466
467
468
468
469
470
468
471
472
473
473
472
472
472
473
477
478
478
475
475
477
475
475
475
473
472
469
469
469
468
469
468
469
467
468
470
469
469
469
471
474
471
472
473
473
470
469
467
467
464
464
467
468
469
466
465
463
462
465
465
467
466
469
466
465
465
464
464
464
466
465
465
463
465
463
463
462
464
462
461
463
462
462
463
461
463
463
463
464
465
464
463
460
461
462
462
463
464
467
465
464
464
462
457
457
457
457
459
460
465
464
464
465
462
465
465
468
462
464
464
463
463
462
461
462
462
461
461
460
462
463
461
463
466
467
468
466
468
470
470
469
468
468
467
470
470
473
472
471
469
470
468
469
469
467
468
469
467
467
465
466
470
469
468
468
466
464
466
463
463
466
465
467
472
469
466
463
462
465
465
465
466
465
465
467
469
472
471
471
471
470
467
467
468
467
466
467
467
467
467
469
468
471
472
476
478
478
481
481
481
483
482
484
481
482
484
481
479
478
476
477
478
480
480
484
484
484
486
487
487
486
490
492
497
497
498
499
495
497
492
491
488
488
491
490
490
490
492
496
497
496
498
499
501
502
500
500
502
501
500
503
503
503
499
498
497
499
499
500
500
497
499
502
500
498
499
499
500
503
504
505
505
504
504
503
502
504
504
504
497
498
499
502
498
500
499
498
499
499
499
497
498
499
499
506
504
506
503
502
502
503
503
502
499
499
496
495
499
500
498
497
501
498
498
498
495
493
494
491
488
485
488
486
487
486
484
482
479
479
481
481
482
482
481
483
482
483
483
483
482
486
486
484
489
492
492
491
486
486
485
485
483
481
481
476
475
473
474
474
474
473
472
469
471
470
469
469
469
471
472
470
473
471
471
471
473
473
472
471
469
469
472
476
477
477
477
479
479
480
481
480
481
482
484
487
484
489
489
483
483
482
480
479
482
482
481
481
481
481
482
482
482
484
483
482
481
481
483
485
486
490
488
491
494
492
492
496
497
498
499
499
495
494
493
495
493
497
500
500
494
493
494
495
501
499
500
501
497
493
493
495
495
498
499
497
495
494
494
488
492
492
495
496
495
497
494
499
499
499
497
496
496
496
496
498
495
496
497
498
500
499
496
493
490
494
488
486
487
490
487
489
487
487
490
491
491
492
494
494
494
493
493
493
496
496
495
497
497
497
497
499
499
497
497
494
493
494
496
494
492
489
489
485
486
481
482
484
483
483
487
486
485
490
487
482
481
481
481
481
484
485
484
484
482
485
486
482
483
484
480
479
481
484
481
484
480
482
484
484
482
481
483
484
483
480
482
481
482
484
486
484
484
484
484
484
480
478
478
479
482
482
485
486
483
481
480
479
477
479
477
479
478
474
474
477
477
478
479
476
474
475
474
476
475
476
475
473
472
472
473
472
472
472
474
476
477
480
480
480
484
482
479
480
479
477
480
484
485
484
485
485
484
484
486
487
487
486
489
486
488
486
487
486
486
488
488
487
490
492
493
495
491
491
489
488
489
489
490
490
489
489
489
494
491
490
493
494
494
496
497
497
495
497
498
497
501
501
499
497
498
496
497
497
499
497
502
499
497
495
495
495
493
495
498
499
501
499
499
498
500
501
499
499
497
494
498
499
496
497
497
496
498
500
499
500
500
504
507
505
504
504
499
501
501
504
502
504
508
508
506
508
503
505
504
508
507
511
513
512
512
509
509
509
507
503
506
505
506
504
503
503
503
505
507
508
509
509
511
507
507
509
502
500
501
501
497
498
500
503
504
503
504
506
504
502
503
503
504
505
503
505
506
502
502
501
498
500
500
502
501
501
501
499
498
497
497
495
495
498
498
499
495
493
495
495
498
496
498
500
501
501
499
500
502
497
499
503
505
500
500
501
503
502
502
505
507
512
512
512
513
513
513
514
516
515
516
517
518
520
523
522
519
517
517
516
518
522
519
517
519
518
520
514
515
517
517
517
519
519
522
522
516
515
512
509
512
510
512
509
509
507
507
510
510
506
504
505
505
507
507
509
512
512
512
514
511
510
511
515
514
512
515
510
511
510
510
511
511
512
512
509
509
511
512
513
512
516
515
515
514
511
507
505
505
505
506
507
506
506
504
505
504
507
506
507
509
512
510
509
512
514
515
516
518
518
515
516
516
516
518
515
513
511
509
513
513
511
512
513
513
515
519
516
515
516
515
514
518
519
520
519
519
519
519
520
522
521
520
518
516
519
520
526
525
526
529
528
527
527
534
532
532
533
531
533
533
534
531
527
531
529
528
526
525
525
527
525
529
532
528
523
522
521
521
522
525
527
531
533
531
533
533
532
532
530
533
531
535
537
534
530
527
525
527
525
525
523
522
519
518
517
516
519
518
518
521
521
522
524
528
532
537
538
533
535
535
538
536
536
537
536
537
536
534
536
533
538
541
543
539
539
535
533
532
532
534
533
529
531
531
533
536
535
533
531
527
529
529
528
529
530
531
532
530
532
529
524
524
525
523
523
522
523
522
521
522
526
526
526
528
525
526
528
530
528
528
526
524
523
524
526
526
524
520
522
521
520
519
520
522
524
525
525
523
526
526
525
524
522
522
522
522
522
523
526
526
523
522
522
520
521
523
520
522
522
521
526
527
527
528
527
526
525
526
523
518
518
515
517
519
520
520
522
520
520
524
520
524
526
523
526
527
525
526
526
525
527
529
530
529
533
531
534
535
535
535
533
532
527
527
526
527
528
530
527
525
526
525
527
528
529
528
523
523
524
523
524
526
526
527
528
529
528
532
534
534
529
526
531
528
527
529
530
530
531
532
534
536
535
532
530
528
529
526
529
528
530
529
532
531
532
529
525
525
523
525
522
524
528
526
526
524
521
524
523
522
523
525
525
520
520
518
519
519
519
519
518
514
517
521
519
522
520
517
517
522
521
518
517
516
514
515
519
519
522
524
525
524
526
527
524
529
531
526
522
521
520
523
524
526
523
528
525
525
530
531
532
535
535
534
535
530
530
527
526
525
524
521
520
521
521
524
521
522
521
519
519
519
519
517
517
519
520
522
524
521
524
523
527
528
532
532
532
530
525
525
526
526
522
520
520
520
522
517
519
518
517
518
522
525
528
528
531
531
534
532
532
532
535
535
536
535
535
536
536
534
533
534
533
534
534
534
533
530
530
531
529
530
531
531
531
528
526
525
528
535
536
533
533
534
535
535
537
538
538
539
539
536
537
535
537
539
543
544
542
543
540
538
539
539
541
539
539
542
538
538
535
537
532
532
527
527
528
531
531
530
533
534
531
529
532
529
531
529
529
533
537
536
535
533
533
530
531
537
539
537
540
540
540
541
541
538
539
541
539
536
536
540
540
540
541
542
542
541
541
541
540
539
537
538
538
537
536
538
536
538
536
534
535
537
537
530
528
529
527
527
528
527
524
527
527
524
523
522
522
523
523
523
524
524
524
524
524
526
529
530
533
532
533
531
530
528
533
535
535
535
536
534
533
527
527
532
532
532
531
529
530
529
530
531
530
529
530
531
534
534
534
528
530
533
535
535
530
532
531
532
532
535
531
528
530
529
529
527
530
531
532
530
531
534
531
532
531
528
530
532
533
530
533
532
529
528
525
525
526
529
533
531
529
529
531
532
532
533
528
528
528
528
529
531
531
532
532
531
534
538
538
539
536
540
541
542
539
544
544
543
546
540
539
536
537
536
532
534
534
534
537
536
537
534
533
537
537
537
538
535
541
546
546
543
540
538
540
539
539
536
537
535
539
538
535
531
537
534
534
536
536
536
535
537
536
538
541
541
543
545
542
544
547
548
546
546
549
549
547
544
545
543
543
544
544
541
539
543
548
548
547
549
546
547
546
547
550
547
552
551
549
550
553
556
561
556
560
564
562
560
553
550
548
551
550
550
548
550
554
551
548
548
549
552
552
548
548
549
545
543
542
538
537
540
544
547
546
541
541
541
541
546
546
543
547
547
546
547
548
547
550
549
548
551
553
554
553
550
549
549
549
547
546
542
543
546
543
540
538
538
537
535
537
536
535
537
542
545
545
546
548
545
548
548
547
544
542
540
540
539
542
543
544
548
548
545
546
543
543
540
540
538
537
533
531
530
533
534
533
530
532
531
532
529
530
533
536
539
543
540
536
532
534
534
532
533
534
533
533
534
537
541
540
539
536
537
536
535
534
537
539
541
540
538
539
539
541
540
539
536
540
541
542
540
541
541
536
539
539
540
537
538
538
537
537
534
535
536
535
535
536
532
531
533
534
535
537
537
539
541
542
543
542
541
540
543
538
536
543
544
540
544
546
545
543
540
539
541
543
548
551
547
543
542
542
541
540
543
545
542
542
542
544
544
541
543
542
541
545
542
540
541
542
545
547
548
547
549
550
548
547
548
545
546
544
542
542
544
541
541
543
542
543
546
543
544
544
547
548
545
543
544
544
542
542
539
537
539
538
540
541
543
543
541
541
540
540
538
537
538
538
539
541
542
540
539
538
539
542
544
548
546
541
540
537
540
540
542
543
541
539
541
542
541
541
542
542
547
546
548
549
551
551
554
554
555
552
554
558
556
554
556
552
552
554
554
552
547
549
550
550
553
556
549
551
550
548
551
556
557
556
555
557
556
555
552
551
553
549
549
547
546
545
545
546
544
544
548
544
544
544
545
544
546
545
544
543
543
542
542
540
537
533
534
535
533
535
540
543
546
547
545
545
547
549
549
546
546
547
547
548
544
546
545
544
546
545
540
539
540
541
541
542
541
542
542
546
545
548
548
549
547
550
546
546
546
545
544
543
543
542
540
537
538
538
536
538
538
537
541
541
541
542
541
540
543
544
543
540
541
539
540
540
541
541
539
540
540
541
541
541
541
542
546
550
552
547
543
549
549
547
548
545
546
548
544
546
545
545
542
544
542
544
542
542
543
542
539
542
541
540
539
541
546
544
545
