0.0005562068965517242 0.0009317241379310344
300
293
282
277
272
272
266
261
256
248
247
245
241
244
243
240
236
236
235
233
228
227
227
226
223
222
222
223
220
219
218
218
218
219
216
214
213
210
210
209
207
207
210
206
204
203
204
204
206
207
206
205
205
205
203
203
205
206
205
205
205
205
205
204
202
202
199
199
199
200
201
201
201
203
202
200
201
203
204
205
203
202
201
199
202
201
201
198
197
197
197
196
196
196
196
195
195
194
193
195
194
195
196
196
198
196
197
197
196
197
198
197
198
197
196
198
197
197
198
200
202
201
202
201
200
198
198
197
198
197
199
197
194
193
196
197
198
198
199
198
199
200
200
200
199
199
200
200
201
199
200
199
198
199
198
199
198
199
200
200
201
200
200
199
198
198
197
194
193
192
194
196
197
197
197
196
197
197
194
192
190
190
191
191
190
188
187
187
189
190
192
190
191
192
192
191
191
192
191
191
191
189
189
187
185
185
185
185
187
187
190
190
192
191
190
190
190
189
189
189
188
189
192
192
193
194
193
192
192
190
191
191
187
186
188
189
187
186
187
186
186
188
187
192
191
189
186
184
185
184
184
185
185
187
186
184
183
183
184
183
183
180
180
178
177
177
177
177
177
177
178
180
179
178
180
180
180
180
180
179
179
179
179
180
181
182
183
183
182
182
182
183
182
183
182
181
182
183
182
183
182
181
181
179
180
179
180
179
178
178
179
179
179
179
179
181
181
183
183
180
179
179
178
179
179
180
180
178
179
181
180
180
181
182
180
180
180
179
180
179
177
176
177
178
178
175
173
172
173
173
173
173
173
172
173
172
172
172
172
172
173
173
172
172
171
172
172
170
170
171
171
171
173
173
174
174
175
174
175
173
173
174
174
174
176
175
176
178
178
178
177
177
178
178
178
176
174
174
173
173
171
172
172
173
173
172
171
171
171
172
172
171
172
173
175
175
176
175
176
176
174
173
174
176
174
174
174
174
174
175
175
174
174
177
176
173
173
174
174
175
175
173
172
173
172
171
171
171
172
172
174
176
175
176
174
174
173
173
171
172
172
172
173
174
173
173
173
173
173
173
174
173
171
172
171
174
173
175
172
171
171
170
170
171
170
171
170
170
172
170
170
173
173
175
175
174
177
177
176
173
172
171
170
168
168
168
169
168
169
169
168
170
169
170
168
168
167
167
170
169
167
167
166
166
166
167
170
171
173
173
172
170
171
170
169
168
168
167
168
167
166
167
167
166
166
166
166
165
164
164
165
167
166
167
167
167
167
169
168
168
168
168
168
167
168
167
167
169
167
168
167
167
168
166
166
168
167
168
168
167
167
168
168
169
169
171
171
171
171
170
171
171
168
168
168
167
168
166
166
166
166
166
166
166
166
167
168
169
171
171
169
168
168
168
169
170
172
170
171
170
169
169
168
168
170
170
169
170
171
172
169
169
169
169
168
170
169
170
169
169
171
171
171
169
167
167
167
167
167
166
165
167
165
165
164
164
165
166
166
165
164
163
164
164
165
164
165
165
163
163
163
163
164
164
166
166
168
168
168
166
167
168
168
169
170
171
172
173
171
170
169
169
169
171
171
172
170
170
170
172
172
173
173
172
172
172
172
172
171
172
171
173
172
170
170
170
170
170
172
171
172
171
171
173
173
172
173
173
177
177
177
176
174
173
174
172
169
170
170
170
170
171
171
171
171
171
171
173
172
170
170
172
173
175
175
175
177
175
175
176
175
176
176
178
176
177
175
177
178
174
175
173
172
171
171
171
172
172
173
170
171
174
174
174
175
173
174
174
172
171
167
168
166
166
165
166
166
165
166
166
166
167
168
171
171
170
170
171
168
166
167
166
165
164
164
164
163
162
163
164
167
167
166
167
168
171
170
170
174
172
171
170
169
169
168
169
170
167
166
166
165
164
162
160
161
161
161
162
163
162
162
163
163
164
166
165
164
166
167
166
165
163
163
164
163
162
162
164
165
164
162
163
163
166
167
168
166
166
167
167
165
164
165
163
164
163
164
161
160
160
160
160
159
160
160
160
159
159
160
160
160
161
161
161
161
162
161
161
160
159
160
161
159
158
157
157
156
156
157
158
159
157
157
157
158
159
159
160
159
160
160
161
159
158
159
160
160
160
160
159
158
160
159
160
160
161
160
159
158
157
158
156
157
157
156
157
157
158
159
159
158
157
157
157
158
158
158
158
158
158
159
160
160
161
162
162
163
163
164
161
159
161
162
159
159
160
160
161
161
160
160
161
161
161
161
160
160
159
158
158
158
158
159
158
158
159
161
159
160
160
160
161
159
159
158
158
158
157
158
159
159
158
156
153
154
154
154
154
153
151
152
152
154
154
154
154
154
154
153
153
153
156
157
158
159
159
160
158
159
160
159
159
159
157
158
157
158
160
160
161
160
160
161
161
159
159
159
159
160
158
158
161
161
162
162
162
164
164
165
164
164
163
163
163
163
163
161
161
161
160
161
161
160
160
160
159
158
158
159
161
159
159
158
158
158
157
157
156
158
157
156
157
157
158
158
159
158
158
158
158
158
157
158
158
160
159
158
159
159
157
160
161
161
162
159
160
159
158
159
162
161
160
160
160
161
161
161
161
162
162
161
159
156
156
157
156
156
157
157
157
157
155
156
157
157
159
159
157
157
158
158
157
156
155
155
155
156
155
154
154
154
154
153
153
155
157
159
158
159
160
160
159
156
157
157
158
159
156
156
156
156
156
154
155
155
155
154
155
154
155
154
154
154
153
153
153
154
154
154
153
154
153
154
155
153
151
150
151
153
152
151
150
151
152
153
155
155
154
155
154
153
156
157
157
157
158
159
160
161
160
160
159
157
157
156
155
157
158
157
157
158
157
158
160
160
161
161
160
158
158
158
159
159
157
156
157
157
156
157
156
156
154
153
153
154
151
152
152
153
153
154
154
155
154
154
153
154
152
151
152
152
152
151
153
153
151
151
151
148
149
149
148
150
148
148
147
147
148
148
149
151
151
152
153
153
153
153
156
155
154
153
153
155
153
154
154
154
154
155
154
153
154
153
153
153
154
151
150
151
150
150
150
152
152
152
151
152
152
154
153
155
155
156
155
155
156
155
154
153
153
152
152
152
153
156
155
153
152
153
154
153
153
156
154
153
152
152
151
152
152
152
152
154
151
151
150
151
150
149
150
150
150
150
150
151
150
151
151
151
150
149
148
147
148
148
148
149
149
148
148
148
147
148
148
149
149
151
151
149
151
151
152
151
150
148
149
149
147
148
148
149
149
149
149
149
148
147
147
149
149
147
148
147
146
146
146
146
148
148
147
147
146
146
146
147
148
149
149
151
150
148
148
148
148
149
150
151
152
153
152
153
154
155
154
155
155
156
154
153
154
155
155
155
154
153
154
155
154
153
153
153
153
152
152
153
153
154
153
153
155
154
155
154
154
154
153
152
153
153
152
152
154
154
153
153
152
151
149
148
149
152
152
153
152
151
150
149
149
150
150
148
147
147
146
146
147
147
147
147
147
147
147
147
147
145
144
144
144
146
146
147
147
147
146
146
144
144
145
145
146
146
146
146
145
145
143
143
143
145
145
146
145
146
146
147
147
147
148
148
148
148
149
149
149
150
150
151
151
152
152
150
149
148
146
145
146
146
147
146
146
145
145
145
144
143
144
144
146
145
146
146
146
144
142
141
141
141
141
140
139
139
140
140
140
141
141
143
143
145
144
144
144
145
140
140
139
138
138
138
139
141
142
141
142
143
144
144
144
144
143
143
143
144
143
144
140
141
142
142
142
142
143
143
144
145
145
144
144
144
146
144
144
144
144
143
142
144
143
143
141
142
142
141
141
141
141
141
141
141
141
142
141
141
141
142
142
144
144
143
142
142
142
143
144
144
143
141
141
141
141
141
140
140
142
142
142
143
143
142
144
144
146
144
144
144
144
146
145
144
141
140
138
139
139
138
137
139
140
140
139
139
141
141
143
143
142
142
141
140
141
142
144
143
144
142
144
144
147
150
150
149
148
147
145
146
147
146
146
145
146
146
147
146
144
143
144
144
143
143
144
144
144
144
144
145
145
142
142
142
142
144
143
145
145
144
143
142
144
141
141
143
143
142
141
142
142
142
142
139
139
139
137
138
138
138
136
136
137
138
139
139
139
139
139
139
137
138
140
141
142
143
142
143
141
140
140
140
140
140
142
142
144
142
142
143
143
144
144
145
146
145
144
145
146
147
144
142
142
144
144
143
144
145
143
142
143
142
142
142
142
142
142
142
141
141
139
139
140
139
139
139
139
141
139
140
140
140
138
138
139
138
138
138
138
138
137
139
138
138
139
137
137
136
137
140
141
139
139
140
141
141
142
144
142
139
138
138
139
139
140
140
140
141
141
140
141
139
141
140
141
141
139
139
139
139
139
138
138
137
138
138
136
136
136
136
135
135
136
136
136
136
136
135
135
135
135
135
134
132
132
132
132
133
134
134
134
133
134
135
135
135
135
132
132
133
134
134
135
134
135
135
136
136
134
134
137
137
137
136
134
134
134
134
133
133
133
133
133
133
133
133
134
135
135
133
133
132
132
134
134
136
135
135
135
135
135
134
135
134
134
134
133
133
133
133
135
135
136
135
134
133
133
134
134
134
134
134
134
135
135
135
136
137
137
137
137
138
139
139
138
137
137
137
138
138
138
137
136
136
136
134
134
135
136
136
135
135
135
134
135
134
134
136
136
135
135
135
135
135
134
136
136
137
135
135
137
138
138
138
136
138
137
138
139
135
135
136
136
136
138
139
141
141
140
139
137
138
138
139
138
139
139
139
139
138
139
140
138
138
137
136
136
135
135
134
134
134
134
135
135
132
134
133
133
133
132
132
132
130
130
128
130
130
132
132
132
132
134
134
133
133
132
131
131
131
130
131
132
133
134
135
135
136
136
136
135
134
132
133
134
132
132
131
132
132
132
132
132
132
133
134
134
134
135
134
133
133
133
134
131
130
130
130
130
131
132
132
132
133
135
137
137
137
138
137
136
136
136
136
135
137
138
136
136
136
136
136
136
136
137
138
139
139
138
135
134
134
135
135
135
135
135
133
132
132
132
134
134
136
135
134
135
138
137
137
136
136
137
137
138
135
135
135
135
136
136
134
134
134
134
134
136
135
135
135
134
135
138
135
135
134
133
133
132
132
133
132
132
131
131
132
131
133
134
133
132
133
134
135
134
135
135
134
134
131
134
133
133
133
133
133
131
132
131
132
132
131
131
131
131
130
129
129
129
128
128
127
126
126
126
127
128
130
131
131
131
130
129
130
130
131
131
131
130
132
133
134
133
133
135
133
133
132
132
132
132
131
131
131
133
134
134
134
134
135
136
136
137
139
138
137
137
141
141
137
136
137
137
136
136
135
136
138
137
136
137
138
139
138
137
137
137
137
137
135
136
136
135
135
135
136
136
137
136
135
136
135
134
134
133
134
133
134
133
132
132
131
131
131
130
133
133
131
131
133
132
132
132
133
133
132
133
133
131
130
130
131
131
132
132
132
132
131
131
131
128
129
128
129
130
131
129
130
131
132
133
134
137
136
133
132
131
132
133
134
133
133
132
133
132
133
133
130
129
129
130
131
132
132
130
130
130
131
133
133
133
132
131
130
130
130
132
132
131
131
131
130
130
130
128
128
128
129
129
128
128
127
127
127
127
127
125
125
124
125
126
126
126
127
128
128
127
127
126
126
125
125
125
126
125
125
124
125
126
126
128
128
128
130
130
130
130
130
131
131
132
132
129
129
130
130
130
129
128
127
127
127
128
128
127
126
126
125
125
126
127
129
126
126
127
126
126
126
124
124
125
126
128
128
127
126
126
126
126
126
126
126
126
126
126
126
126
126
127
127
127
127
129
128
128
128
129
129
128
129
130
132
132
131
133
131
131
131
130
129
129
131
131
131
133
133
132
133
133
134
134
134
134
133
134
133
131
130
130
130
130
130
130
130
131
130
131
131
131
131
131
131
131
132
132
133
133
134
134
133
134
133
134
134
134
134
134
131
131
131
130
130
128
128
128
128
129
129
128
128
129
131
131
131
132
131
133
134
137
137
137
137
138
137
137
136
137
137
138
137
137
136
135
132
135
135
135
135
137
136
135
135
135
135
134
136
137
137
136
136
137
139
139
139
138
137
136
135
136
134
134
134
134
134
133
132
133
133
134
134
135
134
134
132
132
131
131
129
128
128
130
130
130
130
130
131
130
129
129
129
129
128
129
129
128
129
129
130
132
132
132
132
133
133
135
136
137
135
135
135
135
136
135
134
133
133
136
136
135
135
134
133
134
133
133
132
133
134
136
134
136
137
135
133
133
133
133
134
132
131
131
130
130
131
131
130
130
130
128
127
129
128
128
128
127
127
127
129
130
130
128
130
130
131
132
132
130
130
131
133
132
132
132
133
134
134
133
132
131
130
130
131
130
129
128
127
129
130
130
130
127
126
126
126
126
128
128
128
129
126
127
127
126
127
126
127
127
127
125
125
125
124
124
124
123
125
124
124
124
124
125
126
128
127
129
129
128
128
128
127
126
125
125
124
124
123
123
123
124
124
125
126
125
125
125
125
123
124
125
124
123
123
124
124
125
124
124
123
123
122
122
122
124
127
124
125
125
124
124
125
124
124
125
125
125
126
125
125
124
124
124
124
124
124
124
123
124
124
125
127
126
126
125
125
124
124
124
122
122
122
120
120
120
121
121
121
122
122
121
121
123
123
123
123
123
124
125
125
125
126
126
125
125
125
126
124
124
124
125
125
124
124
124
124
125
125
125
126
126
126
127
129
128
127
127
126
126
125
124
122
122
122
121
122
123
124
123
124
124
124
125
125
124
126
127
127
127
126
126
124
124
125
127
127
128
127
127
127
127
128
127
128
129
129
131
131
128
127
128
126
126
127
126
126
126
126
125
127
127
127
127
125
125
123
124
124
125
126
127
126
127
127
127
125
125
125
125
125
124
122
124
123
123
121
120
120
120
119
119
119
119
120
118
117
117
119
119
121
121
121
120
122
123
122
124
123
124
124
125
124
123
124
124
124
123
122
121
120
120
120
120
120
120
122
122
122
123
125
125
124
124
125
125
123
122
123
123
122
123
122
121
122
123
124
124
124
123
123
125
124
124
125
126
125
125
125
123
124
123
123
122
122
122
122
124
125
125
125
125
125
125
127
124
123
123
124
123
123
123
122
122
121
121
120
121
122
122
124
123
124
125
124
122
121
122
122
123
122
123
122
122
122
122
122
120
120
120
122
120
122
122
123
122
122
122
122
122
122
122
122
122
122
123
125
125
125
124
123
124
125
125
124
125
125
127
127
126
127
126
125
124
123
122
122
123
122
121
121
121
120
120
119
120
121
121
122
121
121
122
123
124
124
124
122
122
122
124
125
125
125
126
127
125
125
125
124
125
123
123
122
121
121
120
120
120
118
119
119
121
121
122
122
122
120
119
119
118
118
118
119
119
119
119
119
119
119
119
118
119
119
118
118
116
115
115
115
115
115
115
118
118
118
119
119
119
118
117
117
118
119
119
118
118
119
119
118
118
119
118
117
117
117
117
117
117
118
119
120
120
121
121
124
125
124
123
124
124
122
122
123
123
121
122
125
126
126
126
127
126
125
125
125
124
124
124
124
124
122
121
121
122
123
123
123
123
121
120
120
121
120
122
121
122
122
121
121
123
120
120
121
120
118
118
119
120
120
121
120
120
118
118
118
118
118
119
119
119
118
118
117
117
119
118
119
119
118
118
117
118
120
120
120
121
122
120
121
120
120
118
117
116
118
119
119
121
121
121
121
118
120
120
120
121
120
119
119
117
117
117
119
118
118
118
117
117
117
116
115
115
116
117
117
117
117
116
117
117
117
118
118
116
116
116
116
116
116
118
118
119
118
118
116
118
118
118
118
116
118
119
118
118
117
119
118
118
118
117
117
116
115
115
116
117
116
116
116
118
119
120
120
119
120
119
119
119
118
119
120
118
117
117
116
116
115
115
114
114
113
112
112
112
112
112
112
111
111
111
112
112
114
113
113
113
115
114
113
112
114
112
111
112
112
113
113
113
115
114
113
112
113
113
115
116
117
116
116
118
117
117
116
116
119
121
121
121
121
120
123
121
123
124
123
124
123
123
121
120
120
118
119
118
117
117
117
117
116
116
115
115
115
115
115
117
117
117
118
117
118
119
120
119
118
117
118
120
120
118
119
119
119
118
117
116
116
115
115
117
118
119
118
118
117
117
117
117
118
118
117
117
116
116
116
115
115
115
115
114
115
113
113
115
115
114
116
117
115
115
115
115
115
114
114
115
116
118
117
117
117
116
119
118
117
117
117
117
117
120
121
121
119
120
118
118
117
115
115
113
114
115
115
114
114
115
116
115
116
116
115
114
114
114
115
114
115
115
115
116
117
118
118
118
118
119
119
119
118
118
116
116
117
120
119
117
115
115
115
115
116
117
115
115
115
115
115
115
114
114
114
113
113
113
114
114
113
113
113
113
113
112
110
110
110
110
110
110
111
111
111
112
113
113
113
113
113
114
113
113
114
114
114
115
113
114
113
114
114
114
114
114
115
115
116
116
116
117
117
115
115
116
116
115
116
115
115
116
114
113
113
114
112
112
112
113
113
113
113
113
113
114
115
114
114
115
114
114
114
114
114
114
113
113
112
113
114
115
114
112
112
112
112
113
111
111
111
112
114
113
112
113
113
114
114
113
112
112
114
115
116
117
117
117
115
114
114
113
113
113
115
115
115
117
116
116
116
116
115
115
115
115
116
117
117
116
116
116
116
116
116
114
114
114
114
113
113
114
113
113
112
112
112
112
115
115
116
116
115
115
114
114
113
113
113
113
113
114
114
114
113
113
113
112
112
112
112
112
112
113
112
113
113
112
112
112
112
111
112
112
112
112
112
112
114
114
114
114
113
115
114
114
114
113
114
115
114
114
114
114
113
114
115
115
115
115
114
113
113
112
112
113
111
111
111
111
111
112
113
113
113
112
113
113
113
112
112
112
113
112
112
113
113
112
112
112
111
112
112
113
115
114
113
113
114
114
113
112
112
112
112
113
113
113
112
114
114
113
114
115
114
113
113
114
114
113
113
114
115
115
116
118
118
117
118
118
118
118
119
118
117
116
117
118
118
119
119
118
118
117
118
118
118
118
118
116
115
115
114
114
114
113
112
112
112
113
113
113
113
112
112
113
111
110
110
110
111
111
111
111
111
112
112
112
112
112
113
113
114
115
115
115
115
115
115
115
113
113
113
113
112
113
113
112
111
111
111
111
110
112
112
112
112
112
112
113
113
112
112
112
112
112
112
112
113
113
113
112
112
110
112
111
113
113
112
111
111
113
112
111
110
112
114
111
112
113
113
114
113
111
111
111
111
112
112
111
112
112
113
113
113
114
114
114
113
113
112
112
112
112
113
114
114
113
114
114
113
111
111
111
112
111
111
110
110
110
110
110
110
110
109
110
109
109
109
109
109
111
111
111
112
113
113
113
111
112
114
114
113
113
113
113
112
112
111
111
112
113
112
113
115
117
116
115
114
117
116
118
118
118
120
120
118
117
117
117
117
117
116
116
115
115
117
114
114
115
114
114
115
115
115
114
116
117
117
117
117
118
118
117
114
115
115
115
114
113
115
112
112
114
117
114
113
114
116
115
115
115
115
116
114
115
114
115
115
115
114
114
114
114
114
114
114
113
114
114
112
112
110
110
110
109
109
109
110
109
109
110
111
111
111
111
111
111
111
110
111
110
111
110
111
111
110
110
110
110
110
109
110
110
109
110
111
110
110
111
111
111
113
113
112
112
112
112
114
115
116
117
115
115
116
115
114
114
114
115
115
116
116
116
116
116
116
117
118
118
119
120
120
120
119
118
117
115
115
113
113
114
114
112
109
109
109
109
109
110
110
110
109
110
111
109
108
108
108
108
108
108
108
108
108
108
108
109
111
111
112
113
113
114
114
113
112
111
111
111
112
113
112
112
112
112
112
111
111
111
112
111
111
113
111
111
111
111
111
111
112
111
111
112
111
110
110
112
112
113
113
111
112
113
112
111
111
111
113
112
113
113
113
113
114
114
113
113
112
113
113
113
112
113
114
114
114
115
115
114
113
113
110
110
112
111
110
111
109
109
109
110
110
111
111
111
113
113
112
111
111
110
111
113
111
111
111
111
112
113
113
114
113
111
110
110
112
112
112
109
110
111
110
109
109
109
109
109
109
110
110
110
109
109
109
109
109
108
108
108
109
109
109
109
110
110
109
109
110
111
110
108
108
109
109
108
107
107
108
108
108
108
109
110
109
109
110
109
109
110
109
108
108
108
108
108
108
109
108
109
110
111
111
111
111
108
106
107
108
108
106
106
107
107
106
106
106
108
107
108
106
106
104
104
105
105
106
106
106
106
106
105
104
105
106
106
106
106
105
106
107
107
108
108
108
106
107
106
106
106
105
105
106
105
105
105
103
103
103
103
103
103
103
104
104
105
105
105
105
105
106
106
106
108
108
108
108
108
107
107
106
106
106
106
108
108
108
109
108
108
108
108
109
108
110
108
109
110
110
111
109
109
108
108
109
110
111
111
111
110
110
110
111
112
112
112
112
112
111
113
112
112
113
114
114
116
117
116
114
114
112
110
110
111
112
111
110
109
109
108
109
110
110
109
109
108
107
108
107
107
107
107
105
105
105
105
104
103
103
102
103
104
106
106
106
107
109
108
111
111
110
109
109
108
108
108
109
110
111
111
109
109
109
109
108
107
107
106
109
109
109
110
110
109
107
108
108
108
106
106
107
110
110
113
111
111
111
111
111
111
112
112
113
113
113
113
114
113
112
111
111
111
110
110
110
111
112
112
112
112
112
111
111
111
111
111
112
111
111
110
109
108
109
106
107
106
104
105
108
106
106
106
107
108
108
108
106
106
107
107
107
107
107
107
106
107
107
106
106
106
107
106
107
108
109
109
111
110
109
109
108
108
109
109
110
110
110
109
109
111
110
111
111
112
112
111
110
109
108
108
106
107
107
106
106
107
107
107
107
107
107
108
109
111
112
113
112
112
112
111
110
111
110
110
110
110
110
110
110
111
110
111
110
110
111
112
114
114
112
113
114
112
110
109
109
108
108
107
107
107
107
108
108
109
110
110
110
110
110
108
107
107
108
109
109
108
107
107
107
110
109
108
108
107
105
106
104
104
105
104
103
105
106
108
105
104
104
103
103
103
103
105
106
106
106
107
107
108
108
108
108
108
106
107
105
104
104
104
105
105
104
104
104
104
104
104
105
104
105
104
103
103
