0.0002831034482758621 0.0006244827586206897
300
297
289
288
285
283
277
273
269
264
261
262
261
259
254
253
250
250
249
248
245
246
244
245
242
241
241
241
242
242
240
239
238
239
239
237
237
236
236
235
236
235
234
234
235
234
234
232
233
233
232
231
231
231
229
230
229
230
230
230
231
231
232
231
230
229
229
230
230
229
230
233
233
233
235
235
234
236
237
238
235
234
235
234
234
234
233
235
234
233
234
233
233
234
233
233
232
231
232
231
233
231
234
234
234
232
233
232
232
233
233
232
230
229
229
230
230
230
229
227
224
224
224
224
225
224
224
226
226
224
224
224
224
224
224
224
225
225
225
225
224
226
227
228
227
228
227
230
230
230
230
227
226
228
228
228
226
228
226
227
226
225
224
224
225
223
223
222
222
223
225
226
226
225
230
229
225
227
229
230
229
228
228
228
229
230
229
229
229
229
228
228
229
228
228
227
227
227
228
227
228
227
225
227
228
229
231
231
232
232
234
231
232
232
234
232
230
227
230
230
230
228
227
225
225
228
225
224
222
222
221
220
220
223
223
222
220
221
222
222
221
221
222
223
223
225
226
226
226
226
227
225
224
222
221
221
221
221
222
222
225
220
221
220
221
221
221
222
225
226
224
224
224
224
223
223
226
226
225
227
226
225
226
227
226
227
226
227
224
223
224
226
226
223
223
223
220
220
222
221
220
220
220
221
220
220
222
223
225
224
224
222
221
220
219
218
219
220
218
218
219
218
218
219
218
219
219
220
220
221
221
220
216
214
216
214
214
214
214
215
216
217
217
216
217
216
218
220
220
220
219
221
221
222
220
223
225
225
224
224
221
218
218
220
218
219
219
218
218
218
216
215
216
216
217
214
213
213
213
212
214
217
218
216
213
212
213
213
213
213
212
214
211
211
210
209
209
211
211
211
212
212
213
214
214
214
212
213
211
211
212
213
213
213
213
212
212
212
212
213
213
213
212
213
213
214
213
212
212
214
215
215
215
216
215
214
212
210
213
211
210
210
211
208
208
208
208
208
208
209
210
210
213
213
211
211
212
213
214
213
210
208
208
208
209
211
211
211
211
212
212
212
211
213
213
211
210
209
210
209
209
208
208
208
208
209
209
207
209
212
212
211
210
209
208
207
206
205
208
209
208
209
210
210
212
210
209
209
209
209
210
210
212
211
211
211
209
207
208
209
210
209
212
209
210
209
208
207
207
207
206
205
205
206
208
208
209
206
207
209
209
206
206
207
210
210
211
211
213
215
214
215
215
214
214
213
212
212
211
209
208
210
210
211
210
211
209
209
209
209
210
211
210
211
209
209
209
211
210
210
209
210
212
210
211
212
213
212
212
212
213
212
212
211
211
210
210
209
211
209
210
209
210
210
210
210
211
213
211
211
211
205
206
205
207
206
207
208
205
204
204
204
203
203
204
206
205
204
205
204
204
205
205
205
205
205
205
205
205
205
204
204
204
205
206
205
206
207
207
207
207
206
206
205
204
203
202
204
206
207
207
209
209
209
210
210
211
211
211
211
212
212
210
209
208
208
209
209
210
207
205
204
204
204
203
203
204
202
202
203
205
204
205
204
205
204
205
204
205
204
204
206
205
206
206
206
205
202
203
201
201
201
201
201
203
200
199
197
197
198
197
196
196
196
196
197
197
196
197
199
199
199
199
199
199
199
198
198
198
199
199
199
199
199
198
197
197
200
199
198
198
198
199
199
200
200
202
201
201
201
199
200
202
201
203
203
202
203
202
204
204
204
205
203
204
204
203
200
202
203
203
204
204
202
202
201
203
203
203
200
202
199
202
201
199
201
201
203
202
202
202
201
201
200
199
199
199
199
199
198
199
197
196
195
195
195
195
195
195
195
194
197
198
196
196
197
198
198
198
196
196
196
198
198
197
196
195
195
198
198
197
198
196
195
196
196
194
194
195
196
198
199
199
198
200
202
199
198
196
199
198
198
197
195
197
196
198
197
195
194
194
194
195
197
197
196
195
195
196
196
194
194
194
195
195
195
194
191
191
192
192
192
193
194
195
196
195
194
195
195
195
196
195
193
193
194
192
191
192
194
195
198
198
196
196
195
195
196
195
195
193
193
194
194
192
191
192
193
193
192
193
194
194
194
194
195
195
195
196
195
197
197
197
198
195
194
193
192
193
192
192
193
194
193
193
191
192
193
193
193
193
191
191
191
191
191
191
191
193
192
191
191
191
191
191
192
193
195
193
193
193
194
197
199
200
199
199
200
198
198
197
197
195
193
192
192
194
193
191
190
192
192
192
191
191
191
192
191
191
192
191
190
193
192
192
192
192
191
191
191
192
195
196
195
196
196
198
198
195
196
195
194
191
190
191
191
190
190
190
190
190
189
189
189
189
188
190
190
189
190
190
191
191
191
192
193
192
193
194
194
194
194
192
193
192
192
190
190
191
191
192
192
193
192
191
191
190
191
193
192
191
191
192
193
194
194
193
194
194
194
196
195
195
195
194
192
192
192
192
190
190
190
189
189
188
190
190
190
193
193
195
195
194
195
194
193
191
191
192
193
194
193
192
192
193
191
188
187
187
188
188
189
190
190
189
190
191
190
190
190
191
191
191
191
192
191
191
191
191
192
193
193
192
192
193
191
193
192
192
192
191
192
194
195
194
194
193
192
192
192
192
191
190
190
189
190
190
192
196
195
192
193
195
196
195
196
196
195
195
195
195
195
198
194
193
189
189
189
189
187
186
186
189
191
190
189
188
187
186
187
187
188
187
187
187
188
187
187
187
188
188
189
189
189
189
189
189
189
188
188
187
187
187
187
188
189
192
192
191
191
190
189
190
191
189
189
187
188
188
188
188
189
190
189
189
188
187
187
188
187
185
186
185
185
183
183
184
185
183
183
184
183
183
185
185
185
185
185
186
185
185
186
187
189
188
188
189
187
187
188
189
190
191
192
192
192
192
191
192
193
192
190
190
190
189
187
187
186
185
187
188
188
189
189
189
187
187
188
187
187
187
187
186
186
186
185
185
185
185
184
184
184
183
183
186
185
186
186
187
187
189
187
187
187
189
188
187
187
185
184
185
183
183
184
188
189
190
191
190
191
189
192
193
194
194
193
192
189
189
188
188
187
187
187
186
187
186
184
184
183
183
183
182
182
183
184
184
184
185
186
187
187
185
185
184
185
187
186
186
186
186
186
187
186
185
189
186
185
184
185
186
185
186
186
186
188
187
186
182
183
183
183
183
183
185
184
183
186
184
183
182
182
183
184
186
185
183
183
183
185
184
183
183
183
182
182
182
180
181
182
182
182
182
183
182
183
181
182
182
181
181
181
181
180
179
180
180
179
179
179
178
178
181
179
178
180
180
181
180
181
180
179
179
180
180
179
179
179
179
180
181
181
179
179
180
181
182
182
184
185
183
180
180
180
181
181
181
181
181
182
183
179
179
179
182
182
183
182
183
183
181
180
178
180
181
179
178
181
181
181
180
179
179
181
183
182
181
181
181
181
181
182
181
180
180
180
179
180
179
180
180
179
179
179
179
181
180
179
180
181
181
183
181
181
182
183
182
182
182
182
181
181
183
182
181
181
183
184
186
187
185
182
183
183
183
182
181
180
180
182
181
181
181
182
182
183
183
185
184
183
182
181
180
180
181
181
181
179
179
180
182
182
182
183
182
181
181
179
180
181
181
182
183
182
181
180
180
180
181
181
182
183
182
183
184
183
183
184
184
183
183
185
186
185
186
186
185
185
184
185
184
180
179
178
178
177
177
176
178
177
177
176
176
176
176
177
177
177
177
176
177
179
178
178
178
177
177
177
178
178
179
179
180
181
180
181
179
179
181
181
182
183
184
183
183
183
182
182
180
180
179
181
182
183
182
181
180
178
178
179
179
179
180
180
180
179
177
178
177
176
177
177
177
179
179
180
179
178
180
179
180
181
181
181
182
183
184
186
184
184
184
184
183
181
182
182
181
181
181
180
179
180
181
177
178
178
178
178
179
179
181
181
182
182
182
182
183
181
181
181
181
183
182
182
181
181
181
182
181
183
184
183
182
181
181
179
179
182
182
182
181
179
178
178
178
178
177
176
178
178
177
177
177
178
180
180
180
181
181
181
181
182
185
185
181
180
180
179
178
178
179
180
181
180
180
179
182
180
180
183
181
179
180
179
179
179
178
179
179
177
177
177
177
178
178
178
178
178
178
180
179
179
178
176
175
175
175
176
177
178
178
177
177
177
177
177
176
177
176
178
178
179
178
179
178
179
179
179
180
180
180
179
179
179
180
179
178
179
181
181
181
180
180
182
182
181
180
180
180
179
179
179
178
178
179
180
179
179
181
179
181
180
182
182
181
179
178
179
181
176
173
173
173
173
172
173
174
174
174
174
173
176
177
175
176
177
176
179
180
180
178
179
177
177
177
176
178
176
177
178
177
177
177
176
173
173
173
173
173
173
173
172
171
171
170
170
169
169
169
169
169
170
170
169
168
169
170
170
170
169
167
167
167
167
168
167
168
168
168
168
170
171
170
170
168
168
168
168
170
170
171
173
173
175
173
170
171
171
170
172
172
173
174
175
174
173
175
175
176
174
172
172
172
171
170
169
168
170
170
168
170
172
172
175
177
176
174
173
174
174
173
172
174
171
170
169
167
168
168
169
171
169
171
170
170
169
169
170
168
169
170
171
169
171
169
170
170
170
170
168
168
168
167
166
165
165
165
165
165
166
167
169
170
170
169
168
166
166
166
167
166
166
167
165
166
166
167
168
169
169
168
168
171
172
173
173
173
173
172
172
172
172
168
167
167
168
165
165
164
164
164
164
166
165
167
167
167
167
168
166
164
164
163
163
163
163
163
164
163
163
163
164
164
164
165
164
165
166
168
168
166
165
165
164
165
166
167
167
168
167
167
168
168
168
167
167
168
167
168
168
167
167
166
165
166
166
165
165
166
166
166
164
163
163
163
163
163
164
165
164
165
165
165
165
164
166
167
167
167
167
167
168
168
168
169
167
166
165
164
163
162
162
163
163
161
162
163
163
162
163
163
164
163
164
164
164
164
163
163
163
163
164
165
165
163
162
163
165
165
166
164
164
165
165
166
164
164
164
163
163
166
166
165
165
165
169
169
168
169
169
167
166
165
167
167
168
167
167
167
166
166
167
168
168
168
168
167
166
167
166
166
165
165
166
166
167
169
167
165
165
165
164
164
164
164
164
162
162
162
162
163
163
164
163
162
162
161
161
162
162
163
164
164
165
163
164
167
167
167
167
166
168
168
169
169
169
169
169
169
170
170
171
174
174
175
174
174
175
173
172
174
174
172
172
170
169
168
166
168
170
168
168
169
170
169
169
167
167
166
165
166
165
164
164
163
163
163
163
163
163
163
165
165
166
165
164
166
164
164
168
166
166
167
165
166
165
166
165
165
163
163
164
165
166
165
165
166
169
168
167
167
166
166
165
164
163
163
163
163
162
164
164
167
168
166
167
167
168
169
168
169
169
169
168
166
165
164
161
161
162
162
162
163
164
165
166
163
162
162
163
163
164
163
163
163
163
161
159
160
159
159
161
162
162
162
162
160
160
160
162
163
162
162
161
161
161
162
162
159
160
161
160
160
160
160
161
163
161
160
162
162
162
162
164
165
167
166
163
161
161
161
162
162
162
162
161
161
162
161
162
162
162
163
163
162
163
162
162
162
159
161
162
161
160
161
162
162
161
161
161
161
160
161
161
160
160
159
160
158
158
159
161
163
162
160
159
159
160
160
160
161
159
159
159
159
159
160
157
158
160
161
161
161
159
158
158
158
159
163
164
162
160
160
160
158
158
158
158
157
157
157
156
157
156
155
154
155
155
154
155
156
156
156
156
156
156
158
159
161
162
160
162
161
159
159
158
160
158
157
157
157
154
154
154
153
153
154
153
153
153
153
155
155
154
154
154
155
155
155
154
154
154
154
154
154
154
154
155
155
154
155
155
155
153
153
153
153
155
154
154
155
154
154
153
153
153
153
153
152
151
152
152
152
151
151
151
152
152
153
152
151
151
151
154
153
154
152
152
152
152
151
151
150
150
149
149
148
148
148
148
148
150
150
151
152
151
148
148
148
149
150
150
149
150
150
150
150
150
151
151
152
152
152
151
150
152
155
155
154
153
153
153
153
154
155
155
155
153
153
153
153
152
153
153
151
151
151
153
152
152
149
149
151
152
151
151
151
150
150
149
149
149
150
149
150
150
152
152
152
153
154
154
154
155
154
154
154
153
154
155
155
156
156
155
155
156
155
153
153
153
153
154
153
153
154
154
154
153
153
154
154
155
156
158
157
155
155
152
153
150
150
150
149
150
150
151
150
149
151
152
153
153
152
153
151
152
153
152
150
150
151
151
152
152
151
151
149
150
150
150
150
149
149
148
148
149
150
150
150
150
151
151
151
152
152
150
151
151
152
153
153
153
154
153
153
152
152
153
154
155
155
153
155
155
155
157
156
154
155
155
152
152
153
152
154
153
151
151
149
149
150
152
152
152
152
150
151
152
151
151
149
148
149
148
147
147
148
149
149
149
151
151
151
151
150
150
150
151
150
147
148
150
150
150
151
152
150
149
148
149
149
149
148
149
148
149
147
149
148
148
148
149
149
149
150
151
150
151
153
154
153
152
149
149
149
150
148
148
149
149
149
148
148
149
149
149
148
149
150
149
148
148
148
148
147
147
147
148
148
149
149
148
149
149
149
149
150
149
148
149
149
149
150
151
150
151
151
151
150
150
151
150
150
150
151
149
149
150
148
150
150
150
151
151
150
151
151
152
152
152
152
151
151
151
150
151
151
153
153
153
155
155
154
156
156
156
156
157
157
156
157
155
155
151
150
150
149
151
151
151
152
151
151
150
149
149
149
150
150
150
150
149
149
150
148
149
148
149
150
150
151
151
150
150
150
150
151
152
152
153
154
155
154
154
156
156
156
155
155
154
153
152
151
151
149
151
152
152
149
150
148
149
150
151
151
152
153
153
153
151
151
152
150
150
150
151
152
153
153
152
153
153
152
154
154
154
155
155
153
153
152
151
150
150
149
148
148
147
146
146
145
145
146
147
147
147
148
149
151
150
150
148
148
150
149
148
149
148
147
147
146
146
145
146
147
146
146
146
145
146
148
148
148
149
150
149
150
150
150
151
150
149
149
149
147
145
147
147
147
147
148
148
147
146
147
146
146
145
146
146
148
146
146
146
146
146
146
145
145
145
145
145
146
146
146
146
147
148
149
149
149
151
150
150
146
145
146
146
147
147
146
145
146
146
146
143
143
143
143
143
143
143
144
144
144
145
148
148
148
149
149
149
148
146
147
146
145
145
145
145
145
146
145
145
146
145
145
146
146
147
148
147
145
146
146
146
146
145
144
144
144
145
145
147
147
145
145
144
144
142
142
144
145
145
144
143
145
147
146
147
146
147
146
147
145
145
145
145
147
147
147
146
145
145
146
146
146
144
144
144
144
145
145
143
143
144
144
145
146
146
146
144
142
141
141
142
144
143
143
143
143
143
142
139
137
137
137
136
136
137
137
138
140
140
140
140
142
142
141
142
141
141
140
142
141
142
141
140
140
138
138
138
140
141
141
139
138
138
137
137
137
138
139
141
141
141
141
143
142
142
142
142
142
142
142
143
143
144
145
144
145
141
142
142
142
142
142
142
141
141
142
142
142
141
140
140
142
142
142
142
140
139
138
138
139
140
141
141
140
141
141
141
140
139
139
139
140
142
143
147
145
144
142
142
142
142
142
143
143
144
145
147
147
145
145
145
146
145
144
143
143
143
143
142
143
142
141
141
140
141
141
141
141
140
138
138
139
138
138
139
138
139
139
139
140
141
141
141
141
142
141
140
140
141
142
142
141
140
140
140
141
140
141
142
140
139
137
138
138
138
137
137
137
139
139
139
140
139
142
141
140
140
141
141
140
141
142
144
143
143
143
142
141
141
139
140
139
140
139
140
141
141
141
142
143
142
141
142
141
140
140
140
138
137
137
137
137
136
136
136
136
136
136
135
135
135
136
136
136
136
137
138
138
138
138
138
138
138
138
137
137
140
140
140
138
139
138
137
139
140
139
140
139
138
139
140
139
138
137
137
136
137
136
136
136
135
135
135
136
137
137
140
140
140
140
141
140
140
139
140
141
141
141
141
141
142
142
142
140
139
140
140
141
141
140
139
139
139
139
140
141
138
138
139
139
139
138
138
139
142
142
142
142
142
140
139
138
138
138
140
140
141
140
141
141
144
142
141
143
143
142
142
143
143
143
142
141
141
141
140
138
138
138
141
140
139
140
140
139
138
138
139
139
138
138
139
139
139
137
136
136
136
136
136
136
137
137
137
138
137
136
139
137
134
134
135
136
136
137
138
137
137
138
139
137
135
135
136
135
136
136
136
136
138
137
137
137
137
137
136
137
136
136
137
139
136
136
134
134
133
133
133
134
134
134
134
135
136
134
134
134
134
135
134
133
133
133
134
134
132
132
132
132
131
132
132
132
132
132
132
131
133
134
135
136
135
134
133
132
132
132
132
131
131
132
132
133
133
132
131
131
131
132
132
132
132
132
133
134
134
134
134
136
136
134
134
135
135
135
136
137
137
138
137
138
136
136
135
134
134
136
136
137
137
135
137
135
135
135
134
136
137
137
135
135
135
136
135
136
136
136
137
136
136
134
133
133
134
134
134
135
135
135
133
132
133
132
132
132
132
131
131
133
131
131
132
132
131
132
132
131
131
131
131
132
131
131
131
132
132
132
132
131
131
131
131
129
129
130
130
130
130
130
130
131
131
130
131
131
131
133
132
131
130
130
132
132
130
131
131
132
132
132
130
131
131
131
131
131
131
131
130
130
130
131
130
131
135
135
135
135
134
134
134
136
136
135
136
137
137
138
140
138
137
135
134
132
132
130
130
129
129
128
128
128
129
129
129
130
130
129
130
132
132
132
133
135
134
135
135
135
135
133
133
132
131
131
132
132
132
133
134
135
135
136
136
135
133
135
135
135
135
134
133
133
133
133
131
130
129
130
130
129
130
131
131
132
131
131
131
132
133
132
131
131
132
132
132
133
133
132
132
132
133
132
130
130
130
132
132
132
133
132
130
131
133
131
131
131
129
130
131
131
130
131
131
132
133
133
134
136
134
134
135
135
136
134
133
131
130
127
128
130
129
129
128
128
128
127
128
128
128
126
125
126
126
127
128
127
127
126
126
127
127
128
128
128
128
128
128
129
129
129
128
128
128
129
129
129
129
129
128
129
129
129
127
128
127
127
127
126
127
127
127
129
128
128
130
129
128
127
127
127
127
128
128
128
128
129
128
127
129
129
129
128
127
127
127
126
126
127
127
127
127
126
127
128
129
129
128
128
127
127
129
129
128
128
128
127
127
127
127
126
126
126
126
125
127
126
124
124
125
126
127
126
126
127
125
125
127
127
128
127
127
126
126
127
127
125
126
126
126
126
128
127
126
126
128
127
127
128
128
125
125
127
127
128
128
127
127
127
126
126
127
126
126
125
125
125
124
126
125
124
125
125
125
127
127
127
128
127
125
126
127
127
127
127
127
128
124
125
124
122
123
124
124
124
124
124
123
124
124
124
124
124
124
123
123
121
120
121
121
121
121
121
122
122
121
121
121
121
121
121
121
122
122
122
123
123
123
123
123
123
123
123
123
123
123
121
121
121
119
119
120
120
120
120
121
119
119
120
119
119
119
120
120
122
122
122
122
122
122
123
122
122
122
122
123
122
119
119
120
120
121
122
122
122
123
123
122
123
123
123
122
122
122
123
124
124
124
123
124
124
125
125
122
122
121
121
121
121
120
120
121
121
122
123
122
120
121
121
122
122
122
122
122
121
121
120
120
120
120
121
122
122
122
122
118
119
119
119
118
118
117
119
119
120
120
120
120
121
121
121
121
122
122
122
121
122
122
120
120
119
118
117
117
117
118
119
119
119
119
119
119
119
118
119
120
121
121
121
120
118
119
119
119
120
120
120
120
120
121
119
117
117
117
119
119
119
119
119
119
121
120
120
119
122
124
123
123
122
122
121
120
119
119
119
119
119
119
119
119
121
122
122
123
122
122
122
121
120
120
119
119
117
117
117
117
117
118
120
120
120
119
119
119
119
121
120
120
120
120
121
121
121
121
119
119
119
119
119
119
118
119
119
120
119
118
118
118
118
119
120
120
120
120
120
119
119
119
121
121
119
119
119
119
121
120
120
120
121
121
120
119
120
120
120
120
121
121
122
122
121
119
119
119
119
119
119
118
117
117
117
116
116
116
117
118
117
117
117
117
117
116
116
116
117
116
115
116
117
117
117
117
117
116
116
118
120
120
120
119
120
119
119
119
119
120
120
120
120
120
120
120
119
120
119
119
119
119
119
119
119
120
120
120
120
120
120
120
119
119
118
119
119
119
119
118
118
118
118
119
119
120
119
119
119
119
119
118
118
118
118
118
119
121
121
120
121
122
122
121
120
119
119
121
120
121
121
122
122
121
121
121
121
120
121
122
120
119
120
118
118
118
118
118
118
118
118
118
118
118
118
121
121
122
123
123
122
122
122
122
121
121
121
120
121
120
120
120
119
119
120
120
119
119
118
118
119
119
119
119
119
120
120
120
121
121
121
121
122
121
121
121
121
121
121
121
121
121
122
124
124
125
123
124
125
124
123
122
122
122
122
121
122
122
122
121
122
120
120
119
119
119
120
120
120
120
119
119
119
119
119
119
120
120
123
122
121
122
124
125
124
123
123
123
123
125
124
123
124
126
122
123
124
122
120
120
122
122
121
121
121
121
121
121
122
123
124
124
123
123
122
123
120
120
121
121
121
121
121
118
119
119
119
119
119
117
119
121
123
123
122
120
120
120
119
119
119
120
120
119
119
119
117
117
117
116
117
117
116
117
117
117
118
117
117
117
117
117
116
117
117
117
117
116
116
115
116
116
116
117
117
116
116
116
115
115
115
115
115
115
115
115
115
115
115
116
116
115
115
115
115
115
115
115
116
116
116
117
117
117
119
120
119
117
117
117
117
116
116
116
117
117
118
119
119
119
120
119
116
116
116
116
118
117
118
119
119
119
119
120
120
122
122
123
123
121
123
123
122
121
119
119
118
119
118
118
117
118
117
116
114
114
114
113
113
114
113
113
113
113
113
114
115
115
115
115
115
114
114
114
114
114
114
115
115
116
116
116
115
115
115
115
115
115
118
120
120
120
119
119
118
120
120
119
120
118
119
119
119
122
122
121
122
120
119
118
117
117
116
116
119
119
119
118
117
120
121
120
119
120
120
119
120
119
118
120
120
121
