0.00021482758620689656 0.0005903448275862068
300
297
291
282
280
282
282
281
279
277
275
277
275
270
272
271
268
267
262
260
259
262
263
262
260
260
260
260
260
258
258
258
256
258
258
258
256
254
253
254
255
254
253
251
252
253
252
253
252
251
250
251
250
252
252
250
250
247
249
250
251
250
250
251
249
249
250
249
249
249
251
249
248
248
248
248
249
248
247
249
249
249
249
247
247
248
249
249
249
250
249
250
251
251
252
251
251
250
252
252
252
253
252
254
249
249
248
248
249
249
250
247
248
249
249
247
246
246
246
245
246
246
247
247
249
247
244
246
245
244
245
246
247
248
248
249
247
248
248
248
248
245
245
246
247
246
246
245
247
246
247
245
244
244
245
244
244
245
245
245
244
245
245
244
244
246
244
244
244
244
246
244
245
244
246
245
246
246
246
244
245
245
245
246
247
245
246
245
245
246
246
245
245
247
246
248
246
247
247
245
246
247
246
245
242
244
241
240
239
240
240
239
239
238
237
238
237
237
237
237
237
238
239
239
240
239
240
239
237
238
238
237
237
237
238
237
236
236
236
236
237
238
236
235
236
236
236
236
238
238
238
238
239
238
235
235
236
235
234
234
235
235
236
236
238
237
239
241
239
238
238
240
240
240
240
240
236
235
235
235
235
235
235
235
234
234
235
237
236
235
235
237
238
239
239
239
239
242
243
243
245
241
241
241
240
241
241
241
238
238
237
237
239
240
240
240
240
241
240
240
240
240
240
238
237
236
236
237
237
239
240
240
239
239
239
238
236
238
238
238
238
240
239
240
241
241
243
242
247
244
241
240
239
237
236
239
236
235
235
237
235
235
235
235
236
236
235
234
235
235
237
238
239
238
236
237
237
238
239
239
239
238
237
236
235
235
236
236
239
239
238
238
236
236
236
235
236
236
232
233
232
233
233
232
232
234
232
232
232
232
232
232
231
232
233
231
231
232
233
234
234
233
233
232
233
235
236
237
236
235
234
234
234
234
234
233
234
232
232
234
233
235
235
233
233
233
234
234
234
234
234
234
235
237
235
235
238
240
240
240
237
236
238
236
236
234
233
233
232
235
235
234
233
232
234
234
233
234
233
233
234
234
233
233
234
235
236
235
235
235
237
238
234
233
231
232
230
232
234
235
236
235
233
232
232
232
231
229
231
230
230
232
228
229
227
227
228
228
228
229
229
229
230
230
230
230
231
230
229
230
231
232
234
232
232
233
233
232
231
233
233
233
233
233
233
234
234
234
234
233
234
235
234
234
234
236
237
235
233
232
232
233
231
231
233
232
232
233
233
231
228
228
227
228
228
226
227
226
228
229
229
229
229
229
228
228
229
229
228
228
229
229
229
229
229
227
228
228
228
225
226
226
226
225
226
225
226
226
228
230
229
230
231
231
231
231
233
233
232
232
233
233
232
234
233
231
230
231
230
229
228
229
228
228
228
228
229
228
227
227
227
227
226
227
226
227
227
227
225
226
226
225
229
228
229
230
229
228
227
227
227
229
229
230
232
231
231
231
230
230
229
229
232
233
231
229
229
229
230
230
230
229
227
226
226
226
226
225
225
225
224
220
221
221
223
224
225
225
223
221
221
221
222
221
221
222
221
222
222
220
220
220
222
222
223
223
224
224
225
223
224
224
224
224
223
222
222
223
225
225
225
223
223
224
224
224
222
222
223
224
225
226
225
225
224
225
225
226
225
224
227
226
223
225
222
222
226
225
223
223
222
222
222
223
225
224
223
223
220
220
219
219
220
219
221
222
224
225
225
224
225
223
226
226
227
226
223
224
223
222
221
220
220
220
222
222
221
219
219
219
220
221
221
221
219
219
218
219
219
220
219
219
220
219
221
220
221
221
221
223
224
223
223
224
223
224
224
220
220
220
220
221
221
221
218
218
218
219
219
219
220
219
221
221
220
219
218
218
218
218
219
219
218
218
217
217
218
217
217
220
218
217
218
219
219
219
220
220
221
220
220
219
217
218
219
221
221
222
222
221
221
220
219
220
222
222
221
221
222
221
221
220
223
222
223
225
224
223
222
220
219
220
220
220
219
221
223
220
220
221
219
218
219
219
221
221
222
221
219
218
219
219
219
220
218
216
215
215
217
217
218
218
220
219
217
217
218
218
216
215
215
215
215
216
217
217
218
218
220
221
221
223
223
223
224
222
220
220
221
220
220
221
221
221
220
219
220
219
219
218
218
217
215
215
217
218
217
217
217
216
216
217
217
217
217
218
217
217
216
216
216
217
218
216
216
214
213
212
213
214
214
215
215
214
215
216
217
218
217
216
218
218
216
217
217
218
218
220
218
216
216
219
219
218
217
216
217
215
215
217
218
218
217
217
216
217
216
215
217
216
216
216
217
218
218
218
219
219
221
220
218
218
216
214
214
217
217
219
219
218
217
216
215
216
218
219
221
221
218
217
215
214
215
214
214
214
215
215
213
214
213
214
214
215
213
212
212
212
212
212
214
215
214
216
214
212
213
213
213
214
215
215
215
217
216
216
215
215
215
215
216
219
220
219
221
221
221
222
219
219
218
218
218
217
216
217
217
217
215
216
216
216
216
214
214
213
213
213
212
210
211
211
212
212
210
210
212
211
213
214
214
214
214
214
215
215
216
219
215
214
213
214
213
214
215
214
214
212
212
214
215
214
213
212
212
212
211
212
211
208
208
207
208
208
207
208
209
210
211
212
213
214
214
212
211
210
211
212
214
213
213
216
215
215
216
215
215
213
213
213
214
212
213
213
215
215
215
216
216
218
216
215
213
213
214
216
215
215
215
214
216
214
213
213
212
212
211
210
210
209
209
209
209
209
209
210
210
210
210
211
210
211
210
210
210
212
213
212
211
210
210
212
211
210
212
212
213
213
213
212
212
211
213
212
213
214
213
213
212
211
210
210
210
210
210
211
210
210
211
213
213
212
212
213
213
213
212
212
213
214
214
214
211
210
210
212
213
212
213
212
215
214
212
212
212
212
211
213
213
213
214
209
209
209
209
209
208
210
211
211
210
211
211
211
209
210
211
211
212
213
213
212
213
211
209
209
209
208
207
206
207
208
206
208
205
206
205
206
206
206
207
209
209
207
206
208
208
209
209
208
208
209
209
209
207
206
203
204
204
203
202
201
200
201
201
202
201
203
202
202
202
203
203
202
202
202
204
205
205
204
204
204
203
202
202
204
203
203
203
203
203
202
202
202
204
202
203
204
205
206
207
207
207
206
205
206
206
208
210
209
208
212
212
213
213
210
208
209
209
210
208
207
206
208
208
207
207
209
205
205
204
202
201
200
202
202
201
200
201
200
200
199
200
202
203
204
206
204
204
205
205
204
204
203
203
202
203
203
202
201
202
203
203
202
203
203
202
202
201
201
201
202
202
202
202
202
202
202
202
201
200
201
203
203
204
205
202
202
201
202
202
200
201
202
201
201
203
203
204
204
204
204
203
204
203
202
202
203
204
201
200
201
201
202
202
204
203
202
201
200
200
200
202
200
200
200
200
200
200
200
200
200
200
200
201
201
200
202
204
204
204
203
204
204
204
207
209
206
206
207
206
207
205
203
204
204
205
204
206
208
206
207
207
206
204
205
204
203
203
205
206
205
205
204
203
203
203
204
205
204
203
203
201
202
205
205
204
204
203
202
203
203
204
203
201
200
200
200
201
201
205
205
205
203
204
203
200
200
201
202
203
203
202
201
200
198
199
201
201
203
202
202
201
202
201
201
202
201
200
199
200
202
202
203
204
205
206
204
202
201
200
201
201
200
202
200
202
202
200
200
198
198
200
200
199
199
200
198
197
198
197
198
197
198
196
196
198
197
197
197
196
195
196
196
196
194
194
196
196
198
198
199
201
198
197
196
194
195
194
194
195
197
198
199
201
201
201
202
202
202
203
200
200
200
202
202
202
203
203
207
208
204
201
200
201
202
200
200
199
197
197
197
200
199
199
198
198
197
194
195
194
193
193
193
193
195
193
195
195
195
194
196
196
196
196
198
197
195
196
193
191
194
192
192
192
192
192
192
192
191
191
193
193
192
192
192
193
193
193
192
193
191
190
189
190
193
194
193
192
190
189
189
190
191
192
192
191
192
191
191
193
191
190
190
192
193
192
189
189
189
186
187
187
186
186
186
185
186
185
186
186
186
185
185
186
186
186
187
187
189
189
189
190
189
190
188
188
187
186
187
187
186
187
187
188
189
189
189
188
190
189
190
190
190
191
190
189
190
188
187
185
186
186
187
187
184
184
186
185
185
186
185
184
185
185
186
185
186
186
185
185
185
183
182
183
183
184
183
183
182
182
183
183
184
184
185
185
184
184
182
182
181
182
181
182
182
185
185
184
182
179
179
180
180
180
180
181
182
180
180
182
182
181
180
180
180
180
180
180
180
181
181
181
181
181
182
184
184
185
185
184
183
181
180
181
182
182
181
180
181
182
181
181
180
180
180
182
184
183
183
184
183
183
183
185
184
182
184
183
183
183
184
184
183
183
182
179
180
180
182
184
184
185
183
184
183
185
184
183
184
183
184
182
182
181
181
181
182
183
182
183
182
183
182
182
183
183
184
185
187
185
185
183
183
183
182
180
181
180
180
181
182
182
182
182
184
185
185
185
184
184
183
183
183
184
185
186
185
186
186
185
186
186
186
186
183
182
180
180
183
183
183
180
182
182
182
182
180
179
179
179
179
179
179
179
179
180
180
180
181
181
180
179
181
181
182
181
181
181
182
182
182
182
181
181
181
181
180
182
182
182
182
183
182
182
182
182
185
185
184
184
185
187
185
185
185
185
184
184
185
185
187
187
188
186
185
183
184
182
182
183
182
182
182
180
181
182
182
182
181
182
181
181
181
181
181
182
181
180
179
180
179
177
176
177
178
178
179
178
178
179
178
178
177
177
177
177
177
177
179
179
178
178
177
179
179
178
180
181
181
181
182
182
181
180
180
181
179
179
180
180
180
180
180
180
179
180
180
179
179
180
180
180
180
180
181
181
180
181
182
181
183
182
182
181
181
181
181
180
183
182
182
181
181
181
180
181
181
180
178
181
181
181
183
183
184
183
184
183
183
183
184
184
184
182
179
179
180
180
179
179
180
180
182
182
181
180
179
180
181
181
181
182
182
182
182
178
178
178
179
182
180
180
180
180
181
182
180
180
179
178
179
179
179
180
180
179
180
179
179
178
178
177
177
177
176
176
176
178
177
179
179
180
181
181
177
178
178
179
178
176
175
175
176
176
176
177
178
178
180
179
180
179
181
180
182
179
177
178
177
177
178
179
180
178
178
177
178
179
179
176
176
176
178
177
178
178
178
179
179
179
180
180
180
178
177
178
176
175
176
175
175
176
176
178
178
179
180
177
177
177
176
176
176
176
176
176
175
173
173
175
174
175
175
175
175
174
174
175
175
176
176
178
179
178
178
176
175
175
172
172
171
172
172
173
172
171
170
170
170
170
170
170
171
172
172
171
172
173
173
173
175
175
177
177
175
174
175
176
176
177
177
176
175
174
174
174
173
173
174
174
172
172
173
174
175
173
172
173
172
173
174
174
174
175
175
174
174
176
176
176
175
175
175
175
176
174
174
174
173
173
174
174
175
174
173
172
172
171
171
171
171
172
172
173
173
173
172
172
171
171
171
171
171
171
172
173
174
176
175
175
176
175
172
171
171
171
171
171
171
172
173
173
171
171
170
169
169
169
170
170
170
169
169
171
172
172
170
171
172
171
170
170
170
170
170
170
170
169
169
169
169
170
172
172
171
171
171
171
172
172
172
171
172
172
171
172
173
172
172
173
174
175
177
175
175
175
175
173
173
173
173
171
171
171
172
172
172
171
172
173
172
171
172
171
171
169
169
169
169
169
170
170
170
170
169
170
169
170
170
169
169
168
169
169
169
169
170
170
171
173
174
172
172
172
172
171
172
172
172
171
170
171
170
170
170
169
171
171
169
170
170
169
168
169
172
172
172
172
173
173
174
173
174
173
174
174
174
173
172
171
171
172
172
171
172
172
172
173
173
173
172
173
173
173
172
170
171
171
171
174
173
174
176
175
175
174
174
174
174
173
174
173
174
173
174
174
174
174
173
172
172
173
174
173
174
174
173
174
173
172
172
172
175
175
175
173
174
171
171
171
171
171
171
171
171
171
170
170
170
170
169
169
169
171
171
170
170
171
171
172
172
172
172
171
171
171
171
171
170
171
171
171
171
173
174
175
175
175
175
174
173
173
173
169
169
167
167
167
168
168
168
169
168
168
168
169
169
171
173
172
171
171
171
172
171
169
168
166
166
166
166
165
165
166
166
167
167
169
168
168
168
168
169
168
168
168
167
168
168
167
167
168
168
167
169
171
171
170
171
172
170
170
171
170
170
170
169
169
169
169
167
167
166
166
168
170
169
168
167
166
166
166
166
165
166
168
168
167
167
168
166
166
166
166
168
167
167
168
168
166
169
169
170
170
169
169
169
169
169
166
167
167
166
167
167
167
167
169
168
169
169
170
169
170
170
170
170
169
167
166
166
165
167
168
167
167
167
168
166
165
165
166
165
165
166
166
167
168
165
166
166
165
164
164
165
165
166
165
164
164
163
163
163
164
164
164
165
165
167
168
165
165
164
164
165
166
166
165
164
165
164
166
166
166
166
166
167
166
166
166
166
166
166
165
164
162
162
162
163
164
164
164
165
165
166
165
164
165
166
164
165
165
164
164
163
164
165
165
165
165
165
166
166
165
165
166
167
167
165
164
163
163
163
162
163
163
164
164
164
163
163
166
164
160
160
160
160
162
161
161
163
163
164
165
165
166
166
166
166
165
165
166
165
164
164
164
164
164
165
167
167
167
166
167
167
167
166
166
166
166
165
165
165
163
163
165
165
164
166
166
167
165
164
164
165
163
164
163
163
163
164
164
162
163
164
163
163
162
164
164
164
166
167
165
165
164
163
163
162
162
162
161
160
161
163
163
163
163
165
165
166
167
167
166
165
163
162
163
163
163
163
163
162
164
165
165
162
161
162
162
162
163
161
160
162
162
162
162
162
162
161
161
161
163
162
163
164
164
163
163
163
163
162
160
160
159
160
161
162
163
163
163
163
163
165
166
165
164
163
163
163
163
162
162
160
160
160
160
159
158
158
158
158
158
158
159
159
161
162
161
161
161
162
162
162
162
162
164
164
164
164
164
164
164
163
164
164
164
162
163
161
162
162
161
161
160
159
157
157
157
157
157
157
157
159
161
161
161
163
163
163
162
160
160
161
161
161
161
161
160
161
161
161
160
160
160
160
160
158
158
158
158
159
158
158
158
158
158
158
159
158
158
158
158
160
159
160
159
161
160
160
161
159
159
161
161
160
160
160
159
159
158
159
158
158
158
157
157
157
157
156
155
156
156
156
156
156
156
157
156
156
157
157
157
157
155
155
156
156
157
157
157
157
158
158
158
157
156
156
156
156
157
156
157
158
157
156
155
155
155
155
157
157
158
159
160
158
158
157
156
155
155
155
155
154
155
154
156
155
156
156
157
158
159
160
160
160
159
158
158
158
158
158
158
158
158
158
158
158
158
157
156
156
156
156
156
155
155
156
157
156
156
156
156
156
156
156
156
156
156
155
156
157
158
158
159
158
157
157
157
157
158
158
158
159
159
159
158
155
155
155
155
155
155
157
158
158
159
160
158
158
157
156
156
157
156
156
156
155
155
154
154
153
154
154
152
152
153
153
153
154
155
155
155
155
155
155
154
155
155
155
156
155
154
155
155
156
157
157
156
156
156
155
156
155
153
152
152
152
152
152
152
152
152
153
153
152
152
152
152
152
154
154
154
154
154
154
154
154
153
153
152
153
154
154
153
154
154
155
156
156
156
156
157
156
157
157
158
157
158
158
158
156
156
154
154
153
153
153
154
154
153
153
153
153
153
154
155
153
154
153
152
151
150
150
150
152
152
152
152
152
153
155
156
155
154
154
154
153
153
153
153
152
152
153
153
154
155
155
153
152
152
154
154
153
153
153
154
153
153
153
152
153
153
153
151
150
150
152
152
153
153
154
154
153
153
152
154
155
154
153
153
153
155
156
157
156
154
153
154
153
153
153
153
154
154
156
153
152
151
151
150
150
150
149
151
151
150
150
151
149
149
149
149
150
150
150
151
150
150
150
148
148
149
149
149
148
148
148
148
149
149
149
149
146
146
146
147
146
147
149
148
147
147
148
149
151
151
152
152
154
155
154
154
152
151
150
150
151
151
150
151
149
150
150
149
149
149
148
149
150
152
152
152
152
153
154
155
156
154
153
152
153
150
150
150
149
149
149
150
150
150
151
151
150
150
150
150
151
151
151
152
152
152
152
152
152
152
153
153
152
152
150
151
151
151
151
150
150
151
150
149
151
151
151
150
151
149
150
148
148
149
149
150
151
150
149
150
149
149
148
148
148
148
148
149
148
148
148
147
147
148
148
148
148
148
148
148
148
148
147
147
147
147
149
149
149
149
149
150
150
150
150
150
150
150
150
150
150
149
151
150
151
153
156
155
155
154
152
152
151
150
150
150
151
151
152
152
150
151
151
151
151
151
152
153
151
152
152
152
152
151
149
147
148
148
147
148
149
149
148
147
147
147
147
148
148
149
149
149
147
148
147
147
147
147
147
147
147
148
148
148
149
149
150
150
148
149
150
152
153
153
154
154
154
154
151
151
150
150
150
150
150
150
150
152
154
152
152
149
149
150
151
150
150
150
150
150
149
148
148
150
148
149
149
149
148
148
148
148
149
149
149
149
148
149
149
150
151
151
152
154
154
153
153
153
153
155
153
152
150
151
149
149
149
149
150
149
146
146
147
149
149
148
149
150
150
151
152
152
152
154
153
153
152
151
150
151
147
147
145
145
145
145
145
146
146
147
148
147
148
148
147
147
149
148
147
147
147
148
146
146
146
146
146
146
146
146
146
146
146
147
148
148
149
150
151
152
151
151
150
150
151
151
150
150
151
150
150
151
149
149
149
148
150
149
150
149
149
148
149
150
148
148
148
149
149
149
147
148
149
149
149
148
149
150
150
150
150
149
149
148
150
152
153
151
150
150
149
149
148
148
148
149
147
146
146
147
148
148
147
147
148
148
145
145
145
146
146
146
146
146
146
146
147
147
147
145
144
144
144
143
143
144
144
144
144
145
144
144
143
143
143
143
145
147
148
148
146
144
144
144
145
145
144
144
145
144
144
143
143
143
143
143
144
143
144
143
143
143
143
143
143
143
144
144
144
144
144
145
144
145
145
145
144
143
143
144
143
143
143
145
144
144
144
144
145
146
146
146
145
145
145
145
144
144
145
145
144
143
144
144
146
147
147
148
149
149
149
150
151
150
149
148
148
147
146
146
147
147
145
145
145
144
143
143
144
144
144
144
144
144
144
142
142
143
143
143
142
142
141
141
142
142
143
143
142
142
142
141
141
142
142
143
144
142
142
142
143
143
142
143
144
142
140
142
141
141
142
141
141
142
142
142
142
142
144
144
143
143
143
143
144
144
144
146
145
144
145
145
145
144
144
143
143
143
143
143
143
144
142
143
143
143
143
145
143
142
143
143
143
143
144
144
144
142
141
141
141
140
140
140
140
139
139
139
139
139
139
139
139
139
141
140
140
140
139
139
139
139
140
141
141
139
138
140
141
141
142
141
141
143
141
140
140
144
143
142
142
141
141
139
139
139
140
139
139
140
140
140
140
139
139
139
140
140
140
140
141
139
138
138
137
138
137
137
137
138
137
139
141
143
143
143
140
140
140
140
141
140
141
141
141
141
141
141
141
141
140
140
141
141
139
140
140
141
142
141
142
140
139
140
139
139
137
137
137
137
138
138
139
139
140
142
141
140
139
138
139
140
140
141
141
139
139
140
140
140
140
138
139
140
141
140
140
140
140
139
139
138
138
138
137
136
138
136
135
135
134
135
135
137
137
137
137
137
138
138
138
140
140
139
139
138
136
137
136
136
136
135
134
134
134
133
133
133
133
133
133
133
133
133
136
136
136
134
133
134
135
135
135
135
135
135
135
135
135
135
133
133
134
134
135
135
135
136
136
135
136
137
137
137
137
139
139
136
135
136
137
138
138
139
138
137
137
137
136
137
137
135
135
134
134
134
134
133
132
132
132
133
134
134
134
132
132
131
131
131
132
134
134
136
136
136
137
137
139
140
138
137
135
133
134
134
134
136
137
137
139
137
137
137
136
135
135
135
135
136
135
136
136
136
136
136
136
134
134
133
133
133
133
134
133
134
136
134
132
132
132
131
131
132
134
135
135
135
136
137
138
136
136
135
134
133
133
132
133
132
133
133
134
134
133
133
133
133
133
132
132
133
132
132
133
132
131
131
131
132
131
133
133
133
132
132
132
132
132
133
133
133
134
135
134
134
134
134
133
133
132
132
133
132
132
132
132
132
132
131
131
132
132
132
132
132
134
135
135
135
135
134
134
136
137
137
137
137
137
137
138
137
137
139
137
138
139
137
136
136
136
137
137
134
133
133
133
134
135
136
136
136
136
135
134
134
135
136
136
134
135
135
135
135
135
135
136
135
133
132
131
131
131
131
131
131
131
132
133
131
132
134
134
134
135
134
134
136
136
136
137
137
136
135
134
132
132
133
131
130
131
132
133
133
133
135
135
136
134
133
134
134
133
133
133
131
131
131
133
133
133
134
133
133
132
132
132
131
132
132
132
133
132
133
132
134
133
133
133
134
134
133
133
133
132
133
133
135
136
136
136
134
133
133
132
132
132
132
132
132
132
132
133
135
133
134
133
132
133
132
134
134
132
132
132
132
133
133
134
134
134
135
135
134
133
134
135
135
134
133
133
133
133
133
134
133
133
133
134
134
133
132
132
132
133
133
133
135
135
134
137
136
136
136
136
136
134
134
133
132
131
132
131
131
131
131
131
131
130
130
131
131
133
134
134
134
134
134
133
134
133
133
134
134
133
133
133
133
137
138
139
140
139
138
138
139
138
136
135
134
134
132
133
133
135
133
133
133
134
134
133
133
133
134
134
134
135
134
135
135
137
138
137
137
137
137
136
137
137
137
137
136
136
136
138
138
137
138
136
133
133
134
133
133
133
131
132
133
133
134
136
138
136
136
136
135
136
137
136
136
137
138
135
134
134
134
132
133
133
133
133
134
135
134
135
134
134
133
133
134
132
132
132
131
132
132
131
131
134
135
136
135
135
135
134
133
131
130
130
130
129
130
129
129
129
129
129
129
130
131
131
132
132
131
132
132
132
132
134
133
133
131
131
131
131
130
131
132
133
133
133
130
130
130
129
130
130
130
129
129
130
