0.0007268965517241379 0.00018068965517241382
300
287
285
286
285
285
284
282
280
281
281
283
282
280
281
281
280
282
283
284
282
282
282
282
282
282
285
286
287
290
290
291
291
289
290
290
289
285
286
289
290
290
290
291
292
293
295
295
296
294
295
297
298
298
297
297
298
301
300
300
301
307
305
304
305
304
303
303
304
304
306
308
307
308
308
311
314
315
316
317
319
320
322
320
320
321
322
322
318
320
319
320
323
322
322
322
321
321
322
322
322
322
324
323
323
326
327
328
327
327
325
327
326
327
329
331
332
331
333
333
333
334
336
334
335
335
334
337
336
337
335
337
339
340
341
342
342
343
344
343
343
343
345
343
340
339
338
340
338
339
339
342
344
346
348
348
347
347
347
346
348
347
346
346
347
344
347
347
346
348
347
346
347
347
344
345
346
346
348
348
350
351
350
348
348
350
354
356
355
358
359
359
362
362
362
361
360
361
363
362
363
363
364
363
365
367
367
362
363
367
369
371
373
373
375
371
373
376
376
376
375
378
381
381
382
381
382
386
387
388
387
391
390
391
392
393
393
392
389
390
392
394
394
395
394
395
398
398
400
398
398
399
400
400
401
398
396
396
397
399
400
398
397
396
395
396
395
392
392
395
396
399
402
404
405
408
409
410
407
407
411
412
413
413
413
414
411
410
409
408
409
409
411
409
409
409
412
413
416
417
419
420
419
418
416
416
417
418
419
419
416
418
419
418
421
420
426
425
425
423
424
423
424
428
429
426
427
429
433
432
435
433
431
431
429
429
428
430
429
428
429
432
432
430
430
429
431
431
431
431
433
432
432
434
435
435
435
434
434
435
435
435
433
433
434
433
433
432
433
434
433
437
438
441
444
447
446
445
442
441
443
443
445
448
449
447
448
447
447
449
451
452
452
450
449
451
453
452
454
453
452
451
453
450
451
449
452
454
454
456
455
457
459
458
458
456
456
458
459
459
460
459
459
459
459
463
465
465
469
469
470
468
468
466
466
466
469
472
473
472
469
472
471
472
475
478
476
477
478
477
479
478
480
480
484
486
485
486
487
489
487
490
492
493
492
493
494
494
495
497
499
498
501
497
497
499
500
496
494
497
497
504
502
505
505
506
507
512
511
512
512
511
512
510
510
512
511
511
509
508
504
504
505
503
503
503
502
503
504
503
503
504
501
504
506
506
506
505
504
508
508
508
511
512
513
514
517
515
517
518
512
518
520
527
528
527
527
530
527
528
528
530
530
530
529
524
526
522
522
526
526
527
530
532
535
535
535
536
543
542
539
539
540
541
545
545
545
546
546
549
551
549
555
555
556
553
555
553
552
551
547
543
546
547
548
548
547
546
549
547
548
548
548
548
548
545
542
545
547
548
550
548
548
551
552
550
553
552
550
548
547
550
549
551
548
549
550
550
553
556
555
557
555
557
559
558
562
562
565
563
565
565
564
565
565
565
570
569
568
570
569
570
570
570
571
574
574
575
573
574
574
574
575
575
574
574
576
577
575
574
574
573
574
574
577
578
585
584
587
586
582
579
576
577
578
578
583
584
583
583
584
585
585
583
583
583
585
585
589
590
589
591
595
593
593
591
593
593
591
590
590
593
595
590
593
591
592
593
593
592
590
592
591
587
587
587
587
585
584
583
582
584
583
583
586
588
591
590
591
592
590
589
590
591
593
589
591
591
596
598
598
597
593
595
595
596
594
594
597
599
603
603
605
604
605
607
608
608
609
610
608
611
609
608
612
612
612
613
611
610
611
612
613
612
612
613
614
613
615
613
612
613
615
618
619
624
624
625
625
625
626
629
627
630
632
634
632
632
637
638
635
634
632
635
632
633
636
632
631
629
631
631
630
629
626
628
627
627
630
631
631
633
632
632
630
633
632
633
634
643
644
643
643
646
644
646
648
643
641
642
643
643
642
641
642
644
646
646
647
648
649
647
649
648
650
649
652
650
654
655
656
655
657
657
659
658
655
660
666
669
667
664
666
666
666
662
663
663
661
662
665
666
669
673
667
666
667
665
665
667
671
672
668
664
667
673
673
670
673
673
672
672
673
672
674
672
677
672
673
674
676
677
677
675
680
679
678
673
672
673
674
675
673
673
674
676
675
681
678
681
684
686
689
686
685
686
687
684
680
680
683
687
686
685
681
682
680
678
679
677
676
677
681
678
681
680
681
680
680
681
679
678
681
681
680
679
682
679
678
679
677
679
677
679
678
679
684
684
682
682
685
683
682
685
686
684
686
689
690
691
692
693
694
695
693
695
694
689
692
687
684
687
690
687
690
689
689
691
692
692
696
692
690
691
688
687
690
693
694
692
697
699
695
695
695
693
692
691
693
694
693
695
697
695
697
700
701
698
702
703
701
710
709
706
705
703
704
706
706
706
709
706
708
712
714
713
713
712
717
716
715
715
719
719
716
717
714
716
717
724
725
721
726
728
730
731
726
727
724
725
726
724
726
727
726
724
722
720
722
721
724
728
727
727
727
724
723
724
721
724
727
728
724
721
718
718
718
721
729
730
728
726
722
723
725
725
726
733
735
736
738
739
738
737
742
746
746
743
741
742
739
743
743
740
739
739
741
741
740
736
738
734
734
732
733
733
735
734
734
731
732
737
735
734
738
739
740
741
742
745
740
740
744
746
745
750
750
749
752
752
751
752
751
753
757
754
752
759
763
766
765
769
770
767
767
761
756
752
755
751
753
758
759
757
758
761
763
765
761
763
762
761
763
763
766
764
764
769
764
765
763
768
769
771
767
766
771
769
768
765
768
771
771
771
771
766
767
767
762
765
765
768
769
771
771
769
766
769
767
765
767
766
767
765
770
773
773
772
771
772
773
768
771
773
773
766
764
766
768
766
769
771
774
773
771
773
774
775
780
779
776
776
773
776
774
772
775
780
779
781
780
780
783
787
786
786
785
786
787
788
787
788
788
788
789
789
788
789
790
793
786
787
787
788
789
790
791
795
792
797
796
792
791
793
786
785
786
788
788
788
780
780
779
781
785
785
787
790
789
789
790
788
784
788
790
791
790
791
790
793
794
794
793
791
791
792
796
794
795
793
790
790
789
787
788
788
791
795
792
797
793
793
797
798
799
800
797
802
803
800
800
800
803
804
802
808
804
802
805
812
814
812
812
811
813
820
814
812
806
808
808
807
803
800
799
802
801
805
806
798
801
800
803
803
800
798
797
797
795
798
796
795
793
796
799
798
802
804
809
804
805
804
805
803
810
809
807
803
803
803
801
802
803
805
808
810
808
809
812
812
812
810
814
815
815
820
822
822
823
821
819
816
817
816
814
813
819
818
817
817
819
820
825
826
832
829
833
836
835
831
828
823
823
822
826
826
828
827
828
828
827
825
827
828
827
829
831
832
836
832
837
836
833
828
827
826
825
830
832
831
832
830
830
830
834
833
829
828
832
840
840
840
839
841
843
845
850
850
852
849
847
846
845
849
847
847
846
847
847
846
846
848
850
852
855
859
863
864
862
864
860
859
863
861
867
868
867
869
873
873
874
875
875
877
879
880
883
881
883
884
885
882
879
879
877
877
878
877
880
880
877
876
874
875
876
873
870
868
874
872
871
874
877
880
882
886
882
878
877
879
880
881
882
884
887
883
886
884
884
883
880
880
878
880
879
881
885
888
892
887
886
885
884
890
886
888
886
886
891
888
887
884
887
887
884
882
885
887
893
893
894
894
892
891
891
892
888
891
892
888
887
889
890
888
889
888
888
890
892
897
896
896
897
899
898
905
908
905
905
908
907
907
914
917
914
915
917
914
912
909
905
907
903
903
908
911
910
912
915
910
909
907
906
907
911
915
920
922
926
924
924
922
914
911
909
907
907
909
909
909
910
915
915
913
918
919
921
922
924
929
926
930
929
930
934
934
932
932
935
934
936
935
937
941
947
944
942
941
937
935
935
936
934
938
940
943
945
940
943
943
942
943
944
942
940
936
936
938
936
936
939
940
941
941
940
943
945
943
941
939
945
946
949
944
947
944
948
949
951
957
951
952
950
951
949
948
948
956
954
952
946
939
942
944
946
944
943
947
947
948
952
949
943
942
942
948
954
954
956
954
956
953
953
952
948
947
948
945
953
955
957
957
958
962
960
962
963
965
965
966
966
961
966
968
967
969
967
966
973
971
970
973
976
972
970
971
974
973
970
971
972
972
969
972
973
966
967
968
968
968
969
973
972
974
978
977
976
974
972
972
975
978
971
971
976
972
974
977
981
979
980
978
975
976
979
975
976
980
978
972
975
974
975
973
971
971
972
973
976
972
968
971
971
974
975
972
972
977
976
977
974
982
980
982
981
978
974
976
980
978
977
982
982
980
973
972
976
971
972
973
971
972
966
963
963
960
962
964
968
968
969
974
969
971
968
966
971
972
974
974
974
974
977
974
976
972
976
972
971
972
967
967
962
963
965
962
961
969
971
975
976
982
979
977
975
972
971
973
971
970
972
977
977
982
987
985
980
979
977
976
975
981
984
988
987
985
989
987
994
994
989
989
991
993
997
994
997
997
998
995
992
991
994
989
986
983
983
986
985
982
980
983
981
981
978
977
973
981
977
977
977
978
979
981
981
979
981
983
991
993
988
995
998
994
999
995
995
995
994
994
999
999
1001
1003
1002
1001
993
992
990
989
989
989
991
991
992
997
998
998
999
998
1005
1004
1007
1006
1009
1016
1017
1013
1009
1007
1010
1005
999
1000
1001
1002
999
999
998
1001
1004
1005
1006
1008
1015
1014
1015
1022
1016
1017
1020
1019
1015
1013
1012
1014
1013
1016
1015
1018
1013
1009
1011
1011
1015
1015
1023
1021
1016
1020
1019
1019
1027
1028
1031
1028
1027
1028
1024
1021
1020
1016
1016
1016
1015
1014
1012
1013
1016
1015
1014
1011
1009
1001
1001
1004
1006
1009
1009
1008
1008
1008
1010
1009
1009
1007
1005
1011
1016
1012
1012
1013
1017
1018
1023
1017
1017
1017
1012
1011
1012
1010
1013
1009
1010
1006
1003
1001
998
997
999
1004
1001
1003
1003
999
1000
1000
1003
1008
1011
1011
1010
1015
1016
1018
1017
1018
1015
1019
1021
1022
1018
1015
1009
1014
1016
1014
1012
1011
1012
1011
1015
1022
1023
1019
1017
1017
1013
1010
1009
1016
1016
1016
1016
1014
1018
1017
1012
1014
1018
1016
1020
1023
1023
1028
1029
1030
1032
1032
1032
1029
1034
1035
1040
1047
1043
1044
1045
1045
1042
1041
1035
1041
1041
1040
1035
1032
1032
1036
1038
1036
1037
1040
1040
1041
1039
1044
1041
1042
1040
1040
1044
1041
1038
1038
1034
1032
1032
1033
1036
1036
1036
1043
1042
1040
1039
1035
1039
1039
1034
1034
1036
1030
1033
1033
1033
1032
1029
1029
1031
1035
1039
1039
1033
1036
1035
1036
1033
1025
1024
1027
1031
1031
1031
1028
1028
1026
1019
1015
1015
1021
1025
1030
1029
1030
1031
1029
1029
1025
1031
1035
1034
1037
1036
1037
1039
1041
1046
1044
1043
1042
1044
1042
1044
1044
1047
1050
1046
1045
1044
1045
1046
1045
1044
1045
1042
1042
1044
1044
1044
1041
1038
1036
1037
1050
1050
1049
1050
1046
1049
1052
1052
1050
1047
1051
1053
1054
1057
1059
1059
1060
1057
1062
1063
1064
1060
1058
1059
1059
1056
1056
1058
1059
1064
1066
1064
1064
1061
1063
1067
1068
1070
1074
1073
1071
1072
1072
1075
1078
1077
1076
1080
1077
1076
1075
1076
1082
1085
1072
1076
1077
1075
1075
1076
1080
1076
1079
1075
1075
1073
1075
1076
1074
1073
1069
1071
1069
1070
1070
1072
1076
1078
1074
1077
1075
1075
1073
1076
1077
1075
1076
1074
1070
1070
1068
1073
1076
1075
1077
1075
1074
1079
1080
1076
1074
1068
1070
1072
1074
1074
1075
1080
1083
1080
1079
1076
1075
1077
1077
1074
1079
1081
1083
1081
1077
1075
1078
1077
1076
1082
1085
1082
1084
1084
1086
1084
1085
1088
1088
1092
1093
1092
1095
1092
1086
1086
1086
1080
1084
1085
1082
1085
1083
1089
1090
1090
1091
1086
1090
1086
1086
1084
1084
1086
1088
1091
1085
1085
1087
1086
1088
1091
1090
1087
1089
1092
1084
1086
1082
1082
1081
1085
1083
1086
1084
1083
1081
1080
1083
1081
1084
1085
1086
1086
1091
1092
1090
1089
1092
1089
1087
1083
1082
1077
1078
1079
1078
1080
1082
1087
1090
1089
1088
1089
1092
1095
1090
1097
1098
1102
1101
1096
1092
1094
1093
1092
1086
1082
1083
1083
1088
1085
1080
1084
1081
1081
1084
1083
1086
1077
1076
1076
1080
1081
1080
1086
1088
1088
1085
1087
1083
1080
1081
1085
1081
1078
1078
1072
1074
1073
1075
1077
1082
1078
1083
1082
1085
1091
1090
1095
1091
1089
1091
1095
1093
1090
1092
1086
1085
1080
1077
1080
1079
1073
1072
1073
1077
1072
1063
1070
1072
1073
1076
1076
1077
1081
1075
1072
1075
1074
1078
1079
1077
1079
1077
1075
1077
1075
1070
1071
1071
1069
1071
1077
1076
1074
1069
1067
1064
1069
1069
1078
1082
1081
1079
1075
1074
1071
1074
1076
1078
1079
1076
1081
1082
1084
1081
1081
1079
1082
1080
1085
1085
1081
1081
1073
1077
1077
1075
1075
1071
1071
1071
1072
1067
1064
1066
1067
1070
1072
1073
1073
1078
1080
1085
1083
1078
1080
1083
1081
1077
1081
1082
1087
1086
1093
1097
1097
1095
1090
1091
1097
1100
1098
1094
1093
1095
1095
1091
1092
1092
1089
1090
1089
1088
1088
1085
1086
1091
1088
1092
1087
1087
1089
1088
1089
1090
1091
1093
1094
1091
1089
1086
1089
1084
1084
1080
1082
1080
1086
1087
1087
1086
1088
1090
1083
1086
1082
1075
1076
1075
1077
1076
1075
1078
1077
1074
1073
1078
1081
1081
1084
1081
1085
1087
1091
1089
1092
1090
1088
1092
1087
1093
1097
1101
1100
1095
1098
1095
1099
1099
1101
1100
1099
1103
1097
1091
1087
1089
1088
1085
1086
1085
1093
1092
1095
1096
1100
1100
1098
1094
1093
1104
1104
1103
1100
1105
1106
1108
1103
1108
1108
1114
1115
1118
1115
1112
1109
1106
1107
1112
1112
1110
1111
1112
1110
1110
1107
1107
1100
1097
1097
1089
1094
1094
1096
1094
1098
1096
1099
1094
1090
1091
1096
1096
1088
1086
1087
1090
1088
1088
1089
1091
1096
1097
1091
1088
1092
1084
1085
1086
1083
1084
1084
1085
1084
1088
1086
1088
1089
1091
1092
1092
1094
1094
1094
1088
1086
1083
1083
1082
1084
1087
1088
1091
1085
1088
1091
1092
1095
1101
1100
1100
1096
1096
1088
1087
1084
1082
1085
1086
1090
1092
1096
1097
1097
1087
1088
1085
1083
1084
1090
1094
1098
1092
1094
1095
1098
1095
1097
1096
1092
1096
1090
1092
1095
1096
1098
1097
1095
1089
1089
1085
1081
1075
1078
1077
1080
1078
1080
1083
1087
1084
1080
1083
1084
1083
1085
1088
1086
1083
1080
1086
1087
1086
1088
1088
1092
1093
1093
1091
1093
1090
1086
1087
1088
1083
1084
1088
1091
1087
1085
1082
1077
1074
1078
1077
1078
1084
1080
1081
1085
1090
1090
1092
1090
1098
1097
1099
1099
1100
1100
1104
1104
1112
1113
1104
1107
1105
1103
1100
1107
1112
1104
1105
1106
1105
1102
1098
1098
1096
1093
1092
1091
1091
1089
1095
1093
1092
1095
1094
1090
1092
1087
1092
1092
1098
1096
1092
1089
1091
1093
1092
1095
1092
1094
1098
1096
1094
1093
1090
1088
1088
1084
1083
1082
1087
1086
1085
1088
1088
1090
1086
1082
1085
1091
1092
1094
1098
1102
1098
1099
1097
1098
1101
1102
1099
1096
1094
1097
1101
1104
1104
1103
1098
1096
1098
1099
1101
1099
1096
1098
1101
1105
1103
1097
1097
1093
1091
1098
1097
1096
1094
1092
1095
1094
1092
1092
1094
1095
1096
1105
1110
1113
1106
1106
1111
1111
1113
1119
1121
1115
1116
1115
1113
1107
1106
1105
1104
1106
1103
1105
1105
1107
1104
1108
1109
1114
1111
1111
1106
1104
1102
1108
1108
1109
1105
1110
1107
1112
1103
1105
1106
1103
1105
1104
1101
1101
1099
1101
1100
1097
1099
1095
1094
1097
1096
1095
1091
1093
1096
1094
1097
1095
1099
1101
1099
1099
1102
1101
1099
1104
1097
1100
1101
1098
1096
1097
1094
1094
1097
1095
1094
1094
1092
1091
1091
1093
1092
1094
1093
1093
1096
1100
1097
1097
1097
1094
1099
1100
1101
1104
1101
1100
1100
1102
1101
1099
1104
1102
1107
1108
1105
1106
1110
1106
1106
1106
1109
1111
1110
1106
1105
1110
1111
1108
1111
1109
1107
1106
1105
1110
1108
1105
1107
1113
1116
1112
1113
1113
1113
1115
1116
1116
1114
1111
1114
1115
1114
1114
1112
1113
1113
1110
1114
1115
1116
1114
1120
1121
1123
1125
1128
1128
1131
1130
1124
1123
1124
1125
1124
1117
1115
1113
1116
1115
1114
1114
1118
1115
1117
1116
1119
1118
1122
1130
1128
1123
1127
1129
1128
1135
1136
1124
1117
1114
1112
1118
1122
1120
1121
1119
1122
1127
1123
1117
1113
1114
1113
1106
1106
1108
1106
1109
1104
1098
1099
1105
1106
1105
1105
1103
1102
1102
1107
1109
1111
1106
1105
1105
1106
1106
1106
1107
1107
1105
1106
1106
1106
1103
1098
1100
1100
1103
1097
1095
1095
1097
1097
1099
1103
1105
1102
1107
1105
1103
1106
1107
1107
1105
1105
1108
1109
1109
1114
1109
1111
1108
1111
1107
1110
1113
1115
1111
1117
1118
1120
1118
1119
1126
1127
1127
1133
1131
1129
1122
1130
1130
1129
1128
1125
1129
1126
1132
1135
1134
1134
1138
1140
1136
1134
1134
1136
1140
1141
1145
1147
1145
1144
1143
1144
1145
1146
1139
1136
1136
1137
1141
1141
1140
1144
1148
1147
1150
1150
1149
1147
1148
1142
1140
1142
1144
1144
1144
1143
1138
1140
1145
1143
1142
1146
1144
1150
1157
1155
1154
1147
1149
1150
1150
1146
1143
1147
1146
1146
1151
1152
1149
1150
1151
1154
1157
1160
1154
1155
1161
1156
1151
1148
1150
1152
1146
1152
1155
1150
1149
1149
1149
1155
1157
1160
1159
1160
1157
1150
1150
1151
1154
1153
1150
1152
1147
1143
1143
1147
1154
1148
1150
1148
1158
1162
1162
1160
1155
1156
1150
1148
1145
1147
1148
1148
1151
1154
1151
1148
1142
1143
1149
1144
1144
1138
1144
1141
1140
1143
1144
1146
1145
1143
1145
1147
1147
1140
1139
1141
1144
1142
1140
1144
1144
1145
1149
1146
1144
1143
1146
1146
1151
1150
1150
1145
1145
1145
1147
1147
1146
1142
1142
1144
1149
1142
1133
1129
1129
1123
1124
1126
1130
1134
1133
1135
1141
1142
1138
1140
1135
1138
1136
1135
1129
1127
1129
1136
1138
1141
1140
1137
1140
1136
1139
1141
1145
1142
1137
1131
1137
1139
1141
1144
1145
1144
1147
1149
1152
1147
1140
1141
1136
1135
1139
1146
1147
1148
1149
1150
1147
1150
1149
1151
1150
1149
1148
1150
1155
1158
1156
1163
1158
1161
1165
1159
1157
1155
1159
1156
1150
1156
1153
1155
1156
1161
1163
1168
1166
1165
1163
1161
1160
1161
1157
1152
1153
1154
1154
1158
1159
1161
1158
1159
1157
1155
1159
1155
1161
1159
1161
1161
1160
1157
1154
1160
1160
1162
1166
1162
1159
1153
1149
1148
1147
1149
1149
1146
1150
1153
1156
1161
1155
1155
1155
1151
1154
1152
1154
1150
1144
1151
1153
1153
1155
1156
1156
1157
1155
1154
1156
1156
1157
1154
1150
1152
1151
1153
1148
1150
1145
1148
1147
1154
1155
1153
1157
1152
1155
1151
1154
1157
1159
1158
1160
1160
1160
1156
1155
1156
1155
1157
1157
1161
1161
1167
1166
1158
1158
1158
1155
1154
1154
1153
1152
1156
1157
1159
1160
1157
1154
1153
1148
1147
1149
1153
1151
1154
1157
1161
1161
1161
1164
1156
1155
1156
1152
1150
1152
1150
1152
1148
1151
1150
1149
1153
1152
1155
1152
1154
1151
1144
1154
1156
1157
1159
1155
1151
1148
1156
1153
1145
1145
1144
1147
1145
1142
1143
1146
1147
1139
1135
1137
1131
1134
1135
1134
1130
1123
1129
1130
1134
1131
1133
1135
1131
1127
1131
1137
1138
1138
1138
1142
1145
1146
1145
1143
1140
1139
1139
1143
1144
1148
1148
1153
1151
1151
1150
1149
1153
1153
1151
1156
1160
1162
1163
1162
1160
1154
1158
1155
1156
1153
1152
1153
1147
1145
1145
1143
1139
1137
1141
1139
1140
1141
1138
1136
1143
1147
1153
1153
1153
1149
1150
1152
1151
1154
1156
1153
1151
1150
1148
1147
1148
1145
1147
1145
1150
1144
1141
1141
1141
1147
1155
1154
1155
1156
1155
1156
1153
1153
1156
1155
1152
1148
1149
1151
1157
1160
1167
1166
1162
1159
1157
1155
1154
1152
1154
1143
1144
1143
1142
1141
1149
1148
1149
1150
1154
1155
1151
1155
1154
1158
1157
1160
1159
1159
1160
1162
1161
1162
1158
1156
1152
1151
1149
1146
1148
1147
1147
1148
1147
1146
1157
1157
1155
1161
1156
1160
1156
1155
1155
1154
1156
1162
1160
1158
1161
1162
1168
1169
1175
1176
1177
1175
1178
1176
1178
1178
1180
1172
1176
1183
1178
1177
1178
1179
1181
1176
1178
1178
1176
1187
1188
1185
1184
1181
1176
1174
1175
1174
1176
1173
1173
1176
1179
1170
1166
1160
1163
1166
1166
1167
1172
1172
1170
1169
1170
1168
1163
1163
1164
1155
1165
1164
1165
1163
1165
1165
1168
1166
1164
1169
1169
1167
1165
1169
1165
1164
1163
1164
1163
1162
1162
1163
1163
1162
1167
1167
1171
1172
1172
1172
1168
1168
1163
1165
1165
1165
1168
1172
1175
1170
1164
1163
1170
1165
1169
1172
1170
1171
1166
1167
1173
1172
1164
1165
1163
1166
1167
1173
1173
1166
1166
1169
1173
1182
1170
1166
1162
1162
1158
1162
1162
1164
1169
1164
1169
1163
1163
1163
1163
1169
1165
1160
1160
1162
1165
1165
1167
1164
1169
1171
1175
1172
1168
1167
1167
1165
1167
1162
1159
1160
1167
1169
1172
1172
1175
1169
1164
1170
1168
1165
1166
1166
1162
1167
1168
1170
1171
1173
1171
1170
1172
1174
1174
1175
1179
1179
1180
1172
1172
1178
1181
1179
1179
1185
1181
1182
1190
1183
1177
1177
1178
1172
1173
1169
1172
1169
1164
1163
1167
1161
1163
1164
1168
1168
1162
1163
1159
1157
1156
1162
1163
1170
1174
1173
1169
1171
1176
1182
1176
1177
1176
1177
1174
1173
1178
1178
1175
1173
1180
1185
1183
1183
1186
1182
1185
1187
1178
1180
1178
1179
1181
1182
1175
1173
1173
1173
1176
1174
1175
1169
1170
1176
1170
1166
1163
1162
1167
1172
1173
1172
1170
1169
1166
1167
1166
1166
1168
1168
1168
1171
1178
1176
1178
1180
1179
1167
1167
1168
1166
1159
1157
1162
1162
1166
1164
1161
1155
1158
1154
1162
1161
1158
1157
1162
1161
1154
1161
1159
1159
1161
1162
1163
1163
1161
1167
1169
1169
1173
1172
1178
1180
1176
1176
1178
1177
1172
1175
1172
1176
1175
1181
1186
1181
1181
1180
1179
1177
1175
1179
1177
1181
1181
1182
1179
1184
1181
1185
1187
1188
1189
1191
1189
1192
1192
1195
1200
1200
1199
1200
1201
1199
1204
1199
1194
1197
1200
1202
1198
1200
1202
1201
1201
1204
1206
1203
1199
1204
1206
1205
1206
1205
1204
1206
1205
1209
1205
1206
1207
1209
1211
1210
1208
1212
1214
1219
1222
1223
1226
1225
1223
1224
1230
1228
1231
1230
1227
1220
1220
1216
1215
1216
1217
1217
1211
1211
1215
1214
1216
1213
1218
1221
1220
1222
1219
1220
1220
1223
1227
1227
1223
1222
1217
1218
1215
1219
1221
1221
1219
1218
1219
1218
1221
1218
1222
1221
1217
1221
1224
1229
1232
1231
1226
1228
1231
1227
1232
1231
1231
1233
1234
1238
1236
1238
1249
1247
1242
1242
1238
1239
1234
1236
1238
1238
1236
1236
1237
1234
1233
1235
1235
1241
1244
1244
1238
1242
1237
1233
1234
1238
1242
1240
1239
1243
1238
1233
1230
1232
1234
1233
1231
1228
1229
1232
1233
1238
1237
1236
1236
1232
1225
1223
1224
1222
1222
1216
1222
1227
1225
1221
1219
1219
1217
1214
1212
1214
1220
1229
1229
1229
1229
1227
1225
1226
1224
1223
1223
1223
1223
1221
1221
1222
1218
1217
1219
1217
1218
1226
1226
1225
1230
1223
1219
1218
1220
1219
1219
1222
1218
1216
1216
1225
1227
1225
1225
1225
1223
1223
1225
1227
1221
1224
1225
1227
1228
1225
1230
1226
1235
1233
1234
1234
1232
1224
1223
1217
1224
1225
1235
1237
1234
1234
1236
1237
1239
1235
1235
1237
1235
1235
1232
1234
1237
1239
1245
1242
1244
1245
1243
1247
1251
1248
1246
1245
1244
1246
1252
1253
1246
1245
1244
1246
1242
1243
1246
1246
1241
1237
1238
1236
1237
1240
1243
1245
1245
1245
1250
1254
1251
1249
1248
1245
1250
1254
1258
1262
1258
1257
1254
1249
1251
1253
1254
1262
1260
1253
1256
1256
1255
1249
1250
1247
1247
1255
1248
1247
1243
1249
1245
1244
1242
1242
1242
1240
1243
1242
1241
1241
1239
1245
1241
1241
1238
1240
1242
1245
1245
1246
1243
1247
1248
1247
1247
1242
1244
1244
1241
1241
1248
1250
1250
1247
1250
1252
1255
1252
1251
1255
1252
1249
1248
1244
1247
1247
1247
1247
1248
1250
1250
1246
1245
1243
1247
1246
1246
1250
1254
1248
1246
1249
1247
1249
1257
1257
1258
1256
1254
1260
1257
1263
1264
1263
1266
1273
1273
1269
1264
1261
1264
1263
1264
1264
1265
1266
1272
1269
1269
1265
1262
1257
1258
1258
1258
1258
1261
1261
1257
1255
1254
1255
1255
1265
1269
1270
1272
1275
1270
1266
1261
1257
1254
1262
1261
1266
1263
1260
1262
1263
1260
1260
1259
1268
1271
1266
1261
1261
1262
1257
1259
1261
1255
1262
1258
1261
1260
1257
1261
1262
1264
1264
1258
1257
1260
1262
1260
1262
1258
1259
1257
1261
1259
1261
1260
1260
1259
1263
1262
1264
1264
1267
1266
1271
1276
1270
1272
1269
1272
1269
1270
1263
1264
1269
1272
1272
1271
1268
1278
1276
1276
1276
1279
1279
1284
1278
1278
1279
1289
1283
1278
1280
1280
1279
1279
1282
1284
1286
1285
1290
1292
1292
1290
1290
1287
1291
1289
1287
1288
1290
1293
1294
1296
1299
1294
1289
1291
1289
1289
1290
1294
1297
1293
1289
1285
1278
1279
1283
1288
1280
1279
1287
1281
1289
1285
1283
1287
1281
1281
1284
1289
1296
1296
1299
1298
1296
1294
1295
1290
1291
1296
1298
1299
1299
1299
1295
1295
1296
1294
1293
1291
1295
1285
1285
1290
1290
1290
1295
1298
1293
1297
1292
1290
1289
1288
1284
1280
1282
1282
1281
1285
1282
1281
1283
1283
1287
1285
1283
1280
1281
1283
1283
1280
1281
1281
1283
1287
1284
1295
1293
1289
1287
1288
1290
1285
1283
1283
1285
1286
1284
1287
1287
1289
1289
1287
1283
1288
1284
1279
1282
1283
1286
1281
1280
1280
1279
1280
1280
1278
1278
1284
1279
1279
1282
