0.0004537931034482759 0.00035137931034482766
300
297
289
293
291
285
284
285
278
277
276
272
273
272
273
273
270
270
270
265
266
267
264
262
262
265
267
266
260
260
256
253
252
250
250
250
251
250
252
249
249
248
248
250
252
250
248
248
249
249
248
247
248
245
245
247
248
247
248
245
244
243
244
245
247
247
247
247
247
246
245
244
244
245
246
246
246
247
246
246
246
246
247
245
244
243
242
244
243
240
239
239
238
238
238
239
239
242
243
243
242
241
242
241
241
240
239
240
237
239
240
240
241
241
242
241
241
242
244
246
245
244
243
243
244
242
241
242
240
236
236
236
236
235
234
234
233
232
232
232
232
233
235
237
237
238
235
236
236
238
239
239
238
238
238
236
235
232
234
235
234
232
232
233
232
232
232
229
232
234
233
233
234
233
233
233
234
232
231
232
233
233
233
231
232
229
227
231
229
228
230
228
228
226
227
227
228
230
228
229
229
227
226
225
226
227
228
228
230
230
227
228
225
225
225
222
221
222
222
223
224
224
224
223
223
222
221
221
220
221
222
223
224
224
225
224
225
224
223
221
219
217
220
219
221
223
224
223
223
223
223
223
223
222
221
223
223
223
223
224
225
224
224
224
226
225
223
224
223
222
222
222
223
221
220
221
220
218
218
220
220
220
220
220
218
219
221
221
220
221
222
224
225
222
221
221
222
225
225
226
226
226
224
223
224
225
228
227
229
225
226
225
226
227
226
225
227
227
229
223
223
222
222
223
224
223
223
223
225
225
225
225
223
224
225
224
224
223
226
224
224
223
224
225
223
223
220
221
222
222
225
225
226
225
224
222
222
223
225
224
223
222
221
222
220
220
223
223
221
219
221
222
218
217
217
217
218
217
218
220
220
219
219
220
219
220
219
216
215
215
215
217
217
218
219
217
218
219
221
218
219
218
219
218
217
216
216
217
218
218
217
218
219
219
220
220
219
220
220
219
220
217
219
218
217
218
218
217
218
218
218
218
219
219
220
220
218
219
219
218
217
217
217
217
219
219
219
219
221
220
220
219
218
216
216
216
217
219
219
218
218
218
219
219
220
217
215
215
213
215
215
214
215
218
218
215
215
215
215
215
215
214
214
214
218
218
216
214
213
212
212
212
213
209
209
208
210
210
213
213
212
212
211
211
210
210
209
210
210
212
209
208
208
210
209
209
208
208
207
210
211
210
211
209
208
208
209
211
212
212
210
209
212
211
212
210
210
210
211
209
210
212
212
213
212
212
211
209
213
215
215
215
214
213
214
212
210
209
209
210
211
210
210
212
210
210
213
210
206
206
206
207
208
208
206
206
206
206
206
204
203
203
203
202
202
203
203
205
203
203
203
204
204
204
204
202
201
202
203
202
201
203
203
205
204
204
204
206
205
206
208
207
209
209
207
207
208
209
210
210
209
210
212
212
211
211
210
211
209
210
208
206
206
206
205
207
205
205
205
206
203
203
203
203
203
202
202
203
203
204
204
203
204
203
205
206
205
205
205
202
202
201
200
202
202
202
201
202
202
200
202
202
201
201
202
202
203
203
205
205
205
204
204
205
207
206
204
204
204
203
203
202
202
204
204
205
203
205
204
203
203
203
202
201
202
202
203
205
207
207
208
206
204
204
203
202
203
205
205
203
205
206
205
203
201
199
199
201
201
200
201
201
201
202
200
200
202
202
202
202
203
204
204
202
204
205
204
203
201
201
200
201
198
198
198
199
199
200
202
200
201
201
200
200
200
199
197
197
196
196
196
201
202
201
201
201
203
202
200
197
197
199
198
200
201
202
203
200
202
202
201
200
200
199
199
200
200
199
200
201
201
201
199
199
199
198
199
199
200
200
200
200
199
198
198
196
195
194
194
194
196
196
195
197
196
196
196
198
200
199
199
199
200
200
199
198
198
197
196
195
195
195
195
195
195
196
196
196
195
195
195
196
195
195
196
196
195
196
196
196
197
196
195
197
196
195
194
194
193
194
194
193
193
193
193
191
193
191
190
190
191
190
191
192
191
191
189
189
190
188
188
188
190
190
189
187
186
187
188
189
188
188
188
188
189
189
188
186
186
186
187
188
189
189
187
188
188
187
188
188
188
187
188
189
190
188
189
191
192
190
190
190
189
190
190
190
189
187
187
186
186
186
184
184
184
185
186
187
189
190
190
189
186
184
185
184
185
187
187
188
187
188
189
189
187
185
183
183
183
183
184
185
185
187
187
189
188
189
186
186
187
186
186
185
185
184
185
183
185
185
184
183
182
182
182
182
182
184
184
185
186
185
187
191
190
190
190
189
188
187
184
185
186
188
191
192
192
193
193
191
192
191
193
192
193
191
191
191
191
192
192
192
191
188
187
187
187
188
188
188
189
190
192
191
193
192
191
190
190
188
188
190
189
188
188
186
186
186
186
188
188
188
189
190
189
187
188
189
192
193
194
195
193
192
190
188
188
188
185
186
185
186
186
186
188
190
192
192
190
190
190
190
190
190
188
187
189
189
189
189
190
189
186
187
187
187
189
191
189
191
190
190
188
187
187
190
190
188
187
188
187
186
186
186
186
186
184
185
187
187
188
187
187
188
188
189
192
190
190
191
187
186
185
186
188
186
187
188
188
187
186
185
184
182
184
184
185
186
185
183
183
183
183
182
181
182
182
182
182
183
184
184
187
185
185
185
185
184
184
185
185
186
184
184
182
180
181
181
181
182
183
183
184
183
184
185
184
185
186
187
187
186
186
183
183
184
184
186
186
183
183
181
180
180
179
182
184
184
182
182
182
182
185
185
183
184
185
183
184
184
181
180
179
178
179
180
181
181
180
180
179
179
180
180
180
182
183
184
184
185
183
182
181
183
182
182
181
182
182
182
184
185
181
180
178
178
178
179
182
181
181
182
183
185
183
183
182
182
183
182
182
180
180
182
182
183
181
182
182
181
181
182
182
181
182
183
180
180
178
178
177
178
178
178
179
178
178
178
179
181
184
182
183
181
181
180
181
182
182
181
182
184
184
184
184
185
184
184
185
184
185
184
184
184
186
186
186
187
186
187
186
184
183
185
184
184
186
185
186
184
181
181
181
182
182
179
178
178
177
178
178
176
175
175
175
175
176
177
177
178
177
177
179
180
180
180
180
182
181
181
182
179
181
182
182
183
185
186
183
182
183
182
182
181
181
182
182
182
182
181
182
182
182
182
183
184
184
184
184
184
184
181
181
183
181
182
181
181
181
179
177
176
177
177
178
178
179
179
177
177
182
184
184
183
181
183
183
185
186
185
185
183
182
181
181
178
177
177
177
178
178
182
182
182
181
181
183
181
180
181
180
181
180
179
178
178
178
180
181
180
181
176
177
177
178
179
178
178
178
180
179
180
181
181
181
182
183
184
184
183
183
183
182
185
184
184
182
182
181
182
182
183
183
183
184
183
181
182
181
182
183
184
184
182
182
182
182
182
181
181
182
182
182
180
181
180
180
177
178
177
177
176
175
175
176
176
176
176
177
176
177
176
177
176
176
177
176
176
175
175
174
174
173
174
175
175
175
174
174
175
175
176
174
174
174
176
178
178
177
177
180
182
182
182
181
180
181
180
180
179
179
177
178
177
177
177
177
177
177
177
177
178
178
179
178
178
179
180
180
182
182
181
180
180
181
181
181
180
179
179
180
180
180
179
179
180
182
182
181
181
181
180
180
180
179
181
183
186
189
189
188
185
184
184
181
180
178
178
176
178
178
177
177
178
178
180
179
179
179
177
178
178
178
177
180
179
180
179
178
178
178
178
181
182
182
182
182
181
183
183
180
179
179
178
179
179
181
180
179
179
177
180
179
177
179
180
179
180
178
178
176
177
177
175
175
177
177
176
178
178
177
178
179
179
179
181
182
182
181
180
180
181
180
180
180
180
180
181
181
182
181
179
179
179
180
179
179
178
180
178
178
179
179
178
179
179
179
178
178
179
180
182
182
184
183
183
182
182
182
180
181
181
182
182
180
179
180
181
182
184
186
184
185
184
183
183
183
181
182
179
178
176
176
176
177
176
175
175
175
176
177
177
177
178
178
177
176
177
179
178
178
180
181
181
181
181
183
183
183
182
185
185
185
182
182
183
184
184
185
188
188
187
187
189
189
189
189
189
188
186
191
190
188
187
187
187
187
185
185
186
185
185
184
183
182
183
185
186
188
188
188
188
187
187
189
187
187
187
187
187
186
188
188
190
194
195
196
193
193
194
192
191
188
188
187
187
188
185
185
185
185
182
181
182
180
179
182
182
183
183
184
182
182
183
184
184
184
182
182
181
181
182
182
182
182
181
181
181
183
182
182
180
180
181
180
180
180
180
178
179
179
181
181
181
182
184
183
184
184
183
184
184
184
184
185
185
185
184
184
185
184
183
183
183
185
186
185
184
182
182
182
183
181
180
180
179
179
179
179
181
181
184
183
184
186
187
185
183
184
181
181
181
181
181
180
180
179
178
177
176
174
175
177
176
176
175
178
179
176
176
176
176
175
175
175
176
177
172
173
176
174
174
174
174
173
173
174
174
174
174
175
174
175
176
178
177
177
175
172
172
172
174
173
172
173
175
175
173
173
175
174
175
175
175
173
173
174
174
175
175
175
174
173
174
171
172
172
171
173
173
173
173
174
175
176
174
173
170
171
170
170
171
171
171
171
171
168
169
169
169
168
168
168
168
170
172
172
174
176
174
174
173
172
170
169
172
170
169
171
169
169
169
168
168
168
168
169
169
169
168
165
165
165
166
167
166
168
169
167
167
168
167
167
167
167
167
168
168
168
168
168
168
168
168
169
169
168
168
167
166
165
166
166
165
166
165
165
165
166
166
163
163
164
165
165
165
165
164
163
163
163
164
164
165
166
168
170
172
172
170
170
169
169
170
170
169
170
167
168
168
169
170
167
166
166
166
166
168
168
167
167
166
167
167
170
168
167
167
169
170
171
170
170
169
168
168
165
165
166
166
166
166
167
167
167
167
167
166
167
166
165
165
166
165
165
165
165
165
166
166
166
167
167
165
164
164
167
169
170
169
168
170
170
170
170
169
167
165
165
171
169
170
170
170
170
170
171
170
168
167
168
169
169
168
168
169
169
168
167
167
166
166
166
165
166
165
165
167
166
165
165
165
167
166
167
167
169
170
170
169
169
171
170
169
168
168
168
168
168
167
167
166
168
169
167
167
167
167
166
166
166
167
167
167
166
166
167
165
164
163
164
164
164
164
166
165
165
167
168
166
165
166
167
167
167
167
166
166
168
169
170
169
169
169
168
167
168
168
169
171
171
170
169
169
169
169
171
170
170
171
170
169
168
168
168
168
169
169
169
170
171
170
169
169
168
168
167
167
165
165
165
165
164
164
167
168
168
167
167
167
167
167
164
167
167
167
166
167
168
168
166
165
163
164
164
163
163
166
164
165
166
169
169
170
170
170
169
168
169
167
165
163
161
161
161
161
161
163
164
163
163
163
165
166
166
167
165
165
165
164
164
164
166
166
166
166
165
165
165
165
166
165
165
165
165
164
164
165
166
167
168
169
170
168
168
169
169
169
168
171
170
170
171
172
169
169
168
168
167
166
166
164
163
164
163
164
164
164
164
165
166
165
165
165
165
165
165
166
164
165
165
165
165
165
165
164
163
165
165
165
164
164
164
166
168
169
169
170
170
171
171
172
172
172
170
172
172
170
169
168
170
169
169
170
170
168
169
168
169
168
167
165
165
164
165
166
166
166
167
167
166
165
166
166
166
165
167
166
166
168
169
169
169
168
169
171
169
169
167
166
165
167
167
169
168
167
167
166
167
167
168
168
167
168
169
167
167
167
167
167
168
168
171
169
168
168
167
167
168
167
167
167
167
166
166
167
167
167
170
169
168
169
168
168
167
167
167
167
167
168
170
171
172
170
170
169
168
169
169
169
170
170
170
170
170
172
170
170
170
169
168
169
169
169
168
170
171
171
169
167
167
166
165
164
165
165
165
165
166
166
166
168
165
165
165
164
163
161
162
162
162
162
162
162
162
161
161
161
164
162
162
162
163
163
162
163
162
164
165
165
165
166
166
166
165
164
163
162
162
162
163
163
160
161
161
161
161
163
163
162
161
160
160
161
161
161
161
162
163
164
164
163
163
163
164
164
164
164
163
163
163
166
166
165
165
164
162
161
160
160
160
162
164
163
164
164
164
165
166
166
166
167
166
166
166
165
165
165
165
166
164
163
163
161
161
161
161
161
163
163
162
161
162
162
162
164
163
163
161
160
161
163
165
163
164
164
164
165
163
163
164
162
161
162
161
160
160
159
159
160
160
161
162
161
160
159
159
159
156
157
158
158
158
157
157
158
159
160
158
157
156
155
155
155
155
155
155
155
155
156
155
155
156
157
157
161
161
160
161
161
161
161
163
160
160
160
159
159
159
159
160
160
161
160
164
161
160
162
160
159
159
161
161
161
161
162
163
161
159
157
156
156
156
156
155
154
155
156
156
156
155
156
156
155
156
156
155
154
154
155
156
156
156
156
155
156
157
156
156
158
158
158
157
157
159
157
156
156
156
155
156
156
156
155
154
154
155
155
156
157
157
157
158
160
160
158
159
157
156
155
155
156
156
157
158
158
159
159
160
159
161
163
163
162
162
161
162
162
162
159
158
160
159
158
156
156
157
158
158
159
159
159
158
158
159
162
162
162
159
160
161
160
160
161
161
159
158
159
159
160
159
156
158
157
157
158
159
159
159
160
162
161
161
161
159
158
157
155
155
157
156
157
157
157
158
157
157
158
157
156
155
156
155
156
157
157
157
156
153
153
153
154
154
153
154
153
153
153
152
152
152
153
153
152
154
154
154
153
152
152
152
151
151
151
149
149
149
151
152
153
156
159
157
156
156
158
158
158
156
156
156
156
156
157
156
156
154
155
155
155
153
152
150
150
150
151
150
149
150
151
151
150
149
148
149
152
153
151
152
152
154
154
153
153
153
153
153
152
152
153
152
153
154
154
154
154
155
158
157
157
157
157
157
158
157
157
158
156
156
155
156
156
157
158
159
158
157
156
155
154
154
156
155
154
154
155
154
154
154
154
155
153
153
153
153
154
154
154
154
153
152
153
154
154
156
156
156
155
155
153
152
152
151
151
150
151
151
151
152
153
154
153
152
153
153
152
152
152
153
152
153
153
153
152
152
153
154
154
154
153
153
152
153
154
154
156
156
156
154
155
156
154
154
153
153
153
155
156
155
153
153
152
151
150
149
149
149
149
148
147
147
147
147
147
149
149
149
150
151
151
151
151
153
153
153
152
151
151
151
151
151
149
148
148
149
150
149
148
147
147
148
151
150
149
150
151
152
154
153
153
152
151
150
150
150
151
152
151
150
151
155
152
151
152
152
151
149
150
150
149
151
150
150
150
150
149
150
150
149
150
152
152
154
154
154
153
154
152
153
154
153
153
154
153
152
151
151
151
151
150
149
148
149
149
148
145
145
145
147
147
147
145
144
143
142
142
142
142
143
144
143
145
144
144
143
144
144
143
142
141
141
141
141
141
143
143
143
144
144
144
145
144
144
143
143
143
143
143
143
144
143
145
145
144
144
143
146
146
146
145
141
143
143
144
143
144
144
144
144
145
143
144
144
143
142
142
143
141
142
142
141
141
141
142
141
141
141
143
144
144
145
145
145
145
145
145
145
145
145
145
146
145
144
144
145
145
146
144
143
143
143
143
143
144
145
143
143
142
143
143
143
143
144
144
144
144
144
142
143
144
142
140
141
144
144
145
145
146
146
145
145
144
146
146
145
144
144
147
146
146
145
145
144
145
146
145
143
145
145
145
144
142
142
142
142
143
144
142
143
143
143
143
145
145
144
144
144
145
145
144
143
143
143
143
143
143
143
143
144
145
146
145
144
143
143
145
146
146
147
146
146
147
147
147
147
147
146
148
146
146
146
144
144
143
143
143
143
145
146
145
145
145
146
146
148
148
146
146
148
149
150
147
149
150
150
151
151
151
150
151
151
150
150
149
149
150
149
151
151
151
151
151
152
152
153
151
152
151
150
150
149
149
147
147
147
146
146
146
146
147
147
148
147
147
147
149
149
149
149
150
149
149
151
151
152
150
150
150
150
149
149
148
148
148
148
147
148
148
148
146
147
147
147
148
147
148
147
147
147
147
148
146
147
148
147
148
148
148
147
147
150
150
150
147
146
147
147
146
148
147
147
149
150
152
152
153
151
151
151
152
149
147
146
144
144
144
145
145
146
147
146
143
142
142
143
143
144
144
144
144
143
142
144
144
145
145
143
142
142
142
143
142
143
143
143
142
142
141
141
142
142
144
146
146
146
146
146
147
149
150
145
146
145
144
144
145
144
142
142
142
141
141
141
141
141
141
141
141
141
141
139
139
140
142
143
146
145
146
146
144
143
143
143
142
141
141
141
139
140
142
141
140
139
139
139
137
137
137
138
138
138
138
138
138
138
139
140
140
140
141
140
139
137
138
139
139
137
138
138
139
139
139
139
138
138
137
137
138
137
136
137
136
137
138
137
139
139
140
138
138
138
138
139
140
142
143
142
142
144
144
143
142
144
144
144
141
141
142
141
140
140
140
142
142
141
140
139
139
140
142
143
142
142
141
141
141
141
142
141
141
141
141
141
141
142
142
142
143
143
143
144
144
142
146
143
143
142
141
142
139
137
136
138
139
139
141
140
141
140
138
137
137
137
137
136
137
137
137
135
135
136
136
136
135
136
136
136
134
134
134
134
132
133
134
134
136
135
135
136
135
135
134
135
135
134
134
134
134
134
134
135
136
134
135
136
134
134
136
137
138
136
136
136
137
138
135
135
134
133
133
133
135
135
134
134
135
134
135
136
135
135
134
134
134
134
135
134
135
136
135
136
136
136
137
137
137
137
137
138
135
133
135
136
135
137
136
137
136
135
134
133
136
136
136
136
137
138
138
138
138
137
135
134
134
135
135
135
135
135
134
134
134
134
136
136
136
135
135
136
136
137
137
136
136
136
136
135
135
135
136
136
136
136
136
137
137
138
137
137
137
137
137
139
141
142
142
141
140
142
141
141
143
144
141
141
140
140
138
139
140
140
138
138
136
137
137
136
134
134
133
134
135
135
134
135
136
136
137
139
139
136
134
132
133
133
132
131
132
132
133
133
134
133
132
132
131
132
132
133
134
133
132
131
132
132
130
129
129
129
129
129
130
131
131
131
132
132
133
133
133
135
136
137
137
136
136
135
135
134
133
133
135
135
132
133
133
132
132
133
134
135
133
132
133
131
132
132
134
133
133
133
133
133
132
132
132
132
132
131
131
131
130
133
132
132
134
134
137
136
134
135
135
134
133
134
132
132
131
131
133
133
132
132
132
132
131
133
132
130
129
131
131
128
128
128
128
127
127
127
127
127
126
127
127
127
127
128
128
128
130
132
132
131
130
130
130
130
129
128
127
127
128
127
125
125
125
125
126
126
129
129
128
129
128
128
127
127
127
128
128
127
126
127
127
127
128
128
128
128
127
126
123
123
123
124
123
123
125
125
124
124
124
124
124
123
125
126
126
126
126
127
127
126
127
127
128
128
127
127
127
127
126
126
126
126
127
127
128
127
129
128
130
130
129
129
126
126
126
125
124
125
126
128
127
126
126
126
127
128
129
129
129
131
131
131
130
130
128
126
126
126
128
129
129
130
129
129
129
128
128
130
127
126
126
124
122
122
122
122
122
123
124
125
126
126
124
125
125
124
122
123
124
125
127
127
127
127
128
126
126
127
126
127
125
125
128
127
127
127
127
126
125
124
123
122
122
122
121
121
120
121
121
121
123
124
124
125
125
126
126
125
125
125
125
125
125
124
126
126
127
128
128
126
126
126
128
128
128
129
128
129
130
130
128
126
125
126
127
127
126
127
129
128
130
127
127
127
126
126
126
125
124
124
125
125
125
125
124
126
126
126
125
125
125
125
125
126
125
127
128
127
128
128
128
126
125
124
126
126
124
124
125
125
124
123
122
121
122
122
123
123
124
123
123
123
123
123
123
123
123
122
122
124
125
125
125
125
126
126
126
127
127
127
128
127
127
126
125
124
124
123
123
123
123
124
125
126
126
126
124
124
124
124
123
123
123
123
122
123
123
123
125
125
124
124
124
124
124
124
125
125
125
123
122
124
123
124
124
124
124
124
124
124
124
124
125
125
126
126
126
126
128
128
129
129
129
129
129
128
129
129
127
129
129
128
128
126
126
126
126
126
125
127
129
129
129
128
127
127
127
126
127
127
128
128
128
127
126
126
126
126
127
129
127
127
127
127
128
127
127
126
125
125
128
128
129
128
126
126
126
126
126
126
126
127
128
129
128
128
128
130
129
128
128
128
128
128
129
129
130
130
131
131
131
130
127
126
126
127
128
129
128
130
129
129
130
128
127
127
127
126
126
127
127
128
128
130
130
129
128
127
129
127
128
128
129
128
129
128
127
126
126
126
126
127
127
127
127
128
127
126
126
127
128
126
127
127
125
124
124
124
124
124
126
125
125
126
127
127
125
126
126
126
125
125
123
122
122
122
123
122
122
122
122
123
123
122
122
122
124
124
125
123
123
122
122
122
122
122
122
121
121
121
121
119
116
116
118
118
118
119
119
122
122
120
120
121
121
122
121
122
121
121
120
121
121
119
119
119
119
120
120
120
119
118
120
120
120
122
122
122
121
121
121
120
119
119
119
119
119
120
121
121
120
119
120
121
120
119
120
120
120
120
120
120
120
119
120
119
119
121
122
122
120
121
121
120
121
121
121
121
122
121
122
122
120
120
120
121
121
122
122
125
123
123
124
123
124
123
122
125
124
124
124
124
125
124
124
123
125
123
122
122
124
124
125
124
124
126
125
123
122
121
119
120
120
122
124
125
125
126
125
124
124
124
123
122
123
121
121
121
121
122
122
122
123
123
123
123
122
122
122
120
122
122
123
122
122
122
123
124
124
123
123
122
122
122
122
122
121
123
123
123
122
121
121
121
122
122
123
122
122
123
122
122
122
123
122
121
122
124
123
123
123
123
125
125
125
126
126
126
126
127
126
125
125
126
125
125
125
125
125
124
125
125
124
124
123
123
124
124
124
124
124
123
123
123
125
125
125
125
125
125
126
127
128
128
127
129
130
128
129
127
126
125
125
126
127
128
129
129
131
130
131
132
131
132
131
132
133
133
133
133
134
132
130
130
130
129
129
129
128
127
126
126
125
125
125
124
124
123
123
122
122
122
122
121
122
121
120
120
120
120
120
120
120
120
120
121
121
121
120
121
120
121
121
122
120
120
119
119
120
120
120
121
121
120
120
121
121
