0.0009317241379310344 0.001
300
299
295
288
284
281
276
274
272
269
269
267
263
262
259
258
253
253
248
248
247
246
245
243
244
241
240
236
234
235
236
235
233
233
233
232
232
232
229
229
227
226
224
222
224
221
220
220
217
217
217
214
215
217
213
212
212
212
216
218
217
217
217
216
214
213
209
211
208
209
207
206
208
208
208
208
206
205
203
202
204
206
207
207
204
203
204
204
205
203
203
203
203
203
205
203
201
201
199
201
199
198
199
199
199
199
200
195
194
194
192
190
189
187
188
188
186
188
185
184
182
181
181
185
184
185
186
187
188
188
190
190
189
189
188
189
187
187
188
189
189
188
187
186
186
186
187
186
184
184
184
184
183
181
181
181
179
180
178
179
180
179
181
179
180
179
178
178
178
175
174
177
178
177
177
177
176
176
175
175
175
176
180
178
177
178
178
177
176
177
177
177
175
177
175
175
175
174
172
171
171
171
171
171
170
171
170
170
170
170
169
171
171
171
173
173
175
174
174
174
177
177
178
176
176
177
177
177
177
174
173
174
175
174
174
174
174
174
174
173
173
172
171
170
171
172
172
171
169
168
169
169
170
170
170
170
170
170
170
170
170
170
170
168
167
168
167
168
168
167
168
166
167
166
166
167
170
169
169
170
170
169
168
168
168
168
169
169
168
167
167
167
167
168
170
170
169
169
169
169
170
170
170
171
168
170
169
168
168
169
169
167
168
169
168
170
170
168
166
165
165
165
165
165
164
163
164
165
164
163
164
163
163
162
161
161
161
162
163
164
165
165
166
167
168
164
165
165
163
164
165
165
164
164
165
165
163
162
163
163
161
164
163
164
165
165
165
164
162
165
167
167
166
168
167
166
166
166
166
166
165
164
165
164
164
163
163
163
162
165
168
167
167
167
166
168
167
165
162
163
162
163
164
164
164
164
165
164
164
164
164
166
167
166
166
168
170
169
169
168
167
168
169
169
169
170
169
169
170
169
170
169
169
167
166
167
167
167
166
165
165
164
163
163
163
162
162
161
161
162
162
161
162
162
161
160
161
160
160
159
158
158
157
156
156
157
158
159
158
158
159
160
160
158
157
158
157
157
156
155
156
157
157
159
157
156
157
156
155
155
155
155
155
155
156
156
156
155
153
153
153
153
153
152
152
153
154
154
154
154
155
154
154
154
153
151
151
150
151
149
150
151
150
149
150
151
152
151
154
154
153
154
156
157
156
157
158
157
157
156
156
156
154
154
153
154
153
151
150
151
150
151
151
153
155
156
156
155
153
153
152
152
153
153
155
156
156
159
161
161
161
162
162
161
160
161
161
160
158
159
158
158
157
157
157
158
157
158
157
157
158
159
160
161
158
156
157
156
157
157
158
158
158
157
158
158
158
157
157
158
158
156
157
158
159
159
157
154
154
154
154
152
152
152
152
152
153
153
153
154
157
155
156
156
157
156
157
157
156
155
155
155
154
153
152
152
152
152
153
153
153
153
154
154
155
153
155
154
153
150
152
153
153
153
150
149
149
149
149
151
150
150
148
149
150
149
151
150
150
151
153
152
152
150
151
151
150
151
151
151
148
150
150
151
151
151
151
149
149
147
147
147
146
146
147
145
145
145
146
147
148
148
150
152
151
151
151
150
149
149
148
147
148
147
146
145
145
145
145
143
143
143
144
144
146
146
147
146
144
144
148
147
147
147
145
147
147
146
145
145
142
143
143
144
145
147
148
147
147
146
146
147
146
146
147
147
149
149
149
150
150
147
148
147
146
146
146
146
145
144
144
144
144
144
143
141
141
141
139
140
143
141
142
139
139
140
140
140
139
138
137
139
139
139
138
138
136
137
137
138
138
138
138
138
138
138
138
137
138
138
139
138
137
137
137
138
138
138
138
141
139
140
141
141
142
142
142
144
146
145
145
147
144
143
143
143
143
143
143
144
144
144
142
143
144
146
143
144
146
149
150
149
150
149
149
148
151
151
149
150
150
150
152
151
150
149
149
148
150
150
151
152
152
152
152
150
149
149
149
148
147
148
150
151
147
147
145
145
146
148
150
149
149
149
151
150
149
149
147
148
148
148
148
147
147
149
148
148
149
147
147
147
148
149
147
146
144
145
143
142
142
142
142
141
140
140
140
140
140
140
139
141
140
139
140
141
140
140
140
140
139
140
139
138
139
141
141
140
138
138
138
136
138
139
139
138
137
135
135
135
133
133
135
135
136
135
136
135
135
134
134
135
135
134
134
137
137
135
134
134
135
136
138
140
139
141
143
142
142
143
142
142
142
142
142
141
141
141
141
140
141
141
140
140
139
140
141
140
140
141
140
140
140
140
140
139
141
141
140
139
139
137
137
137
137
137
138
137
136
136
137
137
138
136
135
135
136
136
135
136
135
136
135
135
134
137
137
138
139
140
141
140
141
142
142
141
140
142
142
141
140
141
140
140
140
140
137
138
139
139
139
139
137
137
136
135
135
136
135
136
136
136
137
137
138
137
138
139
139
139
139
139
139
138
139
139
137
138
137
135
134
132
132
133
134
135
133
133
132
132
132
132
132
131
131
132
132
133
130
131
129
129
127
127
127
127
130
129
128
129
129
129
130
130
130
130
130
130
130
130
131
131
129
128
128
128
129
129
131
132
131
134
135
136
135
135
135
134
134
134
134
134
137
136
137
135
135
133
132
133
132
132
132
132
130
132
132
132
133
134
135
135
135
134
134
134
133
133
131
131
131
131
130
130
131
133
131
130
130
130
132
133
135
135
135
134
134
134
134
133
132
131
131
131
130
132
130
130
131
132
132
132
132
132
133
132
133
134
134
133
134
133
132
132
132
132
133
132
132
133
133
133
131
130
128
127
128
128
127
127
128
129
129
128
127
127
128
128
128
128
129
129
130
131
132
133
133
133
132
133
134
135
134
134
134
134
133
133
133
134
135
135
135
138
141
141
137
136
136
136
136
136
135
135
135
134
132
131
130
131
131
131
131
131
131
131
132
132
131
131
131
131
131
133
133
132
131
131
133
134
135
134
133
133
136
134
135
135
135
134
134
134
134
135
132
132
133
133
132
132
132
133
132
134
133
134
133
135
135
137
138
137
139
137
137
137
138
139
140
141
138
139
139
139
139
139
141
141
140
141
140
140
140
140
140
139
138
138
139
139
139
139
140
141
141
140
138
138
138
138
137
138
138
139
139
139
139
138
137
136
136
137
136
138
139
139
140
141
142
142
141
140
140
141
140
140
139
138
139
139
138
137
137
137
137
137
137
137
137
137
137
137
135
135
135
135
135
136
134
134
134
134
133
135
134
133
134
135
135
135
134
133
131
133
133
134
133
133
133
133
133
132
133
134
133
134
135
134
134
135
134
133
132
134
131
131
132
132
132
133
134
135
137
136
135
134
134
132
130
130
132
134
134
133
132
133
133
133
133
135
135
135
135
135
135
135
136
137
138
137
137
137
135
135
133
135
136
136
136
137
136
135
134
134
135
134
134
133
136
136
136
138
137
135
136
135
135
136
136
136
138
138
136
136
136
137
138
137
136
135
135
135
135
138
139
138
136
137
134
134
135
133
135
135
136
138
139
140
143
140
137
136
136
136
135
134
134
134
136
137
136
135
136
134
132
132
132
132
132
132
131
130
130
130
131
132
131
133
133
135
134
134
133
133
134
135
134
136
137
136
135
134
135
134
134
134
132
132
131
131
131
130
130
130
131
130
129
129
130
130
129
129
130
132
132
133
132
130
130
130
131
129
128
129
129
129
133
135
133
133
131
130
129
130
132
133
133
133
132
131
130
132
134
134
134
134
134
136
136
136
137
135
135
135
135
137
136
137
138
138
139
139
140
138
138
137
135
134
134
135
135
136
138
138
139
139
139
139
140
140
140
140
141
139
139
139
141
141
140
139
138
138
137
138
137
135
138
139
139
139
138
138
139
140
137
137
137
136
137
137
137
136
136
136
136
135
134
132
130
131
131
131
131
130
131
132
134
135
135
138
138
136
137
137
136
132
132
132
132
132
131
133
131
132
132
133
133
135
135
136
136
138
139
140
140
141
140
141
141
139
140
140
139
139
140
140
138
138
137
135
135
134
134
134
132
131
131
130
129
128
128
128
130
130
130
131
131
132
131
133
133
134
131
132
133
132
132
133
131
132
134
133
134
133
133
133
133
133
132
132
133
132
132
132
132
131
131
133
133
134
135
134
136
137
137
136
135
137
139
137
137
135
135
134
133
134
134
134
133
133
132
133
134
134
134
134
134
133
133
135
135
135
135
135
134
135
136
135
135
134
133
133
132
132
133
134
134
133
133
132
131
130
131
131
133
133
132
132
132
132
133
133
134
136
135
134
136
136
136
135
135
135
136
135
133
133
133
131
133
133
132
132
132
130
130
131
131
130
129
129
130
130
130
130
130
130
131
131
132
133
130
133
132
132
130
131
132
129
130
130
131
131
131
129
129
128
127
126
127
131
133
135
136
136
136
136
134
133
132
133
134
134
134
134
133
133
132
132
132
131
131
130
132
132
132
134
136
135
136
136
136
136
134
134
133
132
131
131
131
132
132
133
132
132
132
132
131
132
130
129
128
128
128
127
127
127
128
129
129
128
128
128
127
127
126
127
126
126
126
126
126
126
126
126
126
126
126
125
125
125
126
126
126
127
127
126
127
127
128
128
129
127
127
127
127
127
126
126
125
125
125
126
126
127
126
125
126
124
124
126
126
127
127
127
126
128
127
126
125
126
125
125
125
123
122
120
121
121
121
121
121
120
120
120
121
122
123
123
123
123
124
124
125
125
125
123
125
125
122
121
124
123
120
120
120
121
121
122
121
123
123
124
124
124
125
127
126
127
127
128
129
128
129
129
129
131
131
131
131
130
130
131
131
130
129
131
131
131
132
131
131
131
129
129
129
128
129
129
128
129
129
129
129
130
129
127
126
125
125
125
125
125
125
125
123
123
123
123
122
122
122
123
123
123
124
125
125
126
125
123
125
124
124
124
125
125
126
125
126
127
127
126
126
126
127
127
127
126
125
125
127
128
128
127
127
126
126
126
125
125
126
126
126
127
127
126
125
124
123
123
124
124
124
124
125
125
126
128
128
129
129
130
129
128
128
130
129
129
127
126
126
125
125
127
127
126
128
128
128
129
129
129
128
126
125
126
126
126
127
126
126
125
125
127
127
126
126
126
130
132
132
132
134
133
133
133
132
132
132
131
132
133
131
132
131
131
133
135
135
134
133
134
135
134
134
133
132
132
132
131
130
130
131
132
133
133
133
133
133
134
133
133
130
129
128
128
127
128
127
127
126
126
125
124
125
124
124
127
127
128
128
129
127
126
129
131
131
130
129
129
127
126
127
126
124
127
127
126
125
125
125
125
124
123
124
122
121
121
120
120
121
121
120
119
119
118
119
119
120
119
119
119
119
119
118
119
120
120
121
122
123
121
121
122
121
121
121
122
122
122
122
123
122
123
125
127
126
125
126
125
127
127
128
128
126
127
127
127
126
125
125
124
124
123
122
122
123
122
121
120
120
121
121
121
120
119
118
119
118
119
119
122
121
123
123
121
121
120
122
121
121
122
122
121
121
121
122
123
123
123
124
126
126
126
127
127
125
124
124
124
125
124
124
124
124
124
123
123
124
125
124
125
125
125
125
127
127
125
124
124
126
126
126
127
126
126
125
125
124
125
125
126
125
124
124
122
122
122
122
120
121
121
119
119
120
119
120
120
121
121
121
124
123
120
121
121
122
123
123
123
122
122
122
122
122
122
122
122
122
123
124
124
124
121
122
122
122
123
120
120
120
121
122
123
123
123
124
123
124
124
124
123
123
125
125
124
125
125
124
123
123
121
122
122
122
122
122
122
120
120
121
120
120
122
121
122
123
124
124
125
124
123
123
126
126
125
124
125
126
126
126
125
124
125
125
125
124
124
121
121
120
120
121
121
122
121
118
118
119
116
116
117
118
120
119
120
120
119
119
119
119
120
120
120
119
119
118
119
119
121
121
121
120
121
120
119
118
118
119
119
119
119
119
119
119
120
120
120
120
120
120
121
120
121
121
121
122
122
121
121
121
120
121
123
124
124
122
122
122
122
121
120
121
121
121
123
123
120
119
119
119
119
119
119
119
119
118
118
118
117
117
115
115
116
115
115
115
116
116
116
116
117
117
115
113
114
112
112
113
112
113
112
114
115
115
116
116
116
116
116
118
120
121
122
123
123
124
122
120
121
121
120
119
118
118
118
119
118
116
115
115
116
116
115
116
115
114
114
115
115
117
116
116
117
119
119
120
121
122
123
121
121
119
121
121
121
121
122
123
124
123
122
122
121
120
120
120
119
120
122
122
123
121
122
121
122
121
120
119
118
118
117
118
119
118
117
119
120
121
120
121
121
121
121
119
119
121
122
121
121
120
120
120
119
120
121
122
121
123
123
122
122
121
121
122
123
123
123
122
122
121
121
121
121
122
122
124
125
126
126
126
125
127
127
126
126
126
126
126
126
127
126
127
126
126
126
127
126
126
125
124
125
125
124
125
124
123
121
122
122
122
124
124
124
123
123
124
123
123
122
122
120
121
121
122
120
121
122
122
122
122
121
121
122
121
122
122
121
121
122
121
121
120
119
119
119
119
119
119
119
118
117
118
118
118
118
119
119
120
120
119
120
120
120
119
119
119
119
119
119
119
119
119
119
120
120
121
122
122
121
121
122
123
123
125
126
126
124
124
125
125
126
127
125
123
122
122
122
122
121
119
119
120
121
122
121
121
121
121
122
122
122
123
123
124
124
124
124
123
122
122
121
120
122
124
125
126
125
124
124
123
124
123
123
123
123
122
122
122
123
124
124
124
122
122
122
122
122
122
122
121
122
122
120
120
119
120
118
118
118
119
119
119
120
118
118
116
116
118
120
120
121
121
122
123
124
125
127
125
124
124
125
126
127
127
126
126
126
126
124
126
125
124
123
123
123
123
122
122
123
123
123
123
121
122
122
122
122
120
122
122
123
123
120
123
121
120
120
120
120
121
120
119
118
119
119
120
121
121
121
120
119
119
119
119
119
120
120
119
120
119
118
117
117
117
116
115
115
116
115
115
115
115
114
114
114
114
114
114
114
115
114
114
114
113
113
113
113
114
114
112
112
112
113
113
112
112
112
112
112
112
112
113
113
113
113
113
114
113
114
114
114
114
113
112
112
112
112
114
116
116
117
115
115
116
117
117
114
114
116
116
115
116
114
115
115
115
115
113
114
113
114
114
114
114
115
115
116
115
116
115
115
114
113
112
113
113
113
113
113
112
113
113
114
114
114
114
114
113
112
112
111
110
110
110
110
110
112
112
112
111
112
112
113
113
113
113
113
112
112
111
110
110
109
110
111
111
111
111
111
112
112
110
111
110
112
114
111
111
110
109
109
109
109
109
108
108
107
107
106
106
106
106
107
107
106
107
107
107
107
106
105
105
105
105
106
104
103
104
104
103
105
105
105
106
108
108
108
107
108
108
109
109
109
107
108
108
109
108
107
108
108
108
107
109
109
109
112
112
111
111
111
109
108
107
107
107
108
107
107
106
105
105
105
105
105
105
108
107
106
106
106
106
105
106
106
107
107
107
107
109
110
109
109
108
108
108
109
109
108
108
107
108
107
108
108
111
111
111
111
112
112
111
110
108
109
108
108
108
107
107
106
106
107
108
108
108
106
103
103
103
103
103
103
103
104
104
104
105
105
106
107
109
110
109
110
111
111
111
113
113
113
114
115
115
115
116
115
115
115
110
108
108
108
109
110
108
108
108
110
111
110
109
109
109
108
107
105
104
102
102
103
103
103
104
103
102
102
102
103
104
105
105
105
105
105
106
106
107
107
109
108
108
106
105
105
105
104
104
104
104
102
103
103
103
104
105
105
105
105
104
104
104
104
105
105
105
106
106
106
105
105
107
107
107
107
107
107
108
107
108
107
108
107
107
107
106
106
106
106
106
106
106
106
106
107
107
107
107
106
105
105
105
105
105
106
106
106
106
106
106
105
105
105
106
107
106
105
106
107
107
107
106
105
105
105
105
105
105
105
106
104
104
103
103
103
104
104
105
104
104
104
105
105
105
105
105
105
105
103
103
103
103
104
105
105
105
104
104
104
105
105
105
106
106
106
105
106
106
108
109
108
107
107
107
107
107
107
106
106
106
107
107
107
107
107
107
108
110
109
109
109
109
108
106
105
105
105
105
105
105
105
107
107
107
107
108
108
108
108
108
108
110
110
110
111
112
113
112
112
112
110
108
107
109
108
107
106
106
106
105
106
107
109
109
109
108
107
107
107
106
105
105
106
106
106
106
105
105
104
104
104
104
104
102
102
102
102
102
102
102
102
102
103
102
102
103
103
102
102
104
105
105
106
106
106
105
104
104
103
103
103
104
104
104
104
104
104
105
104
104
103
103
102
103
103
103
103
103
103
102
102
102
102
103
103
103
102
101
100
101
101
101
101
101
101
100
100
100
101
101
100
100
99
99
98
99
99
99
98
98
99
99
99
100
101
101
100
100
100
102
102
101
100
101
101
101
101
101
100
101
99
99
99
99
99
99
99
99
99
100
99
99
99
97
97
99
99
100
100
101
101
102
102
101
101
101
102
101
103
102
101
101
101
101
101
101
101
100
100
102
102
102
103
103
104
105
105
105
105
104
104
103
101
101
102
101
101
102
102
101
101
100
101
102
101
100
100
100
99
99
100
100
100
101
101
101
100
100
101
101
103
101
100
100
100
100
100
100
101
100
100
102
101
101
101
100
101
101
101
100
100
100
100
100
100
100
100
100
100
101
102
102
101
101
101
101
101
100
99
99
100
100
99
99
100
100
101
101
102
102
102
102
102
102
102
101
101
101
101
101
101
100
101
101
102
102
102
101
100
101
102
103
102
100
100
100
102
102
100
101
101
100
100
100
101
100
100
100
100
99
99
99
100
99
100
100
100
102
102
102
102
102
100
101
101
100
100
100
101
101
100
100
102
101
102
101
100
100
100
99
99
99
99
99
99
99
100
99
99
99
101
101
101
102
102
102
102
101
101
101
101
101
101
100
100
100
99
98
98
97
96
96
97
97
96
97
96
95
96
96
95
96
96
96
96
97
97
96
96
97
98
99
99
99
99
99
99
99
99
99
97
97
97
97
97
97
97
99
99
101
101
101
101
101
103
105
106
105
104
103
101
101
100
99
99
99
98
100
101
102
102
101
101
101
103
103
103
104
103
103
102
104
103
103
103
103
102
102
104
103
103
106
106
107
107
106
108
108
108
108
108
108
107
107
106
106
105
105
106
106
106
106
106
107
106
105
106
106
106
106
105
105
106
106
105
103
103
103
103
103
103
104
104
104
104
105
104
103
103
103
103
103
103
103
103
103
102
102
102
101
102
102
102
101
101
102
101
101
99
97
97
97
96
96
96
96
97
97
97
97
97
97
96
95
95
94
94
95
95
93
93
92
93
93
93
93
93
93
94
95
95
95
95
96
96
97
97
97
97
97
98
98
99
99
99
102
100
99
99
98
98
98
98
98
97
97
97
96
96
96
96
97
97
97
97
97
97
97
97
98
97
97
97
97
97
97
97
97
95
96
96
96
96
95
95
95
95
95
95
96
96
96
95
96
95
95
95
95
96
98
99
100
100
101
101
101
101
101
100
100
101
102
102
99
99
98
98
98
98
98
100
100
100
101
100
100
100
101
100
100
100
100
101
100
101
100
99
100
100
101
101
101
102
102
102
101
101
100
101
101
102
101
101
101
100
100
102
101
101
102
103
103
103
103
106
106
106
103
103
103
103
102
102
102
101
102
102
103
102
101
101
101
100
100
100
100
99
98
97
98
98
97
98
98
99
99
99
99
100
102
101
100
101
101
101
101
100
101
101
100
98
100
100
100
101
101
102
104
103
103
103
103
103
100
101
100
101
101
100
99
100
100
98
98
98
97
97
97
97
97
96
96
96
97
97
98
98
99
100
99
98
97
99
99
98
99
99
98
97
98
97
98
98
99
99
99
102
102
102
101
101
99
98
98
98
97
97
97
97
97
97
98
98
98
98
96
95
95
94
95
93
92
93
94
95
95
95
97
97
97
96
95
96
96
96
95
97
97
96
95
95
94
94
92
92
92
93
93
92
91
91
91
92
92
92
91
91
91
91
92
93
94
94
95
94
95
95
97
97
96
93
93
92
93
91
90
90
91
92
92
93
95
94
94
95
95
94
94
94
93
94
94
94
94
94
92
91
91
91
91
92
93
94
95
96
96
96
98
98
98
97
97
98
98
100
98
98
98
96
96
98
99
99
98
99
98
98
99
99
98
99
99
98
98
99
99
100
100
101
99
99
99
100
101
101
103
101
101
101
100
100
99
101
102
103
105
105
106
106
105
105
106
106
106
105
104
102
102
102
101
101
102
101
100
101
101
101
100
101
99
100
101
102
103
103
104
104
103
102
102
103
103
104
103
103
102
102
102
101
103
104
104
104
104
103
103
102
103
104
104
104
104
105
105
103
104
102
101
102
102
102
102
103
103
103
103
103
103
106
103
103
103
103
103
103
104
104
104
103
102
102
102
102
103
104
105
104
104
104
104
105
105
105
105
106
106
105
105
106
106
105
106
107
105
105
105
105
106
106
105
106
108
107
107
107
106
106
105
104
101
101
102
101
99
100
102
101
101
101
100
99
99
98
98
99
100
102
100
100
101
102
102
102
102
101
98
98
99
99
100
100
98
99
99
99
100
100
100
98
98
97
97
96
97
95
96
96
96
96
95
95
94
94
94
96
96
96
97
98
98
98
98
98
100
99
99
99
99
99
100
100
101
100
100
100
99
99
100
100
101
101
100
100
101
100
100
102
101
101
101
101
100
99
99
100
99
99
98
99
99
99
96
97
98
100
101
101
102
101
101
101
100
100
100
103
102
102
102
100
101
100
100
101
101
100
100
99
100
100
99
99
99
99
100
99
100
99
99
97
97
97
97
97
97
97
97
96
96
97
97
98
97
96
96
97
97
96
97
97
97
98
98
98
99
100
100
102
102
102
101
100
99
99
101
101
99
99
100
103
103
103
102
102
99
99
99
99
98
99
99
99
99
99
99
100
100
100
102
102
100
98
99
100
100
100
100
100
98
98
98
99
100
99
99
100
100
98
97
97
96
95
94
94
94
94
94
94
93
93
93
94
93
93
93
93
93
93
93
92
90
90
91
90
91
91
91
91
91
92
94
93
92
92
92
92
92
93
92
92
92
92
92
92
93
94
92
93
93
93
93
93
93
93
93
93
93
92
92
92
93
95
95
95
95
94
94
93
95
96
