0.00024896551724137937 0.0006244827586206897
300
295
287
283
278
272
271
270
269
269
267
263
264
263
266
266
265
263
261
260
259
259
260
260
261
261
259
256
255
255
252
252
251
251
247
247
245
244
243
244
243
244
243
245
245
246
247
248
247
246
245
248
248
247
246
243
243
243
243
243
243
241
241
241
242
242
242
242
243
243
245
245
245
244
242
241
242
241
242
242
241
243
243
242
242
243
243
242
243
243
245
242
241
243
244
245
245
243
242
242
244
243
242
242
244
244
243
242
243
239
239
242
242
241
243
243
244
243
245
244
246
244
241
242
240
240
238
237
238
238
239
238
237
237
237
237
236
236
236
236
237
237
238
238
240
239
239
239
239
239
238
240
240
240
240
239
236
236
236
237
238
237
237
237
236
236
238
237
239
239
238
238
237
236
237
236
236
236
236
236
236
236
237
238
238
238
239
240
240
240
240
240
240
241
238
237
236
236
237
238
239
240
239
238
239
240
240
239
239
240
241
240
239
240
240
240
242
241
239
239
240
241
243
242
244
241
242
243
245
241
241
241
241
241
239
237
237
236
237
237
238
238
238
238
239
238
240
242
242
242
241
240
242
242
241
242
242
243
240
236
236
236
236
236
236
240
239
238
237
238
239
243
244
243
246
244
244
244
243
240
239
238
237
238
238
236
234
233
233
234
234
235
238
237
237
237
235
234
233
232
233
232
231
231
232
233
234
234
234
234
235
236
237
238
237
237
238
238
237
236
236
235
234
234
234
236
234
235
235
236
238
236
235
235
235
233
235
234
233
231
231
231
231
230
230
231
232
232
232
232
231
231
231
231
231
231
230
228
228
229
229
229
230
231
231
231
231
231
232
232
231
234
232
233
233
232
233
231
232
233
233
236
237
239
237
237
238
235
233
233
233
233
232
232
231
232
233
231
230
229
232
230
230
231
228
228
226
226
227
226
226
226
228
230
232
230
230
231
232
232
232
233
233
233
233
232
231
231
230
230
231
231
231
230
233
232
235
237
236
236
233
234
234
234
236
234
232
233
229
228
228
232
231
228
227
227
228
228
229
229
231
233
234
235
234
232
232
231
229
231
232
231
230
227
227
227
227
229
229
228
231
229
228
229
227
228
227
227
229
229
228
228
229
231
230
230
231
228
230
231
231
228
229
229
227
227
229
227
227
230
230
228
229
230
230
231
230
226
226
228
228
229
230
228
229
229
229
228
229
230
229
229
229
233
232
230
229
229
230
229
231
229
227
227
227
227
226
227
227
228
229
229
229
229
228
226
226
226
226
227
229
230
228
228
228
229
228
229
229
229
228
227
227
228
228
227
227
227
230
231
232
230
227
227
226
226
227
229
230
232
231
229
232
232
230
228
230
229
227
225
224
225
226
225
225
225
224
224
224
222
222
222
223
224
225
224
223
223
223
224
224
223
223
222
220
221
221
223
224
225
225
225
223
223
222
222
222
223
225
225
225
226
227
227
227
228
226
228
229
229
227
227
229
229
227
227
226
227
227
226
226
225
225
224
227
226
225
225
226
226
225
225
224
224
225
225
225
226
227
226
227
227
228
228
228
228
228
229
229
228
229
229
229
227
225
225
224
223
222
222
221
221
221
221
221
221
222
223
224
227
227
227
229
228
227
227
226
225
226
226
229
228
227
226
226
227
226
226
226
226
227
226
226
228
227
228
227
226
227
227
225
225
224
223
222
221
223
222
222
220
222
222
221
220
221
223
223
224
225
228
226
226
225
226
225
225
223
223
223
223
223
222
224
223
224
222
222
223
224
223
223
224
222
223
223
225
224
225
225
225
224
224
224
225
225
226
225
226
226
227
225
224
224
223
223
224
221
221
223
223
222
222
221
221
220
221
220
218
219
218
218
219
218
218
217
217
216
215
216
219
218
219
220
221
221
220
220
221
220
222
221
223
222
224
223
223
225
225
222
220
219
216
218
218
219
219
220
220
220
219
220
218
218
216
217
219
219
219
219
220
220
219
220
221
221
222
221
221
218
217
217
217
218
217
217
216
217
216
217
217
216
217
216
216
218
221
221
220
221
221
220
218
218
218
217
219
218
217
218
216
217
217
217
217
218
218
222
223
222
220
220
220
218
218
216
215
216
216
217
217
217
219
221
220
220
217
215
216
215
215
216
216
216
216
217
218
215
214
214
215
215
215
214
214
213
213
212
212
214
214
215
216
216
218
216
216
216
213
213
213
213
213
213
213
212
212
212
212
212
214
214
214
214
213
214
214
215
215
217
217
218
218
218
218
218
218
218
220
221
220
216
216
216
217
215
215
217
215
214
214
213
213
213
214
214
215
215
215
215
214
216
215
216
216
215
215
216
215
215
216
217
215
213
212
211
211
211
211
212
213
213
214
214
214
214
215
215
215
216
218
217
217
217
217
218
218
219
217
217
217
215
215
215
214
213
214
214
212
213
212
211
213
213
213
213
211
210
211
211
211
212
211
211
213
211
211
210
211
211
211
210
208
208
209
211
210
211
211
211
212
213
214
213
213
213
214
212
212
213
214
216
216
215
215
213
211
212
211
211
210
209
207
207
207
207
207
208
209
209
209
207
208
208
210
210
211
212
214
214
215
215
212
211
211
212
211
211
211
210
210
210
209
209
210
210
210
210
209
209
211
211
210
211
211
211
212
212
214
211
212
210
209
208
208
209
209
207
207
208
208
209
209
209
209
209
206
207
205
205
205
204
205
205
205
206
206
206
206
205
207
206
206
207
205
206
208
207
206
206
207
207
208
208
208
208
208
207
206
206
206
207
206
206
206
205
205
206
206
206
205
204
204
204
204
203
204
207
207
207
207
206
205
205
206
207
208
208
209
209
210
212
212
211
210
210
209
210
209
209
208
209
208
209
209
210
210
210
210
210
209
209
209
207
208
207
203
204
203
204
203
203
204
206
205
206
207
205
204
202
201
201
203
202
202
203
203
204
205
206
205
204
205
206
206
207
207
206
207
205
204
203
204
206
205
206
204
204
204
204
205
205
204
203
204
208
207
208
207
206
204
204
203
203
202
202
202
202
203
203
206
207
207
206
205
205
206
206
207
206
204
204
204
205
202
203
204
203
202
203
202
202
202
202
202
202
202
204
202
201
201
201
202
202
202
202
202
203
205
205
202
203
201
201
200
200
202
202
202
201
200
202
201
202
201
201
200
201
201
201
201
201
202
203
203
203
203
204
204
203
204
204
204
206
206
206
207
207
208
208
206
206
204
203
204
203
205
204
204
205
206
205
205
205
205
205
204
204
204
204
202
203
204
203
204
202
203
203
204
200
201
204
201
203
201
200
200
200
201
201
202
201
203
204
203
204
204
202
204
204
202
200
202
200
199
198
198
198
198
198
198
198
198
199
198
197
197
198
200
199
201
200
199
197
197
196
196
196
196
197
197
198
198
198
197
198
200
200
201
202
203
204
206
206
207
206
207
205
205
205
204
203
202
204
203
202
202
202
201
201
202
200
199
198
198
197
198
199
201
201
201
201
202
203
202
202
203
201
203
200
198
199
194
193
193
195
194
196
195
196
196
196
198
199
198
200
199
198
197
195
194
192
192
192
192
192
192
193
193
196
196
197
197
198
199
199
197
198
199
198
196
195
195
195
194
193
192
191
194
195
196
196
197
197
196
196
196
195
195
194
194
193
192
191
192
192
193
193
195
194
193
195
194
192
193
193
193
193
192
195
197
195
196
197
198
196
196
197
196
197
199
199
197
197
195
195
193
194
195
196
194
193
194
193
193
193
193
192
192
192
192
192
192
190
190
190
190
192
193
195
197
197
198
196
195
193
193
193
193
193
193
193
194
196
197
197
196
195
194
193
195
195
195
194
192
192
192
191
190
190
190
190
191
191
191
191
194
194
194
195
195
194
193
194
194
193
193
192
193
193
191
191
193
193
193
193
193
192
191
192
193
192
191
193
191
191
191
192
192
191
190
190
190
191
192
191
191
190
192
193
190
190
190
190
190
189
190
190
189
189
189
191
191
193
194
191
192
192
193
193
197
194
193
193
194
193
193
195
194
195
195
197
195
194
194
193
193
192
193
195
197
197
197
196
198
196
194
193
194
192
191
191
190
190
191
193
194
194
193
194
193
194
193
192
192
191
191
191
190
189
189
190
191
191
195
194
193
192
191
192
193
193
192
193
193
193
192
192
192
193
195
193
193
193
190
190
190
190
192
192
192
192
191
191
190
190
191
190
191
191
189
188
188
189
191
190
189
189
189
190
189
190
190
189
190
190
190
192
191
192
193
193
195
195
192
191
190
192
192
193
194
194
194
196
196
195
195
195
196
194
196
195
195
194
191
191
192
191
192
191
191
191
193
194
193
195
194
194
194
192
192
192
190
191
191
193
192
191
191
191
191
190
190
191
191
190
191
191
191
190
190
190
194
192
194
195
192
192
190
190
191
191
191
193
194
193
193
191
190
192
191
191
193
194
195
194
194
189
189
189
190
189
188
189
191
192
193
193
193
193
193
191
191
190
188
189
188
188
188
187
188
190
192
193
192
191
191
192
191
189
188
189
189
188
188
187
188
187
187
187
187
189
188
188
187
187
187
186
185
185
185
186
187
186
186
186
186
186
186
187
187
190
190
192
191
189
188
189
189
188
188
189
189
189
189
190
188
189
190
191
188
187
187
188
189
186
186
186
185
186
187
185
185
184
184
183
184
184
185
186
187
187
187
187
188
188
187
186
186
186
185
184
185
185
186
186
186
186
186
188
186
185
186
186
186
186
186
187
187
188
187
187
186
187
187
186
185
185
185
184
183
182
182
181
181
182
182
182
182
182
181
183
183
185
185
186
186
187
188
188
187
188
188
188
188
187
186
186
185
185
185
184
185
185
185
187
186
186
186
184
184
184
183
184
184
184
184
184
184
184
184
184
182
182
182
183
183
184
183
182
183
183
184
184
184
184
183
183
184
186
187
188
189
189
189
189
188
186
185
185
186
187
187
187
186
187
186
186
186
186
188
190
188
187
188
188
188
188
186
186
186
186
185
185
185
185
186
186
187
187
187
188
188
189
191
190
193
193
190
190
189
188
188
188
189
189
190
189
189
189
190
189
188
189
190
190
190
190
189
189
190
190
190
188
189
189
189
189
188
188
187
187
187
189
187
186
185
186
187
186
187
184
183
183
183
185
184
184
184
184
184
184
184
185
185
185
185
186
186
185
185
185
185
185
186
185
187
187
186
185
185
184
186
186
186
188
188
187
187
187
187
185
184
184
184
183
185
183
183
184
184
183
183
183
182
181
181
181
181
180
180
180
181
181
183
182
181
183
183
184
183
184
184
185
185
186
185
184
182
182
181
180
180
180
180
181
180
181
181
183
183
183
181
181
182
183
183
183
184
185
183
184
185
186
185
185
184
184
184
184
184
182
184
184
185
185
185
182
182
182
182
182
182
182
183
183
185
184
184
185
186
186
187
185
187
189
190
189
187
186
187
187
184
183
182
180
179
179
180
180
179
179
179
179
180
180
181
182
181
181
182
185
186
185
186
188
189
188
189
187
186
185
185
181
181
181
181
182
182
182
181
180
180
180
179
180
177
178
179
180
181
183
183
181
181
182
181
180
180
181
181
181
181
181
182
182
181
179
179
179
179
180
180
182
179
179
180
181
180
179
178
178
178
179
179
179
180
180
180
179
182
185
185
184
184
184
183
182
183
183
184
185
185
184
183
182
181
182
183
183
182
181
181
180
180
179
178
180
180
181
182
183
183
183
184
183
183
184
181
180
181
181
181
181
181
180
180
181
180
180
179
179
179
178
178
177
178
179
180
181
182
182
182
185
183
183
182
182
181
181
183
183
181
182
181
181
181
181
179
182
182
182
181
181
183
183
183
183
183
181
181
181
181
180
180
182
182
184
184
183
183
180
179
178
177
177
177
177
177
178
177
178
180
178
180
181
180
180
179
179
178
178
178
179
180
179
178
178
177
178
178
178
178
177
179
178
180
181
181
181
180
180
180
182
183
185
184
184
183
184
183
183
186
186
187
186
187
186
184
183
183
182
181
181
180
181
180
180
180
180
181
180
180
178
177
177
178
179
177
177
178
178
178
178
178
178
178
178
177
177
178
178
177
179
179
180
179
177
177
178
178
178
177
178
178
177
177
177
178
178
180
180
179
177
175
174
173
174
177
175
177
177
178
177
178
177
178
178
178
176
177
176
174
176
177
177
177
179
178
177
176
174
176
177
177
174
175
173
174
174
174
174
174
174
173
172
172
172
172
172
173
173
173
174
173
173
173
172
174
174
174
174
176
176
176
175
175
175
175
174
177
175
174
174
174
174
174
175
178
178
178
179
179
179
182
182
182
182
183
183
181
178
179
181
181
178
177
178
178
178
177
178
178
178
177
177
178
176
175
174
174
173
174
174
176
177
178
177
177
178
178
177
177
174
175
175
174
173
173
174
176
176
176
176
176
177
177
175
175
174
175
176
176
176
175
173
171
171
171
173
174
174
174
175
175
174
175
174
174
173
173
174
174
175
175
176
175
175
173
176
176
176
174
174
173
174
174
174
173
171
170
170
170
170
170
171
174
173
173
171
171
171
171
171
171
171
172
172
173
172
172
170
169
170
170
170
170
171
170
170
170
170
170
170
170
171
172
171
171
171
169
170
169
169
172
171
172
172
172
171
171
173
173
171
172
172
172
173
172
172
172
171
173
174
174
175
176
177
177
176
174
171
173
170
170
172
172
172
172
170
169
170
170
170
172
174
174
174
175
175
175
175
175
174
175
174
174
175
173
173
174
171
171
174
173
172
172
174
173
175
176
176
177
177
177
177
177
177
175
175
175
176
176
177
179
178
177
178
178
177
177
173
172
172
171
171
171
171
170
170
172
173
174
174
173
175
175
175
173
169
169
169
171
171
171
171
172
171
170
170
170
170
170
170
170
170
171
172
172
172
174
174
176
173
172
172
171
171
171
170
170
169
170
170
171
170
170
171
171
171
169
170
170
170
170
170
170
169
170
170
171
172
173
173
174
174
175
175
173
171
172
171
171
172
171
170
170
171
171
170
171
170
169
170
170
171
171
170
170
170
170
170
171
171
172
173
173
174
171
171
172
172
173
172
173
173
174
171
172
172
170
171
172
173
173
172
171
170
170
170
168
166
167
168
169
169
168
167
167
167
166
167
168
170
169
169
169
169
169
168
169
168
167
167
167
167
168
168
169
170
172
172
170
170
170
170
168
169
169
168
168
168
167
167
168
168
166
168
169
169
169
167
166
168
169
169
170
170
173
173
173
173
174
175
175
176
175
175
174
171
171
173
174
175
174
174
172
172
171
171
173
174
173
172
171
172
172
171
171
170
167
167
165
166
167
167
169
170
171
171
171
171
170
168
169
169
169
170
170
172
172
173
172
172
172
172
172
172
170
168
168
167
168
169
167
166
166
166
167
167
166
167
165
165
165
165
165
168
168
170
169
172
171
171
172
173
173
173
172
171
171
172
175
174
176
174
175
173
173
174
172
170
168
168
167
166
167
168
169
170
169
169
170
172
172
171
170
167
167
169
172
170
171
171
170
170
170
168
167
166
167
167
166
166
168
169
167
167
167
166
166
166
166
165
165
166
167
167
167
166
168
169
168
166
165
165
165
166
166
168
165
164
164
164
163
162
162
163
163
163
164
165
165
164
165
167
168
168
166
164
166
167
168
169
168
169
168
168
167
166
167
168
167
166
166
166
164
165
164
164
164
164
165
165
166
166
164
163
164
164
164
166
165
165
166
166
166
166
165
165
165
163
163
165
165
165
164
164
163
166
167
167
168
168
166
167
167
167
166
166
166
166
165
165
165
166
165
166
165
164
164
164
165
167
168
167
166
167
167
167
167
167
167
167
166
167
167
167
169
170
168
167
166
165
166
167
165
166
165
164
165
165
164
166
165
166
163
164
164
165
163
163
163
163
162
163
164
165
166
166
165
165
165
167
169
169
168
170
168
169
168
170
169
169
169
170
169
169
165
167
166
164
165
162
161
161
161
161
162
163
163
164
164
165
165
165
165
165
164
164
164
164
163
164
164
163
163
161
162
162
162
161
161
161
160
160
160
160
163
163
164
164
164
167
167
166
168
168
167
168
168
166
164
164
162
162
162
162
162
163
163
163
162
162
165
165
165
164
164
165
166
166
168
168
167
167
167
166
166
168
165
163
163
164
163
163
163
162
162
164
162
161
161
161
162
162
162
162
162
162
161
160
160
159
159
159
159
159
160
160
160
160
161
164
164
163
163
164
162
162
164
164
165
163
163
165
164
165
163
163
162
162
163
164
163
163
163
162
162
162
163
163
163
162
160
160
159
159
159
158
158
158
158
159
159
161
160
161
162
163
164
163
164
165
165
163
163
164
165
163
161
161
161
161
161
161
164
165
164
163
163
163
163
162
162
164
164
163
163
163
163
162
162
162
162
160
161
161
160
160
160
160
159
159
160
159
159
159
159
160
160
159
162
163
161
161
163
165
163
164
164
164
163
164
164
164
163
164
165
163
162
163
163
162
163
163
163
163
162
159
158
158
158
158
158
158
159
160
161
160
159
159
159
159
159
158
160
160
160
160
159
160
160
159
159
160
160
160
159
159
160
160
159
158
157
157
157
158
158
160
160
160
160
160
159
159
160
160
160
160
160
161
161
160
162
162
162
161
161
159
159
158
158
158
158
157
157
158
158
159
159
159
159
158
158
159
159
158
159
158
159
159
160
162
162
162
162
160
161
161
161
161
159
158
159
158
157
156
156
157
158
157
157
156
156
158
158
159
159
159
160
160
159
159
160
160
160
159
157
159
159
159
159
159
160
159
157
156
155
155
155
156
155
156
156
157
159
160
162
162
159
159
160
158
157
159
160
159
159
160
160
157
156
155
155
155
155
156
156
156
158
159
159
156
155
154
154
154
154
154
155
156
158
158
158
159
157
158
157
157
158
156
157
152
153
155
156
155
156
158
158
158
157
157
155
156
156
156
156
158
158
158
157
156
157
157
155
155
154
152
152
152
152
154
155
156
156
156
156
156
157
157
158
158
158
158
159
157
157
156
159
159
160
160
158
155
156
156
156
157
156
155
156
156
155
155
155
155
156
155
156
156
156
155
155
154
153
155
154
154
154
154
154
153
155
155
157
157
158
157
159
158
160
161
161
161
161
161
158
157
157
159
157
155
153
154
155
156
155
157
158
159
160
161
160
159
158
157
156
155
155
156
154
154
152
153
152
152
152
152
152
154
154
155
156
156
155
156
156
156
159
158
158
158
156
157
158
156
155
156
157
157
157
157
157
155
152
152
152
153
153
154
156
154
153
154
155
156
156
155
155
155
155
155
154
154
154
154
154
155
155
156
155
154
154
154
154
154
155
152
151
151
151
151
151
152
152
152
152
154
153
153
153
153
154
152
150
149
149
151
151
153
154
151
153
154
154
155
155
153
152
152
149
149
149
148
148
148
149
150
149
149
149
149
151
152
150
150
150
150
151
150
151
150
150
148
148
148
148
148
149
148
147
147
147
147
148
147
146
146
146
147
147
147
146
146
146
147
146
147
148
149
148
149
150
150
152
153
152
152
151
151
152
152
151
149
150
150
151
151
151
149
149
149
150
151
149
148
148
147
148
147
147
147
147
148
149
149
153
153
152
150
151
150
151
151
148
148
147
147
145
145
145
145
147
147
146
146
146
146
147
146
147
147
147
148
148
151
153
153
153
149
149
149
148
148
148
149
148
149
152
151
150
149
148
148
148
148
148
149
149
149
149
150
151
153
152
152
150
149
148
147
147
146
146
147
147
146
147
147
147
147
147
147
148
148
149
150
148
148
149
149
148
146
145
146
146
145
145
147
147
148
148
147
147
145
145
145
147
146
145
145
143
144
143
145
145
145
144
147
147
147
149
148
148
147
147
147
148
149
148
147
149
150
152
151
151
151
150
150
149
148
148
147
150
149
149
149
150
148
148
147
147
148
150
150
150
151
154
154
156
153
151
151
148
148
148
147
148
148
147
147
147
147
147
148
149
150
150
149
148
147
146
147
147
146
147
147
147
149
145
146
145
144
146
145
146
145
144
144
144
144
143
145
145
145
145
145
144
144
144
145
146
145
145
146
145
146
147
148
147
147
147
147
147
146
147
149
151
152
153
151
150
150
151
150
150
148
149
148
149
150
149
152
152
153
152
152
152
153
151
152
152
150
150
150
149
149
148
147
147
146
146
145
146
146
146
145
145
145
147
147
148
148
148
147
146
148
147
146
147
149
147
148
149
149
150
150
150
151
149
151
149
150
150
151
152
152
150
151
150
151
150
150
151
152
151
148
149
148
150
150
150
148
147
147
147
149
151
151
152
152
153
152
151
150
150
147
147
148
148
148
146
146
147
146
146
148
148
148
147
146
147
147
148
146
145
145
144
144
144
145
145
145
145
145
145
145
147
146
146
145
145
145
147
147
147
147
144
145
144
144
144
145
145
145
145
145
145
145
144
143
145
145
145
145
144
145
145
145
144
144
144
144
144
144
145
146
148
147
148
148
150
150
150
149
149
148
149
148
148
150
150
149
149
150
148
147
146
148
147
148
146
146
147
147
147
147
143
144
144
143
143
144
144
145
146
147
146
146
146
146
146
146
146
147
147
148
147
147
147
145
145
146
146
145
145
145
146
145
145
145
145
145
145
145
147
146
147
148
146
146
145
145
147
149
149
149
149
149
148
149
147
145
146
148
149
147
147
147
145
146
149
148
147
146
147
147
146
146
145
145
145
145
145
145
144
144
143
143
144
144
144
144
145
147
146
146
147
148
147
146
145
145
144
144
144
144
143
143
145
145
145
145
145
147
147
147
149
150
148
148
148
146
146
149
149
148
147
147
146
148
147
147
147
147
147
147
148
147
147
147
148
146
146
148
149
149
149
148
147
147
148
147
146
146
146
149
149
149
149
148
147
148
149
149
148
148
149
149
147
145
145
146
147
146
147
147
146
146
145
145
146
146
145
145
145
146
147
149
148
147
148
149
148
148
148
147
145
144
145
145
147
145
145
146
146
146
146
147
146
146
147
147
150
150
150
150
150
151
151
149
149
148
149
148
147
147
148
150
150
152
152
151
151
152
152
152
149
148
148
147
145
145
144
145
146
146
145
145
144
143
145
144
145
145
146
146
147
149
150
147
148
148
149
149
149
150
149
149
149
150
149
150
149
149
148
147
146
147
148
149
148
148
149
148
145
145
145
146
145
145
145
145
142
141
141
142
143
145
145
144
145
146
145
144
145
145
145
144
145
145
143
143
143
142
142
143
144
143
143
143
144
143
143
144
144
144
146
146
146
