0.0006586206896551723 0.0008975862068965518
300
290
289
280
275
271
266
266
263
263
256
252
253
243
241
241
239
237
238
237
236
234
230
228
225
225
226
226
224
225
226
224
221
221
219
216
216
216
213
215
213
215
215
215
212
210
212
211
211
210
210
209
208
206
206
205
206
205
207
203
202
202
201
200
200
200
200
200
197
196
195
194
193
193
193
192
189
190
191
194
194
194
194
192
192
191
191
192
194
194
195
195
192
192
191
191
191
189
192
194
194
193
191
189
189
189
188
189
189
190
189
188
188
188
189
189
189
188
189
190
189
191
191
191
191
192
193
194
193
192
189
190
191
192
193
193
193
195
191
192
193
192
192
192
192
191
189
189
190
190
189
191
188
189
186
187
187
188
188
188
186
186
186
186
186
187
186
185
185
185
186
187
188
188
190
190
189
189
187
185
186
186
185
184
184
185
186
185
185
187
185
185
184
184
184
183
182
183
183
184
184
185
185
189
190
187
184
187
186
186
186
187
184
186
187
188
188
187
188
188
188
188
187
189
189
187
187
187
187
186
186
187
188
189
190
189
188
188
189
190
191
191
191
189
189
188
188
189
187
188
191
191
189
189
189
189
188
187
185
185
185
185
184
184
181
180
180
180
182
182
183
186
184
184
185
183
185
183
183
183
182
182
181
181
179
179
179
179
180
180
180
181
182
182
183
182
182
182
182
180
180
179
180
180
181
180
181
181
180
178
179
179
180
181
181
184
185
184
184
184
184
183
183
184
184
183
183
184
183
183
184
183
183
183
183
183
183
183
179
179
180
179
180
180
181
181
180
179
180
180
180
179
178
179
178
179
179
179
178
181
180
182
182
180
181
178
178
176
176
177
177
178
178
177
175
172
172
172
174
175
173
174
173
173
173
172
172
173
172
173
172
173
174
174
175
175
174
176
179
179
180
179
179
177
177
175
176
176
175
177
176
173
173
174
175
174
174
174
173
172
173
173
175
176
177
176
176
176
178
178
180
179
176
177
177
176
177
178
180
179
179
179
178
176
179
180
180
182
181
181
180
179
181
182
180
180
181
181
180
177
174
174
173
173
174
176
177
176
175
174
174
174
173
174
173
173
173
173
174
174
172
174
173
174
175
175
175
173
174
172
171
172
173
174
175
177
177
178
178
177
179
178
175
174
173
175
174
175
173
172
172
173
172
170
171
171
171
171
171
173
173
174
173
175
176
176
173
174
172
174
175
174
175
175
176
176
174
174
174
174
175
176
177
179
178
176
175
175
176
178
177
177
175
174
174
173
173
174
174
174
175
175
175
173
172
174
173
173
172
171
171
169
169
170
169
168
168
169
170
171
171
167
166
166
167
169
170
171
171
172
173
173
173
173
171
172
172
170
172
172
173
169
169
169
169
170
172
171
172
172
171
172
172
171
170
169
170
171
170
170
169
169
170
171
172
171
169
169
169
169
168
169
169
169
168
168
169
167
169
166
167
168
167
168
167
168
167
167
169
170
170
169
166
165
167
169
168
169
169
168
169
170
172
172
171
172
173
173
173
173
172
173
172
175
174
173
171
171
172
172
171
172
171
170
166
166
167
166
166
167
166
166
167
166
165
166
166
165
164
163
163
163
163
165
164
164
164
164
164
163
164
164
165
165
166
169
169
170
171
172
172
173
173
172
170
169
168
167
168
164
165
165
164
162
162
161
162
165
167
169
168
166
167
166
165
162
164
164
166
167
166
167
164
165
166
167
167
166
166
166
168
167
167
163
163
162
161
160
160
163
165
165
165
164
164
164
163
161
162
162
161
161
158
159
160
161
160
160
161
162
162
162
162
163
164
163
163
161
162
161
159
158
160
159
160
161
163
164
164
163
162
162
161
163
163
164
164
165
164
164
165
166
165
166
166
168
166
166
167
168
167
167
167
168
167
167
166
167
168
167
167
166
165
162
162
160
160
161
162
162
162
162
161
161
161
162
160
160
160
160
161
161
161
161
162
162
159
161
160
160
162
162
164
165
164
166
168
169
169
169
171
172
173
174
174
174
174
171
170
172
173
172
174
173
173
171
172
172
170
170
170
168
166
166
166
166
167
167
166
166
166
166
167
166
165
163
164
164
163
162
163
164
166
165
164
163
163
165
166
166
169
170
169
165
161
160
161
159
158
157
157
158
155
156
156
158
159
158
160
159
158
159
159
159
159
161
162
164
165
164
166
164
162
165
164
165
164
165
163
163
161
162
161
160
160
161
164
167
166
166
166
167
165
163
163
161
162
163
164
163
164
163
163
163
162
163
163
163
164
164
163
164
164
164
164
162
162
162
163
165
165
164
161
160
160
158
158
157
156
158
158
156
157
156
157
155
155
156
156
156
156
156
157
157
152
151
152
153
152
152
151
152
152
153
153
152
153
152
152
152
153
152
152
152
152
152
150
150
150
150
151
151
151
151
149
150
150
150
151
155
154
155
153
152
153
154
156
156
153
153
153
153
153
153
151
150
149
150
151
150
152
152
150
150
150
151
151
151
151
152
149
150
150
150
151
151
151
151
151
152
152
152
152
151
151
150
148
150
149
149
148
150
150
150
149
150
148
148
148
148
148
147
148
148
148
147
148
148
149
148
148
150
150
151
152
151
151
152
152
151
151
152
151
150
151
151
151
151
152
151
150
150
150
149
148
150
150
149
148
147
147
148
149
149
149
148
148
149
148
148
150
152
150
151
150
149
149
152
153
154
156
155
155
155
156
154
155
154
153
152
152
152
153
152
153
152
150
150
150
150
150
150
150
149
148
151
151
152
151
150
150
153
152
150
148
149
149
147
145
147
146
147
146
143
143
145
146
146
145
145
148
148
146
146
146
146
145
145
145
146
146
146
145
145
145
144
145
147
146
147
146
146
145
144
145
144
145
144
142
142
143
146
146
146
146
146
145
143
143
142
141
141
141
141
141
141
142
143
144
145
144
142
143
145
145
146
144
144
144
143
140
140
139
139
138
139
138
138
138
138
138
138
138
141
141
141
142
144
145
145
146
146
146
146
147
146
146
146
145
144
143
145
145
147
147
147
147
150
150
150
151
150
147
146
146
145
145
147
147
146
146
146
146
146
147
147
146
146
146
147
145
145
146
144
145
147
147
145
144
142
142
142
142
142
142
141
142
142
142
141
141
141
140
139
138
139
140
137
139
139
139
139
141
142
142
140
138
139
141
141
141
143
142
143
145
144
143
142
142
141
141
141
141
144
144
145
144
144
144
144
146
144
143
143
143
142
141
141
141
141
142
141
141
142
142
143
144
144
144
145
147
146
145
144
143
143
143
143
143
143
142
143
143
143
144
143
144
145
144
146
145
147
146
147
147
147
148
147
147
147
149
150
150
151
151
149
149
149
150
151
150
149
147
147
147
148
146
145
145
143
142
143
143
142
142
142
142
142
142
143
142
142
142
144
144
142
142
141
140
144
143
142
143
143
143
142
145
146
147
148
147
147
145
146
146
147
148
148
149
149
149
148
147
146
148
149
149
149
150
150
151
152
151
150
149
148
149
149
149
150
150
150
148
150
150
151
150
152
150
150
149
149
153
152
151
150
150
150
150
151
152
149
149
151
151
153
153
152
151
150
150
149
150
150
149
147
146
147
148
148
148
149
149
149
149
147
148
149
148
148
145
146
145
146
142
143
142
142
142
142
141
139
139
139
139
139
139
139
141
142
139
139
140
141
142
143
141
140
140
140
140
139
139
139
139
140
141
142
143
142
142
142
138
138
139
138
138
139
144
144
142
141
142
142
143
141
141
143
144
146
143
142
142
144
144
145
143
142
143
143
145
145
145
142
141
141
140
140
141
141
141
140
142
144
143
142
141
141
142
141
141
140
139
139
141
140
140
140
139
139
139
138
140
140
138
138
139
140
141
140
143
145
144
146
147
148
150
151
148
149
149
150
151
151
149
149
150
149
149
149
149
150
148
149
149
148
149
149
150
153
152
150
152
151
148
150
149
146
146
143
143
142
142
144
145
144
144
142
142
143
143
143
142
142
140
138
139
140
141
141
141
141
140
142
141
141
140
140
139
138
138
138
139
139
141
140
141
142
140
141
140
139
139
136
136
135
135
134
134
134
135
138
138
138
139
139
140
139
140
141
141
142
144
142
139
139
139
139
138
138
137
136
137
136
134
134
135
135
135
136
136
135
134
134
135
135
134
135
134
135
135
134
134
137
138
138
136
136
137
137
137
135
136
137
135
135
135
135
138
139
139
140
139
138
140
141
142
141
140
141
141
141
142
142
141
142
142
143
144
144
144
144
142
143
142
142
143
145
145
142
141
140
140
140
141
140
140
144
144
141
141
142
141
144
145
146
145
145
144
144
143
143
143
142
141
141
141
143
142
142
142
142
141
142
142
142
140
140
139
139
140
141
139
139
138
138
140
138
135
138
140
142
143
143
144
143
141
140
139
140
140
140
140
141
139
139
137
138
138
136
135
135
136
136
136
135
135
135
134
134
133
133
132
131
131
133
133
133
133
135
137
137
137
135
135
137
137
137
137
136
136
136
135
135
135
135
137
137
137
135
137
138
138
138
137
136
136
137
137
138
139
138
138
136
136
136
135
134
133
133
134
135
133
134
135
135
134
134
134
135
135
135
136
135
135
134
134
133
133
131
132
133
134
134
137
136
136
134
134
136
135
135
135
134
133
132
132
132
132
132
131
131
131
130
130
131
132
132
132
132
132
132
132
132
132
132
133
135
136
133
134
134
135
135
135
135
136
134
134
133
132
134
133
132
133
135
135
135
135
136
136
136
136
137
137
137
137
138
137
135
136
136
136
136
136
137
138
137
136
138
139
140
141
142
142
141
140
136
133
134
133
133
132
132
133
133
134
133
131
132
133
133
130
130
130
131
130
130
130
128
127
128
126
128
127
128
128
128
129
130
132
132
132
132
131
131
132
131
132
132
131
131
130
129
131
131
131
130
130
129
129
128
129
128
127
127
127
127
128
129
129
129
128
129
129
130
128
129
130
130
130
130
130
128
129
128
128
128
128
127
127
126
126
129
129
128
127
127
127
128
129
130
129
130
130
130
130
130
130
130
129
130
130
130
129
130
130
129
129
129
129
128
131
131
131
130
129
128
128
129
130
130
130
130
130
130
131
131
131
131
132
132
131
132
131
130
129
130
130
130
128
128
127
128
129
129
129
129
130
130
131
129
129
127
127
127
128
129
129
126
127
127
127
129
129
130
130
130
130
130
130
128
128
127
127
127
127
127
126
125
125
127
126
125
126
124
126
123
124
123
123
124
124
124
124
124
124
123
123
123
124
124
124
123
122
123
122
122
122
123
123
122
122
121
121
121
121
122
123
123
124
123
123
122
122
122
125
124
124
124
124
124
124
124
126
127
127
126
128
128
128
128
127
127
128
129
129
128
129
130
128
128
126
125
124
128
128
128
129
129
130
130
129
129
129
128
129
128
128
128
127
127
126
125
125
126
126
126
127
126
125
125
126
127
127
128
128
129
130
131
130
127
128
127
128
126
126
124
121
121
121
120
120
120
120
119
119
120
122
121
123
123
125
125
124
125
127
127
127
126
127
128
128
128
128
126
124
124
124
123
122
122
122
121
120
119
119
119
119
119
120
120
121
121
123
125
125
124
124
124
122
123
124
124
123
122
121
121
122
122
121
121
122
123
122
122
122
121
123
123
125
125
124
125
125
123
124
124
124
125
126
127
129
130
129
129
128
128
128
128
127
126
127
123
123
123
123
123
125
125
126
125
123
124
123
122
121
122
122
122
124
124
124
123
124
124
122
122
122
122
122
121
121
120
119
120
120
120
120
120
119
120
120
120
120
121
120
120
122
122
122
124
123
123
122
122
121
121
120
122
122
122
121
120
119
121
125
124
123
123
121
123
124
124
125
125
126
126
127
127
127
126
127
129
129
128
128
128
128
130
128
126
127
128
129
129
130
128
125
125
126
127
127
127
126
127
126
126
127
125
126
126
126
127
126
127
129
129
128
128
128
127
128
128
129
129
130
128
127
127
126
126
125
124
124
124
124
125
125
124
124
126
124
124
124
124
124
124
120
120
121
121
121
120
120
120
120
120
120
120
120
119
117
118
118
118
119
121
120
121
121
120
121
121
121
121
123
121
122
122
122
122
122
121
121
122
121
119
118
120
121
121
121
121
121
122
123
123
122
121
121
120
119
119
119
121
122
122
122
121
120
119
119
119
118
118
119
119
117
117
118
118
118
117
118
119
119
119
119
121
121
120
120
119
120
121
121
121
121
121
121
121
122
122
122
121
123
125
125
123
122
122
121
122
121
121
120
119
118
119
120
117
118
118
118
118
117
117
118
119
120
120
120
121
119
119
119
119
120
123
122
122
121
121
122
122
124
126
126
128
126
128
127
124
123
122
123
121
121
121
122
123
123
122
122
122
122
122
121
121
119
118
117
116
115
115
116
116
116
117
117
117
118
118
117
117
118
117
117
120
119
119
119
120
120
121
119
119
119
119
118
116
116
117
117
116
116
115
114
116
116
116
115
116
117
118
118
118
120
120
120
122
122
120
119
118
119
120
119
119
121
120
119
117
116
116
115
115
117
116
116
116
117
116
115
117
119
120
120
119
119
117
118
119
119
118
118
120
121
122
121
122
120
120
120
120
120
120
120
120
118
120
118
117
116
116
114
113
114
117
116
117
117
117
117
118
119
120
120
118
117
116
117
116
116
115
116
116
116
115
116
114
113
113
113
113
113
114
115
118
120
118
117
117
117
117
116
116
115
115
115
116
116
118
119
118
117
117
117
117
116
117
116
115
115
114
114
114
114
115
115
116
116
116
116
117
118
117
117
117
118
117
117
117
117
117
117
117
116
116
116
117
116
117
115
115
115
115
116
112
113
113
114
115
116
117
116
115
115
114
113
113
113
113
112
113
113
111
112
111
110
111
112
111
110
110
110
110
110
111
110
111
110
109
109
108
108
109
110
111
111
111
111
112
112
113
113
113
114
113
113
114
113
116
116
116
117
116
116
117
116
116
114
112
113
113
113
113
113
113
112
110
109
109
109
109
109
108
108
106
107
106
106
106
106
106
107
106
107
107
108
108
107
107
107
106
105
104
104
104
105
105
105
106
105
107
106
107
106
106
106
106
106
105
105
104
104
104
105
105
105
105
105
106
106
105
105
106
106
105
105
104
103
104
104
102
101
103
103
102
103
105
106
107
108
107
106
105
105
105
104
104
103
102
101
101
101
101
101
101
101
101
101
101
101
101
102
102
103
103
103
105
104
105
104
105
105
105
105
105
106
106
106
107
106
106
106
106
106
104
105
105
107
108
109
109
107
108
108
106
106
105
106
106
106
106
105
104
103
103
103
103
103
103
104
104
104
106
105
105
105
104
105
105
105
105
105
105
106
108
108
108
108
109
108
109
110
110
110
110
111
111
111
111
110
110
110
111
110
109
109
109
109
110
110
110
109
109
108
108
108
108
109
108
106
106
107
107
105
105
104
104
105
104
104
105
104
104
103
103
104
105
106
107
107
108
108
109
108
109
109
109
106
106
106
106
106
106
108
108
106
108
109
109
107
107
107
106
107
107
107
107
105
105
105
105
106
106
105
105
107
107
107
107
107
108
109
109
108
106
107
105
104
104
103
104
105
104
103
102
102
101
101
102
102
100
100
101
100
100
103
103
103
103
103
103
101
102
101
102
103
103
106
105
105
104
103
102
101
101
100
100
102
103
103
101
101
99
99
99
99
98
98
98
98
99
100
100
100
100
100
100
102
102
104
103
103
102
102
102
104
103
103
104
104
104
104
104
104
104
103
103
104
104
106
104
104
104
104
103
104
104
104
103
103
102
101
101
102
103
103
102
101
103
102
102
102
103
103
104
104
104
106
106
105
103
103
103
104
106
106
107
107
108
109
109
108
108
107
104
104
104
103
102
102
103
103
103
104
104
103
101
101
102
101
100
101
101
100
101
101
100
98
98
99
100
100
99
100
100
99
99
98
98
100
102
104
103
103
103
102
102
100
99
98
97
98
97
97
97
96
96
96
96
96
96
96
96
98
99
99
100
100
101
99
99
99
98
98
98
99
99
99
98
98
98
97
96
95
96
96
96
97
98
99
99
99
99
99
99
99
99
100
99
99
99
99
100
101
101
100
99
99
100
101
102
103
105
105
102
102
102
101
100
100
99
101
102
101
100
100
99
99
99
99
98
98
98
99
100
101
100
100
100
99
99
99
99
99
99
99
100
100
100
100
100
101
101
101
101
101
102
103
102
100
101
101
101
101
101
101
100
99
100
100
100
99
99
99
98
99
99
97
97
98
98
100
100
99
100
100
100
100
100
100
101
100
98
100
99
99
98
97
98
99
99
99
99
99
100
101
100
100
100
102
103
100
100
100
102
103
100
99
99
98
98
98
98
98
97
97
95
95
95
95
95
94
94
96
96
96
96
96
96
97
97
97
97
95
96
96
96
97
97
99
101
101
101
100
103
103
102
102
103
103
103
101
101
101
100
99
99
100
98
98
98
100
99
98
98
99
100
99
99
100
100
101
101
101
101
101
101
101
101
101
100
99
99
99
99
97
96
99
99
99
99
100
100
100
101
101
102
102
101
102
100
100
100
101
100
100
100
101
101
101
101
100
99
98
99
99
99
100
100
101
101
101
101
102
103
104
104
106
106
108
106
106
107
106
105
105
105
105
106
105
106
106
106
104
104
103
103
103
103
103
104
104
103
103
103
101
100
100
100
100
102
102
103
103
102
102
103
102
102
101
101
101
102
101
103
102
101
101
101
100
100
100
100
99
99
101
100
101
101
101
103
103
104
103
103
102
102
102
101
98
98
98
97
100
103
102
103
103
102
103
103
103
102
102
102
102
102
102
104
104
104
103
102
101
101
100
99
99
99
97
97
96
97
97
96
96
96
97
97
96
96
96
96
96
98
98
98
99
97
97
96
94
94
94
93
92
93
93
93
93
92
93
95
95
96
96
96
97
97
98
98
99
100
100
100
99
99
98
98
98
98
98
98
98
98
99
99
98
98
98
97
95
95
96
96
96
96
97
98
98
98
100
99
99
99
99
99
98
96
99
97
97
98
98
98
100
101
100
99
98
98
97
98
98
99
98
98
97
97
96
95
95
95
94
94
95
95
94
93
94
94
94
94
95
97
97
96
95
95
95
95
95
97
97
97
99
99
100
99
97
97
97
98
99
99
99
99
99
97
95
95
95
94
94
95
95
96
96
94
95
96
96
97
97
97
97
97
95
95
95
95
94
94
94
94
95
96
95
95
94
95
95
95
95
95
96
96
95
96
96
96
96
95
94
95
95
96
95
96
97
97
97
98
99
100
101
100
101
101
101
101
100
100
100
99
98
96
96
96
96
94
94
96
97
96
96
96
95
96
95
96
97
98
97
96
96
95
94
95
95
95
94
94
94
94
94
94
94
94
94
96
97
95
95
97
98
99
98
97
97
96
96
96
96
96
97
98
99
97
97
97
98
97
96
96
96
96
94
94
93
94
94
94
92
90
90
90
91
91
92
93
93
93
92
93
94
93
93
93
95
95
95
96
97
97
95
94
94
93
92
92
91
91
91
91
91
91
91
91
92
92
93
93
95
96
96
96
95
96
97
96
96
97
96
96
95
94
92
92
91
91
91
91
90
91
91
91
91
91
89
89
89
90
91
92
92
92
92
93
95
95
95
95
95
95
96
96
96
95
97
97
98
98
98
99
98
100
102
102
101
101
101
102
101
101
102
101
100
100
100
100
99
98
100
100
100
101
103
102
102
102
102
102
100
100
99
97
96
95
94
94
94
93
93
93
92
92
92
92
92
91
92
93
93
94
95
95
95
95
95
94
93
93
93
96
97
98
98
97
97
98
96
96
95
96
96
95
97
97
97
97
98
99
96
96
96
96
97
96
98
98
98
98
96
96
95
95
96
96
95
94
93
93
95
96
95
95
94
94
95
94
94
92
92
94
95
96
97
97
97
95
95
95
94
94
95
94
95
95
94
95
94
94
94
94
93
93
93
93
92
92
91
93
93
93
93
92
92
93
93
90
92
92
91
91
91
91
91
90
91
91
90
89
89
89
89
91
92
91
91
93
93
93
93
93
93
91
90
90
90
90
90
91
92
92
92
92
92
92
92
92
92
92
91
90
92
92
92
91
91
90
90
90
90
90
90
90
90
90
89
90
91
91
93
93
94
93
93
93
93
92
91
92
92
92
92
92
92
91
91
91
91
91
92
92
91
90
90
90
91
92
90
90
90
90
90
90
90
91
91
91
91
93
95
95
96
96
96
98
97
98
99
99
98
98
100
102
99
97
96
97
98
95
95
95
95
96
96
95
95
94
93
93
93
94
94
95
95
95
95
95
95
96
96
96
95
95
95
94
94
93
92
92
92
92
93
93
93
94
94
93
92
91
91
91
91
91
90
91
91
89
89
89
90
90
91
91
91
90
90
90
89
90
90
90
90
90
90
89
91
91
91
91
93
94
95
95
94
93
92
92
92
92
93
94
94
95
93
95
95
95
95
95
96
97
97
97
96
96
94
94
94
94
94
94
94
94
94
94
94
93
92
93
92
92
92
92
93
93
93
93
92
91
91
91
90
90
91
91
90
91
91
92
92
92
92
92
92
92
92
92
93
92
93
93
92
91
92
92
91
93
92
93
95
95
95
94
94
95
95
95
96
97
97
96
96
97
97
96
96
94
95
95
95
95
94
95
94
94
94
94
94
94
95
94
94
92
92
92
94
93
93
94
93
93
93
93
93
93
93
91
92
92
94
94
94
92
92
92
91
91
91
92
92
92
93
95
92
93
92
94
93
94
93
91
91
91
92
93
93
91
91
91
91
91
92
92
92
91
91
91
91
91
90
90
90
91
91
91
89
89
89
89
90
89
89
90
91
90
91
91
91
89
89
89
89
89
90
89
89
89
90
90
90
92
92
91
91
92
92
92
92
92
93
93
94
93
92
92
92
92
92
92
91
91
90
90
90
91
92
91
91
92
92
92
91
91
91
91
92
93
93
92
93
94
93
94
94
93
93
92
92
92
93
94
93
93
92
91
91
91
91
92
93
92
92
92
93
93
93
94
94
93
91
90
89
89
90
89
88
88
89
89
91
90
91
93
93
94
95
94
93
93
92
92
92
93
94
94
92
92
92
92
91
92
92
91
90
90
90
88
87
87
86
87
87
87
88
88
88
88
88
88
87
87
87
87
87
87
87
87
87
88
87
87
85
85
85
85
85
85
85
85
85
86
86
86
86
87
87
87
87
89
89
89
89
89
90
89
90
91
92
93
93
93
93
93
93
92
93
93
95
95
95
96
