0.0006244827586206897 0.0006586206896551723
300
294
289
281
273
270
269
269
270
271
267
265
259
257
257
255
249
246
244
244
242
244
244
240
240
239
238
239
241
242
242
239
240
240
240
240
239
238
237
234
232
231
230
230
229
229
229
230
231
230
231
229
229
229
228
229
229
226
229
230
231
230
228
227
225
226
224
224
223
225
222
220
220
222
223
221
222
223
221
222
222
219
219
217
219
218
216
218
218
219
219
221
221
220
224
224
223
223
224
223
222
221
220
221
218
218
218
219
217
220
221
220
219
219
218
218
218
218
216
216
215
215
215
216
219
216
217
217
216
216
216
216
217
217
216
216
217
217
218
219
217
217
215
215
213
213
212
211
212
213
214
216
217
216
217
220
220
219
220
223
222
221
219
218
220
218
217
217
217
219
220
220
220
222
222
221
221
222
221
220
220
218
219
220
219
216
215
216
216
216
216
219
219
220
223
220
220
220
219
218
221
222
221
222
224
222
222
222
221
221
221
223
222
222
221
221
220
220
220
219
221
220
222
220
222
223
222
222
221
222
223
224
224
223
223
221
222
221
219
220
217
216
218
217
216
214
215
215
217
217
219
219
220
222
221
220
220
219
221
224
223
223
223
221
222
221
220
218
218
218
217
214
212
214
214
214
213
213
213
214
214
213
215
212
211
213
212
209
209
206
209
211
212
211
210
212
210
210
209
210
209
208
209
211
214
214
213
215
217
216
213
214
212
214
216
215
216
215
214
217
217
214
214
216
214
214
216
215
216
217
218
217
215
215
214
212
214
218
218
218
218
220
220
219
217
217
216
215
215
216
211
212
211
213
210
210
208
209
210
208
209
208
207
205
205
204
203
203
203
202
202
202
202
202
202
201
200
201
200
200
199
201
202
202
202
203
204
203
201
201
201
202
202
202
202
202
203
202
202
204
201
200
199
199
199
200
199
200
199
201
203
204
204
204
207
208
208
207
207
207
207
207
207
207
208
209
209
207
205
206
205
206
206
204
201
201
203
204
202
200
200
201
200
200
200
201
200
201
202
203
201
202
201
199
198
198
197
198
198
198
199
197
198
197
198
198
199
199
198
198
196
195
198
199
199
198
196
197
197
199
199
199
200
199
200
199
198
198
196
200
199
199
200
199
197
196
197
197
195
196
195
195
196
195
195
195
197
198
198
197
199
203
205
204
203
203
205
203
200
200
201
199
197
196
196
196
195
192
192
193
193
194
194
193
192
193
193
194
195
195
195
195
195
198
198
200
199
199
200
203
204
202
201
200
200
200
199
199
200
200
199
198
197
196
196
196
197
196
194
195
193
194
195
197
198
197
196
195
195
194
193
192
191
191
191
192
193
193
192
195
195
196
197
197
196
193
190
191
191
191
190
190
190
191
192
192
193
193
191
192
193
191
190
189
188
188
189
189
189
189
189
190
190
189
190
191
192
193
195
196
197
198
200
202
201
200
202
201
199
199
199
198
197
197
197
199
200
201
202
202
203
204
204
203
203
202
201
200
200
201
201
200
199
199
196
198
198
197
197
197
197
197
198
199
199
199
199
199
199
196
196
195
195
196
195
196
196
198
202
202
203
203
202
202
201
200
200
201
200
200
200
200
200
199
201
201
201
202
199
200
202
204
203
205
204
204
204
205
204
203
200
200
199
200
201
200
197
195
194
196
198
198
197
197
197
195
196
195
194
191
194
193
192
190
191
190
189
189
189
188
190
189
188
189
190
192
192
193
194
191
191
192
195
198
196
195
196
196
195
195
197
197
198
197
197
196
195
193
193
190
189
190
191
192
191
190
191
192
191
191
191
192
192
192
191
192
194
194
193
193
192
192
193
195
195
194
194
194
194
193
193
195
196
196
196
196
196
194
195
192
190
189
189
189
188
186
189
190
189
190
191
191
190
192
191
190
190
190
191
192
192
190
189
188
187
188
188
189
191
193
192
192
191
191
192
191
191
189
188
188
187
189
189
191
191
191
193
193
191
190
187
188
189
187
188
190
193
192
192
191
192
192
190
188
188
187
186
186
187
188
188
187
189
188
187
187
189
189
189
188
187
186
186
187
189
187
186
187
188
189
190
190
190
188
188
188
188
189
188
188
188
185
186
184
184
185
185
186
186
186
189
189
186
186
185
187
187
186
185
185
183
184
184
184
188
188
190
188
187
188
189
189
189
189
189
189
190
189
187
187
189
188
189
191
191
192
190
190
190
191
192
192
191
191
190
189
188
188
187
188
184
187
184
181
181
180
180
180
180
179
179
179
179
179
181
180
180
180
180
180
179
179
179
179
180
180
181
182
182
182
182
181
181
182
183
184
184
184
184
183
184
182
183
183
182
183
184
184
183
185
185
186
186
185
185
184
186
186
185
185
186
185
186
187
186
185
183
181
183
184
182
184
185
184
185
185
187
188
188
187
186
184
184
185
186
186
186
185
185
186
187
189
188
187
187
187
187
188
190
191
190
192
190
188
189
188
189
190
191
191
192
190
189
187
189
189
186
185
185
185
185
186
187
189
190
191
191
191
189
190
188
190
189
187
187
189
189
190
189
190
191
188
187
186
184
183
183
183
182
187
186
187
189
187
187
187
187
188
187
187
188
188
190
190
190
189
188
189
190
190
190
191
190
189
190
191
191
189
190
189
187
188
188
188
188
188
187
187
185
183
185
186
185
186
186
186
185
187
188
190
190
187
188
189
188
186
188
190
186
184
184
183
184
180
180
180
181
182
183
183
180
180
183
185
184
184
186
186
186
185
187
185
184
182
182
181
180
181
183
183
185
187
186
186
187
188
187
184
182
182
178
178
179
180
179
179
180
178
179
176
175
173
175
173
172
174
174
174
174
174
176
176
174
172
173
174
175
175
174
174
177
177
179
181
179
179
179
176
175
177
178
177
178
178
175
174
174
177
176
177
176
174
174
173
170
169
171
171
171
173
175
175
175
175
174
174
173
174
173
174
173
171
172
172
172
172
172
170
171
171
171
171
170
169
169
169
168
168
169
168
168
169
168
170
170
171
171
172
173
172
172
174
173
173
173
171
171
172
174
174
174
174
175
177
177
179
179
179
179
180
183
181
182
182
179
179
179
177
177
178
179
179
179
178
179
182
183
183
183
183
182
183
180
179
180
183
184
184
183
184
185
181
181
182
182
181
181
181
181
182
181
180
179
180
180
178
178
177
178
178
177
177
177
179
178
177
176
177
178
179
180
181
181
181
181
179
177
176
175
175
176
176
174
175
175
175
175
174
172
172
173
173
173
172
172
173
173
173
174
175
176
176
177
175
175
174
172
174
175
174
173
172
172
173
172
172
174
173
172
173
173
173
172
172
169
169
169
168
168
169
170
172
172
172
171
172
174
173
173
172
172
173
173
173
172
172
173
172
172
173
173
173
173
174
173
173
173
175
176
177
176
177
176
175
175
175
173
174
172
174
174
172
172
172
173
172
172
172
170
171
171
172
173
173
170
169
171
170
170
169
168
170
168
167
166
166
167
167
167
167
169
172
170
169
171
172
171
171
171
169
168
167
167
167
168
168
169
170
171
173
174
174
172
170
170
170
170
170
174
174
174
176
177
176
174
173
172
172
173
174
174
175
175
174
174
173
173
173
172
172
172
171
169
169
168
168
167
167
168
169
168
169
169
170
173
172
171
170
170
170
169
169
169
169
169
171
171
171
171
169
169
168
170
169
169
165
166
167
166
166
168
169
170
170
171
170
171
170
171
170
169
168
167
167
169
172
171
170
169
170
171
172
172
172
172
172
172
171
170
170
168
168
169
168
165
165
165
165
165
165
168
169
167
167
166
166
167
167
169
167
167
167
169
171
170
169
169
172
171
171
171
171
171
171
170
170
170
169
169
169
170
172
172
171
171
169
168
164
163
163
161
161
163
163
162
162
162
161
161
162
163
163
163
165
166
165
164
166
169
172
173
170
170
169
171
170
170
169
169
166
166
166
165
167
168
167
167
167
167
167
167
167
166
164
163
162
163
166
166
164
162
162
162
162
162
164
164
165
166
165
163
163
163
163
164
164
164
164
163
164
165
164
162
164
164
164
163
160
159
160
161
161
162
161
160
161
160
158
156
154
153
154
154
153
154
154
155
154
153
153
154
155
157
158
160
161
160
162
160
161
159
158
156
155
156
155
155
155
154
155
156
155
157
157
155
156
156
158
157
158
159
156
156
156
155
155
154
154
154
155
155
156
154
155
155
155
157
156
155
155
156
156
156
155
155
157
158
158
159
160
159
158
158
160
159
159
158
157
158
158
157
156
154
155
155
155
155
154
153
151
151
152
153
154
153
153
155
157
156
156
154
153
154
153
152
154
153
153
155
155
153
151
151
151
152
154
155
152
151
150
149
150
150
149
148
148
148
150
150
151
151
152
151
152
151
152
153
155
154
155
156
156
155
155
157
157
159
160
161
160
160
159
159
159
160
158
158
159
162
163
161
162
160
160
161
163
160
158
160
161
162
164
164
165
166
166
166
166
166
167
168
167
168
169
169
168
167
166
164
160
159
159
159
158
158
159
160
162
163
166
165
165
164
164
165
166
166
164
161
162
162
161
160
159
158
157
157
157
156
157
156
156
156
157
154
155
155
156
156
156
156
156
156
157
155
157
156
156
155
155
154
154
153
152
152
151
151
152
152
151
151
152
153
154
151
151
151
151
150
151
153
154
154
154
155
156
156
156
155
156
156
155
157
157
160
160
160
159
159
160
158
159
159
159
160
160
160
159
161
161
163
162
162
163
162
162
159
158
157
157
156
156
156
157
159
158
159
159
159
160
161
162
163
161
161
158
159
158
160
161
162
162
164
164
163
164
163
161
159
158
158
160
158
158
158
158
158
156
158
156
156
156
154
155
154
154
153
153
153
153
154
156
155
155
155
154
153
154
155
153
154
155
155
155
154
153
154
152
151
151
151
150
151
151
150
149
150
151
151
151
150
151
150
148
148
147
146
145
145
145
143
144
144
144
145
145
146
145
145
145
146
145
145
144
144
144
143
144
145
144
145
145
144
144
144
146
146
146
144
145
145
146
147
148
148
152
152
154
155
152
152
155
154
153
150
150
150
148
147
147
147
146
146
146
146
145
144
145
146
146
147
147
147
148
148
148
147
145
144
143
144
144
145
146
146
145
145
145
146
146
148
148
147
147
147
148
147
148
148
147
147
148
149
150
150
150
149
149
149
150
151
149
150
149
149
149
149
149
148
147
146
147
147
147
145
146
147
147
147
147
148
150
148
147
147
148
148
148
149
150
150
150
149
149
151
150
147
147
147
147
148
149
148
148
148
147
147
147
146
147
147
148
148
149
151
149
146
148
147
147
146
145
145
145
144
144
144
144
144
142
142
141
140
143
142
142
142
143
143
144
143
143
144
143
144
145
146
146
147
147
146
146
145
145
146
146
147
146
146
146
146
148
146
146
146
146
145
144
143
143
143
144
144
144
144
142
143
143
144
144
144
143
144
145
146
148
148
148
149
149
149
150
149
150
150
149
148
150
150
149
149
148
150
150
150
151
151
149
149
146
146
146
147
146
145
145
144
144
145
146
143
143
145
146
146
145
145
146
146
145
144
144
145
145
143
143
143
144
143
145
145
145
142
142
143
143
141
143
144
143
142
144
145
144
143
143
143
143
141
140
139
139
139
139
139
139
140
140
140
141
141
139
140
139
139
140
140
140
140
142
142
141
140
140
137
138
139
139
139
140
141
143
144
145
141
141
140
141
141
141
142
141
141
141
141
142
144
144
141
141
141
141
141
143
142
143
142
143
140
140
139
139
138
138
138
138
139
138
138
139
141
142
141
138
138
139
139
142
141
139
137
137
138
139
138
138
138
138
138
139
139
138
138
140
140
141
142
141
142
141
141
142
141
139
140
141
142
144
140
139
138
138
142
141
143
144
144
147
148
146
146
146
145
145
146
146
144
143
142
142
143
143
142
141
141
141
141
141
139
138
138
139
142
142
143
143
143
142
141
140
138
137
136
136
137
136
137
136
136
136
136
137
136
136
137
137
137
139
141
141
139
139
140
141
139
139
138
138
138
138
136
137
136
136
135
135
136
137
138
136
135
135
133
133
133
133
134
133
134
134
134
134
134
133
132
133
133
136
134
134
134
133
133
133
133
133
133
132
132
133
133
132
132
132
132
132
134
135
136
137
137
137
136
136
137
138
138
135
134
134
136
136
138
136
134
134
136
136
137
139
139
140
141
141
142
141
141
142
139
137
137
138
139
139
139
139
141
138
138
137
136
135
136
136
136
136
134
134
134
135
137
136
137
135
135
135
135
135
134
134
134
135
135
135
135
137
136
136
137
138
136
135
135
136
137
137
136
137
136
136
136
135
136
135
136
134
134
132
132
133
135
135
135
137
135
135
135
135
135
136
136
136
137
138
136
135
133
132
132
132
132
133
133
132
134
135
136
135
135
135
133
134
134
133
133
132
134
133
133
133
134
133
133
133
130
131
134
134
135
135
135
135
135
136
135
135
136
134
134
134
133
131
132
132
134
135
135
133
132
131
130
130
130
130
131
130
130
130
131
133
134
134
134
134
132
133
133
135
136
136
137
134
135
136
136
137
138
138
141
141
141
140
139
137
137
135
135
134
135
135
134
134
132
133
134
133
134
134
134
133
133
132
130
130
131
131
132
133
133
131
132
132
132
130
131
130
131
131
129
129
129
130
130
130
130
130
129
129
127
127
127
127
128
127
127
128
128
128
129
129
131
131
131
131
132
132
132
131
132
132
130
130
130
130
130
130
129
130
131
132
131
131
132
131
132
131
130
130
130
131
132
131
132
132
131
132
134
134
134
133
132
131
133
133
133
133
132
133
134
133
133
132
131
130
131
131
132
132
131
131
131
132
133
133
132
132
133
133
133
134
133
133
133
133
133
133
133
132
131
132
133
133
133
133
132
131
131
131
130
131
129
130
129
129
130
132
131
132
135
136
137
137
137
135
135
136
134
134
133
132
133
132
132
131
131
132
133
133
132
130
129
129
129
129
130
130
131
132
133
133
133
132
132
132
131
130
129
130
130
131
130
129
129
131
131
131
130
132
133
132
132
132
131
129
130
129
129
130
130
130
130
130
130
129
129
130
130
130
131
134
133
134
134
132
132
132
133
133
132
132
132
133
134
132
134
134
133
131
129
129
129
129
130
130
128
128
128
129
129
129
129
127
127
128
128
129
131
131
133
132
130
130
130
129
130
131
132
132
132
130
130
131
131
133
134
131
129
129
128
128
128
129
130
129
129
127
127
126
127
127
127
128
129
127
128
128
128
128
128
128
128
127
128
128
128
129
128
127
129
127
128
126
124
124
124
124
124
126
125
126
126
126
127
127
127
129
128
127
127
126
126
126
126
125
127
126
126
124
125
125
124
122
121
121
121
121
124
126
128
128
127
126
126
127
128
129
128
128
128
127
127
126
125
127
127
128
128
127
126
127
129
128
129
129
128
128
127
127
128
127
127
128
128
127
126
125
125
126
126
126
125
124
123
123
124
122
124
124
123
123
124
126
123
123
124
122
120
120
120
120
120
119
120
120
121
120
120
119
119
119
120
121
121
122
122
124
124
124
124
125
124
125
126
128
127
128
128
128
128
127
127
127
127
128
127
127
127
125
127
127
128
127
126
125
125
125
122
122
122
123
122
122
122
122
123
123
121
119
119
119
119
120
120
120
120
119
119
120
120
120
119
119
119
118
119
118
120
120
120
120
121
121
121
123
122
122
123
123
123
123
122
122
123
125
127
126
125
125
123
122
124
123
122
124
123
123
123
124
123
122
124
122
122
122
121
120
121
123
124
126
127
127
127
127
126
124
123
122
119
118
119
120
121
121
119
120
120
120
120
120
119
119
119
118
119
121
122
123
123
125
125
125
125
124
125
124
124
125
125
124
124
125
124
123
123
123
124
124
124
125
121
121
122
122
121
121
121
121
122
122
122
122
121
121
121
122
123
124
124
124
125
124
124
125
124
125
128
129
130
128
128
128
127
125
125
124
123
125
123
123
124
125
124
123
123
122
121
121
122
123
122
121
121
123
122
123
123
124
122
123
121
123
122
123
124
123
122
123
124
122
121
121
121
121
121
119
120
120
121
121
121
121
123
123
123
125
125
123
123
123
124
124
124
125
125
124
124
123
123
121
123
123
123
123
123
123
125
125
124
125
127
127
128
126
124
124
124
124
124
124
123
121
122
122
121
121
120
121
121
122
122
121
122
120
120
121
122
122
123
122
122
122
122
122
121
122
122
121
121
121
121
121
121
121
120
119
121
121
121
121
119
118
118
118
118
119
118
118
119
118
117
116
116
117
117
117
117
119
120
120
121
121
118
118
118
117
118
119
120
122
122
122
122
122
120
121
121
122
121
121
120
121
120
120
121
121
121
121
120
120
121
123
122
121
122
122
121
122
122
123
122
123
123
123
123
123
123
124
123
125
124
124
124
124
124
126
127
126
126
126
126
123
123
123
125
123
123
124
125
126
126
126
126
126
126
126
125
126
127
127
126
126
125
125
125
124
123
123
123
124
124
123
123
123
122
121
121
122
122
122
122
121
120
119
119
119
119
120
121
121
121
122
123
123
123
124
122
122
122
123
124
125
124
124
124
124
122
119
118
120
119
119
118
118
119
121
123
124
124
124
124
123
122
121
121
121
119
119
120
119
118
118
118
120
121
121
122
122
122
122
119
121
121
120
120
121
121
120
120
120
121
121
122
121
121
122
122
122
122
123
122
123
125
124
123
122
126
125
125
124
124
125
126
125
125
126
128
126
125
126
126
127
126
126
126
125
125
124
124
124
124
124
123
122
122
122
123
123
122
122
122
122
122
123
123
121
122
122
121
122
121
122
121
120
119
119
118
117
117
116
117
117
117
118
116
116
115
115
116
116
115
115
115
115
114
114
113
113
114
113
116
117
117
117
116
117
117
115
115
115
116
116
117
117
118
118
119
118
118
120
120
120
119
120
120
120
119
117
118
118
119
118
117
116
116
115
115
115
113
113
113
113
113
115
115
116
116
116
116
115
115
115
114
114
115
113
113
115
116
117
116
114
114
116
116
115
116
115
118
118
118
118
118
118
117
116
115
114
114
114
113
113
114
114
116
115
115
113
113
113
113
113
113
114
116
116
115
115
114
115
115
116
115
115
115
117
115
116
116
116
116
117
117
118
118
117
116
116
117
118
117
118
118
118
119
119
119
117
117
119
118
119
118
118
117
117
118
118
116
116
116
115
115
115
115
114
114
114
115
114
116
116
118
120
119
118
118
116
115
116
116
117
118
119
118
118
116
114
115
116
115
114
114
115
115
113
116
114
116
117
116
116
115
115
115
116
115
116
115
116
118
118
118
118
116
116
116
117
117
116
116
116
116
115
115
115
116
115
117
115
115
116
117
120
121
121
121
121
122
121
120
119
118
119
119
119
118
120
120
120
120
119
118
118
117
117
116
116
117
117
116
119
117
116
116
116
115
117
118
117
118
119
119
120
120
120
119
119
118
118
118
116
114
114
112
112
112
112
112
112
112
112
112
113
113
111
111
111
110
110
110
110
110
112
111
110
110
110
109
109
110
111
114
115
116
116
116
112
112
113
111
110
110
110
111
112
111
111
110
109
109
108
108
107
107
107
107
107
108
108
109
109
109
108
109
109
109
109
109
109
108
108
109
108
109
110
109
108
108
110
111
111
109
109
109
109
108
108
109
109
108
108
108
107
106
106
106
106
107
107
107
107
106
106
106
106
107
106
106
106
105
106
104
104
104
105
105
105
106
105
106
106
107
107
108
108
108
108
110
110
110
111
110
110
111
112
112
111
111
110
112
112
110
110
109
110
110
110
111
112
112
112
112
111
110
111
112
116
115
115
114
113
113
114
114
113
111
110
111
110
111
112
112
114
114
112
112
111
110
107
106
106
106
106
106
107
107
108
107
107
107
106
107
108
106
106
106
106
106
107
108
108
107
107
107
107
107
106
107
107
107
108
108
108
108
108
107
108
108
110
109
110
110
110
110
112
112
111
111
111
110
110
110
110
110
110
108
108
107
110
109
108
108
108
108
108
108
109
109
107
107
108
108
107
107
108
109
108
108
109
107
107
108
108
109
109
109
109
109
110
111
112
112
111
111
112
111
112
112
111
111
112
114
114
112
112
112
111
109
109
108
108
109
110
110
110
111
109
108
108
106
106
107
107
107
107
110
108
108
107
107
107
107
107
107
106
108
109
110
109
111
111
112
112
113
113
114
111
110
110
110
110
110
111
110
110
110
109
109
108
109
110
110
109
108
108
109
110
112
111
111
109
110
110
110
110
110
110
109
109
108
108
108
108
108
108
109
108
108
107
107
107
107
108
109
109
111
111
112
113
113
111
110
111
110
110
110
110
109
109
111
113
112
112
113
113
113
113
113
114
112
112
112
112
112
111
112
112
111
112
111
111
113
110
108
109
110
110
110
109
110
110
111
110
110
111
112
113
114
114
114
115
115
115
112
111
111
112
112
113
114
114
112
113
113
114
116
116
115
115
113
115
115
116
117
117
117
114
114
114
113
115
114
115
115
114
116
116
116
114
115
115
115
114
115
116
115
113
114
110
110
110
110
110
110
110
111
109
110
111
113
113
112
112
111
111
111
111
109
109
110
108
110
111
111
111
109
109
110
109
109
109
109
109
109
110
110
110
113
112
113
111
112
114
114
114
114
112
111
111
110
111
110
113
114
113
112
111
110
110
111
113
113
114
112
112
112
112
113
112
111
111
110
110
111
111
110
110
110
109
109
111
112
110
111
111
110
109
109
109
109
109
108
106
106
107
107
107
107
107
109
107
107
106
107
107
108
108
108
108
108
108
108
108
107
106
107
107
107
106
107
110
111
111
109
109
108
108
108
110
110
110
110
110
110
110
111
109
109
108
107
109
109
110
110
112
111
111
111
111
113
111
111
111
109
110
110
110
110
109
110
111
111
110
108
109
110
110
110
110
110
111
110
110
109
110
110
111
110
110
110
109
109
110
111
111
111
110
108
107
109
110
109
109
109
109
109
109
109
109
109
109
109
109
108
107
107
107
108
110
110
112
111
111
110
110
110
109
109
109
108
105
107
108
108
110
110
110
109
105
105
105
105
105
105
106
105
106
106
107
106
107
106
105
105
105
106
106
105
104
107
107
106
107
108
109
108
110
108
108
108
106
106
106
106
107
108
108
109
109
108
108
107
107
107
106
108
108
108
106
108
108
108
107
107
108
105
104
104
106
105
105
104
102
103
101
101
101
101
101
102
102
102
102
101
101
101
102
102
103
101
101
102
103
102
104
106
105
105
104
