0.001 0.0002831034482758621
300
299
293
287
287
285
284
283
280
278
279
280
283
280
278
282
281
283
281
282
281
281
281
283
283
282
281
279
281
281
282
283
285
287
288
289
289
290
291
291
292
293
294
294
293
294
294
296
294
296
296
297
297
299
299
296
295
295
293
294
293
295
297
299
298
299
299
299
301
301
299
299
298
298
300
299
299
299
300
300
302
302
302
303
304
304
306
306
306
306
307
309
310
312
314
313
315
315
314
313
313
317
316
317
318
316
317
317
314
316
316
317
318
319
320
318
318
318
316
317
317
316
317
318
317
317
317
317
319
319
320
320
317
317
316
318
319
318
318
315
315
314
314
313
314
314
315
316
319
319
322
320
325
327
328
330
331
332
330
328
328
328
328
327
325
327
327
327
331
331
332
331
329
329
328
326
325
325
325
329
330
330
330
330
331
329
329
331
333
339
337
339
339
340
340
337
335
338
339
340
340
337
340
341
344
346
345
346
349
346
346
346
344
346
345
347
346
344
344
344
344
344
346
347
347
348
350
350
351
350
349
347
347
348
347
347
350
349
346
345
341
340
338
340
341
343
340
338
341
341
340
339
341
343
342
342
341
340
340
339
341
342
342
342
338
339
338
339
339
341
340
339
339
342
342
344
347
345
345
345
346
346
349
347
346
346
347
346
347
348
350
350
350
349
353
354
352
354
357
360
360
358
358
357
359
359
361
362
364
365
367
367
368
368
362
364
365
365
367
365
363
361
361
361
360
362
361
361
358
359
360
362
362
363
365
364
364
363
364
363
365
367
368
369
369
371
370
371
371
374
377
377
379
376
378
379
375
373
372
374
374
375
373
374
375
375
373
374
376
379
378
376
377
379
378
376
377
381
380
377
377
377
378
378
379
378
377
378
376
375
378
379
379
379
379
380
383
383
386
384
381
382
382
383
384
382
382
380
381
383
381
382
382
383
382
382
382
381
381
381
384
383
385
387
389
389
389
388
390
389
389
391
391
390
390
389
390
389
386
385
386
386
385
384
384
383
382
384
386
388
389
389
388
389
386
387
387
389
391
389
389
389
388
388
390
392
391
390
390
389
390
391
392
391
390
391
391
391
393
392
394
394
396
397
399
399
396
395
399
399
401
403
401
401
400
398
397
396
396
396
397
398
400
398
400
401
400
402
401
401
400
400
400
402
402
403
403
402
400
403
405
407
407
408
409
407
409
407
407
409
410
413
411
411
411
412
412
412
416
414
416
413
410
412
415
416
413
411
411
411
415
411
412
412
411
410
408
407
411
412
413
409
409
409
409
407
408
409
409
410
410
412
411
408
409
408
408
408
409
409
408
413
415
417
415
417
417
414
417
415
415
413
416
417
416
416
415
413
414
414
415
416
415
414
416
418
420
416
413
416
420
417
418
417
419
422
423
425
424
423
422
422
425
423
423
423
421
423
425
428
428
430
431
430
433
436
437
441
438
437
437
435
436
435
435
433
431
431
435
436
436
438
440
436
438
443
441
441
443
444
447
445
446
444
443
443
440
442
445
445
448
450
447
448
448
447
448
449
451
452
451
454
455
457
458
459
459
460
462
462
461
462
461
462
463
466
464
466
465
469
467
467
467
463
460
462
465
460
465
465
465
463
460
463
460
461
464
470
468
466
466
467
465
464
465
465
463
459
458
456
458
458
458
459
458
457
456
459
458
459
458
457
456
456
456
457
459
459
458
459
461
461
461
461
458
461
466
465
462
466
466
468
465
466
469
468
468
468
467
468
467
470
468
469
466
469
470
471
473
475
474
473
470
470
472
474
472
471
470
472
474
476
475
476
475
479
474
472
471
469
470
472
476
475
478
480
481
481
477
479
483
482
485
486
487
483
482
483
483
488
489
490
494
495
494
496
494
494
496
495
496
498
497
499
500
498
497
499
498
496
495
494
498
497
498
494
493
497
495
495
493
495
495
493
489
491
493
499
499
497
501
499
501
504
511
508
502
502
501
499
500
501
502
501
502
502
497
498
499
500
498
499
497
496
496
496
501
502
503
501
504
503
504
505
504
504
506
503
503
504
505
501
504
503
499
502
501
501
506
506
509
511
511
511
513
511
510
509
508
509
512
513
515
518
517
518
517
516
516
518
516
514
515
513
510
510
513
508
507
510
509
507
507
507
505
508
507
505
505
507
506
506
504
507
508
508
507
506
505
507
506
504
503
503
502
504
504
506
507
506
509
507
506
507
504
505
505
504
504
505
505
503
507
507
509
508
505
508
507
508
506
509
508
509
509
511
510
510
510
506
508
507
507
505
506
505
503
504
508
507
509
510
513
515
512
512
508
508
509
510
511
508
506
508
508
506
506
503
506
505
506
507
510
510
511
511
512
510
512
515
515
516
513
513
512
513
516
517
517
514
514
517
513
515
515
517
521
516
518
517
516
518
518
519
519
525
524
522
524
523
527
523
524
526
523
521
520
517
517
519
521
521
520
520
519
522
523
520
522
520
519
524
521
522
520
522
522
520
517
518
519
520
520
520
521
522
522
522
520
520
522
523
523
526
526
530
533
532
531
532
531
530
527
526
531
530
531
530
531
529
529
530
530
534
536
539
540
538
537
538
537
538
540
541
542
546
544
543
548
549
554
552
553
555
558
563
560
557
558
559
560
560
554
553
555
554
555
555
551
552
554
551
551
551
551
549
550
546
547
547
549
548
551
551
554
556
556
554
554
553
553
553
552
553
552
557
553
553
554
558
559
556
558
562
563
570
569
567
565
562
560
557
560
556
558
562
559
560
560
558
557
559
559
559
560
560
556
560
562
561
565
565
564
561
563
561
558
562
559
560
559
561
561
560
565
565
559
560
560
557
554
555
554
553
556
556
556
558
559
563
563
564
567
565
561
562
562
567
568
566
565
566
568
570
571
576
577
578
576
576
575
571
568
565
567
567
564
561
566
568
566
566
565
565
565
571
569
571
571
571
566
570
570
572
574
578
579
581
582
581
582
581
580
578
576
578
578
579
580
577
582
580
579
575
574
576
575
575
576
577
579
577
578
576
578
577
577
577
575
576
572
575
579
576
578
579
578
577
577
578
578
581
580
581
583
584
588
587
586
585
588
587
588
585
586
582
580
580
580
577
578
582
579
580
579
579
578
579
576
578
578
579
578
580
577
575
571
572
568
567
566
564
567
566
565
568
569
566
563
565
567
569
569
568
573
577
579
580
580
581
574
574
577
576
577
579
577
577
580
580
579
577
576
575
573
577
577
577
579
582
583
581
581
578
577
577
576
578
576
580
579
580
579
574
573
570
568
570
573
572
573
576
574
579
584
583
581
582
581
583
582
579
574
575
578
577
579
580
579
580
581
580
582
581
586
588
589
595
595
591
590
594
594
594
598
598
596
601
603
598
598
598
590
587
586
588
585
584
583
582
581
583
581
579
584
581
580
585
587
589
589
590
591
592
593
592
588
584
583
583
584
589
587
588
591
587
585
586
581
580
585
586
586
588
587
586
587
587
587
587
587
585
583
579
578
579
577
577
577
581
585
583
583
582
581
585
582
582
584
584
584
587
586
586
582
581
575
578
577
577
578
580
582
580
580
581
581
582
581
581
579
578
576
579
580
581
581
583
582
582
585
583
586
583
582
580
583
584
584
585
585
588
585
583
583
585
585
584
584
584
586
588
588
590
588
588
589
588
591
591
589
587
585
584
581
580
581
576
579
581
581
580
581
578
580
581
582
582
582
586
587
587
587
586
588
586
583
587
585
584
587
590
592
593
589
589
585
583
582
581
584
581
585
585
589
586
587
588
586
583
584
579
579
578
581
579
583
585
586
588
584
587
588
589
588
591
590
588
584
585
586
584
587
589
590
589
587
588
591
590
594
592
590
590
588
588
585
584
585
587
588
587
590
593
593
592
593
594
595
594
600
597
598
598
600
600
599
596
595
594
594
597
600
599
600
602
598
604
604
601
601
603
602
603
608
603
607
605
608
609
609
613
613
610
609
610
611
611
608
606
606
606
603
606
605
605
606
607
611
607
607
607
610
612
615
619
618
616
615
611
609
610
612
608
606
602
602
601
599
600
602
604
606
602
604
606
611
613
616
615
616
617
614
611
611
608
609
610
614
613
614
613
612
614
609
607
609
612
613
609
609
610
612
612
611
612
614
616
613
614
617
613
614
614
614
616
615
613
614
612
616
614
614
614
614
613
610
609
611
610
611
613
611
615
615
617
621
616
618
618
618
621
624
623
624
628
629
628
628
631
628
627
622
621
620
620
619
619
619
617
618
620
619
619
623
625
623
623
625
620
623
625
626
627
625
625
627
629
632
630
629
629
631
632
630
631
628
629
630
631
629
628
626
627
624
624
620
619
618
617
616
614
615
614
615
617
616
615
614
619
619
624
625
623
619
617
620
620
621
621
620
617
614
613
611
613
617
615
611
614
618
619
617
621
621
622
622
618
620
624
628
626
623
620
617
616
616
619
618
621
621
620
623
621
611
610
612
613
618
620
622
618
618
618
616
618
617
619
620
626
626
627
624
624
624
625
623
622
621
621
627
627
629
632
632
627
623
621
621
620
620
617
616
619
620
621
622
615
618
618
618
617
616
618
620
617
619
617
615
619
614
612
613
614
614
614
617
619
617
615
610
614
610
607
606
605
607
606
605
608
609
607
608
610
606
604
607
604
602
603
604
603
605
606
606
607
608
612
609
609
610
607
609
611
608
610
609
609
608
609
611
608
609
611
614
613
613
610
610
604
607
607
604
599
600
602
599
601
600
601
601
600
606
607
605
605
605
607
609
611
610
613
617
616
612
616
614
611
611
608
609
611
616
614
613
612
614
618
616
613
616
618
615
616
619
618
619
620
623
625
624
623
625
624
623
618
615
615
620
618
619
618
614
612
612
618
622
625
624
623
625
623
622
624
625
626
626
624
623
622
624
626
629
629
632
630
632
630
630
628
628
629
630
631
633
632
633
632
634
634
633
627
628
628
630
629
629
632
630
631
634
636
637
640
637
639
641
642
643
645
650
650
648
646
648
647
643
641
638
638
636
636
636
637
636
635
635
636
637
635
637
636
638
637
638
639
637
636
634
635
637
639
642
635
636
632
634
634
635
632
628
627
625
624
621
621
619
620
620
623
622
622
622
620
618
619
617
617
618
620
620
620
618
619
618
617
619
618
621
624
627
622
625
627
626
625
625
627
625
622
619
617
619
624
622
624
621
617
616
616
618
615
615
618
617
620
618
621
617
622
619
619
623
628
625
623
623
625
624
624
625
624
625
628
629
634
634
637
639
636
634
631
630
629
632
632
633
632
632
634
638
634
635
636
637
639
642
638
634
630
632
630
628
633
635
636
638
638
635
634
636
636
637
633
636
634
638
636
634
634
633
635
641
639
644
644
644
643
643
642
642
641
643
641
642
643
643
643
642
638
639
643
641
642
641
641
643
641
643
641
641
636
636
637
640
640
643
642
641
641
642
636
640
639
638
638
640
640
638
637
636
638
638
637
639
641
643
643
640
641
646
646
646
642
640
638
637
638
638
634
637
635
632
633
631
630
633
633
633
632
631
631
635
637
635
636
636
637
637
638
639
640
642
640
640
636
638
637
635
636
636
636
637
638
637
639
641
640
638
643
642
638
638
637
638
636
633
633
635
634
635
637
639
638
633
637
638
635
635
633
633
626
628
628
628
629
629
633
629
631
630
635
636
637
635
636
640
638
638
640
640
640
640
642
640
639
642
643
644
643
642
645
637
643
638
642
642
640
636
634
634
635
636
635
635
637
635
632
634
637
639
638
637
638
639
634
634
637
634
638
633
636
639
638
636
639
638
635
639
641
639
638
638
636
632
633
637
636
637
634
637
633
630
627
621
620
619
619
618
617
619
618
621
624
625
623
626
624
621
624
628
630
632
637
637
633
631
632
631
633
631
633
634
639
634
628
625
626
624
622
625
627
625
623
619
615
613
610
611
609
611
610
611
610
611
613
616
615
615
617
618
614
614
615
612
613
613
615
616
615
612
614
614
611
613
614
617
614
613
613
617
618
618
614
614
613
613
612
609
609
610
607
606
606
609
614
610
610
612
613
613
612
609
610
615
614
615
614
614
615
614
613
614
611
609
608
612
612
613
611
610
612
615
617
615
617
619
617
614
612
615
615
615
613
615
615
619
619
619
618
616
618
613
614
617
619
620
615
618
616
615
618
621
619
618
617
613
614
609
613
617
620
619
619
618
619
618
616
617
618
619
619
615
617
619
620
621
622
623
623
622
624
631
626
626
631
629
631
630
630
627
628
623
624
624
623
622
625
626
629
632
630
630
629
628
626
625
626
626
626
623
621
621
618
617
627
627
626
630
629
631
634
631
632
633
633
632
631
627
627
627
623
626
628
627
626
628
629
626
626
624
624
626
625
625
628
631
632
630
628
631
632
633
635
634
634
639
638
640
636
635
635
633
631
633
632
630
631
630
629
627
627
625
624
623
623
624
621
626
624
621
623
624
623
623
617
620
622
624
621
619
624
625
623
622
621
619
622
621
621
619
621
620
623
623
621
621
620
619
618
618
618
615
616
615
615
615
616
619
615
616
618
620
623
621
622
623
624
626
625
625
627
631
630
628
628
628
631
629
627
625
624
622
622
622
621
623
623
625
623
628
630
633
631
628
629
629
629
630
627
623
621
622
623
618
618
618
619
619
619
617
618
615
614
612
610
613
614
618
620
625
626
627
628
625
627
628
628
626
625
627
627
628
624
624
621
623
625
626
626
628
629
632
633
634
630
630
628
630
633
634
634
634
632
630
631
631
630
633
633
635
636
637
634
634
632
629
630
628
626
629
632
630
632
631
634
634
637
635
633
633
637
634
638
639
638
642
637
635
639
637
639
638
638
636
638
637
637
633
628
632
630
630
629
629
631
635
639
641
640
642
641
646
642
641
643
644
646
647
647
643
640
644
648
647
649
649
650
652
651
652
651
650
651
650
647
644
642
642
643
647
648
643
643
644
647
649
649
648
646
645
642
642
644
644
646
645
646
649
649
650
648
649
651
654
652
647
645
644
644
645
644
646
646
652
653
650
655
656
654
656
656
656
657
656
657
660
658
656
656
657
658
658
658
659
659
662
661
663
665
667
667
670
670
669
672
671
669
671
670
675
677
677
677
677
680
683
681
681
684
683
681
679
679
677
677
676
675
679
678
676
670
673
673
673
671
671
672
674
674
673
671
672
672
674
670
673
672
671
669
670
674
677
678
681
677
676
679
681
681
680
678
676
678
680
679
681
680
678
681
681
679
682
677
677
677
680
681
683
684
685
686
688
686
685
685
687
687
688
683
684
680
681
685
679
675
676
677
675
674
675
675
675
677
679
680
681
681
682
682
677
679
676
673
671
672
669
670
668
668
667
669
672
673
673
671
673
675
677
676
676
672
674
675
675
673
671
678
679
683
685
678
677
680
685
685
681
679
679
673
670
671
670
671
671
676
679
678
678
679
678
678
679
678
680
678
677
680
680
678
676
678
680
682
681
685
683
677
674
678
678
676
681
680
684
687
687
680
679
679
678
681
682
683
681
682
679
681
681
681
681
682
676
677
675
674
673
675
677
678
677
678
677
679
678
678
679
681
686
688
688
685
689
687
689
690
690
688
684
684
685
685
682
683
680
680
678
677
679
680
684
686
683
681
678
679
680
678
675
673
671
674
676
676
674
676
681
678
678
683
679
680
683
684
681
679
673
674
673
673
670
670
669
669
668
670
670
671
669
671
671
671
668
667
666
667
674
676
676
676
677
675
672
671
671
676
675
674
675
675
676
675
674
669
669
672
668
672
677
678
673
671
669
669
667
666
664
666
661
660
658
658
662
658
657
658
661
668
671
671
668
674
674
675
675
673
676
680
683
682
678
676
675
670
670
671
671
670
668
667
672
672
675
675
683
681
678
673
674
673
671
666
668
667
669
669
671
670
668
671
672
669
665
667
666
668
667
665
666
668
672
674
672
673
675
672
671
669
669
667
673
671
664
664
661
660
658
656
655
659
658
658
654
657
656
652
654
655
656
656
650
653
652
655
654
656
656
654
653
655
655
655
657
661
651
654
659
658
656
658
659
660
658
653
650
648
651
652
653
653
653
656
657
658
660
659
658
658
653
651
653
652
654
655
654
653
655
654
654
652
653
656
656
658
659
659
661
663
660
657
656
654
651
648
648
650
651
653
655
656
657
655
658
656
659
661
661
666
665
663
663
664
664
659
662
662
669
668
667
665
666
665
666
670
671
676
678
675
676
673
670
671
669
672
670
673
676
672
675
676
677
678
682
678
679
678
675
676
678
675
673
672
670
673
669
671
669
669
669
667
669
667
663
662
663
663
661
662
655
656
653
653
655
658
663
665
664
662
660
664
661
660
660
660
658
656
657
656
657
658
655
656
659
658
657
658
660
660
663
661
657
660
656
657
659
660
661
657
659
660
662
661
665
668
667
669
666
664
663
661
659
666
663
662
663
664
665
667
663
663
661
660
661
669
665
664
663
667
667
662
663
664
665
669
672
669
670
670
672
670
669
668
668
669
670
670
671
674
672
677
678
681
681
683
682
681
680
680
681
682
684
683
682
680
681
682
682
682
683
682
680
678
679
682
681
680
677
678
677
670
671
672
671
672
669
670
668
668
670
671
670
671
672
670
668
668
666
669
674
674
673
674
673
675
671
672
672
670
665
661
664
663
660
660
659
656
654
651
656
660
656
658
660
660
657
655
654
656
659
660
658
654
658
657
657
653
654
654
657
655
653
654
654
655
653
654
657
653
657
659
662
660
662
663
665
663
662
664
664
662
662
663
662
666
666
667
668
668
667
666
666
665
668
668
670
667
668
665
669
671
670
671
671
669
667
670
671
671
670
669
669
670
672
675
673
672
673
672
675
677
679
678
680
678
678
673
667
666
664
665
665
668
666
664
663
662
664
661
665
664
663
661
662
658
657
656
655
654
651
653
654
653
654
653
657
658
658
665
671
670
671
674
676
673
672
669
668
663
662
664
662
665
668
663
665
663
662
660
660
660
662
659
663
665
671
670
671
671
673
672
671
670
668
664
660
661
663
667
666
663
664
664
667
666
667
668
673
673
670
668
669
666
667
670
673
673
672
673
671
672
676
679
679
677
676
676
675
673
668
668
667
669
672
671
672
676
674
673
670
669
671
667
668
671
668
672
676
676
675
679
675
674
670
667
667
669
670
667
668
666
664
658
658
659
661
663
665
663
663
663
666
666
664
662
664
660
662
665
664
664
667
666
664
668
669
663
663
662
661
660
661
660
661
662
666
661
663
663
663
665
663
666
666
668
664
661
662
660
663
663
662
664
668
672
675
675
676
673
673
676
674
674
674
673
674
675
671
674
678
679
680
681
679
679
676
674
675
675
676
675
679
678
674
677
679
678
677
675
675
674
673
673
673
677
673
675
678
673
675
670
672
674
677
672
674
673
673
670
676
676
677
678
677
676
674
668
670
666
666
669
667
666
665
662
664
663
663
662
661
658
657
658
656
656
657
662
668
667
662
666
669
670
667
671
667
665
664
664
662
659
657
659
658
658
661
667
670
669
668
671
671
676
679
674
669
673
671
670
670
668
669
665
664
666
666
665
667
672
667
665
662
664
664
662
662
664
670
667
671
672
670
670
672
672
670
670
665
667
666
664
667
671
667
665
663
665
665
665
665
664
663
663
665
663
665
665
664
666
667
669
669
670
670
667
665
669
666
669
668
674
671
666
668
666
665
669
670
668
664
664
662
664
663
665
660
663
666
662
659
663
667
667
669
670
669
667
664
664
663
662
665
669
668
671
671
673
672
671
669
669
668
667
672
670
673
674
674
679
675
676
679
677
683
681
680
679
683
681
683
680
678
683
682
681
682
681
679
678
678
674
675
678
675
674
672
677
677
678
681
679
680
678
678
679
680
684
686
683
681
680
679
677
672
675
676
676
682
679
677
672
670
668
667
670
669
669
673
673
669
670
671
669
670
672
675
678
676
674
675
672
673
672
673
672
671
667
669
668
667
666
664
664
663
663
664
667
664
663
664
662
660
657
655
653
652
654
655
657
653
655
655
659
661
659
658
661
659
657
658
659
661
663
669
672
670
673
677
680
673
677
674
676
678
677
674
673
678
679
677
674
679
675
676
676
678
678
676
671
677
675
680
684
680
682
683
686
683
685
684
685
683
686
685
684
682
685
689
689
692
691
689
690
690
686
689
690
690
687
682
682
681
680
680
680
682
683
685
685
683
684
681
682
685
685
685
690
690
687
685
685
685
687
684
687
689
691
694
691
689
690
693
698
698
696
698
697
698
700
705
700
701
701
703
704
704
703
700
702
700
700
699
698
696
699
701
700
697
696
696
693
691
690
692
693
694
694
697
698
701
701
702
699
699
701
699
700
700
701
699
700
702
704
700
699
700
706
705
704
706
711
709
710
708
705
705
701
701
697
696
697
698
704
705
704
707
706
708
702
705
706
698
697
697
694
698
696
698
698
700
701
702
701
701
705
705
704
707
710
710
706
708
707
707
707
707
705
703
705
707
708
705
707
708
710
710
707
707
707
711
710
708
706
705
707
704
705
703
702
703
703
698
696
696
702
702
704
704
705
707
704
701
698
701
702
702
701
702
706
701
703
703
701
698
698
700
701
701
702
700
700
698
697
698
697
693
695
693
690
691
693
697
696
693
697
700
694
692
694
694
692
691
691
693
694
692
695
693
695
695
698
703
700
703
701
700
699
695
692
693
695
696
695
697
694
696
695
699
699
697
694
692
690
693
694
692
691
693
696
695
696
691
690
692
693
691
693
697
692
690
689
685
685
680
679
675
677
674
673
676
680
681
682
684
688
692
690
686
689
690
687
687
688
690
691
693
693
693
694
694
692
696
696
695
698
693
690
693
690
689
691
688
688
684
683
683
681
681
682
682
679
680
677
678
676
675
674
677
678
680
679
683
680
679
685
687
681
681
670
670
671
673
674
673
674
676
676
677
679
681
682
678
677
678
678
684
680
682
684
683
682
682
681
680
678
675
673
675
674
679
680
680
676
675
678
675
676
681
676
675
673
672
671
669
671
674
676
681
680
681
681
680
680
679
677
678
680
681
681
679
682
682
683
680
677
678
673
673
675
672
673
673
673
670
671
671
674
673
675
672
675
673
676
676
676
676
671
669
663
665
664
660
660
657
656
658
664
664
662
666
664
667
665
669
668
672
672
672
674
673
673
678
677
681
680
684
686
680
681
679
676
673
669
671
672
673
672
675
676
676
676
679
677
676
676
678
676
671
674
674
670
673
672
674
677
675
675
675
676
678
677
