0.0004879310344827587 0.00021482758620689656
300
297
298
297
296
291
286
286
285
288
288
286
286
286
287
287
288
290
289
289
288
288
289
290
289
288
288
288
290
293
293
295
294
292
292
294
297
295
296
297
296
297
299
299
299
298
297
295
293
293
292
294
295
295
296
297
296
297
294
293
293
290
289
287
289
288
289
289
289
288
291
292
295
295
297
297
296
295
293
293
293
293
293
290
289
288
288
290
289
290
292
292
292
292
295
294
294
295
294
297
296
296
297
296
297
295
296
298
297
297
297
299
298
297
297
300
299
300
299
303
302
302
301
301
299
299
301
301
301
301
303
303
304
308
308
307
305
305
305
307
306
306
308
307
309
310
308
308
307
306
306
306
306
307
308
310
310
309
313
314
311
311
313
315
314
315
315
313
312
318
318
318
316
313
311
313
313
312
310
311
314
313
310
308
311
310
310
310
313
312
313
315
316
316
318
317
316
322
320
319
319
316
314
314
318
317
317
315
314
313
314
316
315
314
317
318
316
317
316
315
315
314
312
315
314
312
310
311
312
312
312
313
311
312
312
312
312
314
315
313
311
311
313
314
310
310
307
306
308
306
307
307
308
310
309
311
310
311
311
307
306
306
305
307
307
307
307
308
308
309
308
307
307
307
309
307
308
309
309
309
309
312
314
314
311
312
311
312
313
312
315
315
318
317
314
316
314
313
314
316
313
312
313
313
308
309
313
314
311
312
311
310
310
308
307
309
307
306
307
307
308
311
313
312
308
310
311
311
314
315
316
317
315
316
315
314
314
314
314
315
314
314
317
318
319
319
320
317
317
316
315
315
320
322
321
318
318
319
319
321
321
320
321
322
325
325
325
321
319
318
317
317
319
320
317
316
314
313
314
315
314
316
317
317
317
320
321
321
320
319
319
319
321
321
322
324
323
325
330
328
327
327
330
329
331
330
334
333
334
329
331
328
329
328
330
331
330
329
327
327
324
325
328
331
332
334
336
333
333
333
335
334
335
334
333
330
333
332
329
330
329
329
328
327
328
326
327
327
328
327
326
328
328
327
327
328
326
328
328
328
325
323
323
324
328
328
328
331
331
328
331
331
336
339
338
336
337
337
338
336
338
339
338
337
337
337
336
335
333
334
335
339
339
336
337
341
343
343
342
345
343
342
343
343
341
342
343
344
344
346
346
346
345
339
338
343
339
337
336
336
337
339
341
341
341
343
345
345
345
342
342
341
341
341
342
343
343
343
343
346
343
346
342
342
341
339
337
337
335
335
338
336
337
340
340
340
339
343
344
346
344
346
345
343
342
342
342
341
343
343
341
340
341
341
342
342
338
337
338
341
340
336
335
335
335
334
333
336
335
335
337
337
334
333
330
331
334
335
336
337
339
338
337
338
338
336
333
334
333
333
333
334
333
333
337
335
334
335
335
339
337
338
339
340
341
339
337
338
337
337
338
339
341
340
342
343
342
339
340
339
340
338
338
336
339
339
335
335
337
338
339
340
341
342
342
341
342
339
339
337
335
337
338
337
338
338
340
339
342
341
343
344
344
344
342
343
343
344
343
344
341
339
338
339
338
339
336
336
336
337
333
334
334
337
339
342
343
342
344
344
342
343
344
343
342
342
345
343
343
345
346
346
345
346
346
347
347
348
348
348
344
343
343
345
345
347
345
347
347
346
345
344
346
343
342
344
344
344
345
347
346
346
347
347
345
343
341
339
338
340
341
343
344
345
345
343
343
342
342
341
340
341
340
341
344
341
342
342
340
339
337
337
335
335
336
337
342
341
340
340
340
341
340
340
339
341
338
337
337
338
340
337
341
343
342
339
338
339
341
342
343
343
342
344
343
343
343
342
342
341
343
342
344
343
344
345
345
342
343
345
347
348
348
350
351
353
351
350
350
352
352
354
352
350
350
346
345
344
345
344
343
341
344
344
346
347
347
349
345
346
345
348
346
346
345
347
345
348
348
345
346
345
345
344
346
346
346
346
347
349
351
352
353
353
352
351
355
353
357
354
354
356
358
357
357
355
358
357
357
358
358
358
356
358
360
361
362
360
360
359
356
357
359
359
360
358
355
357
356
358
358
359
357
356
356
356
356
357
360
360
359
357
360
361
362
362
357
359
362
362
363
363
363
365
364
362
363
367
366
364
366
365
365
367
365
368
364
358
362
361
360
360
357
358
359
362
363
361
364
361
360
360
359
357
357
358
366
365
366
361
362
357
357
357
355
356
357
356
357
356
357
357
359
358
362
358
359
360
359
357
358
358
358
360
357
360
361
363
364
366
363
361
361
361
357
356
355
359
357
357
359
356
353
352
353
352
353
350
352
354
355
354
353
352
351
353
356
354
352
351
352
354
352
352
351
352
353
352
347
349
351
351
350
349
350
354
354
352
355
357
360
359
360
360
357
354
357
357
357
357
358
358
358
357
357
357
355
354
352
352
356
355
358
361
358
356
357
358
359
361
360
361
361
363
362
362
363
363
361
358
358
359
358
358
357
357
357
356
357
361
359
360
359
359
359
357
359
359
358
358
359
358
359
356
357
355
356
355
354
354
355
353
355
355
360
360
360
359
358
358
359
358
355
356
353
351
352
351
350
349
350
356
357
355
355
357
355
355
354
353
354
356
359
359
359
360
360
360
360
358
357
360
360
359
360
359
359
360
361
361
363
364
364
364
363
364
365
364
363
365
367
366
364
366
364
363
360
359
360
362
360
362
362
364
362
362
364
362
363
364
364
366
365
364
360
362
356
357
358
357
354
356
357
357
357
360
360
361
362
365
365
366
364
367
367
369
368
367
366
365
363
363
366
367
368
368
369
368
373
371
373
371
370
368
369
370
371
371
370
370
373
374
374
371
369
367
365
366
368
371
369
368
368
368
369
372
371
371
372
372
371
371
372
376
379
378
376
376
373
373
372
373
373
372
372
368
367
367
367
369
368
370
371
370
369
370
366
363
364
365
364
364
364
369
367
368
364
362
358
359
360
360
362
362
361
364
364
362
364
363
365
362
358
359
361
360
362
362
360
358
355
357
360
356
356
357
357
358
364
369
365
368
363
361
362
362
361
359
359
359
359
360
363
366
366
365
365
365
365
364
365
366
362
360
360
359
360
362
362
360
361
361
359
358
363
364
361
364
363
362
363
363
365
362
365
365
364
362
363
362
360
360
365
365
366
363
362
361
362
364
365
365
366
362
363
362
363
364
364
361
358
359
359
359
360
360
356
358
360
359
360
361
360
362
361
358
360
358
358
357
355
356
356
355
357
358
357
357
359
358
356
359
359
358
356
354
355
355
357
356
354
354
355
356
352
355
357
360
357
357
358
358
360
359
359
360
360
358
358
361
362
357
358
356
356
356
356
356
356
357
355
355
355
357
359
358
360
361
364
364
365
368
367
371
374
371
372
373
373
373
373
376
377
379
378
378
379
378
378
377
377
375
375
375
375
375
374
374
373
373
375
375
370
373
375
376
374
374
372
374
375
374
377
379
377
376
377
375
375
373
373
372
374
376
377
374
373
372
370
369
370
370
371
371
369
369
370
370
368
369
368
369
373
373
372
372
375
376
375
373
375
375
374
374
376
374
377
375
375
373
373
374
374
374
375
375
373
372
374
374
376
374
373
374
372
373
373
373
375
373
375
374
374
376
379
376
376
379
379
379
375
374
376
379
379
378
379
377
379
379
378
379
381
380
383
385
384
380
382
382
378
377
380
380
381
380
380
381
383
380
379
381
379
380
379
378
378
379
376
375
374
373
374
375
373
376
374
374
373
375
376
376
374
372
374
372
372
370
368
366
365
365
363
364
363
364
367
366
369
369
369
369
368
367
366
368
370
370
370
370
372
370
369
367
366
366
366
366
366
367
366
366
365
368
366
366
364
364
362
362
362
362
362
363
364
366
365
366
368
370
365
365
365
366
364
363
362
363
362
363
363
365
366
364
364
365
367
367
367
366
367
367
367
366
365
364
364
364
365
362
361
364
361
365
369
367
364
366
366
368
368
370
368
364
363
364
365
368
369
367
367
367
365
365
366
367
368
368
368
367
370
370
374
376
375
375
376
375
373
370
368
368
368
367
365
362
360
362
360
357
355
356
358
355
353
352
351
353
354
355
358
359
359
359
360
356
355
353
356
354
357
357
357
356
356
357
359
355
354
355
355
356
355
356
359
356
358
357
357
357
356
359
359
361
361
358
358
358
357
358
359
357
357
358
357
364
364
360
357
359
357
357
357
358
358
361
363
363
363
363
363
362
363
362
361
360
361
363
361
362
361
361
362
360
360
361
364
363
361
362
360
359
359
360
360
363
362
364
361
362
361
362
362
361
362
357
360
361
361
359
361
360
358
358
360
359
359
361
358
357
359
359
361
361
360
360
360
360
360
357
360
364
364
363
358
360
362
365
361
359
358
361
360
362
364
363
365
366
365
365
363
362
361
361
361
361
362
363
366
367
366
368
364
361
363
363
365
367
366
366
368
366
367
367
367
370
369
368
370
371
371
370
369
367
366
368
368
366
367
366
366
365
364
366
363
364
364
365
365
364
366
365
367
365
366
364
363
365
362
363
363
363
362
364
365
365
365
368
368
367
369
371
369
368
366
365
363
366
368
367
366
366
364
363
362
366
364
365
368
370
367
366
367
367
367
367
365
366
366
365
365
364
365
365
362
362
361
360
360
359
358
358
358
357
358
357
356
357
359
362
361
359
360
358
360
361
359
360
358
356
354
353
352
352
352
354
354
358
359
362
360
359
359
357
359
359
359
359
358
359
359
361
362
358
359
360
359
360
360
357
360
358
360
363
361
363
362
365
364
367
368
368
369
368
365
364
367
366
368
368
371
370
369
370
373
375
375
376
374
372
373
371
372
372
373
376
376
373
373
373
375
374
375
375
375
376
376
374
373
368
368
369
370
369
368
368
369
370
370
370
371
374
375
373
375
374
376
379
378
377
380
378
377
377
373
376
374
375
373
373
375
376
376
375
374
373
376
374
372
371
374
378
376
376
376
374
375
374
373
372
371
367
367
368
368
369
370
372
374
372
374
374
373
371
370
370
371
371
372
371
370
371
371
369
368
367
368
367
367
369
371
375
375
376
374
377
376
379
377
376
377
371
372
372
371
370
370
371
374
370
370
370
369
369
367
365
367
366
367
369
369
368
371
374
371
371
371
372
373
373
374
376
376
375
376
375
375
375
377
377
377
376
374
373
371
370
368
370
369
370
367
367
366
367
366
365
366
367
370
370
372
372
372
373
372
371
368
365
366
367
365
365
362
363
364
362
363
365
365
364
365
362
363
366
369
368
367
368
369
369
369
370
372
374
372
371
374
375
378
379
376
378
378
382
382
381
381
376
377
379
377
379
378
376
378
382
381
379
382
381
380
380
381
381
379
378
378
376
375
374
373
372
372
373
372
369
370
371
371
370
370
372
372
373
371
370
370
369
370
370
371
371
368
368
367
369
367
369
370
367
369
367
366
367
368
368
366
367
369
366
365
364
361
361
359
360
362
362
361
362
361
364
364
367
368
371
368
369
368
371
371
371
369
371
372
371
371
373
376
382
381
379
378
383
385
384
380
381
381
381
384
386
386
384
386
387
381
383
383
386
385
385
385
384
387
389
387
386
387
390
391
392
390
389
386
385
387
382
381
380
382
381
380
384
388
385
384
383
381
382
385
384
381
379
378
379
378
379
380
380
382
382
382
379
378
380
380
379
380
380
379
379
378
376
377
375
374
373
375
373
373
374
377
379
380
381
383
385
386
387
387
387
385
384
384
382
383
384
384
387
389
389
388
384
384
389
387
385
385
388
385
384
382
381
382
383
384
383
382
381
382
382
383
385
385
386
386
386
386
386
386
384
384
382
380
378
378
381
381
382
380
380
378
380
380
381
380
377
373
372
372
370
372
372
374
374
375
374
377
378
377
378
382
381
378
375
374
374
376
376
378
378
379
377
378
376
377
376
373
371
372
374
374
376
376
375
372
373
377
374
373
372
370
372
371
371
374
378
378
378
379
377
376
377
378
377
378
379
378
381
382
384
383
382
378
376
378
378
376
375
376
378
376
377
378
376
377
380
379
377
377
381
380
380
380
383
384
384
382
384
383
383
384
384
384
384
382
386
388
387
386
389
390
388
387
385
384
384
385
384
385
389
388
391
390
390
390
387
390
389
388
391
391
392
387
390
391
390
387
389
388
396
396
397
396
394
394
392
395
395
392
393
395
393
393
395
396
396
397
397
397
396
396
399
401
400
399
400
399
399
400
400
398
393
397
396
397
393
394
393
391
391
391
392
393
393
392
389
389
391
387
388
392
393
393
390
389
387
386
384
383
382
383
383
381
381
382
387
385
383
382
383
385
387
386
385
384
386
386
385
386
381
381
382
382
383
384
385
384
382
382
384
386
387
390
390
386
385
386
385
383
384
386
385
385
386
385
383
381
384
384
385
385
384
383
383
380
382
383
382
384
382
382
384
385
389
387
384
379
379
380
380
383
383
385
387
388
390
389
390
392
390
391
393
393
391
391
390
390
387
387
389
389
387
387
390
392
394
393
393
390
391
393
393
393
396
396
396
396
397
397
399
401
401
401
397
398
400
397
399
399
397
397
397
398
404
406
403
405
403
404
406
407
409
409
409
409
408
405
404
402
403
400
397
396
400
400
399
399
398
399
398
398
401
401
401
399
402
403
404
403
403
405
404
405
407
407
408
409
407
407
406
406
407
409
410
408
406
406
407
407
409
408
411
413
412
412
411
412
412
411
412
410
406
409
406
404
404
405
405
408
406
404
406
408
406
408
406
407
407
409
408
410
411
408
407
408
408
407
405
406
406
407
407
407
408
406
403
408
407
406
407
406
404
404
404
403
406
404
405
402
403
403
403
405
405
407
405
400
403
403
402
401
398
400
399
399
401
399
400
402
404
404
403
402
400
404
405
408
405
404
400
399
399
404
406
404
400
401
399
399
402
401
400
399
399
400
400
397
396
397
397
399
399
398
399
398
396
396
398
395
394
395
398
397
399
397
397
397
396
397
397
395
396
398
398
397
396
398
400
400
401
401
400
399
399
400
400
399
399
405
405
406
405
403
403
402
403
402
403
403
403
404
407
407
407
407
407
411
413
413
414
413
414
417
416
416
415
414
412
411
410
412
410
411
410
409
409
408
411
411
410
411
412
414
409
402
402
402
401
406
407
410
409
408
408
404
404
402
402
401
399
392
393
394
393
397
393
394
395
392
396
396
395
396
395
394
395
392
392
391
392
391
390
391
390
393
393
396
401
399
402
401
401
400
400
402
402
400
401
402
400
400
401
401
400
400
397
397
395
395
393
394
395
397
395
391
393
391
392
391
394
394
394
396
397
398
398
397
399
398
398
399
401
401
399
397
401
400
403
404
404
401
399
399
398
401
400
400
399
400
399
401
400
402
403
403
401
399
398
397
396
396
393
393
392
394
392
392
392
391
393
393
391
393
395
396
396
396
397
398
397
397
399
400
402
402
402
399
399
399
400
399
398
399
394
395
398
400
401
398
398
398
397
398
399
399
399
398
398
398
399
398
399
400
397
397
397
397
397
400
398
397
395
397
397
397
395
396
396
395
392
394
395
395
395
398
402
399
394
394
396
395
393
393
394
394
393
392
390
389
389
392
389
390
390
393
392
394
393
395
395
397
399
399
396
397
395
394
395
397
396
394
393
393
392
392
394
395
396
392
395
392
393
392
394
393
396
396
396
394
394
394
391
394
394
393
395
394
392
392
392
395
391
392
393
392
391
394
393
393
394
394
395
395
395
396
397
401
400
399
399
397
396
393
389
389
386
387
388
388
390
387
389
387
387
387
384
388
390
392
392
391
389
390
390
390
393
392
395
395
394
391
391
392
395
397
396
397
400
401
399
397
398
398
400
400
401
400
398
396
397
395
393
394
394
394
390
391
391
389
391
391
389
386
387
387
386
385
385
387
389
389
393
396
392
389
389
389
389
389
387
389
391
390
388
388
388
387
387
388
388
390
390
392
392
393
390
390
392
391
392
393
391
391
390
386
386
387
387
386
388
387
385
384
383
384
383
382
384
382
383
382
383
379
378
376
374
376
375
379
382
381
385
383
380
381
380
381
381
381
384
386
385
385
385
389
390
387
389
389
389
390
390
389
388
388
388
387
390
390
393
391
391
389
389
389
388
387
387
389
389
387
389
389
391
389
391
390
384
383
384
386
386
386
386
386
386
386
386
388
387
388
387
387
385
385
385
387
386
388
392
391
392
389
392
391
389
390
388
389
389
387
385
385
386
386
389
390
390
390
391
393
393
393
395
393
392
390
395
393
399
399
402
402
399
397
396
395
397
396
393
392
394
394
390
392
392
391
392
393
394
392
393
392
391
393
389
388
391
391
394
394
393
394
393
391
391
391
389
392
393
394
393
392
393
397
395
395
393
393
395
395
396
396
394
396
396
396
397
393
391
389
390
391
393
394
391
392
391
391
393
395
394
396
397
398
402
398
397
398
399
398
397
398
399
401
401
401
398
395
391
393
395
397
400
396
397
396
394
396
396
397
396
397
395
393
393
393
392
394
395
395
396
395
395
393
394
395
396
398
397
397
399
401
399
396
398
399
402
401
402
403
402
401
401
401
401
401
402
403
404
403
401
403
400
401
400
400
398
400
400
399
398
400
403
403
404
406
406
406
407
406
406
406
404
401
402
403
400
398
401
399
398
401
400
401
401
400
402
405
404
403
404
404
402
403
404
405
403
402
404
405
406
403
403
405
407
408
413
417
415
415
412
409
409
409
409
409
413
414
409
412
413
413
412
408
409
412
411
412
410
413
415
418
418
419
421
419
422
421
419
419
419
422
421
420
418
417
415
417
417
419
419
418
419
416
416
419
420
421
420
419
417
417
417
415
413
415
416
418
414
412
412
413
411
413
411
411
408
410
407
409
411
411
411
411
411
412
418
417
420
419
418
413
414
415
411
414
416
415
415
415
414
416
417
421
420
421
421
421
422
419
421
421
419
422
419
422
421
422
421
419
420
422
425
426
424
423
424
419
418
420
422
421
419
420
419
419
420
421
418
418
417
418
418
418
413
414
415
415
415
415
417
421
423
423
423
422
423
422
423
422
422
422
425
427
428
425
423
420
422
423
424
425
425
428
429
426
424
423
425
427
427
428
427
427
424
424
421
422
426
426
428
425
426
425
426
427
424
424
424
425
427
425
425
425
420
423
425
425
424
422
423
425
424
424
423
424
425
425
427
425
425
423
424
426
423
424
427
427
429
428
428
428
429
427
425
427
425
425
424
422
422
424
424
425
425
423
421
421
419
419
422
422
422
421
421
421
422
424
425
427
427
429
428
429
428
427
429
429
427
427
427
424
422
422
423
423
422
423
422
423
424
426
425
425
425
428
428
428
430
431
430
430
432
431
423
425
424
422
422
421
421
422
422
422
425
423
423
424
422
425
424
424
422
420
420
419
419
418
418
418
415
415
417
415
415
416
417
414
415
416
417
416
414
412
412
413
413
416
417
420
423
421
419
416
418
420
420
422
422
423
420
420
421
421
423
421
421
423
422
420
420
417
418
416
420
420
417
414
415
413
415
415
414
413
414
416
415
412
413
414
414
415
419
422
419
417
419
417
413
413
414
412
411
411
412
412
410
411
411
413
412
411
410
410
411
412
414
411
412
416
418
418
413
410
408
405
405
406
409
410
408
403
403
403
402
399
399
400
399
399
400
400
402
402
402
401
401
401
402
406
406
405
406
406
405
404
407
409
407
407
406
406
406
406
403
405
406
406
410
409
408
405
403
401
401
400
402
402
399
401
402
402
399
399
400
401
398
400
400
401
401
401
400
405
407
410
408
407
410
409
411
411
410
411
413
417
418
415
416
415
413
413
417
417
413
415
417
418
420
419
418
421
421
419
416
418
419
420
419
419
420
419
421
420
418
417
416
416
418
416
415
416
419
419
420
419
418
416
415
413
413
412
412
409
411
411
413
413
413
412
411
416
415
413
415
418
418
422
422
424
423
424
423
424
423
425
425
420
420
419
417
418
422
422
422
421
418
421
421
419
415
415
418
417
416
417
414
414
415
416
414
411
410
410
412
414
413
411
411
410
409
411
417
418
418
415
418
414
413
413
411
411
410
412
410
408
411
410
408
411
412
413
412
413
413
412
413
413
410
411
411
412
411
408
407
407
407
406
406
407
407
407
408
406
407
408
406
407
406
408
407
408
409
406
406
407
409
410
409
408
407
406
404
403
404
405
404
406
404
405
406
403
403
401
402
401
402
403
405
404
403
401
399
399
397
398
398
397
396
396
397
397
395
394
395
395
394
397
398
399
398
398
399
398
398
397
397
398
399
402
403
403
407
405
407
406
405
406
407
407
404
402
403
406
407
404
408
411
412
408
410
412
412
410
410
408
406
407
409
407
406
406
407
409
412
415
417
412
414
414
414
413
411
413
415
415
413
409
409
411
407
407
407
406
408
405
410
411
411
410
411
410
410
407
409
409
409
407
409
407
407
408
408
407
410
411
412
412
412
410
410
409
408
408
411
413
411
410
411
411
416
414
413
417
419
415
416
414
415
416
413
415
414
417
416
417
417
415
416
419
420
419
420
421
422
422
422
419
421
422
420
420
420
420
418
417
417
416
416
418
420
422
420
419
422
421
422
421
421
423
423
424
423
424
425
425
426
427
427
427
427
428
426
427
425
424
424
424
426
426
425
423
424
424
422
426
426
424
424
424
425
423
423
425
426
425
425
425
423
425
424
422
422
421
421
422
421
420
423
424
421
420
421
421
422
424
425
425
426
426
426
426
428
429
428
427
426
426
426
425
424
426
424
425
423
422
422
424
427
425
425
420
424
425
426
424
422
423
426
423
422
426
425
427
427
426
428
428
426
427
427
428
428
430
431
431
432
431
433
432
432
432
430
430
427
428
427
425
426
424
424
426
427
428
424
427
426
425
424
425
428
427
426
427
426
426
424
427
429
427
426
428
429
430
430
426
425
427
425
423
423
423
424
420
421
422
425
421
422
422
420
419
421
422
422
421
421
417
418
418
419
420
420
424
422
425
421
421
423
422
422
422
421
421
421
421
421
423
422
420
418
417
417
415
416
416
416
413
415
414
417
417
414
415
415
410
408
412
412
412
413
412
413
411
412
412
413
413
413
414
416
415
417
416
417
418
413
412
415
414
414
415
418
419
420
417
418
415
413
414
414
413
416
415
417
417
421
420
420
418
420
416
418
415
416
415
417
415
414
414
412
416
416
418
415
415
417
417
415
414
412
410
412
410
409
410
412
412
413
412
415
416
419
419
419
416
414
