0.0006244827586206897 0.00014655172413793104
300
297
296
293
291
289
287
287
285
284
284
286
287
288
290
290
290
291
291
292
292
290
289
287
287
288
291
292
293
294
295
296
295
296
297
297
295
296
297
297
297
296
297
298
300
302
299
298
300
301
302
306
304
304
302
304
302
305
307
308
309
309
310
311
311
309
310
310
311
311
312
312
314
316
316
316
315
316
316
317
320
321
325
326
324
323
321
321
322
321
320
321
321
322
323
323
323
325
326
326
325
325
324
324
323
324
326
327
328
329
329
332
332
333
335
334
335
335
334
336
337
339
340
341
341
341
340
342
342
342
344
344
346
347
345
345
347
347
350
349
351
352
350
350
349
350
353
354
352
354
355
355
355
358
358
360
359
361
356
355
355
357
358
359
359
359
360
360
361
361
362
362
363
363
365
368
371
370
370
370
370
371
375
375
375
376
378
380
379
380
380
378
382
382
380
378
376
371
372
373
374
374
376
378
376
378
377
377
380
379
378
380
382
383
383
384
383
383
385
385
384
384
385
386
387
387
385
384
383
385
385
385
384
386
384
386
385
383
383
379
379
381
383
382
383
383
383
383
384
384
387
388
390
389
388
388
390
393
394
394
394
394
396
396
395
397
399
402
403
405
403
399
401
403
404
405
404
404
403
404
407
403
406
406
407
404
405
407
410
411
412
409
407
408
408
410
409
408
407
409
411
413
413
413
412
417
417
418
417
419
419
419
419
419
419
419
420
421
423
426
427
428
428
427
430
430
428
428
430
428
430
433
437
437
439
443
444
445
443
444
447
446
450
452
453
451
453
454
455
453
451
450
450
450
451
448
451
451
452
452
452
456
457
455
457
457
459
458
459
460
461
460
460
460
460
460
461
462
462
462
460
458
456
458
457
459
460
460
464
463
463
464
463
465
465
465
467
466
465
464
464
465
465
465
465
466
468
467
470
472
477
477
476
477
477
475
478
478
478
478
483
484
481
482
480
482
485
485
483
484
487
489
492
493
493
491
492
492
493
491
487
488
491
490
488
488
486
489
483
486
485
486
488
488
487
489
490
489
491
491
491
492
494
494
496
499
504
504
508
508
508
508
507
506
504
506
508
507
506
504
506
509
511
510
512
512
512
511
510
511
512
513
515
518
515
516
517
517
519
520
520
521
520
520
520
521
523
521
516
520
523
523
524
524
522
529
530
533
535
529
528
532
534
533
538
537
536
537
540
541
542
542
541
537
534
534
539
540
539
541
543
545
545
549
549
550
550
552
557
559
560
558
557
559
558
557
560
561
562
563
562
564
565
562
562
562
564
567
569
571
574
573
572
573
573
570
573
574
576
579
578
579
579
578
579
580
581
582
579
579
577
577
578
580
581
582
582
582
583
582
580
580
579
578
577
580
582
585
586
587
586
584
588
589
585
584
581
582
580
583
584
583
586
591
587
591
591
595
592
593
591
591
593
595
598
598
602
600
596
599
601
598
597
600
607
606
606
610
612
609
608
611
612
618
619
616
619
619
620
622
623
625
623
625
624
627
628
627
624
622
622
625
624
621
620
621
619
619
618
617
616
617
616
614
613
614
614
616
617
619
620
627
628
626
625
622
622
624
626
627
625
627
628
628
629
627
626
628
627
624
624
627
628
626
625
626
625
624
626
628
630
631
630
635
635
632
626
625
626
626
629
629
631
630
627
628
630
629
629
627
628
631
632
633
634
632
634
635
637
638
643
643
641
642
641
645
643
637
641
642
643
643
643
645
646
647
648
649
651
653
651
649
648
645
647
647
647
649
648
649
648
648
650
649
652
653
653
655
653
656
658
655
653
655
652
652
653
656
660
662
665
667
668
669
669
668
670
667
666
667
668
666
666
667
666
669
670
672
671
671
670
671
676
681
676
678
683
681
682
681
682
687
690
693
693
696
699
699
703
701
703
704
709
710
707
703
703
704
706
703
701
700
700
699
699
701
700
703
700
700
700
701
702
702
704
701
697
700
697
697
698
700
702
701
701
703
704
706
706
710
716
716
713
714
717
715
718
715
719
714
713
717
716
716
717
715
715
721
723
725
722
717
720
721
720
719
721
719
718
715
714
711
713
715
715
720
725
728
732
729
727
727
726
724
724
724
728
728
727
724
723
723
723
728
727
728
727
730
730
729
730
733
733
730
732
731
733
735
735
738
736
736
736
740
740
744
747
749
754
754
748
740
744
746
746
746
748
747
748
748
745
749
746
749
752
752
755
751
751
749
751
750
752
753
757
760
761
766
764
761
768
768
767
767
768
770
764
768
766
765
765
767
765
763
765
767
762
761
764
767
769
767
768
770
769
764
765
766
770
771
772
771
769
769
771
773
774
772
771
769
768
774
774
774
778
778
777
774
775
770
773
774
775
776
774
771
776
776
775
774
779
779
777
776
779
775
775
779
776
775
779
778
779
783
784
786
781
785
783
785
780
776
778
780
781
778
781
779
777
778
780
782
781
781
781
782
787
788
790
792
789
787
792
798
799
795
797
797
800
797
797
801
805
810
811
807
805
806
808
803
802
799
800
802
801
801
802
801
801
804
804
804
804
804
806
808
807
809
806
807
808
813
814
814
813
817
815
813
815
816
819
816
819
818
816
817
815
808
809
808
808
809
810
812
812
815
816
818
818
819
818
819
822
820
818
812
812
809
814
812
813
814
814
818
819
819
817
823
822
822
823
816
818
820
823
823
828
827
830
830
832
831
831
834
832
831
831
831
832
832
832
830
832
834
836
838
840
844
843
842
842
839
838
835
838
839
839
838
837
838
843
846
844
840
838
841
840
838
837
838
838
840
841
841
840
843
841
836
838
836
841
841
842
837
838
833
839
834
837
841
840
840
843
849
852
849
842
845
846
844
844
847
850
847
849
848
848
849
851
848
847
852
856
857
856
859
859
862
858
857
857
859
861
863
864
865
865
866
863
863
868
864
868
869
871
874
874
878
879
875
878
880
884
889
888
887
891
895
890
892
893
890
892
892
888
888
887
889
884
886
885
884
886
888
888
889
887
890
893
895
895
892
897
900
901
902
904
902
899
902
907
901
904
909
912
912
911
908
908
904
906
905
903
900
908
906
906
907
907
907
910
914
914
914
908
905
903
906
907
907
908
910
911
910
907
910
915
917
917
918
917
915
921
923
927
933
930
933
932
932
930
926
929
936
934
935
931
929
932
932
932
929
933
937
938
937
943
944
940
942
941
947
947
948
945
940
943
940
938
938
941
940
942
938
942
941
942
944
948
952
948
942
941
944
948
950
950
949
949
955
954
957
958
953
951
944
947
952
952
952
951
954
955
956
956
957
953
956
957
955
963
964
961
960
956
961
964
961
960
963
959
964
964
962
962
961
964
969
967
969
967
964
967
971
973
974
974
977
973
971
966
969
970
972
974
975
974
975
973
973
976
974
970
973
976
977
973
973
974
972
973
971
972
971
972
970
968
970
972
973
975
972
975
976
981
977
980
979
982
980
982
984
987
986
989
987
985
986
982
984
981
980
981
988
984
978
980
983
985
988
992
996
994
994
990
990
994
993
994
994
991
992
996
994
996
999
998
997
998
999
1006
1002
1003
1004
1002
1001
1000
1000
1000
1003
1004
1012
1015
1020
1027
1031
1030
1031
1030
1030
1032
1035
1036
1031
1031
1033
1031
1027
1023
1026
1024
1022
1023
1022
1026
1026
1023
1020
1027
1028
1029
1023
1027
1029
1028
1029
1028
1027
1029
1033
1033
1036
1033
1028
1028
1025
1022
1024
1025
1028
1023
1021
1023
1019
1017
1021
1019
1018
1018
1013
1015
1016
1015
1009
1008
1014
1013
1015
1017
1020
1018
1016
1023
1025
1021
1020
1018
1020
1019
1016
1018
1019
1016
1018
1018
1017
1015
1017
1015
1016
1017
1020
1022
1027
1030
1032
1036
1034
1031
1033
1036
1031
1026
1022
1019
1020
1018
1020
1019
1023
1021
1021
1025
1031
1031
1029
1026
1028
1026
1030
1030
1027
1025
1026
1029
1029
1027
1024
1024
1021
1020
1026
1031
1033
1032
1036
1033
1040
1040
1040
1043
1044
1044
1040
1039
1040
1039
1041
1040
1040
1041
1045
1045
1045
1046
1050
1050
1050
1049
1050
1047
1050
1049
1051
1053
1056
1054
1056
1059
1053
1053
1055
1055
1053
1053
1057
1053
1055
1053
1053
1052
1055
1055
1052
1053
1047
1048
1045
1047
1051
1054
1053
1053
1057
1056
1053
1046
1047
1044
1045
1048
1047
1045
1045
1048
1048
1046
1044
1045
1048
1044
1043
1040
1044
1048
1050
1051
1049
1052
1059
1061
1057
1058
1060
1061
1060
1059
1057
1061
1064
1062
1063
1067
1064
1063
1065
1065
1063
1063
1068
1073
1073
1080
1082
1080
1082
1082
1076
1077
1076
1079
1077
1069
1070
1068
1067
1066
1065
1066
1067
1071
1073
1073
1076
1075
1074
1075
1073
1073
1073
1078
1077
1079
1088
1087
1088
1085
1088
1088
1085
1084
1085
1088
1085
1089
1089
1089
1091
1094
1095
1090
1086
1085
1086
1089
1088
1089
1087
1091
1096
1091
1095
1093
1093
1098
1102
1107
1107
1106
1107
1107
1102
1106
1103
1109
1112
1110
1109
1109
1112
1115
1114
1115
1110
1113
1112
1113
1107
1109
1111
1110
1109
1109
1112
1120
1126
1124
1122
1126
1125
1119
1120
1118
1120
1120
1115
1114
1117
1120
1117
1115
1117
1120
1120
1126
1127
1127
1120
1122
1120
1120
1116
1115
1117
1124
1129
1129
1131
1126
1127
1126
1129
1129
1134
1136
1128
1128
1127
1127
1126
1123
1129
1132
1132
1129
1129
1130
1132
1131
1126
1128
1128
1134
1130
1135
1130
1133
1137
1137
1137
1136
1136
1134
1134
1135
1135
1137
1144
1144
1144
1146
1149
1150
1147
1143
1142
1152
1153
1155
1154
1152
1149
1152
1150
1144
1144
1143
1145
1143
1144
1144
1144
1143
1139
1141
1141
1139
1137
1140
1138
1141
1143
1148
1147
1145
1144
1143
1142
1144
1143
1152
1148
1146
1144
1148
1145
1146
1148
1148
1149
1151
1152
1154
1156
1159
1162
1160
1156
1159
1165
1157
1159
1157
1164
1163
1166
1159
1160
1163
1164
1159
1160
1161
1160
1159
1157
1156
1155
1157
1160
1153
1153
1152
1153
1151
1151
1156
1156
1154
1151
1154
1155
1156
1152
1149
1151
1147
1145
1139
1144
1144
1143
1146
1143
1144
1145
1146
1150
1149
1147
1149
1144
1147
1152
1153
1154
1153
1156
1154
1155
1158
1163
1164
1166
1170
1168
1168
1165
1165
1165
1166
1168
1173
1173
1171
1169
1169
1170
1177
1174
1171
1171
1177
1180
1178
1182
1182
1182
1181
1183
1183
1177
1178
1176
1178
1184
1181
1184
1181
1179
1180
1178
1183
1185
1185
1182
1176
1179
1179
1178
1180
1178
1181
1182
1185
1185
1185
1184
1186
1183
1189
1191
1193
1192
1191
1191
1186
1191
1189
1191
1192
1189
1186
1195
1193
1195
1195
1196
1194
1201
1199
1198
1201
1198
1197
1198
1201
1199
1202
1203
1211
1212
1210
1206
1202
1204
1205
1211
1217
1222
1226
1221
1221
1226
1224
1223
1224
1221
1221
1223
1222
1225
1221
1223
1221
1224
1222
1220
1221
1214
1216
1223
1221
1224
1225
1227
1226
1226
1226
1225
1228
1230
1231
1230
1226
1228
1220
1220
1222
1217
1225
1227
1225
1228
1223
1218
1218
1215
1214
1217
1219
1223
1220
1220
1218
1226
1223
1225
1224
1222
1221
1219
1216
1221
1218
1223
1225
1225
1230
1229
1229
1227
1229
1232
1233
1232
1233
1234
1237
1239
1240
1245
1242
1243
1243
1240
1238
1241
1245
1247
1254
1248
1245
1241
1241
1244
1245
1244
1238
1240
1237
1240
1239
1238
1237
1245
1244
1245
1249
1246
1247
1246
1247
1246
1247
1247
1247
1243
1239
1240
1241
1242
1245
1238
1233
1234
1230
1236
1235
1240
1244
1246
1243
1249
1246
1245
1244
1242
1241
1241
1240
1238
1236
1239
1236
1241
1246
1236
1233
1224
1227
1229
1233
1234
1233
1235
1232
1225
1229
1230
1230
1229
1231
1232
1234
1232
1238
1240
1242
1240
1238
1240
1237
1236
1241
1238
1237
1237
1239
1233
1239
1237
1243
1246
1244
1243
1246
1246
1246
1249
1246
1247
1252
1254
1248
1247
1246
1248
1250
1247
1250
1253
1252
1253
1255
1254
1255
1253
1254
1252
1253
1256
1257
1253
1254
1249
1255
1258
1264
1265
1268
1265
1268
1266
1266
1264
1263
1268
1274
1272
1268
1266
1264
1268
1268
1270
1272
1269
1274
1273
1276
1279
1283
1289
1289
1294
1292
1286
1288
1293
1290
1290
1295
1294
1292
1295
1296
1292
1290
1289
1289
1284
1287
1292
1291
1296
1297
1297
1293
1289
1293
1294
1292
1291
1289
1293
1291
1297
1295
1291
1291
1289
1292
1288
1289
1287
1285
1282
1280
1277
1279
1278
1285
1286
1289
1291
1295
1294
1294
1294
1300
1302
1302
1303
1301
1300
1302
1303
1298
1298
1293
1300
1296
1301
1297
1300
1296
1300
1296
1290
1284
1286
1283
1278
1285
1286
1285
1284
1287
1286
1285
1288
1290
1289
1288
1288
1292
1286
1292
1296
1295
1297
1293
1293
1290
1291
1290
1292
1296
1298
1293
1299
1302
1304
1305
1304
1301
1301
1305
1308
1308
1305
1306
1303
1303
1305
1306
1302
1301
1310
1311
1316
1315
1317
1320
1319
1323
1322
1321
1326
1329
1327
1329
1326
1324
1319
1318
1316
1318
1317
1310
1303
1306
1307
1306
1309
1309
1306
1308
1312
1312
1314
1314
1315
1318
1313
1314
1314
1307
1307
1313
1315
1310
1310
1314
1324
1320
1319
1316
1321
1318
1318
1315
1322
1321
1324
1321
1326
1329
1325
1324
1325
1328
1328
1332
1335
1338
1338
1329
1331
1330
1333
1330
1331
1334
1335
1338
1340
1341
1339
1340
1326
1328
1325
1333
1341
1342
1349
1345
1344
1345
1341
1338
1342
1347
1341
1342
1345
1342
1345
1346
1347
1344
1345
1346
1343
1341
1338
1338
1339
1338
1335
1332
1336
1343
1341
1340
1341
1335
1337
1336
1339
1337
1330
1328
1328
1323
1324
1319
1320
1326
1326
1325
1329
1323
1328
1329
1327
1336
1335
1333
1329
1335
1334
1335
1341
1337
1335
1337
1340
1340
1342
1342
1342
1340
1342
1341
1336
1338
1330
1331
1331
1338
1337
1339
1340
1341
1340
1332
1332
1338
1340
1340
1336
1339
1339
1340
1340
1337
1342
1343
1344
1349
1356
1362
1360
1357
1356
1350
1347
1349
1346
1349
1353
1348
1348
1347
1345
1345
1342
1341
1341
1345
1346
1345
1344
1343
1342
1338
1339
1341
1340
1341
1340
1341
1336
1338
1334
1336
1340
1340
1346
1347
1347
1343
1342
1348
1349
1353
1356
1354
1358
1358
1361
1357
1362
1357
1353
1354
1358
1358
1361
1361
1363
1359
1361
1362
1361
1356
1358
1352
1350
1348
1345
1342
1342
1349
1342
1342
1341
1339
1341
1343
1345
1341
1344
1336
1333
1338
1338
1339
1332
1327
1331
1328
1329
1332
1334
1327
1324
1326
1327
1325
1326
1330
1331
1336
1337
1338
1335
1335
1330
1326
1325
1322
1319
1318
1318
1321
1322
1311
1312
1312
1309
1317
1320
1315
1319
1319
1318
1311
1310
1312
1312
1313
1312
1318
1320
1322
1315
1314
1315
1317
1320
1316
1315
1312
1313
1314
1312
1308
1307
1310
1302
1302
1311
1312
1309
1311
1313
1314
1317
1316
1317
1323
1330
1330
1333
1332
1329
1330
1330
1329
1325
1321
1324
1324
1326
1324
1324
1324
1325
1331
1331
1323
1321
1323
1326
1321
1327
1329
1332
1333
1331
1340
1340
1334
1336
1335
1333
1335
1335
1334
1326
1324
1329
1328
1330
1330
1331
1326
1327
1331
1328
1324
1323
1322
1323
1320
1319
1324
1321
1316
1322
1321
1321
1324
1320
1323
1330
1330
1328
1326
1327
1335
1334
1335
1337
1343
1339
1333
1335
1331
1327
1330
1333
1330
1326
1323
1329
1331
1334
1335
1333
1333
1333
1333
1331
1330
1335
1331
1333
1330
1332
1339
1337
1337
1342
1346
1347
1350
1348
1343
1338
1339
1338
1337
1341
1340
1343
1346
1345
1344
1346
1345
1346
1345
1346
1347
1345
1342
1341
1341
1336
1341
1339
1342
1339
1340
1341
1341
1343
1336
1332
1330
1333
1339
1339
1341
1335
1343
1343
1342
1335
1333
1338
1336
1341
1341
1344
1344
1346
1349
1350
1351
1356
1351
1352
1347
1354
1351
1349
1350
1351
1349
1352
1349
1355
1359
1351
1356
1355
1355
1361
1359
1362
1358
1363
1363
1366
1369
1367
1369
1368
1369
1370
1367
1366
1369
1370
1369
1366
1371
1366
1363
1365
1368
1363
1363
1368
1364
1367
1370
1372
1373
1381
1381
1375
1372
1374
1375
1369
1366
1365
1367
1372
1367
1365
1363
1357
1360
1364
1358
1360
1358
1361
1355
1359
1359
1359
1359
1363
1371
1373
1375
1378
1376
1371
1365
1369
1369
1362
1362
1368
1372
1370
1374
1372
1366
1368
1372
1373
1372
1358
1362
1355
1361
1361
1364
1366
1367
1367
1375
1377
1379
1375
1374
1372
1367
1367
1367
1370
1370
1370
1370
1368
1366
1369
1368
1372
1375
1373
1368
1365
1361
1361
1360
1364
1367
1367
1372
1371
1366
1364
1367
1368
1368
1370
1372
1368
1366
1365
1362
1361
1358
1362
1363
1363
1366
1363
1368
1366
1363
1362
1362
1365
1365
1364
1365
1371
1371
1369
1372
1377
1379
1381
1377
1382
1384
1386
1385
1381
1388
1385
1381
1380
1377
1378
1374
1375
1379
1380
1385
1383
1379
1382
1387
1383
1383
1377
1372
1378
1376
1381
1379
1382
1383
1383
1386
1385
1379
1386
1388
1385
1387
1383
1382
1378
1373
1375
1375
1372
1372
1379
1380
1381
1380
1379
1380
1384
1385
1378
1383
1386
1389
1387
1383
1384
1388
1390
1389
1388
1386
1392
1395
1390
1391
1395
1398
1394
1390
1391
1390
1395
1395
1395
1393
1402
1399
1393
1396
1395
1390
1392
1400
1399
1404
1399
1410
1412
1406
1408
1414
1416
1413
1410
1411
1410
1410
1413
1420
1422
1419
1424
1425
1422
1420
1418
1417
1411
1407
1405
1401
1402
1398
1397
1401
1400
1394
1395
1396
1390
1395
1396
1402
1405
1406
1399
1397
1400
1395
1396
1397
1398
1405
1405
1399
1397
1391
1399
1401
1400
1399
1396
1398
1399
1402
1401
1403
1399
1399
1404
1402
1399
1397
1399
1392
1398
1398
1400
1405
1399
1401
1394
1398
1399
1398
1402
1402
1406
1406
1403
1404
1405
1405
1411
1411
1408
1413
1409
1411
1411
1411
1409
1409
1417
1416
1405
1403
1394
1400
1400
1399
1405
1408
1403
1403
1401
1409
1407
1407
1413
1417
1416
1418
1420
1426
1433
1433
1438
1435
1432
1428
1428
1428
1428
1428
1427
1429
1428
1433
1434
1432
1436
1434
1435
1432
1428
1431
1435
1429
1434
1430
1429
1434
1435
1433
1439
1437
1432
1435
1435
1435
1435
1443
1440
1441
1445
1447
1454
1450
1445
1444
1443
1447
1438
1434
1437
1435
1432
1427
1424
1425
1421
1412
1411
1412
1413
1411
1406
1406
1403
1399
1401
1399
1402
1404
1405
1408
1405
1406
1402
1405
1407
1398
1400
1406
1411
1415
1416
1416
1415
1421
1420
1428
1427
1423
1420
1417
1421
1422
1425
1420
1422
1421
1419
1419
1418
1418
1417
1411
1412
1411
1409
1407
1413
1414
1419
1420
1418
1415
1411
1407
1410
1411
1413
1416
1417
1419
1421
1426
1421
1422
1417
1416
1421
1419
1421
1420
1417
1419
1422
1421
1421
1421
1417
1418
1419
1421
1420
1417
1417
1417
1416
1417
1420
1422
1421
1423
1422
1420
1419
1420
1418
1419
1421
1423
1427
1426
1419
1423
1423
1425
1426
1423
1426
1425
1421
1417
1417
1414
1418
1420
1422
1423
1418
1421
1420
1420
1421
1421
1429
1428
1415
1417
1415
1419
1419
1415
1414
1416
1416
1406
1405
1404
1401
1401
1402
1407
1408
1404
1405
1415
1412
1417
1419
1421
1423
1422
1422
1418
1416
1417
1416
1421
1423
1429
1430
1433
1437
1436
1433
1437
1432
1429
1425
1427
1421
1417
1421
1424
1422
1423
1418
1421
1429
1432
1434
1437
1435
1438
1441
1439
1444
1438
1438
1437
1437
1440
1438
1441
1438
1437
1442
1443
1446
1452
1451
1455
1454
1454
1457
1461
1463
1457
1454
1460
1458
1458
1454
1459
1459
1459
1459
1458
1459
1458
1459
1460
1462
1465
1461
1463
1461
1465
1465
1461
1462
1464
1465
1469
1468
1462
1463
1460
1462
1456
1458
1459
1459
1462
1462
1466
1465
1465
1465
1464
1456
1456
1459
1465
1467
1464
1464
1470
1475
1469
1478
1476
1476
1477
1482
1483
1486
1481
1484
1487
1485
1481
1485
1485
1495
1492
1495
1501
1504
1493
1495
1492
1496
1500
1499
1496
1493
1489
1484
1488
1491
1486
1483
1481
1480
1479
1479
1482
1483
1481
1480
1481
1485
1480
1483
1481
1488
1491
1492
1490
1493
1492
1490
1493
1491
1491
1495
1494
1493
1494
1490
1492
1493
1492
1495
1493
1492
1486
1483
1487
1488
1492
1499
1495
1489
1490
1492
1488
1490
1484
1486
1488
1495
1497
1496
1491
1489
1490
1490
1489
1491
1495
1496
1502
1501
1498
1498
1499
1503
1498
1498
1505
1513
1510
1515
1516
1525
1515
1518
1520
1518
1525
1530
1533
1534
1537
1541
1539
1538
1538
1540
1538
1536
1539
1536
1534
1532
1529
1528
1530
1532
1537
1539
1532
1532
1529
1532
1526
1531
1525
1527
1531
1529
1530
1536
1536
1535
1533
1531
1529
1529
1526
1517
1517
1523
1522
1521
1521
1525
1524
1527
1524
1520
1518
1522
1519
1518
1522
1513
1511
1513
1516
1513
1513
1515
1509
1512
1508
1509
1506
1504
1500
1498
1501
1507
1502
1505
1508
1507
1510
1510
1511
1508
1511
1507
1504
1506
1509
1514
1512
1511
1510
1510
1511
1512
1514
1520
1517
1517
1522
1525
1526
1526
1525
1522
1526
1529
1529
1526
1528
1531
1532
1522
1518
1517
1511
1509
1511
1510
1506
1502
1504
1501
1504
1509
1510
1512
1516
1513
1510
1507
1505
1503
1498
1501
1501
1501
1503
1501
1498
1500
1501
1502
1502
1504
1502
1503
1496
1498
1500
1507
1497
1492
1492
1496
1500
1500
1503
1504
1499
1507
1508
1510
1512
1513
1507
1504
1501
1496
1499
1499
1500
1501
1500
1503
1504
1508
1503
1501
1499
1498
1499
1507
1509
1506
1507
1504
1511
1512
1512
1512
1515
1509
1509
1508
1513
1513
1514
1509
1508
1513
1519
1523
1526
1529
1527
1523
1526
1530
1530
1531
1532
1531
1529
1531
1533
1535
1536
1543
1538
1535
1529
1527
1531
1532
1535
1538
1534
1532
1529
1526
1527
1528
1522
1523
1525
1524
1529
1527
1526
1524
1524
1527
1531
1533
1533
1534
1532
1529
1527
1525
1522
1518
1521
1516
1518
1517
1516
1516
1516
1513
1518
1518
1516
1520
1526
1524
1524
1523
1518
1515
1524
1523
1521
1520
1518
1514
1514
1515
1515
1516
1517
1519
1519
1514
1519
1521
1521
1521
1516
1518
1516
1514
1519
1518
1516
1517
1517
1519
1520
1519
1513
1509
1518
1513
1513
1507
1513
1520
1519
1526
1526
1533
1538
1538
1537
1535
1534
1534
1535
1543
1545
1551
1549
1545
1552
1549
1559
1559
1559
1566
1568
1565
1570
1572
1567
1565
1564
1556
1554
1559
1562
1564
1562
1561
1559
1568
1566
1570
1565
1572
1572
1575
1571
1572
1564
1566
1564
1558
1555
1563
1567
1566
1571
1565
1562
1559
1556
1562
1559
1556
1557
1557
1562
1554
1558
1559
1558
1560
1558
1558
1559
1553
1552
1553
1548
1554
1561
1556
1553
1554
1558
1558
1553
1553
1558
1556
1556
1552
1554
1558
1561
1562
1564
1560
1559
1557
1554
1554
1546
1546
1542
1546
1545
1549
1548
1553
1551
1556
1555
1550
1551
1551
1552
1556
1555
1560
1561
1562
1555
1560
1563
1560
1566
1564
1560
1559
1565
1568
1561
1562
1561
1565
1565
1571
1575
1577
1580
1574
1578
1577
1569
1566
1567
1565
1563
1559
1559
1553
1554
1555
1557
1558
1560
1557
1562
1563
1572
1576
1571
1569
1567
1564
1566
1573
1572
1571
1574
1575
1578
1579
1576
1572
1574
1575
1570
1566
1573
1573
1580
1577
1578
1581
1580
1581
1581
1584
1586
1586
1585
1585
1591
1595
1588
1593
1593
1589
1585
1582
1579
1574
1575
1575
1571
1577
1585
1579
1581
1587
1590
1594
1591
1595
1591
1600
1599
1599
1601
1600
1595
1599
1591
1590
1594
1598
1598
1599
1600
1597
1600
1598
1598
1594
1597
1593
1598
1596
1600
1601
1597
1600
1603
1596
1590
1583
1589
1589
1576
1576
1577
1572
1569
1575
1570
1568
1566
1568
1576
1576
1582
1576
1578
1578
1580
1586
1592
1593
1596
1590
1590
1595
1592
1595
1591
1589
1586
1591
1591
1589
1585
1591
1589
1589
1590
1593
1589
1588
1585
1587
1584
1587
1582
1581
1578
1578
1577
1574
1576
1584
1583
1587
1592
1594
1590
1593
1596
1592
1591
1593
1595
1593
1595
1587
1587
1586
1593
1597
1597
1592
1589
1593
1595
1596
1601
1598
1600
1605
1604
1605
1608
1603
1605
1605
1605
1607
1605
1606
1605
1602
1605
1601
1606
1611
1610
1612
1614
1610
1612
1612
1613
1619
1619
1617
1620
1623
1621
1614
1614
1614
1613
1610
1612
1613
1613
1614
1616
1617
1618
1622
1623
1623
1622
1628
1620
1615
1613
1615
1619
1620
1618
1616
1612
1623
1624
1623
1623
1617
1616
1617
1615
1621
1620
1622
1622
1622
1619
1618
1619
1618
1617
1618
1618
1617
1616
1617
1620
1621
1625
1619
1615
1617
1618
1621
1624
1631
1625
1623
1625
1622
1622
1616
1618
1620
1625
1624
1628
1633
1636
1634
1628
1621
1622
1626
1624
1624
1625
1627
1628
1624
1628
1625
1625
1626
1624
1619
1626
1620
1622
1631
1625
1621
1616
1622
1624
1623
1619
1618
1621
1625
1632
1631
1637
1636
1634
1633
1640
1641
1640
1636
1638
1637
1639
1635
1641
1639
1643
1644
1646
1643
1641
1640
1637
1640
1641
1646
1646
1644
1648
1648
1641
1641
1645
1646
1649
1647
1653
1647
1645
1640
1649
1649
1651
1657
1658
1650
1650
1654
1655
1657
1661
1649
1646
1642
1644
1648
1650
1654
1650
1651
1654
1652
1652
1651
1648
1653
1647
1653
1650
1646
1649
1647
1645
1649
1648
1646
1648
1652
1656
1657
1649
1644
1639
1638
1638
1641
1640
1643
1643
1646
1646
1650
1648
1650
1648
1650
1645
1655
1656
1655
1655
1653
1655
1655
1650
1652
1656
1656
1653
1658
1657
1649
1646
1646
1651
1646
1648
1648
1649
1652
1651
1656
1659
1655
1653
1651
1654
1647
1648
1648
1647
1651
1648
1653
1656
1651
1652
1652
1649
1649
1647
1647
1654
1658
1656
1655
1655
1656
1656
1660
1660
1658
1661
1655
1651
1658
1656
1655
1658
1663
1660
1660
1662
1663
1659
1661
1658
1659
1655
1652
1654
1659
1658
1662
1665
1667
1666
1671
1674
1669
1664
1659
1654
1656
1654
1659
1659
1666
1661
1659
1658
1666
1660
1660
1661
1662
1659
1657
1663
1662
1654
1654
1657
1660
1656
1658
1657
1658
1663
1662
1659
1657
1658
1662
1662
1668
1659
1660
1653
1656
1660
1662
1663
1659
1660
1664
1667
1669
1667
1666
1666
1659
1657
1664
1662
1658
1653
1655
1657
1661
1662
1663
1667
1670
1670
1670
1670
1669
1665
1669
1671
1672
1674
1672
1669
1669
1670
1667
1667
1658
1659
1660
1664
1667
1673
1673
1678
1677
1675
1672
1674
1677
1680
1669
1675
1680
1688
1687
1694
1688
1682
1683
1684
1684
1681
1683
1683
1687
1689
1691
1690
1688
1689
1697
1696
1691
1693
1688
1694
1688
1687
1694
1696
1697
1696
1703
1701
1696
1696
1696
1698
1695
1689
1691
1691
1689
1690
1684
1680
1684
1683
1687
1689
1690
1684
1685
1688
1694
1699
1694
1691
1690
1692
1691
