0.00038551724137931035 0.0007610344827586207
300
297
291
285
280
272
270
267
262
257
253
251
247
246
247
240
240
239
237
235
232
229
229
230
233
230
229
229
227
225
225
225
223
224
223
221
221
222
220
220
219
221
220
220
221
220
219
220
220
218
221
221
219
221
222
222
221
220
220
221
222
221
221
218
217
218
217
216
212
209
210
209
208
208
208
208
208
208
208
206
204
205
204
204
204
206
207
209
207
205
204
204
208
209
210
210
209
208
209
209
210
210
210
210
210
210
209
208
208
207
207
207
207
208
206
206
206
207
206
205
204
204
204
205
206
206
207
206
206
208
209
208
210
211
210
208
208
207
205
204
202
203
205
205
205
203
204
203
204
205
205
205
205
207
206
205
205
206
206
206
204
205
207
209
207
207
208
207
207
206
204
202
201
201
199
199
197
199
199
200
201
201
202
200
201
202
201
200
198
200
198
199
198
198
198
195
195
195
195
197
198
199
199
200
199
201
201
204
202
200
202
202
201
206
204
203
205
204
204
204
207
205
205
205
206
207
206
206
205
206
203
200
199
197
197
197
198
197
195
194
194
196
195
198
199
201
200
201
200
198
199
197
196
196
196
197
195
193
194
195
195
194
194
197
197
197
195
197
197
197
197
196
198
198
197
197
197
197
198
199
197
196
195
197
198
199
199
198
197
198
198
199
199
200
200
200
198
198
199
198
198
197
200
198
199
198
197
194
194
194
194
193
193
193
195
194
194
195
197
197
197
195
196
194
194
195
194
195
196
197
197
197
197
195
195
195
194
194
194
193
194
193
192
192
190
190
190
188
189
190
191
191
192
193
193
195
193
192
193
191
192
192
192
192
193
192
193
194
195
193
192
192
193
191
191
191
190
191
191
190
191
191
192
191
191
192
192
194
194
196
197
197
198
198
201
201
199
198
196
195
196
197
194
195
195
195
196
197
196
196
197
198
197
196
197
197
196
196
198
199
196
196
196
196
195
198
197
196
195
196
195
194
193
193
194
195
194
194
196
199
200
201
200
199
197
196
196
198
198
198
199
198
196
195
196
197
197
196
195
196
194
194
194
195
193
193
194
195
194
197
196
196
197
199
198
198
198
195
195
197
196
194
191
190
189
189
189
189
189
189
189
188
188
188
188
187
187
186
187
187
188
188
186
187
187
188
190
190
190
189
189
190
190
190
191
192
194
195
196
196
193
190
190
190
191
188
189
191
192
189
187
187
186
184
186
183
183
181
182
182
184
184
185
186
187
187
188
188
190
190
192
194
194
193
193
192
193
190
190
190
189
191
186
186
187
186
185
186
187
187
187
186
185
186
184
184
184
183
185
184
180
180
181
179
179
179
180
180
180
180
181
181
181
181
181
181
181
182
182
184
186
188
188
189
190
191
191
191
191
190
188
187
187
187
186
186
184
183
183
184
182
182
182
182
182
182
182
182
182
183
184
183
184
185
186
185
185
183
182
181
180
182
183
182
184
184
184
183
183
185
185
184
184
185
183
182
181
182
183
184
184
185
185
186
186
185
186
185
184
182
180
179
179
179
180
180
179
179
180
180
181
180
180
180
180
181
180
180
180
179
182
181
180
180
180
181
181
182
180
180
181
181
181
181
179
180
181
181
182
183
183
183
183
183
183
182
182
182
182
181
178
176
176
176
176
178
178
179
180
181
180
179
175
175
174
175
175
176
176
177
177
177
177
177
177
176
176
177
176
177
179
180
180
183
185
187
182
183
185
181
178
177
177
176
175
176
176
176
175
175
175
173
173
176
177
176
176
177
177
178
177
179
179
179
179
180
180
182
180
180
179
179
176
176
176
177
177
176
175
175
175
175
176
177
179
180
181
184
184
185
187
186
185
187
186
185
181
180
182
181
178
178
178
178
180
178
178
178
178
175
176
181
178
178
178
179
179
179
177
178
175
176
174
174
174
176
176
176
178
176
176
176
176
176
176
175
176
177
178
178
178
177
178
181
181
181
182
181
182
183
181
181
177
178
179
178
180
181
177
178
178
179
179
177
177
177
176
176
176
176
175
176
176
175
176
175
176
176
173
174
174
174
171
172
172
172
171
170
171
171
172
171
170
170
170
170
170
170
170
172
171
172
172
172
173
174
175
174
174
175
175
174
175
174
174
172
172
170
169
169
169
170
169
168
167
168
169
169
169
168
169
169
169
172
173
172
174
175
175
176
177
177
177
178
178
175
175
174
173
172
173
174
176
175
174
171
171
171
172
171
172
172
175
173
173
174
174
174
174
175
176
177
175
176
176
176
174
173
172
172
172
171
172
172
173
172
173
173
173
174
175
175
173
173
172
174
174
173
171
171
170
170
169
169
168
167
168
169
169
169
168
169
169
169
170
169
169
170
171
170
170
171
170
171
170
170
169
168
167
168
168
168
169
170
171
171
173
173
174
176
175
175
172
171
173
173
173
173
172
172
172
170
168
168
168
166
165
165
166
166
167
167
167
166
166
166
165
166
166
166
167
167
168
168
168
168
170
169
169
171
171
172
172
172
172
172
170
172
170
170
169
168
168
168
169
168
167
166
167
167
169
170
169
168
166
167
166
165
168
168
170
169
169
172
172
169
168
167
166
168
167
169
168
167
166
165
166
166
166
166
166
165
164
164
166
166
164
164
165
165
165
166
168
168
168
166
166
166
167
168
169
167
168
168
168
168
169
169
168
169
167
167
167
167
167
168
167
166
166
166
167
166
167
167
168
167
165
165
167
168
168
167
167
165
165
166
166
165
164
164
164
164
163
164
164
165
167
168
169
169
170
171
171
173
173
172
170
169
170
171
171
171
168
169
169
170
169
168
168
168
169
169
170
170
170
169
168
168
167
167
164
165
164
164
164
163
164
164
163
162
163
163
164
166
166
167
168
170
174
172
172
172
170
172
171
170
171
172
171
171
171
169
169
171
170
170
170
168
169
168
168
168
167
168
168
170
171
170
169
168
168
169
168
169
170
168
167
166
165
166
165
166
165
165
166
166
165
165
164
164
164
164
165
165
166
167
170
171
171
171
171
172
171
171
171
172
169
168
167
167
167
169
167
166
166
166
165
166
165
165
164
164
163
162
162
160
160
160
160
160
161
162
162
161
162
163
164
165
164
166
166
165
165
164
164
162
163
163
163
163
165
166
165
164
164
166
168
167
166
166
168
168
169
170
171
172
173
172
171
172
171
172
173
172
173
171
173
173
173
172
170
170
171
170
170
170
170
171
171
169
169
169
168
169
169
168
166
165
166
165
164
164
164
164
166
165
165
165
166
166
168
168
169
169
170
170
168
166
167
165
165
165
167
167
170
170
171
169
167
166
165
162
162
161
161
162
162
164
162
162
162
162
162
162
162
162
162
163
164
164
168
167
167
166
165
166
165
166
166
165
166
166
164
167
168
169
169
168
169
168
166
167
170
171
171
168
169
167
167
164
164
165
165
165
165
165
167
167
168
168
168
167
167
167
167
167
168
168
167
166
165
165
163
165
165
164
165
167
166
165
165
163
163
162
162
163
163
162
162
165
166
167
167
167
168
168
168
168
168
170
170
173
173
172
171
171
171
170
170
172
171
171
165
167
165
164
163
165
166
165
165
166
165
167
167
167
169
171
168
168
168
166
163
162
162
163
164
162
162
162
164
166
167
167
170
168
168
168
169
169
168
168
168
169
166
167
166
164
160
159
159
160
162
162
162
162
161
161
161
160
159
160
160
160
161
161
159
159
158
158
158
158
160
162
162
162
163
161
161
161
162
161
161
160
160
160
160
160
161
160
160
159
160
160
160
160
161
159
159
161
162
160
161
161
161
160
159
159
159
160
163
163
163
162
163
162
160
159
158
159
159
157
160
158
160
161
159
158
159
159
159
160
161
161
162
162
161
160
161
161
161
160
162
162
159
160
161
160
161
162
162
163
162
162
162
162
161
161
162
163
163
161
160
159
159
160
160
160
160
160
159
159
158
159
159
160
160
160
159
160
163
164
164
166
166
164
164
165
166
164
164
161
161
162
162
162
161
162
162
161
161
161
162
162
162
161
160
160
159
158
158
158
158
157
157
158
157
159
158
159
159
158
159
158
159
159
160
160
161
160
161
161
159
160
159
159
161
160
164
164
167
164
165
163
162
162
163
163
162
163
163
163
163
163
163
165
166
167
167
166
166
167
167
167
167
166
167
167
169
168
169
172
171
170
169
169
168
165
164
164
165
165
165
164
162
160
160
160
158
158
159
158
159
158
160
160
160
158
158
159
159
159
160
159
158
157
159
159
159
159
158
159
159
161
160
158
159
160
159
159
159
160
160
160
159
160
159
158
159
158
158
157
154
154
156
158
157
158
156
156
155
155
157
157
157
157
157
157
159
160
160
161
160
159
157
158
159
159
157
158
159
160
160
160
161
159
157
157
157
157
158
157
156
156
156
156
157
157
158
157
157
157
157
158
156
156
156
156
156
155
157
157
157
157
158
158
157
157
155
155
155
157
155
156
157
157
158
158
160
159
162
163
162
161
160
160
159
158
158
159
160
161
161
161
160
160
159
161
161
161
161
160
160
160
158
158
158
158
158
157
157
155
155
156
156
156
157
155
155
155
157
159
160
159
159
159
159
159
159
159
159
159
159
158
158
156
156
156
156
157
160
158
158
156
154
154
154
153
153
155
156
157
155
154
154
154
155
153
153
153
154
152
152
152
153
153
153
152
151
151
151
151
153
152
152
153
153
152
152
152
151
152
153
153
152
152
153
153
154
154
154
156
155
154
153
153
153
152
152
151
151
152
152
151
151
151
152
152
152
152
153
153
153
153
154
155
154
154
154
154
154
155
155
155
153
152
153
154
154
156
157
156
156
155
156
157
156
152
151
151
151
152
151
151
152
152
152
153
153
154
155
153
153
152
151
151
151
151
150
149
149
149
149
149
150
150
150
151
151
151
153
154
154
155
154
154
152
151
151
151
151
151
151
152
152
152
151
154
153
152
152
151
152
152
153
154
154
154
152
152
152
153
152
152
150
148
149
151
152
152
152
153
152
153
152
152
152
151
151
150
150
150
150
151
151
150
150
151
149
150
150
150
150
150
149
148
148
148
148
147
147
147
147
147
146
146
146
146
147
146
146
146
146
148
149
149
150
151
151
151
149
149
146
146
146
148
148
148
148
146
147
148
146
146
148
149
150
150
151
154
155
152
152
153
153
155
154
152
152
151
151
150
152
153
153
154
153
152
152
152
152
152
152
153
153
153
153
150
148
148
148
148
148
148
149
149
148
148
147
148
149
149
148
149
148
149
149
150
151
150
150
149
150
149
148
150
150
151
151
150
152
153
155
154
154
153
153
152
151
151
151
152
153
151
150
150
150
148
149
149
151
151
151
151
150
152
153
153
154
154
153
154
153
152
150
149
149
153
154
152
151
152
152
153
154
152
153
152
152
152
151
152
151
149
149
149
150
150
149
149
148
148
147
146
146
147
147
147
149
149
149
148
147
148
148
148
148
147
147
149
150
152
152
152
150
151
151
150
150
150
150
149
149
150
147
148
150
151
149
148
148
148
149
150
152
151
150
148
147
146
146
145
146
147
148
147
146
147
149
149
148
149
151
151
151
150
149
153
150
150
152
151
151
150
148
149
150
149
148
147
147
148
148
148
148
148
148
149
149
149
151
151
150
149
149
149
149
148
150
150
151
152
150
150
150
150
149
149
150
150
150
151
152
151
152
153
155
155
153
153
152
154
154
153
153
153
152
151
151
150
148
147
146
146
144
145
144
145
147
149
148
148
150
150
149
150
150
148
146
147
145
145
145
145
144
144
145
145
145
145
144
145
143
144
144
143
143
145
146
145
145
146
146
146
147
147
147
147
147
145
146
147
148
147
147
149
149
149
150
150
151
149
149
148
148
149
149
147
144
145
146
145
145
144
143
142
144
146
146
147
148
148
148
148
149
149
146
147
148
148
147
147
147
148
147
147
147
147
148
148
151
150
150
151
152
152
148
148
148
147
146
147
147
146
144
144
145
145
145
144
144
145
145
145
146
145
146
146
148
147
146
146
146
145
145
145
144
144
145
144
145
145
144
145
145
147
149
150
151
147
145
144
145
144
143
143
143
143
143
143
143
143
143
142
143
143
143
144
144
143
142
142
141
144
145
145
147
147
147
148
148
147
147
148
148
149
147
146
146
144
144
144
143
142
142
142
142
142
142
141
142
142
143
143
143
144
144
144
143
144
144
142
142
143
142
145
145
144
143
142
142
143
143
145
145
145
145
144
144
144
142
142
143
142
142
142
142
141
141
142
142
143
143
142
142
142
142
141
141
141
143
144
144
143
142
143
144
144
143
145
145
143
142
142
142
143
143
143
143
142
142
141
141
142
143
143
143
144
144
145
146
144
144
142
141
140
140
138
139
138
140
139
139
140
139
138
137
137
137
136
136
136
136
138
138
138
138
138
138
139
140
140
139
140
141
141
142
146
146
145
144
143
143
141
140
140
140
141
140
141
139
139
139
139
137
137
137
137
136
137
138
139
139
136
136
136
137
138
140
143
143
142
140
140
140
139
139
139
139
138
138
137
137
137
138
137
138
137
140
139
138
137
136
136
136
135
135
135
135
137
136
136
136
136
136
136
136
138
138
136
135
137
138
137
137
137
137
138
138
138
138
138
138
138
137
138
138
138
137
138
138
138
138
139
139
138
138
135
134
136
136
135
136
136
137
137
137
136
136
136
136
135
137
137
137
136
136
137
137
137
137
137
138
137
139
140
142
141
142
141
141
141
141
140
140
143
145
142
141
141
140
140
142
141
141
142
143
144
142
144
144
143
143
143
142
145
146
145
146
147
144
144
143
144
143
143
143
146
145
144
142
142
141
138
138
138
138
138
138
134
135
135
135
135
135
133
132
132
132
132
131
131
131
132
132
132
133
133
133
133
134
133
133
132
132
132
132
133
132
133
133
132
132
131
131
130
130
130
130
130
130
130
130
131
133
133
133
133
134
133
135
133
132
132
132
132
131
132
132
132
134
134
134
134
134
135
136
135
135
135
136
137
134
135
135
135
137
137
137
136
136
138
138
137
137
139
140
139
140
141
140
138
139
140
139
137
138
139
139
138
139
139
139
140
136
136
136
137
134
136
136
135
133
133
133
133
135
135
136
134
134
134
134
134
134
134
135
135
135
135
135
135
135
135
132
133
133
134
132
132
133
134
133
134
135
136
137
138
137
136
136
135
135
135
138
139
139
139
139
138
138
139
138
138
137
136
136
136
138
137
137
136
135
136
135
135
135
134
135
134
134
133
133
133
133
134
136
136
135
135
136
137
136
135
136
135
134
135
133
133
134
135
135
135
134
135
133
133
133
133
133
134
134
134
135
134
133
133
131
132
133
133
133
133
131
132
133
133
133
132
132
132
132
131
132
133
133
133
134
132
131
132
132
133
133
133
133
133
133
134
134
133
133
132
132
132
133
133
133
133
134
134
135
135
136
136
136
137
137
138
141
140
138
136
137
139
138
138
136
137
137
136
136
135
135
135
135
134
134
133
133
133
134
134
133
133
134
133
133
133
134
134
135
133
133
134
134
136
137
137
137
138
138
139
140
138
138
137
137
137
136
137
135
135
134
134
135
135
135
135
134
135
135
134
134
132
132
132
133
133
133
133
133
134
134
135
136
136
136
137
136
136
136
135
134
133
132
132
133
133
133
133
133
134
134
134
134
135
136
137
136
135
135
135
137
138
138
139
139
139
140
140
142
141
141
140
140
140
139
139
138
139
139
139
140
138
138
137
136
136
135
133
134
135
135
135
133
133
134
133
132
132
132
132
131
132
132
131
131
132
132
132
131
131
133
133
132
133
133
133
132
133
133
133
134
134
135
133
133
133
134
134
133
132
134
134
135
135
135
134
135
135
135
134
136
133
133
131
131
131
130
131
132
133
133
133
132
132
131
131
131
132
131
131
131
131
131
131
131
130
130
130
130
131
130
130
130
132
132
133
134
135
135
132
131
132
131
130
131
131
129
129
128
129
128
128
128
128
127
129
130
130
131
131
131
132
133
134
133
133
134
136
137
137
137
135
136
135
134
135
135
134
135
136
136
136
137
139
139
138
137
137
136
133
134
135
134
132
132
132
132
131
129
128
130
130
130
129
128
127
129
127
128
127
127
128
128
128
127
127
127
127
127
128
129
128
128
128
127
129
129
129
127
128
128
129
130
130
128
127
127
128
129
129
129
129
129
128
129
130
130
130
131
132
132
132
129
130
130
129
128
128
128
128
128
129
128
127
125
125
125
126
127
126
126
126
126
126
126
126
126
127
129
131
130
131
131
129
129
130
130
131
128
129
129
128
129
127
126
125
125
125
124
127
126
127
128
128
128
130
129
128
129
129
129
128
129
129
128
128
128
128
128
129
129
129
129
129
129
129
130
129
130
130
130
130
129
128
128
127
127
128
129
128
128
129
129
130
130
130
127
127
127
125
125
126
126
126
126
127
126
126
127
126
127
127
126
126
127
127
127
126
126
127
126
126
126
128
128
128
128
126
127
126
128
128
128
129
131
131
131
133
132
130
126
126
126
126
126
126
126
125
124
124
123
123
124
124
125
125
125
126
126
126
126
127
126
126
125
126
126
126
126
126
127
127
128
128
127
128
129
129
129
128
129
129
128
128
128
127
127
126
124
124
124
125
124
125
125
123
124
123
122
124
124
123
124
124
124
125
126
126
126
126
127
127
127
127
127
126
126
126
128
129
130
128
131
130
130
128
126
126
125
125
125
125
124
123
124
123
123
123
123
123
123
122
120
121
123
124
123
123
124
124
124
123
124
124
124
125
126
126
126
125
123
123
123
122
122
121
121
121
121
121
121
121
122
122
124
125
126
128
128
128
129
130
130
129
129
128
127
128
129
128
129
128
128
126
125
126
126
127
128
128
129
129
127
127
128
129
129
130
130
127
127
128
126
126
125
125
125
125
124
124
123
123
122
123
125
124
125
125
125
124
126
126
126
126
126
128
129
129
128
126
126
126
127
125
125
125
125
125
124
124
125
126
127
128
128
128
129
129
128
128
128
130
127
127
127
127
127
127
128
130
130
130
129
130
130
131
130
130
129
128
128
127
126
127
128
129
129
129
130
130
132
134
131
131
132
131
131
131
132
131
130
129
129
128
127
127
126
126
127
127
127
127
125
125
124
123
124
125
125
128
127
127
127
127
127
127
126
125
125
125
124
125
125
124
125
125
124
123
123
123
123
124
124
124
124
125
126
126
124
124
124
124
122
122
123
125
124
124
124
124
124
126
125
124
126
125
124
125
126
124
123
124
124
125
125
126
127
127
126
126
126
126
125
125
123
123
122
122
124
123
124
124
123
123
123
123
122
122
123
123
123
123
122
123
124
125
123
125
125
127
127
127
126
126
127
127
127
128
127
126
126
125
126
126
126
125
125
125
127
128
128
129
129
129
127
126
126
125
126
125
125
128
127
124
124
126
124
122
121
124
125
125
125
124
124
125
124
125
125
125
126
126
125
124
125
125
125
125
126
125
125
125
124
125
123
123
123
123
123
123
122
120
120
120
119
119
118
118
119
119
119
119
119
119
119
119
119
119
119
119
119
118
118
119
119
119
122
122
122
122
121
122
124
123
122
122
123
122
121
121
121
121
121
121
120
121
123
124
125
122
122
123
125
127
125
123
123
123
123
123
123
122
123
123
123
122
121
121
121
121
122
123
122
123
122
120
120
120
120
120
120
121
121
122
122
123
124
124
123
123
122
122
123
122
123
123
123
123
122
121
122
123
124
124
125
123
123
125
124
123
123
122
122
122
122
122
121
121
122
122
122
123
123
123
124
124
124
123
124
124
123
125
125
125
123
122
124
125
126
125
125
125
124
124
123
122
122
121
121
121
121
120
120
120
121
121
120
120
120
121
122
124
124
123
123
122
123
123
123
123
123
126
126
124
124
124
123
123
123
124
125
125
123
123
123
122
122
122
122
122
121
121
121
122
121
121
121
121
123
125
123
123
124
123
124
124
125
125
125
126
124
124
124
125
125
126
124
123
122
122
123
124
125
123
122
122
122
122
122
121
121
120
120
121
121
123
123
121
123
122
120
120
121
121
123
120
120
120
120
120
120
121
118
118
118
118
119
119
119
118
119
120
119
120
119
119
118
118
119
119
119
119
120
121
123
120
121
121
122
119
121
121
121
120
121
122
122
122
121
120
120
121
122
120
120
120
120
120
119
119
119
118
118
119
120
119
121
121
122
122
125
124
123
123
122
122
121
121
121
120
122
122
122
123
122
121
120
119
118
118
119
119
120
120
118
119
119
119
119
117
117
118
119
118
117
119
120
120
120
118
117
118
118
118
118
118
117
118
120
119
119
121
121
121
121
120
120
120
119
120
119
119
119
118
118
119
120
121
120
121
121
123
122
121
121
121
120
121
121
121
121
118
118
120
122
121
121
121
121
121
121
122
122
121
120
121
120
121
121
122
122
121
121
121
120
120
120
120
121
122
122
122
122
122
122
123
123
123
120
119
119
119
120
120
121
122
122
121
120
119
119
119
119
118
118
119
119
119
119
119
119
119
121
122
122
122
122
122
120
120
119
120
120
121
121
121
121
120
122
123
122
124
124
125
126
124
124
123
123
122
122
122
120
119
118
118
116
116
116
116
117
116
116
117
117
117
117
117
115
115
115
115
115
115
115
115
116
116
115
115
115
115
114
114
114
114
116
116
117
117
117
116
115
115
115
115
116
116
116
116
117
119
116
117
119
119
118
118
118
118
118
119
119
120
121
121
119
120
120
120
119
119
119
118
118
119
119
119
119
119
118
119
119
120
120
120
120
120
119
119
119
119
119
118
119
118
118
119
119
121
121
121
121
118
117
117
118
120
119
120
120
120
121
122
123
122
122
123
123
124
124
123
121
120
120
120
119
119
119
120
121
120
122
123
123
122
120
120
121
122
123
122
121
121
119
119
118
118
118
118
118
118
120
119
118
119
121
118
117
118
118
117
117
117
115
115
118
118
118
118
116
117
118
118
118
118
118
118
118
116
117
118
117
117
120
120
119
119
118
118
118
119
119
121
120
120
120
118
118
118
119
120
120
120
120
119
119
118
120
120
119
118
118
119
120
120
118
118
118
122
120
117
118
117
117
117
117
115
114
114
114
114
114
113
114
113
113
115
116
116
118
118
117
116
117
114
114
114
113
113
113
113
112
112
113
116
116
116
116
116
116
114
114
113
112
112
111
112
111
111
111
112
112
111
111
112
112
112
112
114
113
113
113
113
114
115
115
115
114
114
114
113
114
113
113
114
114
115
115
115
115
116
117
117
115
116
