0.0006927586206896553 0.0004879310344827587
300
297
290
289
282
277
271
266
265
265
263
262
263
260
258
255
254
255
253
254
252
249
248
247
248
246
242
244
244
246
245
245
246
248
246
244
244
244
245
246
245
244
246
245
248
246
246
246
244
244
244
245
246
242
242
240
240
246
243
241
242
237
239
237
235
235
236
237
236
233
234
234
235
233
232
233
234
234
235
235
237
236
235
233
233
233
231
232
231
232
234
234
235
234
234
235
238
237
237
235
235
236
238
238
236
236
237
236
237
234
233
234
233
234
233
235
236
240
238
236
235
235
235
233
235
235
235
237
236
233
227
227
226
224
225
225
221
221
222
222
222
221
222
222
223
225
225
224
227
226
227
225
226
225
226
225
226
227
227
225
225
224
225
226
225
225
226
224
225
228
228
231
228
229
229
231
229
231
230
230
230
230
231
232
233
229
229
229
233
233
233
232
232
232
230
230
229
230
233
234
236
237
235
236
235
234
236
235
235
235
234
235
234
234
234
235
236
236
234
233
232
231
227
226
227
226
227
229
229
227
227
228
226
226
226
226
228
227
226
224
225
225
226
229
229
229
230
230
229
228
228
227
227
226
227
228
226
226
222
222
221
223
226
227
225
224
223
222
223
224
226
224
223
225
225
222
222
222
223
221
219
215
215
217
219
218
218
219
218
218
221
222
221
219
220
224
224
225
224
225
227
227
226
225
222
222
222
222
222
223
223
223
223
223
224
223
222
221
222
222
223
224
226
226
229
229
227
226
225
223
224
224
223
225
226
226
225
225
223
222
223
224
225
226
225
224
223
222
223
223
225
228
230
231
232
233
231
233
234
234
232
230
229
231
230
230
229
228
228
229
228
228
228
228
230
229
230
230
233
233
234
230
230
231
231
230
230
227
226
226
227
229
230
229
229
228
229
227
228
229
229
229
228
227
226
227
227
226
228
226
228
228
227
227
228
225
226
225
225
225
226
226
224
224
223
222
224
224
226
227
227
226
226
226
227
228
227
226
226
225
226
226
225
228
228
225
224
224
223
226
227
225
227
226
223
220
220
219
219
222
223
224
222
224
223
224
225
227
227
223
224
224
222
222
224
223
222
219
220
221
221
220
219
218
216
217
216
219
217
215
217
217
217
219
219
216
215
214
215
217
215
214
214
216
214
212
213
215
217
219
219
218
218
217
218
219
220
220
220
219
219
217
218
219
220
219
218
220
220
220
221
219
220
219
219
219
217
218
217
218
218
220
223
224
225
225
224
221
221
223
223
224
225
226
230
232
230
232
230
229
229
226
227
226
224
225
229
228
227
228
225
225
222
221
221
220
223
223
224
220
221
224
224
225
224
226
225
224
224
224
223
221
221
222
223
222
222
223
221
220
219
219
220
221
220
221
219
218
218
220
221
221
223
221
223
226
223
224
219
218
218
217
217
218
217
218
218
218
219
220
218
218
218
218
221
219
217
218
216
216
216
216
215
214
214
214
213
213
213
213
211
212
213
213
214
215
216
217
216
215
215
216
215
215
216
215
215
215
214
213
213
213
213
213
216
217
217
215
217
217
217
216
216
216
217
216
217
218
218
217
217
217
219
217
217
218
217
218
218
218
216
217
216
216
216
215
215
215
216
215
215
215
215
215
214
215
214
214
214
215
215
217
213
215
215
218
221
223
220
215
217
216
216
217
217
218
218
217
216
216
217
216
216
217
217
218
217
216
212
212
211
210
211
210
209
209
209
211
212
211
212
211
212
213
212
213
214
216
214
216
220
217
215
217
215
217
215
217
216
217
217
215
214
216
214
214
214
214
214
216
215
214
214
215
217
217
218
214
214
214
215
214
215
216
218
220
221
219
221
223
224
224
223
222
223
221
220
221
221
221
221
221
221
219
218
219
218
219
219
218
216
216
217
216
217
218
218
218
218
219
220
218
218
218
218
219
219
220
218
217
219
219
219
218
221
223
222
223
221
222
219
220
221
219
218
218
216
216
217
217
217
219
220
219
218
220
219
221
222
222
223
223
222
218
217
217
217
218
221
222
222
222
221
222
222
222
222
223
223
223
221
221
222
221
221
221
222
220
219
219
218
218
219
218
219
218
220
221
222
221
220
221
218
223
223
224
225
223
221
220
221
220
220
220
220
219
218
218
219
218
215
212
213
214
214
214
216
215
215
217
216
216
214
214
214
217
217
217
219
219
216
216
216
220
223
223
223
222
221
219
217
219
219
219
220
222
220
220
220
223
223
221
219
217
216
215
217
217
217
216
217
216
217
218
217
219
220
220
222
219
219
220
219
219
220
220
219
218
216
215
216
216
214
212
213
213
213
214
214
214
213
213
213
212
212
211
211
211
212
210
210
210
211
213
214
215
215
211
210
211
210
209
211
212
212
211
210
210
210
211
210
211
212
212
213
212
211
213
217
215
213
214
212
213
214
217
216
217
218
217
219
217
218
218
219
218
219
219
220
218
216
216
216
214
214
213
213
214
214
213
213
212
214
215
217
219
217
219
218
219
221
221
222
225
224
224
223
222
224
223
223
224
224
224
224
222
221
221
223
221
220
219
220
221
220
220
221
222
223
225
223
225
226
228
227
228
229
226
227
228
227
226
227
223
224
225
228
227
229
229
228
228
227
226
226
227
225
224
226
227
228
228
228
225
225
224
223
221
219
216
215
216
215
215
214
214
215
216
216
215
215
217
218
218
219
220
222
222
222
221
222
221
222
222
222
220
220
221
225
228
230
229
230
228
231
228
227
225
225
225
223
222
224
225
223
222
222
222
222
221
221
221
222
220
219
220
219
217
219
220
219
221
222
221
224
224
225
223
223
221
223
223
222
220
219
219
218
217
218
217
218
219
219
216
216
217
217
216
217
218
218
216
215
215
214
214
212
216
218
215
218
218
219
219
218
218
219
219
217
216
216
217
216
214
214
217
215
212
212
207
207
208
207
207
207
210
211
211
212
212
214
213
213
214
214
213
213
211
211
213
214
213
213
212
212
210
207
209
209
209
204
204
206
205
205
203
204
204
202
202
204
202
200
201
203
205
204
207
207
206
207
206
204
203
201
201
202
203
205
203
203
202
202
203
205
204
203
203
205
206
203
202
203
204
207
205
206
203
205
205
204
205
205
206
206
208
208
207
208
207
207
207
207
206
205
205
205
205
202
202
203
205
207
207
208
207
206
205
203
205
206
207
207
208
207
208
207
206
207
207
207
207
208
207
206
206
206
208
208
208
206
205
205
204
205
204
204
204
205
206
208
209
209
210
211
214
212
211
213
212
210
212
212
209
212
210
210
209
210
214
213
212
212
210
209
209
210
210
210
210
209
210
212
213
215
212
212
212
210
211
209
209
210
208
206
205
207
207
206
204
205
205
205
205
204
204
204
203
205
206
204
205
206
210
208
207
208
207
207
209
208
208
208
208
208
205
205
209
206
207
208
208
207
207
206
207
210
211
210
209
208
207
209
209
209
207
208
207
207
206
207
207
206
206
206
202
201
200
200
203
205
202
202
200
200
201
203
203
203
202
202
202
201
201
202
202
207
204
208
210
211
208
208
206
210
210
213
215
212
211
208
205
206
202
202
202
201
203
205
205
206
204
204
205
206
201
202
203
202
201
200
202
202
202
202
204
207
209
210
211
214
214
212
213
214
213
213
212
212
212
214
215
215
216
218
219
219
217
214
215
214
214
210
210
211
209
205
203
202
201
204
205
203
204
203
203
201
201
200
198
199
201
199
201
201
203
203
202
203
203
202
203
203
201
199
199
197
199
197
198
199
200
198
198
198
198
198
198
200
200
200
199
198
197
198
197
196
195
197
196
196
196
195
196
198
198
196
196
196
198
200
200
201
201
201
198
199
197
195
196
196
197
198
197
196
194
192
192
191
191
190
191
191
191
192
193
194
194
193
194
194
194
195
197
195
195
194
193
194
194
194
195
195
195
196
195
194
196
196
194
197
196
198
197
198
198
198
198
197
198
200
200
198
199
199
199
198
198
198
199
198
199
199
199
199
198
199
197
199
198
199
200
200
200
199
198
196
197
198
201
201
201
204
208
209
207
206
207
205
204
203
201
200
199
199
202
202
201
201
202
202
202
202
200
200
202
202
201
200
199
201
200
200
199
199
199
199
200
199
199
198
199
200
201
200
201
200
200
201
199
198
199
199
199
201
201
200
201
200
200
201
200
199
200
199
200
202
202
202
203
205
206
205
205
206
204
205
206
204
203
201
201
200
199
199
199
201
200
200
199
201
200
200
203
203
203
205
201
200
199
198
194
194
194
193
193
193
193
193
193
193
194
195
195
196
196
199
198
198
200
200
204
204
204
204
203
206
204
204
205
207
204
203
204
202
201
201
201
201
201
200
200
201
200
199
199
200
200
199
195
197
199
200
200
200
199
198
197
197
196
195
194
195
195
196
199
201
202
202
200
200
201
201
201
202
198
197
197
198
197
196
197
197
198
197
197
196
197
198
197
197
197
198
198
198
198
197
196
196
197
195
194
193
193
192
193
192
192
191
192
193
192
193
194
196
197
197
193
192
191
189
189
189
188
188
188
189
190
190
191
191
190
190
192
194
192
192
192
192
193
194
195
195
195
194
197
197
197
198
197
199
199
197
196
196
197
197
198
198
198
198
199
200
199
199
200
200
200
201
201
200
199
199
200
201
200
199
202
203
205
205
205
204
203
204
204
202
201
199
198
200
200
201
202
200
199
198
198
198
199
200
200
200
198
197
197
195
197
196
196
196
197
196
192
194
193
193
193
192
194
196
196
196
194
195
195
195
197
196
196
197
197
197
198
198
198
197
196
196
198
197
198
195
195
197
195
192
191
193
193
193
193
194
192
194
198
197
198
197
197
196
198
198
200
199
198
198
197
197
196
195
194
193
191
192
193
193
193
194
195
193
193
192
193
191
190
189
190
190
192
193
192
192
193
192
192
192
191
190
189
189
189
189
190
187
189
190
190
190
188
189
190
190
189
188
190
190
193
193
195
196
197
197
198
198
198
199
197
196
195
195
198
195
195
196
198
198
196
196
197
197
197
198
200
200
200
201
201
202
202
201
203
202
202
202
202
202
203
204
204
204
202
203
202
203
203
203
205
204
203
203
200
200
200
196
193
194
194
196
196
195
198
198
198
200
200
195
193
192
194
193
194
192
192
192
193
190
191
189
189
190
186
185
185
186
185
186
186
187
187
188
188
191
190
191
189
188
188
188
189
189
189
188
187
190
193
191
190
189
187
188
187
187
187
185
185
185
185
186
186
186
186
186
185
186
186
185
185
185
185
184
185
184
187
186
184
184
184
184
183
184
185
184
184
184
185
188
189
188
187
186
189
189
188
188
189
189
190
189
189
189
188
188
190
190
186
186
187
186
185
186
185
188
188
189
190
190
188
187
187
187
185
185
186
187
189
189
185
185
185
186
186
185
183
181
184
185
185
184
182
182
181
181
180
180
182
182
182
180
181
180
180
179
179
178
178
180
180
182
181
181
179
179
179
179
177
179
180
180
181
179
178
178
181
182
184
186
184
184
182
184
184
185
183
185
184
184
183
183
183
183
182
182
180
182
181
181
181
179
179
180
177
176
176
176
179
179
180
180
179
180
180
179
181
180
178
178
178
180
180
180
181
181
182
181
181
184
186
183
184
185
184
183
182
182
182
182
182
181
180
178
178
177
177
178
178
178
177
179
179
180
179
181
182
181
181
182
180
181
181
179
177
181
181
181
181
182
182
181
180
179
180
178
176
176
175
174
174
174
174
173
174
175
176
174
174
174
174
173
172
168
168
168
167
169
170
172
172
174
174
174
174
174
174
174
174
174
174
172
170
171
172
173
173
173
173
173
171
172
173
172
171
173
172
172
172
173
172
172
172
172
170
172
173
173
175
177
178
179
178
176
176
176
178
180
180
179
178
178
179
178
177
178
178
177
177
177
178
178
176
176
175
176
176
178
177
179
177
175
177
179
179
176
177
175
177
176
176
176
174
174
172
172
172
172
172
174
173
173
173
171
171
171
172
171
171
171
171
173
174
173
173
174
176
176
174
174
174
172
172
172
172
172
170
171
173
173
171
173
172
171
174
175
176
175
174
176
172
172
171
172
172
173
175
175
174
175
174
174
174
175
175
176
178
180
181
179
177
176
177
177
176
177
178
178
178
177
175
174
173
176
175
174
174
174
174
174
175
176
178
178
179
181
181
180
180
179
179
179
179
180
182
182
181
180
179
180
182
182
181
180
180
179
179
180
182
183
182
182
183
184
184
184
183
183
184
182
184
185
186
187
187
186
190
190
189
190
190
191
190
188
188
187
187
186
185
185
185
187
186
185
183
182
182
182
182
181
181
181
181
180
180
178
179
179
180
179
179
179
179
179
180
181
183
183
183
185
183
183
184
183
184
184
184
186
187
188
187
187
187
187
185
183
180
180
181
180
180
182
182
182
182
182
182
183
184
184
184
184
183
183
181
181
181
181
182
183
182
182
183
181
184
184
187
186
186
186
185
187
185
182
182
182
181
181
182
183
183
182
179
181
182
181
184
183
183
183
183
183
182
181
180
180
181
180
181
183
184
182
183
183
183
181
180
180
180
179
177
178
179
179
179
178
178
178
179
179
179
179
179
180
180
180
181
182
187
188
187
188
188
185
185
184
185
184
183
182
181
180
180
178
177
178
178
178
180
179
179
180
180
181
181
182
182
183
182
180
180
179
179
179
181
180
181
182
182
183
182
180
180
181
182
183
181
182
182
182
182
184
185
186
187
186
185
185
186
186
184
185
184
186
186
186
185
185
183
183
183
181
180
180
180
183
181
181
182
181
180
181
182
183
183
181
181
182
181
186
186
184
185
191
189
189
188
191
189
189
189
192
192
189
187
186
183
180
180
181
181
181
181
182
184
186
185
186
185
184
184
184
184
183
183
184
182
182
181
182
183
183
183
182
182
182
181
180
179
181
180
180
180
177
177
177
175
177
176
177
178
178
178
178
177
177
179
180
181
182
181
181
180
180
178
181
181
181
181
182
181
181
181
183
182
184
183
182
182
181
182
179
179
180
179
180
179
178
176
176
176
174
173
173
174
175
176
177
177
178
177
176
174
176
176
176
176
178
181
180
181
180
180
180
177
176
175
177
177
176
175
175
174
173
174
173
173
173
174
176
176
173
173
173
173
174
174
175
175
175
174
174
173
172
173
173
173
172
174
174
174
175
175
174
174
173
174
175
174
175
174
173
174
174
174
174
175
174
174
173
173
173
172
172
171
172
172
172
173
174
174
173
174
175
176
176
175
174
174
175
177
176
175
175
174
173
174
173
173
173
175
174
171
172
174
175
174
173
175
177
179
178
179
178
175
174
174
176
174
173
173
173
173
175
175
175
173
173
172
171
173
172
170
170
171
172
173
173
174
175
176
175
176
175
175
174
175
176
176
176
176
176
176
175
174
174
170
171
171
171
172
172
173
174
174
174
173
172
172
175
177
176
177
177
179
178
180
179
182
177
176
176
177
176
175
174
173
175
169
170
171
171
171
171
169
170
170
170
170
171
171
172
172
173
172
170
170
170
172
172
173
176
175
174
172
172
174
173
172
172
174
173
171
171
171
173
172
172
172
173
173
173
174
175
173
172
173
173
172
174
174
171
171
171
171
172
172
169
170
170
169
170
171
170
170
169
171
171
171
170
169
170
169
168
168
168
169
169
172
171
173
171
168
169
170
172
171
172
173
173
173
172
172
171
170
170
170
170
170
170
170
169
167
167
170
170
167
167
167
168
167
167
167
168
167
167
167
167
166
166
166
166
166
168
168
168
168
168
166
167
166
167
168
170
169
169
170
173
172
168
169
170
171
170
169
168
168
168
168
168
168
169
170
170
171
171
170
169
168
169
169
169
171
170
173
173
173
173
172
171
172
171
174
175
173
175
174
173
174
175
177
176
176
176
175
176
173
172
172
172
170
171
172
170
170
171
171
171
173
172
172
171
169
168
167
167
165
165
164
165
165
165
164
165
165
164
164
164
164
164
165
165
165
165
165
166
166
168
169
169
170
170
170
170
171
172
172
170
169
170
171
172
171
171
172
171
171
171
171
171
171
174
174
176
176
177
174
174
173
174
176
175
176
175
173
173
174
175
173
172
171
171
170
170
171
171
169
171
171
172
172
170
170
169
170
169
169
168
169
169
168
169
170
172
173
174
175
174
174
173
171
171
170
172
173
170
172
171
172
172
174
176
175
176
175
175
174
175
173
174
175
173
172
172
172
173
173
170
170
169
169
172
173
173
173
170
169
168
169
168
167
166
166
166
165
165
164
164
166
165
163
163
163
163
162
163
162
164
163
162
163
162
163
163
163
163
163
164
165
166
166
166
167
166
168
170
170
170
173
172
170
169
169
169
169
168
168
170
171
170
169
170
170
170
171
170
170
170
169
168
169
171
172
173
171
170
171
169
170
169
169
168
168
169
169
170
170
171
169
174
173
173
173
172
170
170
170
170
171
170
171
172
169
169
171
169
169
169
168
168
170
171
170
167
167
167
167
167
167
166
166
165
165
162
164
164
163
166
164
164
164
165
166
166
167
166
167
167
168
166
168
168
169
170
168
167
167
168
169
170
169
167
164
164
165
164
165
164
165
165
165
165
166
165
165
166
166
166
167
166
167
168
168
167
166
166
166
166
165
166
166
169
170
170
171
169
169
170
170
169
169
168
166
165
168
169
169
168
169
167
168
169
168
168
168
169
168
169
171
174
173
170
168
169
169
168
170
170
168
169
170
170
170
171
168
168
167
167
166
167
166
166
168
168
168
168
166
167
166
165
166
166
166
167
168
168
166
167
168
171
169
168
167
167
165
166
165
164
164
165
168
168
168
167
166
166
169
172
173
174
173
172
171
170
170
169
169
168
167
167
169
170
172
173
173
171
174
176
173
174
171
169
167
166
165
164
164
167
167
166
165
166
167
167
167
166
166
165
165
163
164
163
162
162
160
162
164
165
165
165
164
165
166
168
169
168
167
166
166
166
166
166
165
164
165
165
165
165
165
163
161
162
161
161
161
162
163
163
161
161
160
161
161
162
161
161
159
161
161
159
159
159
159
160
159
160
160
159
159
161
160
160
160
162
162
162
160
160
160
161
160
160
161
160
161
162
160
160
163
162
161
162
162
163
161
162
163
163
164
164
163
164
165
162
165
165
165
166
166
165
164
164
164
164
164
163
164
164
163
162
162
161
161
162
160
160
162
162
162
162
163
166
167
168
167
166
166
166
166
166
164
162
163
164
163
164
163
163
162
161
162
165
166
165
164
163
164
164
163
163
163
164
164
166
168
167
169
167
167
169
169
169
169
170
171
167
167
167
169
169
171
172
173
174
173
174
173
174
176
176
173
173
173
172
172
173
172
172
171
169
169
169
170
170
172
172
171
172
173
173
171
171
168
168
169
168
168
168
166
166
166
166
168
166
165
165
166
166
168
167
167
165
165
165
164
164
164
165
165
165
166
169
169
170
170
171
171
170
169
168
170
171
170
167
168
167
166
166
166
166
166
166
165
166
165
166
167
166
166
164
164
164
164
162
165
162
162
163
164
165
164
165
165
165
165
166
166
169
169
171
170
168
170
168
167
168
169
168
166
166
166
165
165
164
164
164
164
164
165
166
166
166
170
170
169
167
167
168
167
166
163
163
164
165
165
165
166
167
168
168
167
168
168
168
168
167
167
166
166
166
166
166
167
169
170
169
168
166
167
166
166
165
166
167
167
167
165
166
167
167
168
169
167
168
169
171
170
170
172
172
171
172
171
172
173
174
178
179
178
178
179
181
180
178
178
177
176
177
174
170
170
172
171
171
171
172
170
168
168
167
166
168
167
167
169
170
168
168
169
170
170
171
172
172
172
174
173
171
172
175
176
177
177
178
177
177
173
173
174
173
173
173
172
172
172
170
171
169
169
170
170
170
171
172
170
170
170
169
168
168
169
169
169
168
168
167
166
165
165
165
165
165
167
166
165
163
164
164
169
169
169
168
167
167
167
168
168
170
170
169
170
171
171
171
169
169
168
167
168
168
170
170
171
170
170
169
170
169
171
170
171
172
172
172
173
172
172
172
173
174
174
173
173
173
174
173
173
174
172
169
171
169
170
172
174
175
176
176
176
176
175
177
176
177
178
176
175
175
175
174
174
174
174
173
173
173
172
171
172
173
173
173
172
173
174
175
173
172
173
172
172
172
173
174
173
173
173
175
177
176
176
176
176
177
178
178
178
179
178
179
179
179
181
180
180
182
181
181
180
180
179
178
178
179
179
180
180
180
182
183
182
182
180
182
180
178
179
177
179
178
181
181
178
179
175
174
174
173
172
172
171
170
170
169
169
168
168
167
165
165
166
166
168
168
167
166
166
167
169
170
171
171
172
170
169
166
167
165
164
165
164
166
167
166
165
165
165
164
164
162
163
163
162
162
162
163
161
162
163
164
162
164
164
163
164
164
164
164
164
165
164
165
164
165
167
166
167
166
166
166
168
166
165
167
168
166
167
170
168
167
168
168
166
167
167
167
167
168
166
164
164
166
166
164
164
164
164
165
166
165
165
167
168
167
166
166
165
166
167
168
167
167
167
166
166
165
164
164
164
165
164
163
163
162
162
163
162
161
160
162
162
162
162
161
160
160
162
161
160
161
162
162
162
162
162
161
159
160
160
160
161
162
163
163
162
162
161
161
159
159
161
160
160
162
162
162
162
161
161
162
161
161
161
161
162
163
164
166
167
168
164
164
162
163
163
163
163
162
163
164
164
162
164
166
165
165
165
165
163
160
162
164
162
161
157
157
158
161
161
161
161
161
161
161
160
160
161
161
162
162
161
160
158
157
159
157
157
156
156
156
157
160
159
158
158
158
159
157
157
157
157
157
158
157
156
157
157
156
157
157
154
155
155
155
155
155
155
155
156
158
158
157
158
157
159
160
159
160
159
159
158
157
157
156
157
156
156
156
156
156
157
158
158
158
157
157
156
157
158
158
156
157
159
160
161
161
160
160
159
159
159
158
158
158
158
156
157
155
155
156
155
155
155
154
154
154
154
155
154
157
158
158
158
156
157
157
158
157
159
160
161
161
159
160
158
156
156
156
156
155
155
156
155
157
156
158
159
158
160
160
162
161
161
161
162
161
160
160
160
159
159
159
157
158
158
159
157
158
159
161
161
160
159
158
157
158
158
158
157
156
159
158
159
160
161
162
161
162
161
161
161
164
161
162
162
161
163
162
161
160
160
163
162
164
166
168
167
166
166
165
167
167
168
166
165
164
164
164
164
162
160
160
161
161
160
160
158
158
158
158
158
159
161
