0.00024896551724137937 0.0006927586206896553
300
295
289
287
283
282
281
278
272
273
272
268
265
263
255
257
256
255
256
256
253
254
253
251
251
253
251
251
249
248
248
248
248
249
248
247
245
244
243
243
243
244
243
242
242
241
240
240
240
240
243
242
242
242
240
243
244
244
243
243
242
242
241
243
243
242
243
245
245
245
244
246
243
242
241
241
241
240
240
240
240
242
243
243
244
243
242
243
243
245
244
245
244
244
242
242
244
243
242
242
243
242
242
244
244
243
242
244
243
244
242
240
241
240
240
240
237
236
236
236
236
235
236
235
235
235
235
234
235
236
236
236
236
237
238
239
239
238
237
237
238
237
238
236
235
237
237
239
239
239
235
235
235
235
234
234
234
235
236
235
235
235
235
232
233
234
234
233
233
234
236
238
237
238
237
237
237
237
238
237
237
236
237
237
236
235
235
236
237
237
239
239
239
238
237
238
236
236
235
234
232
233
234
237
236
235
235
234
234
234
233
233
234
236
238
238
238
238
238
236
239
240
240
241
241
243
242
243
243
242
241
243
242
246
247
245
245
247
246
245
244
242
241
241
242
242
241
240
239
241
240
240
240
240
240
241
238
239
238
237
236
235
236
234
235
237
238
236
238
239
239
236
236
235
235
235
236
236
235
234
235
234
234
234
234
234
232
234
234
234
233
234
236
236
236
235
238
239
242
243
237
235
235
236
234
234
234
231
231
231
231
229
229
230
231
228
228
230
230
229
230
227
226
227
227
227
226
226
227
229
230
229
228
229
227
227
227
229
231
230
230
230
232
230
231
233
232
232
231
231
231
229
231
231
229
225
230
228
229
229
231
230
231
231
231
231
230
228
228
228
228
229
228
228
227
227
227
229
232
231
231
231
233
231
233
235
234
234
232
232
233
234
233
233
234
233
234
235
235
238
238
236
234
231
230
230
230
227
227
226
224
226
226
225
224
224
225
228
226
226
227
226
226
227
229
230
230
231
230
229
229
229
229
230
229
228
229
229
230
229
229
228
227
227
228
230
230
229
228
228
229
230
230
230
229
230
228
229
230
230
226
225
224
225
228
227
226
226
228
229
230
229
229
231
230
230
229
228
230
229
228
230
229
226
227
227
225
224
226
226
225
224
224
224
225
226
226
226
226
226
228
228
230
229
228
224
225
225
225
225
224
224
224
223
223
225
226
226
227
226
225
226
226
226
226
228
228
229
229
228
231
230
231
231
230
232
233
233
230
229
231
232
233
234
234
235
234
232
232
232
233
235
234
233
231
230
225
227
228
227
226
223
221
222
223
223
224
225
223
222
221
219
219
218
218
219
219
219
219
219
219
221
221
220
223
222
222
222
223
224
224
222
223
225
221
220
220
221
220
222
221
223
223
223
221
222
221
221
221
220
223
222
223
221
220
219
221
223
222
222
219
219
220
220
223
224
223
221
221
222
224
227
224
226
224
225
224
223
223
223
222
221
220
219
220
219
219
219
221
220
219
219
218
217
217
217
218
219
218
218
217
217
217
217
217
216
217
217
217
217
219
220
219
219
219
219
218
218
218
218
219
219
221
222
221
222
219
219
219
219
219
219
219
218
217
217
217
217
219
220
223
219
219
219
220
221
221
220
219
221
218
219
219
219
219
220
221
220
220
220
219
219
218
219
218
217
216
217
218
218
217
218
218
217
218
220
220
219
218
216
216
217
216
216
216
218
220
220
219
221
220
219
218
215
215
214
214
215
216
213
213
214
214
213
213
213
215
215
214
214
213
213
213
213
213
214
215
216
217
218
217
215
218
218
220
219
216
215
215
216
213
214
215
216
218
219
221
220
220
220
218
219
217
215
214
215
216
216
216
218
217
215
215
215
219
219
218
218
221
223
221
222
222
219
215
214
214
215
217
213
213
213
212
212
212
211
211
211
214
214
214
214
212
212
213
213
212
212
211
211
212
212
212
211
211
211
210
212
213
213
213
215
214
214
212
212
212
211
212
212
213
215
215
217
216
214
215
214
213
214
213
213
214
213
214
215
210
208
209
209
209
210
210
210
209
210
211
212
212
211
212
212
212
212
211
210
211
212
213
214
214
214
214
214
213
210
213
213
211
211
212
211
211
212
211
211
210
210
210
211
211
211
210
210
210
210
212
212
211
210
208
207
206
206
207
208
209
211
212
212
213
212
211
211
211
212
212
211
211
211
213
214
215
214
216
214
214
216
218
216
216
216
217
216
216
216
216
214
212
212
211
212
213
211
210
210
210
210
212
212
213
214
215
213
215
215
216
215
214
216
216
215
216
217
216
215
214
212
210
210
211
211
213
214
214
214
215
213
211
212
211
209
209
209
209
208
208
206
206
209
207
207
207
208
207
209
209
207
205
205
204
205
202
203
204
205
205
205
205
206
207
206
206
206
207
208
209
209
209
209
208
208
207
205
206
207
206
206
205
204
204
203
204
204
203
203
203
203
203
206
204
204
206
205
205
205
205
205
205
206
206
206
205
205
205
207
207
207
207
206
207
206
206
209
208
209
209
208
208
207
206
207
206
206
205
205
205
206
206
206
207
207
205
204
204
204
206
204
204
204
205
205
206
205
203
203
205
206
207
206
207
206
205
205
206
206
205
204
204
203
203
204
206
207
208
208
207
205
204
205
205
207
208
208
210
208
207
207
208
208
209
210
210
211
209
210
211
210
211
210
209
209
208
209
209
209
209
211
211
209
207
208
206
207
205
205
204
203
202
203
204
203
202
202
201
201
199
200
199
201
201
198
198
200
200
201
201
202
205
204
204
205
207
206
205
205
205
204
204
204
202
202
205
205
206
207
207
207
207
204
203
204
204
205
204
204
202
202
203
205
203
202
201
201
202
202
201
200
201
201
202
201
201
202
201
202
201
201
202
201
202
200
202
202
202
202
202
204
205
205
205
206
206
202
200
200
200
198
198
200
199
199
199
199
199
200
200
201
201
201
201
201
200
200
200
202
203
202
200
200
199
200
200
200
201
198
198
199
198
199
199
199
200
201
200
202
204
204
203
201
201
202
204
201
200
202
201
199
200
198
201
201
198
199
200
200
201
201
202
202
201
202
201
201
203
202
202
201
202
202
202
202
203
204
205
203
203
203
204
202
202
200
201
201
202
202
200
200
198
199
199
198
198
198
199
200
199
201
198
198
197
198
199
199
199
197
197
196
197
196
197
198
198
198
198
199
199
199
198
199
200
199
199
199
198
196
196
196
197
198
197
198
195
195
195
195
195
194
194
194
196
196
196
198
199
201
201
199
197
197
196
196
195
195
195
195
195
196
196
194
191
191
191
191
191
190
191
191
192
192
192
192
192
192
193
191
190
190
189
190
190
190
190
190
191
190
190
191
192
193
193
196
195
194
192
192
191
190
190
190
192
190
189
190
190
189
190
190
191
193
191
191
191
191
191
193
191
192
191
190
191
190
190
190
190
192
193
192
192
193
193
194
194
193
194
194
194
193
193
194
194
194
194
193
192
194
193
192
191
190
191
191
190
190
191
193
193
195
194
193
192
192
191
192
194
193
194
195
194
194
196
195
192
192
192
193
193
193
193
194
193
190
191
192
192
192
192
192
192
193
192
192
192
194
192
191
191
190
190
191
190
192
192
193
192
192
193
192
191
191
192
191
193
192
192
194
193
192
191
191
191
192
196
196
194
192
194
193
191
190
190
191
192
191
189
188
187
187
188
189
190
192
193
193
190
190
192
192
192
191
188
188
191
193
192
192
192
193
191
190
191
191
191
191
193
191
189
190
190
188
189
191
193
193
193
192
192
192
194
194
194
194
193
193
192
192
192
191
191
191
191
191
190
190
191
190
190
190
188
188
189
190
189
190
191
191
191
190
191
192
192
193
194
194
192
192
192
192
194
194
194
195
196
196
196
194
194
193
194
196
195
194
194
191
191
192
191
192
191
193
194
194
194
196
196
196
196
196
197
198
199
200
199
199
199
201
200
197
196
196
195
194
196
196
194
195
196
197
198
196
198
198
196
195
193
194
193
192
193
193
193
195
194
193
194
194
194
195
197
197
197
197
196
198
199
200
200
198
198
196
196
197
196
198
197
198
198
197
195
193
194
195
195
195
194
194
195
195
194
194
193
193
192
193
190
191
192
192
193
193
192
192
191
193
193
192
192
193
193
191
191
192
191
191
191
191
190
190
192
190
189
189
189
190
192
192
194
193
193
193
194
194
194
195
194
193
193
194
192
192
191
192
193
193
194
194
194
193
192
192
193
193
194
193
193
194
193
191
192
190
190
191
191
192
193
194
195
194
193
194
193
192
192
190
190
188
188
187
188
188
187
186
186
185
185
185
185
185
186
185
186
187
187
190
191
190
188
190
193
193
194
193
191
188
188
188
187
187
188
188
188
188
190
190
189
190
190
191
192
195
195
195
192
192
193
191
192
190
190
190
190
190
191
190
191
190
189
187
186
185
187
187
187
187
189
190
191
190
189
189
189
189
189
188
188
187
187
186
186
186
186
187
188
190
192
191
189
190
190
189
190
191
191
189
189
189
188
188
187
188
187
187
189
188
187
187
186
187
187
186
187
186
187
187
187
187
189
188
189
189
189
189
189
188
188
188
191
192
193
193
193
196
196
197
196
195
195
195
193
193
193
193
192
190
192
191
192
191
191
190
190
189
189
188
189
190
190
189
189
189
189
189
188
187
188
189
190
188
189
191
193
189
188
187
187
187
188
190
188
188
187
189
187
188
188
188
191
190
190
190
191
191
191
192
192
190
189
187
188
189
189
188
188
188
188
191
191
189
188
189
189
188
187
187
187
187
187
188
189
190
188
188
188
187
187
187
189
189
189
189
188
188
188
188
186
187
184
185
184
185
186
184
184
183
182
181
182
181
180
180
181
182
183
185
185
185
185
184
183
182
182
181
181
181
183
182
183
183
185
186
187
186
186
183
182
182
184
185
184
183
181
181
181
181
180
182
183
184
186
185
186
187
188
187
186
187
189
188
186
185
185
185
184
183
184
183
183
183
184
184
185
185
186
186
185
185
187
187
187
186
185
186
187
188
188
187
186
188
187
188
187
186
186
187
187
185
184
184
185
185
186
187
187
186
186
186
186
186
186
185
185
186
185
185
185
187
187
188
189
190
190
188
188
190
190
190
188
184
184
184
184
182
181
181
180
181
181
180
181
183
183
184
183
182
181
179
179
180
180
180
179
179
181
181
182
181
182
182
182
182
181
180
181
181
179
179
178
177
177
177
176
176
175
176
176
176
176
176
177
176
177
179
178
178
181
181
180
180
179
178
177
176
177
179
179
178
177
176
176
177
177
178
177
178
179
178
178
179
178
179
180
178
178
177
177
179
179
179
178
177
177
177
176
177
177
177
177
177
177
176
178
180
181
180
181
182
182
182
182
180
181
180
177
176
176
176
175
176
176
175
175
175
177
177
177
176
177
179
179
177
176
175
175
174
174
175
176
176
176
177
176
176
176
178
179
179
178
178
179
180
180
180
179
178
178
180
181
180
180
179
177
175
177
176
180
181
182
182
181
178
178
178
177
176
178
178
178
179
177
177
178
178
179
180
181
179
178
179
180
180
180
180
178
177
177
176
175
175
176
176
176
175
176
175
174
174
174
175
173
172
173
173
175
176
176
177
176
176
177
177
177
178
177
176
176
175
175
174
175
174
173
174
174
175
178
176
176
176
177
179
179
176
176
176
176
176
178
181
181
180
180
179
176
174
174
175
175
174
175
175
175
176
175
178
177
177
178
178
179
180
179
180
179
178
177
178
177
176
177
178
178
178
177
178
178
180
179
182
179
180
180
180
179
180
178
179
177
173
173
173
173
173
172
172
173
171
171
171
172
172
172
171
172
171
171
173
174
174
176
177
176
176
176
175
174
174
176
173
173
173
173
174
174
174
174
173
174
173
173
173
173
173
173
172
173
172
171
172
172
173
173
174
172
171
171
171
171
170
171
171
170
171
170
172
171
173
173
172
172
172
174
175
176
176
176
177
175
173
174
173
172
172
171
171
170
169
168
169
170
171
171
172
172
172
171
171
171
171
170
171
172
173
172
172
172
172
170
170
170
169
168
168
170
170
168
167
168
168
169
168
168
167
168
169
169
170
170
170
170
170
170
169
170
171
173
174
173
174
172
173
173
171
170
170
170
171
171
169
169
169
167
169
168
168
168
168
170
170
169
170
169
168
168
167
169
169
169
169
167
166
166
168
167
168
167
167
167
168
169
169
170
172
172
172
173
173
173
172
172
171
171
171
171
172
172
172
172
170
169
169
169
172
171
171
171
171
171
172
171
172
171
171
168
167
168
168
168
168
169
169
168
168
167
169
169
170
170
170
168
172
172
172
172
171
173
171
169
170
170
170
170
170
169
170
171
170
170
170
171
171
171
172
172
172
172
170
170
168
168
169
169
169
168
168
168
168
168
169
169
169
170
171
172
171
170
169
169
169
167
165
166
167
167
166
167
168
170
167
167
168
170
170
171
171
171
171
173
173
174
176
174
175
174
175
174
172
168
168
167
167
167
167
167
166
165
166
166
166
167
167
166
167
168
167
166
166
167
168
167
167
168
169
170
169
170
169
169
168
167
166
166
166
166
165
164
164
164
164
163
163
163
164
164
166
166
166
167
166
166
169
168
167
167
167
169
169
169
169
170
170
171
172
172
173
173
172
169
168
168
169
169
170
170
170
170
170
170
168
168
169
167
167
167
167
169
168
167
165
166
165
165
166
167
168
167
167
168
167
168
167
167
168
166
166
167
167
166
164
165
165
164
163
163
163
165
164
163
163
164
164
164
163
163
163
163
162
164
164
164
165
165
164
164
165
165
164
165
164
165
164
163
162
163
163
163
163
164
163
163
163
163
163
162
162
162
161
162
162
163
162
162
162
163
163
162
162
162
162
163
163
163
163
163
163
163
164
165
165
163
163
163
163
162
163
164
163
162
162
161
162
162
162
162
162
162
161
161
161
161
163
163
163
164
163
162
162
162
164
164
165
165
167
166
167
168
168
167
166
167
167
169
168
168
168
168
169
169
168
166
166
165
165
165
168
167
164
164
165
165
166
165
167
170
170
168
170
168
167
166
165
167
166
165
165
165
165
166
167
168
167
166
165
165
165
165
164
164
164
166
167
167
167
168
168
166
166
166
165
165
165
164
163
165
168
169
169
169
169
168
166
166
166
168
166
166
166
163
163
163
164
163
163
162
163
164
164
164
164
160
159
159
159
161
159
160
160
160
159
159
160
159
160
159
159
159
158
157
158
158
159
159
158
158
157
158
158
158
159
159
159
161
161
162
161
158
160
159
160
158
159
158
159
158
158
157
157
157
157
157
156
156
156
156
156
156
156
156
157
157
157
157
157
159
161
162
162
162
161
160
161
159
159
159
157
157
157
158
159
159
160
160
160
161
162
163
163
163
163
162
164
165
167
166
164
163
162
162
164
164
163
163
162
163
161
159
158
159
160
159
158
158
159
159
159
159
159
159
157
156
156
156
157
157
158
157
157
158
157
158
158
157
157
157
157
159
159
159
160
159
159
158
159
161
159
160
161
160
160
160
159
159
159
161
162
162
162
160
158
159
160
158
162
162
162
163
164
164
163
162
160
161
160
160
160
159
159
160
159
158
159
159
159
160
159
158
159
161
165
164
161
162
161
161
159
160
158
159
158
157
158
159
159
159
160
159
158
157
157
158
157
157
157
156
156
157
157
158
158
158
157
158
159
158
159
159
158
159
160
161
161
161
157
154
154
154
156
156
155
157
157
156
155
154
152
154
154
154
151
151
150
149
149
149
150
150
150
151
152
152
152
152
152
152
152
152
154
156
157
157
156
157
157
155
155
156
156
156
156
156
155
155
155
155
155
154
153
153
152
151
151
152
152
153
153
155
154
153
153
154
154
154
154
154
153
153
153
153
154
154
154
154
154
155
156
155
155
153
154
154
154
155
156
157
158
158
157
158
156
154
154
154
155
156
157
157
158
157
157
157
154
154
152
152
152
153
155
153
155
152
152
151
153
153
152
152
153
153
152
152
153
153
153
153
153
153
154
154
154
153
152
153
154
154
153
153
153
152
152
151
152
152
153
155
152
149
150
150
150
150
151
151
152
152
151
151
149
148
149
149
148
148
149
151
151
149
149
149
148
149
150
150
149
149
149
149
149
150
150
148
148
149
148
148
149
149
149
150
148
148
149
149
149
150
147
147
146
146
147
148
148
146
147
148
147
147
147
146
146
146
146
146
146
147
147
147
147
149
151
151
149
148
148
150
152
153
151
153
154
151
153
154
154
154
154
154
154
152
150
150
151
151
150
147
146
144
145
146
147
147
147
146
146
146
148
148
147
147
147
148
148
148
149
150
149
149
149
148
148
148
149
149
150
150
150
148
148
149
150
150
150
149
148
148
149
149
149
149
149
149
150
150
149
149
148
148
149
149
151
151
151
153
153
153
152
152
150
149
148
148
148
148
148
144
144
145
145
145
145
145
145
145
147
147
147
147
149
150
150
149
149
149
149
149
150
151
150
150
150
151
150
151
151
152
153
153
152
151
151
152
152
152
153
150
150
150
149
150
151
151
151
151
151
151
151
149
149
149
150
151
151
151
151
151
151
150
151
151
151
151
151
152
152
152
152
151
151
151
152
153
152
152
151
148
147
146
146
146
148
148
148
148
149
148
148
149
147
147
146
146
147
145
144
144
144
143
143
144
144
144
144
142
142
143
143
143
143
143
142
142
143
145
145
146
146
146
145
145
145
146
145
146
146
148
148
149
149
150
149
148
149
149
149
149
149
148
147
146
145
144
144
145
145
145
144
144
144
144
144
144
144
146
146
144
146
148
147
147
147
147
147
146
146
147
146
146
146
147
147
147
151
150
151
151
150
149
149
149
150
150
151
150
149
148
149
148
149
149
149
146
146
147
149
149
149
148
148
147
147
148
148
148
149
150
149
148
149
148
147
146
145
145
144
144
143
143
143
143
144
142
141
143
143
143
144
143
143
143
145
144
144
143
143
144
143
143
143
144
145
145
146
146
146
146
145
146
144
145
146
148
147
146
145
144
144
144
146
147
147
146
146
147
145
144
143
143
143
143
143
145
145
146
145
144
145
145
144
143
143
142
142
141
141
142
143
145
145
145
144
144
143
145
145
145
144
145
145
143
142
142
143
142
141
141
142
143
143
143
143
145
144
143
142
142
142
142
142
142
142
142
142
142
142
141
141
141
141
141
141
141
141
141
141
141
141
141
143
144
143
142
141
141
141
141
141
142
141
141
142
142
143
142
142
142
143
143
141
141
141
144
144
144
145
145
144
142
145
143
141
141
142
142
141
140
142
144
143
143
144
141
142
143
142
142
142
141
140
139
140
142
142
141
140
140
140
140
140
140
140
139
139
139
139
138
138
140
140
140
142
142
142
142
142
142
143
142
143
143
144
144
145
145
145
144
145
145
145
145
144
142
142
142
143
144
145
145
145
145
144
144
145
145
145
146
147
147
145
142
142
143
144
144
145
145
145
144
144
143
142
142
144
144
145
142
143
144
145
145
146
147
145
146
145
145
143
144
145
144
145
142
141
144
147
147
148
149
148
147
146
147
146
146
146
145
145
143
142
142
142
142
142
141
141
140
139
139
139
139
139
139
140
140
140
142
142
142
142
143
144
142
141
142
142
141
143
144
143
141
141
141
139
140
141
142
145
145
143
142
141
142
143
144
146
145
144
143
141
142
139
139
142
143
143
142
143
142
144
143
144
143
141
140
139
139
139
139
140
140
139
138
136
136
136
136
136
137
138
138
138
138
138
138
139
139
138
138
139
137
137
137
138
139
139
139
139
140
141
141
140
139
138
138
138
138
137
136
136
137
136
138
138
137
137
138
138
137
138
139
138
137
137
139
139
140
140
141
141
140
141
139
138
139
140
141
141
142
140
141
140
139
136
136
135
133
133
133
131
132
132
132
132
131
130
131
131
131
131
131
131
131
133
133
134
133
134
133
134
136
137
136
134
134
134
135
133
133
132
132
132
131
132
132
131
130
131
133
133
131
132
130
130
130
130
130
130
128
128
127
127
129
130
130
131
132
132
131
131
131
130
131
131
130
129
129
129
128
129
130
130
131
130
129
127
127
128
130
130
129
128
128
129
130
130
131
131
131
130
130
132
133
133
133
132
132
131
131
130
130
130
130
130
130
129
129
128
128
128
127
127
127
128
128
128
128
127
128
127
128
128
127
127
127
126
127
127
128
129
130
129
129
129
130
129
129
129
129
130
129
129
129
130
130
131
131
131
132
132
131
132
131
131
131
131
131
130
129
129
130
133
131
131
130
130
128
129
130
130
131
130
130
133
133
133
133
133
133
135
134
134
132
133
132
130
130
129
130
132
133
131
132
131
131
131
130
131
131
131
132
131
130
130
130
130
130
129
129
130
130
130
131
130
130
131
130
131
131
131
131
132
131
131
132
132
132
132
132
131
130
130
132
130
129
129
128
128
129
128
128
128
131
131
131
130
132
133
132
133
133
133
132
132
132
131
131
131
131
131
130
131
131
132
132
134
133
131
131
132
132
131
131
131
131
131
129
130
131
133
134
135
135
134
133
133
133
131
130
129
130
130
132
132
132
133
134
133
133
134
133
132
132
132
132
134
136
136
136
134
134
134
135
136
134
133
134
133
134
133
133
132
131
130
130
130
131
132
132
132
133
132
134
132
132
132
131
131
131
131
131
130
128
130
130
131
130
131
131
131
130
129
128
129
129
129
129
130
129
130
130
130
131
130
130
130
130
130
130
130
130
130
129
129
129
130
130
131
131
131
132
134
135
135
135
135
136
135
135
134
134
134
134
133
133
133
132
134
132
130
129
128
128
129
129
129
130
130
130
131
130
131
133
133
133
135
135
136
135
133
132
133
133
133
134
133
133
132
132
130
129
129
129
130
131
131
131
130
130
129
129
128
128
129
129
130
131
132
132
133
131
132
132
132
130
131
133
131
132
132
133
134
134
133
135
133
130
130
129
129
128
127
129
129
129
129
129
130
129
129
130
130
130
131
130
131
131
130
129
129
129
129
129
129
129
128
128
128
129
128
128
127
128
127
125
125
126
126
126
125
125
127
129
130
130
133
133
132
131
131
131
131
131
130
130
130
129
129
130
130
128
128
128
129
129
129
128
129
131
129
129
129
130
131
130
129
130
128
128
126
126
127
128
129
130
130
128
128
128
130
131
129
128
128
128
128
128
128
129
129
129
131
129
128
127
127
129
132
131
130
131
131
131
131
131
131
131
129
130
130
128
128
129
129
129
128
129
128
127
127
126
128
129
131
