0.0006244827586206897 0.0008293103448275862
300
287
278
275
269
265
262
261
263
260
259
253
255
252
251
247
246
247
247
243
242
240
240
239
236
232
231
229
231
227
225
223
223
221
220
220
223
222
219
218
220
221
223
222
222
225
220
217
215
213
214
215
213
212
213
214
213
214
213
212
212
211
210
209
209
210
211
209
210
208
208
207
207
206
206
206
206
206
205
205
204
204
205
205
207
205
205
202
200
201
201
200
202
203
201
200
199
199
198
198
198
197
194
196
197
196
197
198
197
201
201
200
200
199
197
197
195
194
195
194
193
192
195
194
194
193
194
192
189
190
190
190
190
192
193
193
192
193
196
196
198
197
197
194
193
194
192
192
192
192
191
190
190
188
188
187
188
186
186
187
188
188
188
186
185
185
186
188
189
189
188
187
187
187
187
186
187
186
188
189
188
187
186
184
184
184
183
183
183
182
184
184
185
186
186
186
186
185
183
184
184
187
187
186
189
190
190
191
193
193
192
192
193
193
191
193
192
192
193
194
192
193
190
189
186
188
188
187
187
187
186
186
185
183
181
182
181
183
183
185
186
186
186
186
187
186
190
190
189
189
192
191
188
186
184
183
183
184
183
184
187
186
186
185
186
185
186
186
187
187
187
185
184
184
183
184
183
182
185
186
186
185
185
185
186
188
190
190
189
191
192
190
190
191
191
191
192
192
189
189
190
189
188
188
188
186
187
186
187
187
188
188
185
183
183
185
183
182
183
183
185
185
186
185
184
183
183
185
186
186
185
184
182
183
184
184
185
185
186
184
184
183
182
183
183
184
183
183
183
185
185
186
184
184
185
184
183
185
185
185
183
183
182
182
180
181
181
183
183
183
182
182
182
183
184
184
184
183
184
184
183
184
183
181
182
183
184
183
182
182
182
184
185
184
185
186
186
186
187
184
183
182
182
181
180
180
180
181
180
180
178
179
179
179
178
177
177
177
179
177
177
177
176
176
174
174
174
174
174
175
174
175
179
180
180
180
180
182
182
181
181
181
180
180
180
181
181
181
179
177
179
178
178
178
179
181
181
180
180
179
179
177
176
176
175
175
175
175
175
175
173
173
173
174
175
174
174
175
175
176
176
174
174
177
176
176
178
177
178
178
178
177
176
177
178
178
178
181
181
181
181
182
181
181
182
182
182
181
180
177
179
180
180
178
177
178
176
176
178
176
176
176
175
174
175
175
178
177
176
176
175
176
176
176
174
174
174
172
171
170
170
170
168
168
170
170
170
171
171
174
175
175
174
176
174
174
175
175
177
178
177
175
173
173
172
172
172
171
172
173
173
174
174
173
172
172
173
173
172
173
173
172
172
172
172
173
174
175
175
174
174
175
175
177
177
176
176
178
180
179
181
181
179
179
177
176
174
174
176
173
172
172
172
171
171
174
173
174
174
173
173
172
172
172
170
170
170
172
173
172
172
172
172
171
171
169
169
169
169
170
170
170
168
168
168
169
167
167
167
167
167
167
166
166
167
166
168
168
167
166
167
168
169
170
168
168
168
168
168
169
168
169
171
171
172
171
170
170
168
171
174
174
176
174
173
173
173
171
172
172
171
169
170
173
175
175
175
175
176
174
173
174
172
173
171
170
171
171
171
175
177
178
176
175
174
174
170
168
167
166
163
162
160
159
160
163
163
164
164
163
164
165
167
168
169
169
170
169
168
168
167
168
165
164
163
165
166
167
165
166
166
168
169
170
171
171
173
172
170
169
169
168
167
167
169
168
170
169
172
169
169
169
168
168
165
165
165
164
164
165
164
164
164
164
164
163
161
161
161
161
161
162
163
161
160
161
161
159
160
161
163
165
164
165
165
164
164
164
163
162
162
161
162
164
164
163
163
166
165
165
165
166
167
167
167
165
165
164
164
164
166
166
165
165
166
167
168
166
166
168
167
167
167
166
166
166
164
164
165
166
168
168
168
169
171
171
169
171
172
172
172
171
172
173
173
171
171
170
170
169
168
169
168
168
168
165
165
167
169
169
166
168
170
168
168
166
166
164
164
165
164
164
163
163
163
163
163
162
161
162
162
163
164
164
166
167
168
168
166
166
165
165
165
162
163
163
162
161
162
162
161
161
161
161
162
162
161
161
161
159
161
161
160
159
159
160
161
163
162
163
164
164
165
162
163
163
163
162
163
163
162
164
166
164
164
165
164
162
161
160
159
159
160
160
160
161
160
158
159
158
157
157
160
160
160
161
160
160
160
159
159
159
159
159
159
161
159
159
160
160
161
163
163
163
162
159
159
159
161
161
162
162
162
162
163
163
162
162
162
161
161
161
159
159
157
158
158
157
156
156
155
155
154
153
153
153
154
155
154
155
155
155
155
156
158
156
157
155
154
156
156
158
158
158
158
158
158
157
157
157
157
156
156
155
156
156
157
159
158
159
160
160
161
160
160
160
160
158
159
162
164
166
166
164
164
164
164
163
160
157
157
157
158
157
155
156
157
158
157
159
158
158
158
158
157
159
159
157
157
157
160
161
161
160
159
158
156
155
154
154
155
155
155
156
157
157
158
157
157
156
156
156
156
156
157
157
158
158
159
159
158
160
161
161
163
164
163
164
164
163
164
165
165
165
165
161
161
162
161
160
160
161
162
163
163
165
163
164
165
166
166
167
167
166
167
167
167
165
164
163
163
162
162
163
163
164
160
160
160
158
159
159
159
158
159
159
158
157
157
157
157
158
158
157
157
159
159
159
159
158
157
155
156
158
158
157
155
155
155
155
155
156
155
154
153
154
154
156
154
152
153
152
154
153
153
153
151
151
151
152
152
151
151
153
153
154
154
154
154
155
154
154
156
154
155
155
156
157
157
158
158
159
157
159
159
158
158
158
159
160
161
162
161
161
161
161
162
160
158
157
156
156
157
156
157
157
157
156
157
158
158
157
157
158
156
155
155
154
153
153
154
153
152
151
151
151
152
152
152
152
150
150
151
151
152
154
156
156
154
152
152
151
150
148
149
151
150
150
151
153
154
155
154
156
156
156
155
156
155
153
153
150
150
150
149
154
155
156
155
155
154
154
152
152
153
152
152
152
150
148
148
146
149
151
152
155
156
155
155
156
156
155
155
155
155
153
153
153
153
154
154
154
154
155
152
151
153
152
152
152
152
152
152
153
152
152
151
152
151
152
155
153
152
152
152
150
149
149
151
151
151
151
152
153
152
152
151
151
149
148
150
150
149
149
149
150
151
153
152
153
152
152
151
152
152
151
151
150
150
151
152
151
152
153
157
157
157
158
159
158
157
157
156
154
154
153
154
153
152
151
152
152
153
152
152
154
154
154
153
151
152
153
153
151
151
150
149
150
149
148
148
148
148
146
146
145
145
147
147
147
147
148
148
149
150
151
151
151
148
149
149
150
149
149
148
147
148
149
151
150
152
152
152
152
152
152
152
151
151
152
150
150
149
148
148
148
149
149
149
149
149
150
150
150
150
150
150
151
151
151
151
151
150
150
150
152
151
151
150
150
150
150
149
150
150
150
152
152
152
148
148
148
147
146
148
147
146
145
145
145
146
146
146
146
146
145
146
146
149
149
149
149
149
149
150
150
150
151
153
153
153
152
151
151
152
152
153
154
155
156
156
157
155
157
159
160
162
161
160
160
159
159
158
156
155
157
157
158
159
159
159
159
156
155
155
155
153
153
153
154
152
152
153
152
150
147
148
148
149
149
150
150
150
149
149
150
150
150
149
150
148
149
148
149
149
149
149
149
149
147
148
147
147
151
150
151
149
149
151
150
148
146
146
147
149
147
147
148
148
148
146
146
145
145
146
146
146
147
149
150
150
150
149
149
149
150
151
153
152
152
154
153
152
153
154
153
153
154
153
152
152
151
151
150
151
154
151
151
150
148
149
150
150
149
149
151
152
152
151
152
152
153
154
156
156
158
157
158
159
159
159
160
159
158
154
154
153
150
151
151
151
152
152
149
147
146
146
147
148
147
150
150
151
150
150
149
147
147
146
147
149
149
150
148
150
150
149
149
148
149
150
149
150
148
148
149
149
147
146
145
148
148
146
146
147
145
145
144
143
144
143
143
144
144
144
146
144
144
144
146
146
145
146
146
146
146
145
145
145
145
146
146
146
145
144
144
143
143
144
144
144
143
142
144
143
144
141
141
142
142
142
143
143
144
144
144
144
145
144
143
145
146
146
146
148
147
144
147
148
147
147
146
146
147
148
149
148
148
147
147
148
147
147
146
145
145
145
145
146
144
143
142
141
142
141
140
141
141
140
141
142
141
140
140
140
140
141
141
141
140
140
140
139
140
140
141
140
139
140
140
142
142
142
141
140
140
140
140
140
139
139
140
141
141
141
141
140
139
140
140
140
139
140
141
141
140
141
141
141
141
141
141
142
143
142
142
143
143
143
141
142
143
145
146
145
146
144
144
144
144
143
141
141
141
141
141
143
144
142
143
143
141
141
142
141
141
141
140
140
140
139
140
140
139
140
141
139
139
138
137
137
137
138
139
137
137
138
138
138
137
138
138
139
140
140
144
144
145
145
145
145
143
143
143
143
143
143
143
143
144
143
142
142
142
140
141
141
142
143
144
144
144
142
140
140
141
142
142
142
143
141
140
140
140
141
139
139
138
137
137
136
136
137
138
138
142
142
142
142
142
142
144
142
143
142
143
143
144
146
146
146
144
143
143
143
144
144
144
144
144
144
144
145
144
140
140
141
142
140
140
139
139
140
141
141
141
142
141
141
141
140
140
140
141
141
140
139
139
138
138
138
138
140
140
140
142
139
139
138
138
140
140
140
140
140
140
142
142
141
140
142
142
143
143
142
143
141
142
141
141
142
142
142
141
142
142
142
142
142
141
144
143
143
141
140
141
140
141
140
141
141
140
138
139
138
138
136
137
136
136
136
137
137
137
137
136
137
137
137
136
138
138
138
136
137
136
136
135
135
136
136
135
135
136
136
136
136
136
137
136
135
136
135
135
136
136
136
138
138
137
138
138
137
138
139
138
141
142
143
142
140
138
138
138
139
139
139
138
136
137
138
139
139
138
138
139
137
138
140
138
137
137
137
135
135
135
135
134
135
135
135
136
136
136
137
136
134
135
134
136
136
136
135
133
134
136
136
135
135
135
135
134
133
133
133
133
133
135
137
137
138
138
139
138
137
136
136
136
138
136
138
138
138
138
138
138
138
137
136
133
135
136
138
136
136
136
136
135
136
135
134
133
134
135
134
134
134
134
133
132
133
134
135
136
135
135
136
138
138
138
139
141
141
140
140
137
136
136
137
139
138
138
137
137
137
135
135
137
137
138
136
139
139
139
138
135
136
137
137
138
136
136
136
137
139
139
141
141
142
139
141
142
142
140
140
141
139
137
136
135
134
132
132
132
132
133
135
136
135
135
136
134
135
135
135
135
134
133
132
131
131
132
133
133
133
133
131
130
131
132
133
133
133
134
133
134
134
135
136
136
136
138
138
138
137
138
139
138
136
135
132
132
132
132
134
134
135
135
133
134
134
132
134
133
133
133
130
130
133
132
133
133
133
133
132
132
131
133
130
130
131
130
131
132
134
132
133
133
135
135
135
135
135
135
135
135
134
135
134
132
134
134
133
132
132
133
132
130
130
129
129
129
131
132
132
133
132
132
132
132
132
132
131
130
130
130
130
130
130
130
130
131
132
132
131
131
132
131
131
131
130
132
132
130
132
133
134
134
131
130
132
134
133
134
133
133
132
133
132
132
134
134
134
133
133
133
133
133
133
134
134
133
134
136
137
138
139
139
138
138
136
134
135
133
133
132
133
132
132
132
132
133
134
136
137
135
133
134
134
135
136
136
132
132
131
128
128
128
127
128
128
130
130
130
129
128
128
129
129
129
129
129
130
129
129
129
131
132
131
131
133
132
132
133
132
131
130
130
129
130
130
130
131
133
134
135
135
134
134
134
135
135
134
132
133
134
134
134
135
135
135
135
136
137
137
137
133
133
132
131
132
134
133
132
132
134
133
133
131
132
132
132
133
133
131
132
131
131
128
129
129
129
130
131
133
133
133
135
134
135
135
135
137
137
135
136
136
137
137
138
136
136
136
134
134
132
131
130
130
131
129
132
132
132
132
133
133
133
134
134
134
134
133
133
134
131
131
128
129
129
129
130
127
127
127
126
125
126
126
126
128
130
130
129
129
129
129
129
130
129
129
130
132
132
132
133
133
132
130
131
130
131
131
131
131
131
129
130
129
129
129
128
128
128
128
128
127
127
126
127
127
127
128
128
127
127
127
126
127
127
127
126
126
126
126
125
126
128
127
127
125
123
122
122
122
123
125
126
129
128
127
128
127
126
127
128
129
129
130
130
129
128
129
130
129
129
128
128
128
127
130
128
128
127
127
127
127
127
125
125
125
126
124
125
126
126
127
126
126
128
128
127
128
127
129
131
129
129
129
128
128
128
127
128
128
128
127
127
127
129
131
131
131
130
131
133
133
133
132
133
133
134
134
134
133
131
132
130
131
133
132
130
129
133
132
131
131
131
130
131
131
130
130
130
129
129
130
130
128
128
127
128
128
129
128
128
127
125
125
124
124
125
125
125
123
124
124
123
123
123
123
124
125
125
125
125
125
124
124
124
124
124
124
124
123
123
122
121
122
121
122
122
123
125
125
124
122
123
123
123
124
124
123
123
124
124
125
126
126
127
126
126
124
125
124
123
126
125
125
124
124
125
125
127
128
128
127
127
127
125
124
124
124
126
126
126
126
125
125
125
126
126
125
126
125
126
126
126
126
126
126
126
126
126
127
126
128
128
128
128
127
125
125
125
124
124
124
122
121
121
122
122
124
124
124
124
127
127
125
125
125
125
125
122
123
121
122
124
125
127
127
128
129
128
128
127
126
124
125
125
125
124
125
124
124
124
124
124
125
124
123
124
125
124
124
121
121
122
122
122
124
124
124
123
123
123
122
122
124
126
126
126
126
124
124
124
123
123
123
123
123
122
121
123
123
124
123
124
124
124
124
124
125
123
121
121
121
120
120
123
124
125
126
127
130
133
134
134
133
132
129
129
128
128
126
125
126
126
125
125
126
125
128
127
127
127
128
126
126
126
126
123
125
125
126
126
126
125
124
124
123
122
122
122
123
123
124
122
123
122
123
121
122
121
120
119
120
120
122
125
126
126
124
123
123
122
123
125
124
124
125
125
127
126
126
124
122
122
122
123
123
124
123
124
124
124
123
124
124
126
125
124
123
122
125
123
123
123
122
122
122
125
124
124
121
120
119
119
119
118
118
120
120
118
119
119
119
120
120
120
119
119
119
119
119
119
119
120
120
121
122
123
123
121
121
122
122
121
121
121
121
122
122
122
121
121
119
120
121
121
123
122
124
124
124
123
125
124
124
122
123
123
122
125
125
126
126
126
126
126
126
125
125
125
124
123
123
122
123
125
123
122
122
122
123
124
122
123
122
123
123
122
124
122
121
122
122
121
121
121
121
121
124
124
124
123
124
124
123
121
121
121
122
123
124
125
126
125
124
124
123
125
129
128
127
128
127
126
126
126
127
127
127
127
127
124
126
124
126
125
125
125
123
124
125
126
126
127
126
125
127
128
128
128
128
126
124
124
125
125
124
123
123
122
121
121
122
124
125
124
123
123
123
122
124
125
126
128
128
124
124
124
124
123
123
122
121
122
123
123
125
126
126
127
126
125
122
119
119
121
121
120
117
116
116
118
119
118
117
117
118
118
117
117
118
119
121
121
121
121
120
121
123
124
125
124
123
122
124
124
125
125
123
121
123
121
119
121
121
119
118
119
120
121
122
120
120
121
120
119
119
117
116
117
118
117
117
117
116
117
117
117
118
118
118
116
116
116
116
115
114
114
114
114
114
115
116
114
114
114
114
114
114
113
113
114
114
114
113
113
113
113
113
112
112
113
113
114
114
115
115
113
114
114
114
115
117
117
118
119
119
119
119
120
120
119
116
116
115
114
115
115
115
115
115
115
116
116
115
115
114
114
114
115
114
114
114
114
114
115
115
114
115
115
115
115
115
118
118
118
118
118
117
117
116
115
117
116
115
116
116
116
116
116
115
114
115
113
114
114
115
112
113
113
112
112
114
112
111
111
113
115
115
113
115
117
116
114
113
113
114
115
114
114
116
116
118
118
115
117
117
115
115
114
114
114
115
117
115
115
115
115
114
114
113
114
115
115
115
114
114
115
113
113
112
111
111
111
110
110
110
112
111
112
112
112
111
110
110
110
112
112
111
112
111
110
110
113
113
113
113
112
113
114
114
113
114
114
113
112
112
112
113
113
113
114
113
113
113
114
115
112
112
112
113
113
114
116
115
115
117
116
116
117
116
116
115
114
113
113
113
113
112
111
113
113
112
111
111
110
111
111
111
109
109
110
110
109
108
109
109
109
109
108
109
110
110
110
109
110
111
109
110
109
109
109
109
109
109
109
110
110
110
110
111
110
111
111
112
112
113
113
113
112
112
113
113
111
110
109
109
110
112
114
117
117
118
119
119
119
120
119
117
116
116
118
116
116
116
115
114
115
114
114
113
114
114
113
112
113
114
114
114
113
113
113
115
112
112
111
111
112
115
114
115
115
113
112
111
111
112
113
112
111
112
111
109
110
109
108
110
109
109
110
110
110
110
109
110
108
109
111
110
110
111
111
111
111
114
111
111
113
113
113
114
114
115
114
116
117
116
114
113
114
114
114
114
114
116
116
115
114
114
116
115
116
116
118
115
115
115
116
116
115
115
114
112
112
112
115
115
116
117
116
118
117
116
116
116
117
118
119
118
118
117
116
115
114
117
117
116
117
117
118
118
117
117
118
118
119
116
116
114
115
112
112
113
113
113
113
112
113
113
113
111
111
111
111
112
113
115
116
116
117
117
118
116
114
114
114
114
115
115
115
115
114
115
114
114
113
113
113
113
114
114
113
113
114
114
115
116
116
116
117
118
119
116
115
115
113
111
111
112
112
112
112
111
111
110
109
108
110
110
110
111
112
111
111
112
112
113
113
113
114
115
114
114
114
114
115
115
114
115
113
114
112
112
112
112
114
115
114
113
113
113
113
114
115
114
114
114
113
113
114
115
114
114
114
111
111
111
112
112
112
112
113
113
114
113
114
113
115
112
112
112
113
113
113
112
113
113
111
113
112
113
112
112
112
112
111
110
110
110
110
110
111
110
110
109
111
111
111
111
111
112
112
111
111
109
108
108
108
107
107
107
108
110
109
109
108
109
109
109
109
109
110
110
110
109
109
110
112
110
110
111
112
112
110
110
111
112
113
112
110
110
111
111
111
111
113
111
113
113
114
114
111
111
111
110
110
109
109
108
108
108
108
107
107
107
107
107
107
106
107
106
107
108
109
109
109
110
110
110
109
110
111
111
111
110
110
111
110
110
109
109
108
108
108
108
107
108
108
108
108
108
107
107
108
108
107
107
106
106
108
109
109
109
110
110
110
109
108
109
110
111
110
110
110
109
108
109
108
108
107
107
107
105
105
105
105
106
106
106
107
107
107
107
108
108
107
108
108
110
109
110
112
112
111
110
111
111
111
112
112
111
110
110
108
107
107
107
108
109
109
109
109
107
107
107
107
107
108
109
109
109
109
109
109
108
108
109
109
110
110
109
110
109
111
111
111
110
111
109
108
108
108
108
108
108
109
109
109
111
111
111
113
115
116
117
117
117
118
119
119
120
118
117
120
118
119
119
118
119
118
120
120
119
118
118
115
114
114
113
112
113
114
115
116
117
116
114
115
116
115
116
116
117
117
116
115
115
117
117
117
116
114
112
112
112
112
112
113
112
111
112
112
111
112
112
112
112
113
113
111
111
111
112
113
114
114
114
114
114
114
113
113
115
116
114
113
113
113
116
116
114
113
113
113
113
113
113
112
112
112
111
111
112
111
111
112
112
112
111
110
109
109
110
111
111
110
109
110
110
110
110
110
112
111
109
109
108
108
110
110
110
112
112
111
111
111
111
110
111
109
109
108
108
108
109
110
109
109
110
110
112
111
110
111
111
111
113
113
113
115
113
114
114
113
112
108
108
108
108
107
107
106
106
106
107
108
107
107
106
106
106
106
106
107
106
106
106
106
106
107
107
108
109
109
108
109
110
110
112
112
112
112
111
109
108
108
107
106
104
105
105
105
105
105
105
105
106
105
106
107
107
107
106
106
105
105
105
105
105
105
105
104
104
105
104
106
106
107
108
108
108
108
106
107
107
106
106
106
105
105
105
108
110
109
109
109
110
109
109
110
112
112
112
110
110
109
108
109
108
109
112
112
109
106
107
107
107
108
108
108
107
106
106
105
106
108
108
108
107
105
105
105
105
106
106
106
106
106
105
105
106
105
103
103
104
105
105
107
107
107
109
108
108
109
108
110
110
111
111
112
111
110
110
109
109
110
110
109
111
111
108
107
108
107
104
105
104
104
104
105
105
107
107
106
105
105
105
105
102
101
101
101
101
101
101
102
102
102
103
103
103
104
104
105
107
107
107
107
107
108
109
109
109
109
107
107
107
108
108
108
108
107
107
105
105
104
104
105
105
103
106
105
106
107
107
108
107
107
107
107
108
108
107
107
109
109
111
111
111
110
109
109
108
109
109
112
113
114
114
115
113
113
112
113
111
112
113
112
112
112
111
112
112
112
113
112
113
113
114
113
111
110
109
109
109
110
111
110
109
110
110
110
109
108
109
109
108
107
107
105
104
104
103
102
102
102
103
103
103
103
103
103
104
104
104
103
104
105
102
102
102
102
102
103
103
103
102
102
102
102
102
103
103
101
101
101
101
101
101
102
102
103
103
105
105
106
106
107
106
106
105
106
106
108
109
109
108
109
108
107
107
107
108
107
106
108
109
105
105
106
106
105
105
104
104
104
103
102
103
101
99
100
100
101
101
101
101
101
101
100
100
100
101
102
101
100
99
99
99
99
99
99
100
100
100
103
103
103
105
105
105
104
103
103
103
104
105
105
108
108
107
110
110
110
109
109
109
109
110
110
110
108
109
107
107
107
108
106
106
105
106
106
108
108
107
107
108
108
107
107
107
107
106
106
105
105
105
104
103
103
104
105
105
105
105
105
103
104
104
103
103
102
104
103
102
102
100
101
100
101
102
102
101
104
105
106
107
105
105
105
105
106
106
106
107
106
108
108
107
108
106
106
107
107
107
106
107
105
104
105
105
105
105
105
105
106
107
107
107
105
104
106
106
106
106
106
107
107
107
108
108
107
107
106
107
108
107
107
107
109
110
110
109
108
109
111
110
109
108
109
108
107
107
107
107
107
108
108
109
109
109
109
109
110
107
107
