0.00014655172413793104 0.000863448275862069
300
297
293
293
288
286
285
281
280
277
274
273
272
269
270
268
266
263
262
261
263
264
260
259
259
260
257
257
258
255
254
253
252
253
250
250
249
248
249
250
249
251
252
252
251
251
250
249
247
246
247
247
248
248
248
243
243
243
244
245
245
245
245
247
246
245
245
245
243
243
245
245
244
246
246
246
247
247
247
245
246
245
245
245
246
245
245
246
246
245
246
247
246
247
244
244
248
246
247
249
248
247
246
245
244
245
244
244
244
244
245
246
246
243
243
242
243
243
241
240
240
241
241
241
241
243
241
241
240
240
240
240
240
241
242
242
241
241
241
241
242
242
242
242
241
241
240
239
239
239
239
239
239
241
239
239
239
239
240
240
243
244
244
247
247
246
247
248
247
247
246
246
246
245
246
246
247
246
246
245
247
247
246
245
244
244
244
243
243
243
243
242
241
240
239
240
239
240
242
241
241
241
239
239
239
240
240
241
242
241
241
241
240
240
242
243
242
242
241
241
241
242
243
243
243
244
244
245
244
243
243
241
243
242
241
239
238
238
238
238
239
238
237
236
234
236
236
236
237
237
236
236
236
235
235
236
237
238
237
238
238
236
237
237
237
237
237
238
238
238
238
237
237
236
235
234
235
235
236
236
235
236
236
236
236
238
239
239
239
239
241
241
241
245
246
244
244
244
244
244
244
245
244
244
245
246
245
243
242
241
241
241
239
241
241
239
238
237
237
237
237
237
238
239
239
240
238
238
238
239
239
239
237
237
236
237
238
237
238
238
239
238
238
238
238
238
237
234
234
233
234
234
234
234
235
236
236
236
236
235
236
236
237
235
237
237
237
238
238
236
236
236
236
236
235
236
236
237
239
240
240
238
238
239
236
237
238
236
236
236
236
236
236
235
236
236
238
236
235
235
236
237
238
237
239
239
240
238
238
239
238
238
237
238
238
238
239
239
236
236
237
239
239
239
239
240
240
240
239
239
238
238
239
238
238
238
238
239
240
241
239
239
239
239
239
239
239
239
238
237
235
236
236
236
235
235
237
238
239
239
238
238
239
239
238
237
239
240
240
241
239
239
238
238
239
237
238
239
239
239
238
237
237
237
236
237
237
237
237
237
235
235
234
234
234
233
232
232
232
232
233
233
234
234
234
234
233
234
234
234
235
235
237
236
236
236
235
236
236
236
235
236
237
238
237
236
236
237
238
238
237
237
238
238
238
236
235
235
236
238
239
239
239
238
239
239
238
240
239
240
239
239
238
237
237
236
237
237
237
236
236
236
236
236
236
237
238
238
239
241
241
240
240
240
239
238
239
237
237
237
234
234
233
233
234
234
233
231
231
232
233
235
235
234
235
235
236
236
236
237
236
237
238
236
236
235
235
235
235
235
235
237
238
238
235
236
237
236
236
239
239
238
238
239
238
239
240
240
240
238
237
236
235
234
234
236
236
235
235
235
236
237
237
238
238
238
239
238
239
240
241
243
243
242
242
240
242
242
241
241
241
242
240
239
239
241
239
239
239
241
241
243
242
242
243
241
238
236
237
240
237
235
233
234
233
234
234
234
231
232
233
233
233
234
234
237
236
236
234
234
234
234
234
234
235
235
235
235
235
235
235
234
234
234
234
234
232
233
233
233
234
234
234
233
234
233
232
232
233
235
236
235
236
236
236
237
237
238
237
234
235
236
236
236
237
236
237
239
241
241
242
240
239
238
237
237
236
236
233
233
233
233
233
233
234
233
233
234
234
235
233
234
234
235
236
236
235
235
233
233
234
235
235
235
235
234
233
233
233
232
231
231
231
231
231
229
230
231
231
233
233
233
234
234
234
233
233
232
232
233
233
234
234
232
232
232
232
232
231
232
233
233
234
234
233
233
233
233
233
234
235
235
235
234
234
234
233
233
233
232
233
233
234
234
235
235
235
235
236
235
235
234
235
236
236
236
236
236
237
237
238
237
237
237
236
237
237
237
237
237
238
238
237
238
239
236
236
236
234
234
234
235
236
236
236
238
237
238
237
236
235
237
235
234
233
233
232
233
234
235
237
238
237
237
239
240
241
240
237
237
237
237
238
238
238
239
239
238
236
236
234
233
233
233
233
233
233
233
234
235
234
235
235
234
232
231
231
230
230
232
231
230
230
229
231
231
228
230
230
229
229
230
231
232
231
229
229
229
229
228
227
227
227
227
228
231
230
230
230
231
231
231
230
230
230
230
231
230
230
229
229
229
231
230
230
230
231
231
231
230
230
230
229
230
230
230
230
231
232
232
232
231
231
234
234
236
233
233
233
233
232
233
232
233
232
233
234
235
234
233
234
234
233
232
232
232
232
231
232
234
233
230
230
228
229
229
229
230
230
229
229
229
230
230
233
233
234
233
232
231
231
231
230
229
229
229
230
230
230
229
230
230
229
228
228
227
226
226
225
226
226
224
225
225
224
224
225
225
225
227
225
225
223
224
225
227
227
227
226
226
227
227
227
227
226
227
228
225
225
225
225
225
225
225
224
226
229
229
229
229
227
226
226
226
226
226
226
226
225
225
225
226
225
226
226
227
229
231
231
231
231
231
232
231
229
230
229
228
228
229
229
231
231
229
228
228
227
228
228
227
227
228
228
228
229
229
229
230
230
229
228
230
231
227
228
227
227
226
226
225
227
226
228
226
225
225
225
225
225
226
227
228
229
228
228
228
228
228
228
229
227
227
224
223
222
223
224
222
222
223
223
223
223
223
224
224
224
225
224
224
223
222
223
223
223
223
222
223
222
223
224
224
224
226
222
223
223
224
223
223
222
222
223
222
222
222
222
222
223
221
223
224
224
221
220
220
220
220
220
220
219
219
220
221
221
221
220
221
221
222
222
224
226
227
226
226
227
226
225
223
224
223
223
223
223
222
222
221
220
218
219
219
219
220
218
219
219
220
220
220
219
219
219
219
219
219
219
219
219
220
221
221
223
223
223
223
223
222
222
220
222
221
221
221
221
221
221
220
219
220
220
220
219
219
221
221
221
221
222
223
222
222
223
222
222
220
219
220
220
220
220
220
221
222
223
221
222
222
222
224
224
225
226
226
226
224
223
223
224
223
223
223
223
222
222
224
224
223
225
224
224
224
222
221
221
222
222
222
222
222
221
220
222
224
224
224
223
223
223
223
223
224
225
224
224
224
223
223
220
219
220
219
220
220
220
220
220
220
220
218
218
218
219
220
220
222
220
220
220
220
220
221
220
221
221
221
219
218
219
221
222
221
221
221
223
220
220
222
222
222
222
220
220
220
220
221
221
221
220
219
219
219
217
217
217
217
217
218
217
216
215
215
216
215
214
215
215
215
215
216
216
217
215
216
216
216
216
216
216
215
215
215
215
214
214
215
217
215
214
213
213
213
214
215
215
215
216
217
218
218
219
218
218
218
217
215
214
214
214
214
214
214
214
214
214
214
214
214
214
214
214
214
216
216
216
218
216
216
216
216
216
215
216
216
216
216
216
217
217
217
217
219
219
218
216
217
217
217
218
219
219
219
218
220
219
220
221
221
221
222
222
221
220
221
220
218
218
219
218
217
217
217
217
218
217
217
218
218
218
218
218
218
221
221
223
222
222
221
220
220
220
220
221
221
219
218
217
218
217
218
217
217
217
218
218
218
218
219
218
217
217
215
214
214
216
219
218
218
217
218
218
219
218
218
219
217
215
215
215
214
214
211
211
211
213
213
213
214
212
212
213
213
213
213
213
212
211
211
211
212
213
215
216
219
216
215
214
212
213
213
213
213
212
213
213
213
212
212
212
211
212
211
211
211
210
214
214
214
214
213
212
211
211
211
211
209
211
211
210
210
210
208
208
209
210
210
211
214
214
215
213
212
209
210
212
212
213
213
212
212
212
211
210
210
209
207
208
209
210
210
210
208
209
209
209
209
210
210
210
209
211
208
208
208
208
209
209
210
210
210
210
210
208
208
210
210
211
211
211
212
212
211
210
209
210
210
211
211
210
209
209
210
210
210
210
209
210
210
209
208
209
210
210
211
212
211
211
211
211
209
207
207
208
209
208
208
209
208
209
210
209
210
209
209
209
210
212
212
214
214
214
214
215
213
212
212
212
213
213
213
212
211
210
210
211
213
213
212
213
214
214
214
212
210
210
210
210
210
210
209
210
208
208
208
207
207
207
208
209
209
209
208
207
207
207
206
205
205
205
205
205
205
205
205
206
206
207
207
208
210
210
210
211
213
213
212
212
212
210
210
210
209
209
209
210
210
209
209
211
210
210
209
209
209
209
210
211
210
210
212
211
208
209
209
210
211
210
210
210
210
209
209
209
209
212
212
212
210
210
211
212
211
209
208
208
209
210
211
211
211
211
209
209
208
211
212
211
211
212
211
212
212
211
212
212
212
210
210
209
207
207
206
205
205
205
205
205
206
206
207
207
207
208
208
210
210
211
210
209
208
206
206
206
206
206
207
207
208
208
207
207
206
206
205
205
205
205
204
204
204
205
206
206
206
207
208
208
210
210
209
209
209
207
206
208
208
209
210
210
209
207
209
209
208
208
208
210
210
208
209
208
206
206
205
205
205
205
205
205
205
205
205
205
205
204
203
203
203
203
204
205
205
206
207
207
207
206
207
207
208
208
208
209
209
207
206
207
207
206
206
206
205
205
205
205
204
204
204
205
205
206
205
205
205
207
207
206
206
206
205
206
207
208
208
210
210
208
207
207
207
206
206
205
206
206
205
206
205
204
203
203
204
204
204
204
204
203
204
204
204
205
205
206
206
206
205
205
206
207
206
208
207
204
204
204
205
206
205
204
205
204
202
202
202
201
201
201
201
201
201
201
202
202
201
202
201
201
201
201
201
201
202
203
203
204
205
206
206
206
206
207
207
205
204
204
203
204
203
202
203
203
203
203
204
203
202
202
202
202
203
204
202
202
202
204
203
203
204
205
204
204
204
204
203
204
206
205
204
202
203
202
203
203
202
202
203
202
204
204
204
201
201
201
202
202
203
204
203
200
200
202
201
200
200
200
200
201
201
201
203
204
204
203
203
201
200
198
198
199
199
200
200
198
198
198
198
200
200
200
200
200
200
199
200
199
199
199
199
201
201
201
202
202
201
201
202
203
203
202
201
201
202
203
203
203
203
204
203
203
202
203
202
203
202
200
199
199
200
200
200
200
200
201
201
200
201
201
200
200
200
200
199
199
200
200
200
200
200
200
199
200
199
199
199
200
203
203
204
205
205
204
204
204
204
203
203
203
202
202
201
203
203
201
200
200
201
200
199
199
199
199
200
199
198
198
198
198
199
199
199
198
199
200
201
201
199
200
200
199
200
201
201
201
200
200
201
202
204
205
205
207
207
207
205
205
204
205
205
203
203
203
204
204
204
205
204
203
203
203
202
202
204
205
203
206
206
204
203
203
204
203
203
202
203
202
203
201
201
202
202
201
202
202
203
203
202
202
202
202
202
201
201
202
202
202
201
201
202
203
203
205
206
204
204
203
203
203
204
204
204
204
206
207
206
207
205
205
205
204
203
202
202
202
202
202
202
202
201
201
201
200
200
199
199
198
201
201
200
200
200
200
200
200
200
201
202
202
203
205
205
204
203
202
201
201
201
202
203
202
202
202
202
203
203
203
202
203
202
202
203
205
204
203
202
201
202
202
202
202
203
204
203
205
204
204
205
207
207
204
203
202
201
200
199
199
200
201
200
200
200
200
200
200
199
200
200
201
200
202
203
204
204
205
205
204
201
204
203
203
204
204
204
203
204
203
204
204
205
206
207
207
208
208
207
207
205
205
206
206
205
205
205
203
203
203
205
205
205
205
205
205
205
206
206
206
206
207
207
207
206
206
205
205
204
204
204
204
204
204
204
204
205
206
206
205
204
202
201
202
202
202
203
203
203
201
202
202
202
202
203
203
202
203
202
200
201
201
201
202
201
201
201
201
202
202
204
204
204
204
203
204
204
203
203
203
203
203
202
202
202
204
204
205
203
202
202
202
202
203
203
203
203
203
204
206
206
204
203
203
203
203
204
203
205
203
203
202
203
203
202
204
204
203
204
204
205
206
206
205
204
204
204
204
205
203
203
202
204
205
205
202
202
203
204
204
205
202
203
204
203
200
200
201
201
204
203
201
200
200
200
202
202
202
203
203
203
202
202
203
203
203
204
205
205
203
203
203
204
205
203
201
199
199
200
199
198
198
198
200
200
200
200
200
200
199
199
199
199
199
200
200
201
202
202
199
200
200
201
202
202
202
200
198
199
198
197
197
197
197
197
197
197
197
197
197
197
197
197
198
198
198
198
201
199
198
199
199
199
199
198
198
198
199
200
200
200
200
201
203
203
204
204
204
203
203
203
203
204
204
204
203
203
203
203
202
202
202
200
201
200
203
204
204
203
201
201
202
202
202
202
202
200
201
202
202
200
200
199
199
200
200
201
202
202
202
202
202
203
204
204
204
205
204
204
204
203
203
203
202
202
202
202
199
200
200
200
201
201
201
200
200
200
199
199
198
199
200
200
201
201
203
202
203
203
204
203
202
200
200
201
201
201
201
202
202
202
202
202
199
196
195
196
196
196
196
196
199
198
196
196
197
198
198
198
199
200
201
200
200
199
199
199
200
199
199
199
199
198
198
198
196
198
197
198
198
195
196
194
194
194
194
194
196
196
196
196
197
197
197
198
196
196
197
198
199
201
203
204
202
202
203
202
202
201
200
200
201
202
200
201
200
200
200
201
201
201
201
201
201
200
200
199
200
198
198
198
198
198
198
198
198
197
197
197
197
197
196
196
195
195
195
195
195
195
195
195
196
196
197
198
198
196
197
199
201
201
202
203
205
204
204
203
200
200
200
202
202
203
203
203
203
202
202
201
201
200
200
201
200
200
201
202
201
200
202
202
201
200
201
199
198
197
196
197
197
197
197
198
197
199
198
198
198
199
201
200
201
199
198
199
199
199
199
199
200
199
199
199
200
199
198
197
196
197
197
195
195
195
196
197
197
197
196
196
195
195
196
197
198
198
198
198
198
199
198
199
198
202
199
199
198
197
197
199
200
201
201
200
201
201
201
201
200
200
199
200
200
199
200
199
198
197
199
199
197
197
197
197
197
197
198
199
199
198
197
197
197
198
198
198
196
196
197
197
196
196
195
195
195
194
195
195
196
196
194
194
196
195
195
195
195
195
193
193
193
193
193
195
194
194
192
193
193
194
196
196
196
195
195
196
196
196
196
196
195
195
195
197
196
196
195
197
197
198
197
197
197
198
198
197
199
200
198
196
197
197
198
199
200
200
199
199
201
202
202
201
202
202
202
202
200
202
201
201
201
198
198
196
193
193
195
195
194
194
194
194
194
194
195
195
194
196
195
195
195
195
195
195
196
196
193
193
194
195
195
195
194
193
196
196
194
194
194
193
193
193
193
193
192
192
191
192
192
192
191
191
193
193
191
192
192
192
192
192
192
192
192
190
190
191
190
190
189
189
189
189
191
191
192
192
193
193
192
191
190
190
190
191
192
192
193
193
193
193
191
191
191
191
191
192
192
192
193
194
194
196
196
198
199
198
196
196
196
194
194
194
194
194
193
193
192
193
193
192
191
191
191
190
190
192
192
192
192
192
194
192
192
192
192
190
190
191
192
192
192
193
193
190
192
192
192
192
192
193
194
195
196
196
196
194
197
196
197
197
197
196
195
196
196
195
194
195
193
193
195
194
195
195
193
191
192
193
192
192
192
191
191
191
190
190
190
190
190
189
189
189
190
190
190
190
190
190
189
189
189
190
190
190
192
192
192
192
190
191
192
190
190
190
190
190
190
191
190
190
190
189
190
190
190
190
190
190
191
191
192
192
191
193
192
191
191
191
192
190
191
191
189
188
189
190
191
191
190
191
191
190
191
190
190
190
189
190
191
191
191
190
194
193
193
192
191
191
190
190
190
189
190
192
192
192
191
190
190
191
192
193
193
193
193
193
191
189
189
189
190
190
191
191
192
193
195
194
192
192
193
192
192
191
190
189
189
188
188
188
189
190
190
191
192
192
192
191
192
191
192
192
192
192
193
192
192
192
192
192
192
191
194
194
194
194
195
193
193
193
195
196
197
199
196
194
194
193
193
193
193
193
193
193
193
193
193
191
191
191
192
192
192
192
193
193
195
195
193
192
191
191
191
192
192
192
193
192
193
193
192
191
189
190
188
188
189
188
188
187
187
188
189
189
188
188
187
187
187
187
188
190
190
189
189
190
190
189
191
191
191
191
189
188
188
188
187
187
187
186
187
187
187
186
187
187
188
189
189
191
189
189
188
188
187
186
187
187
189
188
188
188
187
188
187
187
187
187
189
189
189
189
190
190
190
190
191
190
190
190
189
188
187
187
187
188
187
189
189
189
189
191
191
191
191
191
189
188
186
187
187
187
187
186
184
185
185
186
185
185
185
185
185
185
185
185
186
186
188
187
189
189
189
190
190
189
189
188
188
187
188
185
186
187
187
187
186
188
186
185
185
186
186
184
183
182
182
182
182
184
184
184
184
186
186
189
187
187
187
188
187
188
188
188
187
188
188
187
187
187
188
186
185
184
184
184
186
185
186
186
187
187
188
186
187
187
186
185
186
185
185
185
185
185
185
185
185
185
184
184
185
184
184
183
184
184
182
182
184
185
185
185
184
184
184
185
185
184
183
183
184
184
186
188
189
189
188
188
185
185
185
186
186
184
184
185
186
183
184
184
184
184
184
184
184
184
184
188
188
187
187
186
185
185
184
184
183
184
185
186
185
185
184
185
185
186
186
186
186
186
187
186
186
187
186
186
184
184
184
182
182
182
182
182
181
181
182
182
183
183
183
183
183
183
183
182
182
182
183
183
184
185
185
185
185
186
188
186
186
185
185
184
184
182
182
179
181
181
181
182
180
182
181
182
182
183
183
184
185
184
185
185
184
184
186
185
185
184
185
184
184
184
183
184
184
185
186
185
185
184
184
185
187
187
187
188
188
187
188
189
188
187
187
187
187
187
184
183
183
185
185
183
183
183
183
184
184
184
182
182
181
181
181
181
182
179
180
179
179
179
180
179
179
179
180
181
181
181
182
181
181
181
183
183
182
182
182
182
181
181
181
181
181
183
185
185
184
184
184
184
185
185
183
182
181
182
182
182
182
182
182
182
181
181
180
181
181
179
179
179
179
179
179
179
179
179
180
180
180
180
182
182
182
182
182
182
181
181
181
181
182
181
181
181
182
183
181
180
179
179
179
180
181
180
180
180
179
179
179
179
179
179
179
178
179
179
179
180
180
180
179
180
182
181
181
180
180
181
180
180
180
179
178
178
178
178
178
179
180
179
180
180
179
180
180
182
182
183
184
184
184
185
186
185
185
184
185
185
185
184
183
183
183
182
181
181
181
183
182
182
182
178
178
178
178
177
177
177
177
176
176
176
176
177
177
178
178
178
178
179
179
180
180
180
178
178
177
177
177
177
177
177
178
178
178
178
178
178
178
178
179
181
181
181
181
182
182
181
183
183
183
183
182
182
183
185
185
186
185
185
185
185
183
183
182
182
181
181
182
183
181
182
182
183
183
183
183
184
182
182
184
185
184
183
183
183
182
182
182
181
181
185
185
186
185
185
186
187
187
187
186
185
184
186
186
185
182
181
181
180
180
182
182
180
181
181
182
181
182
181
181
181
181
181
181
181
181
180
181
183
183
185
185
185
186
187
186
187
187
187
188
187
187
187
187
186
186
187
186
186
186
187
187
188
187
186
186
187
185
184
186
186
186
187
188
186
186
185
185
186
187
188
185
187
188
186
185
185
185
184
184
184
184
184
184
184
184
184
185
184
184
183
182
181
181
183
184
183
183
183
183
184
186
186
185
184
184
184
184
186
186
184
183
182
181
181
180
179
181
182
182
181
182
182
182
182
182
182
182
180
180
182
181
181
181
180
180
180
181
181
181
179
179
179
179
177
179
179
178
178
178
179
178
179
179
179
178
178
178
178
178
178
179
182
182
182
181
181
180
181
181
181
182
183
183
183
183
182
182
180
178
178
178
178
179
179
179
179
178
178
178
178
178
178
179
179
180
180
180
181
180
179
179
180
180
179
179
180
182
180
178
178
178
178
178
178
178
178
179
180
180
180
179
180
181
181
180
179
180
181
180
180
180
180
181
181
181
181
182
181
180
182
183
182
182
183
183
183
183
182
182
184
183
183
184
185
184
184
184
185
186
186
188
190
191
189
188
187
186
187
188
185
185
187
185
185
184
185
184
184
184
184
184
183
184
183
184
186
186
184
182
181
179
179
178
178
178
178
179
179
180
180
180
180
180
182
181
179
180
180
180
179
179
179
177
179
179
178
179
179
179
178
178
178
179
180
179
179
179
177
177
177
177
177
176
175
175
176
176
176
177
179
181
180
180
180
180
180
180
180
180
179
180
180
179
179
179
180
180
180
180
181
179
179
178
177
178
179
179
180
180
178
179
178
178
178
179
179
179
181
178
179
180
181
180
179
179
180
178
178
179
179
179
181
180
182
181
181
181
181
179
178
178
180
182
183
181
180
180
180
181
179
179
179
180
180
180
180
179
179
180
180
180
178
177
176
176
177
177
177
176
176
176
176
177
177
177
177
176
177
177
177
177
176
176
174
174
174
174
173
175
174
175
174
175
175
175
174
174
174
174
173
173
173
173
173
174
178
177
178
179
180
181
182
180
180
180
179
178
177
177
176
176
176
175
175
176
175
175
175
174
173
173
173
173
174
174
174
174
175
176
174
174
174
175
175
174
175
173
173
174
174
174
174
174
173
172
172
173
174
173
173
173
173
173
174
174
175
176
176
176
175
175
175
176
177
178
177
177
178
178
177
178
176
176
176
175
175
176
175
176
176
176
176
175
175
176
178
177
177
177
176
176
177
178
180
179
180
180
179
178
177
177
177
177
177
174
174
174
174
174
173
172
172
172
172
172
172
172
173
173
173
173
175
174
175
173
172
172
174
174
174
175
175
174
174
174
174
175
176
176
176
176
177
177
177
177
177
177
177
176
176
178
178
178
177
178
178
176
177
179
180
180
179
179
177
177
178
179
178
178
178
177
176
176
176
175
175
175
175
175
176
176
176
176
177
177
177
176
175
173
173
173
173
175
175
175
175
176
176
175
176
177
178
178
178
179
180
181
181
183
183
183
183
183
182
181
178
176
176
177
177
175
175
175
176
177
179
179
179
180
180
180
180
181
180
179
179
180
179
177
178
177
177
176
177
177
177
176
176
175
175
175
176
176
176
176
176
176
175
175
175
175
175
175
175
174
175
175
175
175
174
175
175
175
176
