0.000863448275862069 0.000863448275862069
300
292
291
287
282
275
270
265
263
254
255
254
249
253
255
250
246
242
239
234
231
226
226
224
222
222
220
219
220
218
218
218
218
218
218
216
215
214
212
213
212
209
208
207
207
207
206
206
205
205
206
205
204
206
206
207
205
203
204
205
206
207
208
206
205
205
206
206
205
204
202
201
201
201
202
200
199
198
196
197
197
199
199
199
195
195
195
195
192
192
192
192
192
193
192
191
190
188
190
186
186
189
189
190
191
189
190
191
192
191
191
192
192
193
194
191
191
190
191
191
190
194
194
193
195
195
194
197
197
198
198
197
196
196
195
194
193
194
195
194
196
195
194
195
197
198
195
196
193
193
192
193
193
195
196
195
197
197
196
195
199
197
195
194
195
194
191
190
190
188
189
190
192
193
192
194
193
193
192
190
190
189
190
191
190
186
187
187
187
188
190
191
190
192
194
194
193
193
194
192
192
191
190
190
190
189
190
190
189
190
190
187
185
185
184
184
183
185
186
189
188
190
188
185
183
183
182
184
183
182
182
182
181
180
178
178
180
180
182
183
184
184
185
186
185
185
185
186
187
187
187
188
187
186
185
185
185
185
185
185
186
187
188
190
192
190
190
188
188
189
190
189
191
190
192
193
194
195
197
199
199
198
197
196
195
193
193
192
193
194
195
196
197
197
197
196
194
195
194
194
195
196
195
193
193
193
193
191
191
195
195
197
193
191
188
187
186
186
188
187
186
188
187
188
188
188
190
190
191
190
190
191
191
189
190
192
194
195
195
195
196
197
196
195
193
194
192
193
190
191
190
190
189
190
189
189
189
190
189
190
194
193
193
194
195
193
195
195
196
195
194
195
193
191
190
189
191
192
191
192
193
192
190
191
191
191
191
191
190
189
189
188
187
186
184
185
186
187
186
184
182
181
179
179
180
179
180
181
180
179
177
177
177
178
179
178
178
178
179
179
179
178
179
179
178
179
178
178
178
179
180
181
181
180
180
181
181
181
182
182
183
186
186
187
187
190
190
189
189
188
187
186
185
184
185
184
182
183
183
183
181
181
179
178
179
180
181
181
180
180
181
179
179
178
177
178
179
180
180
180
180
179
177
176
175
176
175
176
176
176
176
178
179
177
177
176
176
175
174
175
176
177
175
174
174
177
177
175
175
177
177
179
179
179
180
179
178
178
179
179
181
184
184
181
180
178
178
180
177
176
175
172
173
172
171
172
172
170
170
171
172
172
171
172
173
170
170
170
170
170
172
172
173
172
174
173
171
171
172
174
173
171
169
171
171
168
167
166
166
166
168
167
167
167
167
166
166
166
169
169
169
169
170
169
170
170
170
172
172
170
170
169
169
168
167
166
167
167
167
168
169
171
170
171
172
171
170
169
170
170
169
168
167
167
166
167
168
168
169
170
169
169
168
167
168
169
167
166
165
165
164
163
163
164
164
167
166
167
168
168
168
167
166
165
166
167
166
168
164
164
163
162
162
162
163
161
160
160
162
163
163
164
164
165
165
166
166
165
165
167
168
166
165
168
166
166
167
167
166
167
166
166
166
166
164
166
166
163
160
161
162
162
164
164
165
165
165
164
168
168
167
168
168
167
165
165
165
165
164
164
165
164
165
165
165
165
167
167
167
168
169
168
167
169
169
167
168
170
169
166
166
169
167
166
166
167
168
169
170
173
172
173
173
172
174
175
173
174
174
172
169
170
168
167
166
168
168
167
166
165
164
165
164
164
163
165
163
163
162
163
163
164
163
162
160
161
160
160
159
159
159
158
159
159
162
160
160
159
159
159
157
158
161
161
161
160
160
159
156
155
156
155
154
154
154
156
156
154
153
153
155
154
156
156
156
157
158
159
159
160
159
158
157
156
157
158
157
158
158
157
157
157
158
157
155
153
153
154
153
154
153
152
152
152
153
153
154
154
153
153
153
153
153
154
154
155
155
157
158
158
158
159
159
159
158
156
156
157
157
155
156
158
158
158
158
158
159
159
157
157
158
159
158
160
160
161
163
163
163
163
164
164
161
161
163
164
161
163
163
163
164
164
164
163
163
163
163
163
163
163
162
162
163
162
162
161
157
156
157
160
159
159
158
158
158
159
160
158
159
161
164
163
161
163
163
165
166
164
164
165
165
166
164
164
165
162
163
163
162
160
159
158
158
155
154
157
156
154
155
155
156
154
154
156
157
157
154
154
153
153
154
155
153
152
154
156
155
155
152
153
153
152
151
151
152
152
152
154
151
153
153
154
155
156
158
157
158
160
160
157
157
156
157
157
157
156
156
155
156
157
157
157
158
157
158
158
156
156
154
154
153
153
153
153
155
153
153
155
155
157
158
159
157
153
152
153
153
152
152
152
153
153
154
153
152
153
153
154
153
152
152
152
152
152
152
154
154
155
155
154
153
153
153
153
154
155
154
154
153
151
151
151
151
153
151
152
152
153
151
151
151
151
151
151
153
153
153
152
152
151
152
152
153
152
152
151
151
151
152
152
153
153
153
153
154
153
150
150
149
149
147
146
148
149
149
149
148
148
147
146
145
143
144
146
145
146
146
147
147
148
149
149
147
146
147
145
145
145
147
147
148
149
149
146
146
146
146
146
147
147
147
148
147
147
146
146
146
148
148
150
150
148
148
149
150
147
148
148
150
147
147
149
149
150
150
149
149
150
148
149
147
145
145
143
142
142
144
144
145
144
144
143
143
142
142
141
140
140
141
143
144
146
146
147
144
143
144
147
147
147
148
146
145
145
145
145
144
144
145
145
146
145
146
147
147
147
147
148
148
148
148
149
149
149
150
148
146
146
147
145
146
147
147
148
148
150
148
147
146
146
146
145
145
146
146
147
147
147
147
148
149
150
148
149
149
149
148
147
146
148
149
149
150
149
149
149
147
148
146
146
146
143
144
143
144
143
142
141
141
142
141
142
142
142
142
143
142
142
141
141
140
140
141
141
141
140
139
140
139
139
139
139
140
141
142
142
143
144
144
145
147
148
148
148
150
149
149
147
147
147
148
148
148
147
145
146
146
146
146
144
143
143
143
143
142
142
142
142
143
143
143
144
143
144
143
143
142
141
140
140
140
139
137
138
138
139
140
141
143
145
146
146
146
147
148
147
147
147
148
146
147
147
146
146
145
145
144
144
144
145
145
146
145
148
148
149
148
148
148
151
151
151
152
152
152
153
154
153
153
150
150
152
150
149
149
147
146
145
146
145
145
143
143
142
141
143
142
142
145
148
148
148
148
147
148
148
150
151
150
150
150
148
146
146
148
149
148
148
147
148
146
146
145
144
143
145
146
145
145
144
144
144
144
144
144
144
144
145
145
144
144
145
145
144
145
146
147
146
145
144
146
146
145
145
145
144
144
144
143
142
140
142
140
141
140
140
138
138
140
139
139
138
137
137
137
136
136
136
138
139
139
138
138
139
139
138
138
139
139
138
138
137
139
141
140
140
141
142
142
144
144
145
145
143
143
143
146
146
146
145
148
147
144
145
145
145
145
145
145
145
146
148
150
150
149
147
146
145
145
143
143
144
145
147
147
145
145
145
145
146
146
147
148
149
148
147
147
146
146
146
146
147
148
148
149
147
145
143
142
142
141
140
140
140
141
144
143
142
141
141
141
143
143
143
144
142
143
144
144
145
145
144
143
142
141
141
140
140
140
142
142
142
142
140
139
140
139
140
140
139
140
140
141
141
139
139
138
138
139
139
139
139
139
138
139
139
138
138
137
137
136
136
136
135
136
135
136
136
136
137
137
137
137
137
137
138
138
138
138
138
139
140
139
140
140
138
138
139
138
139
139
140
140
140
141
142
142
141
140
140
137
137
137
137
138
137
138
136
135
135
135
136
136
136
137
136
136
136
138
138
137
136
138
137
137
138
139
139
137
137
136
138
140
140
141
142
142
140
140
139
141
141
140
140
140
140
138
137
135
136
136
135
135
134
133
135
136
138
139
138
137
138
139
140
140
142
142
142
141
142
142
142
141
141
142
144
147
146
146
143
141
142
141
141
142
143
141
140
142
141
140
142
143
146
145
145
143
143
143
144
144
145
143
142
141
141
141
140
141
141
142
141
142
141
141
141
141
140
140
139
138
140
142
141
142
141
140
140
140
140
140
139
139
138
138
139
138
138
138
138
140
141
141
141
143
143
141
141
141
141
141
143
144
143
140
141
139
139
139
138
137
137
137
136
136
136
136
136
136
136
137
137
137
137
137
136
137
136
135
136
137
137
137
137
137
136
138
138
137
137
139
139
139
137
138
136
136
136
135
134
134
134
135
135
134
135
135
135
136
136
136
136
136
136
136
138
137
137
136
136
136
137
135
138
139
135
136
137
137
137
139
140
140
140
139
140
142
142
142
140
140
140
141
140
142
142
142
142
143
144
144
144
143
142
142
142
144
144
144
145
147
148
150
149
148
146
145
144
145
145
145
145
144
145
145
145
145
143
143
143
144
144
145
143
141
140
139
138
138
137
137
137
137
138
140
139
137
137
137
136
134
134
135
135
134
135
134
135
136
136
135
132
131
132
131
131
131
130
129
131
133
134
134
132
132
131
131
131
132
132
132
132
132
131
130
131
131
132
131
134
133
130
129
129
129
129
129
130
129
129
129
129
130
128
128
128
128
129
129
129
132
132
131
131
131
130
130
129
129
129
128
128
129
128
128
129
129
129
130
130
129
130
131
129
129
130
131
132
134
133
134
134
134
133
134
134
133
134
133
131
131
132
133
135
135
134
136
138
137
136
137
136
134
134
134
134
134
135
135
134
133
133
132
132
131
131
132
133
134
134
135
136
134
133
134
134
137
138
137
137
136
138
136
136
136
135
135
137
136
136
137
134
134
130
130
130
130
130
131
132
132
135
135
135
135
132
132
133
133
132
131
130
130
130
132
133
133
135
136
137
137
138
137
137
136
137
136
136
137
138
138
139
142
142
144
143
141
142
141
140
140
140
142
141
142
141
138
138
138
139
137
137
136
137
136
136
136
138
135
135
135
135
135
136
136
136
137
136
137
136
136
134
134
134
136
135
135
135
135
133
132
132
132
132
132
132
132
133
133
133
133
134
134
135
135
134
134
134
135
136
134
134
135
134
133
134
134
134
134
133
136
135
135
135
137
138
137
138
140
139
140
139
139
136
136
135
137
136
135
135
135
135
134
134
134
134
133
134
136
135
136
136
136
137
137
134
135
137
134
132
131
131
132
133
132
131
131
131
130
131
131
130
130
129
129
128
127
127
127
128
128
128
129
128
127
127
128
128
128
126
126
126
126
126
127
128
129
129
127
127
128
127
128
127
127
128
128
128
129
131
131
129
128
129
127
128
129
127
128
127
127
126
126
127
127
129
127
129
128
129
129
129
128
128
128
128
128
129
130
130
130
131
131
129
129
129
129
129
130
129
128
127
127
128
128
129
130
131
131
129
130
132
132
132
132
132
133
133
133
133
132
130
130
127
126
128
127
128
129
130
129
129
128
131
131
130
131
132
131
132
132
132
134
133
133
132
133
130
129
129
128
128
128
128
128
128
127
126
125
126
125
126
126
128
130
132
130
130
130
130
131
129
127
127
128
127
127
128
127
126
125
124
125
125
125
126
126
126
125
125
125
125
125
125
126
126
126
125
125
125
125
125
125
125
126
127
127
127
130
129
129
129
129
129
127
126
125
124
126
126
126
126
127
126
128
128
127
126
125
125
126
124
123
122
123
123
123
122
122
122
123
122
123
123
121
121
121
121
120
118
118
118
118
117
117
117
116
116
117
116
116
116
116
117
117
117
119
119
118
117
115
116
116
116
118
118
117
116
119
121
122
121
122
121
120
121
121
121
121
122
124
125
126
126
127
127
125
126
127
127
127
127
127
126
126
126
128
125
125
126
125
126
126
123
124
126
126
124
124
123
122
121
122
123
123
123
123
124
123
124
124
122
121
119
119
119
120
120
119
120
122
121
121
122
121
121
122
122
122
121
123
126
129
127
127
128
128
126
126
128
128
128
124
124
127
130
129
128
128
128
131
132
130
129
129
131
129
128
128
128
128
128
129
129
129
130
128
128
128
126
125
125
126
128
129
129
128
128
127
126
126
125
125
124
124
124
124
124
124
124
123
122
122
122
123
122
121
121
121
123
123
123
123
125
125
123
123
124
124
125
125
124
122
122
122
122
122
121
121
121
122
122
122
122
122
122
123
123
124
123
123
124
123
124
125
124
124
124
126
126
127
127
127
125
126
125
126
127
128
128
127
127
127
126
126
126
126
127
125
124
124
125
125
127
127
127
126
126
125
125
125
125
125
128
125
125
125
127
130
129
128
125
126
125
124
124
128
127
128
128
126
126
124
123
122
120
119
119
121
120
119
120
120
121
122
124
124
125
125
125
125
125
125
125
125
126
125
124
123
124
122
122
122
122
122
122
124
124
124
124
124
123
123
123
124
125
126
127
127
127
127
126
126
125
125
124
122
122
122
122
122
122
122
123
124
124
123
122
123
125
124
124
124
124
125
122
122
121
122
122
122
121
121
121
120
120
120
120
120
119
120
120
122
122
122
122
121
122
122
123
123
125
127
129
126
126
125
125
125
124
123
123
126
126
126
127
126
126
123
123
122
122
124
123
123
123
123
123
123
121
119
121
121
122
121
123
122
121
121
120
120
120
119
118
119
119
121
120
118
118
117
117
116
117
117
117
117
117
117
117
119
118
118
119
119
120
120
120
120
121
121
122
122
122
124
124
123
123
123
124
125
124
123
123
123
123
123
123
125
124
125
127
126
126
126
126
127
126
126
126
125
124
124
125
124
122
122
122
122
121
121
119
119
119
118
118
117
117
118
118
118
119
119
119
120
120
119
119
118
119
120
120
117
117
115
115
115
115
115
115
114
116
116
115
116
116
116
116
117
117
116
116
116
116
115
115
115
114
116
116
116
117
118
116
116
116
116
115
115
115
115
115
115
116
117
118
119
117
117
117
118
117
117
118
118
117
117
117
118
117
119
119
118
118
118
120
121
119
121
120
118
119
119
119
118
117
117
118
118
118
116
116
115
115
117
119
119
115
117
117
119
122
122
123
124
124
125
127
127
126
124
123
119
120
121
120
120
120
119
119
119
119
118
118
119
119
120
121
117
116
115
113
113
113
112
111
112
114
115
115
113
114
115
114
113
113
112
112
112
112
114
114
113
112
112
113
113
113
114
113
113
114
114
116
114
115
113
114
114
114
112
112
112
110
111
111
112
113
112
111
111
111
110
110
111
110
112
112
111
111
110
111
111
111
112
112
112
111
110
108
108
107
106
106
106
106
105
105
105
104
102
102
102
102
102
102
102
102
102
102
103
103
103
103
103
104
104
103
103
103
104
104
104
104
105
106
107
107
107
109
111
112
113
113
112
114
115
115
114
114
113
113
113
113
113
113
113
112
111
110
110
110
109
109
109
112
112
113
113
113
114
112
113
113
114
115
115
117
115
114
113
111
111
111
111
111
113
114
114
113
115
115
115
116
116
118
118
115
115
114
114
114
114
114
115
111
110
109
110
108
108
107
107
107
107
107
105
106
107
107
107
107
108
107
107
107
107
107
107
109
108
108
109
112
113
114
114
115
112
112
112
110
110
110
112
114
114
114
115
115
116
115
115
112
109
109
108
108
110
110
110
110
110
110
109
110
110
110
111
110
109
110
109
109
108
108
106
105
105
104
104
104
104
104
104
105
105
106
107
107
109
110
109
109
109
109
109
109
108
109
107
106
106
107
106
106
106
108
106
107
107
107
106
107
109
110
109
108
108
107
109
109
110
111
111
112
111
109
110
110
109
108
108
108
108
108
108
108
109
109
109
109
108
108
109
107
105
106
106
106
106
106
106
106
106
106
108
107
109
109
107
106
107
107
107
108
110
109
107
108
108
109
109
108
108
108
109
108
107
107
107
109
108
107
107
108
108
107
108
108
107
108
107
108
107
106
106
106
107
107
107
107
108
109
109
109
109
108
109
108
106
106
107
107
108
107
105
105
105
105
104
103
103
101
101
101
102
102
102
102
102
103
104
103
104
104
104
105
105
104
104
104
104
105
107
108
108
105
105
105
105
106
105
105
105
104
105
106
107
107
107
107
106
107
106
106
107
107
106
106
106
106
105
105
104
105
105
105
105
105
107
107
108
108
108
107
107
106
105
104
106
107
107
105
105
105
105
105
102
102
101
101
101
104
102
102
102
103
102
102
102
102
102
102
103
103
103
103
102
103
103
102
104
103
103
103
100
100
102
104
103
105
104
105
104
104
104
104
104
104
104
104
103
103
103
103
104
103
103
104
106
106
105
105
104
105
105
105
105
104
105
106
107
108
109
109
107
108
108
109
108
110
109
109
110
111
111
113
111
111
112
112
112
111
110
111
111
110
109
110
110
109
108
109
108
106
106
106
107
106
106
106
105
103
103
103
103
102
101
101
101
100
102
102
102
102
104
104
103
103
104
103
103
104
107
106
107
106
108
109
108
107
107
106
103
104
103
105
105
105
105
106
107
107
107
107
106
106
106
106
105
105
105
105
106
107
107
107
109
108
108
108
106
106
106
105
106
102
101
99
99
99
99
99
98
98
100
98
100
101
102
100
100
101
101
101
101
102
101
101
101
101
100
100
100
100
101
100
100
101
101
101
101
101
100
99
100
100
99
99
99
100
99
100
102
102
102
102
101
101
101
101
102
102
102
101
101
102
102
102
104
104
104
104
103
105
105
105
106
106
106
107
106
107
107
107
106
105
105
106
104
104
104
103
103
104
105
105
104
104
105
106
107
104
104
104
104
104
104
105
105
107
108
109
110
108
107
107
107
107
108
106
106
106
104
106
105
103
103
104
104
103
103
102
101
101
101
102
102
102
103
103
105
105
104
104
104
104
105
105
106
104
104
102
102
101
101
101
101
101
100
101
101
100
99
99
99
100
100
99
100
100
100
100
99
99
100
100
101
100
99
98
99
99
98
98
96
97
98
98
96
96
96
95
95
95
95
95
95
96
96
96
97
98
98
98
97
97
97
99
100
99
100
100
101
102
102
102
102
102
102
103
103
101
102
101
101
101
101
102
101
103
103
102
102
103
104
104
103
103
103
102
101
100
100
99
100
100
103
105
105
106
107
106
106
105
105
108
108
109
108
107
107
107
108
108
107
107
109
108
108
108
108
108
108
108
106
105
106
106
106
104
104
104
104
105
105
105
105
105
106
106
106
107
107
107
106
105
105
103
103
103
104
105
105
105
105
105
107
106
105
105
106
108
108
106
104
103
103
102
104
104
103
104
107
108
107
106
106
106
105
104
104
103
103
104
108
109
107
108
108
109
109
109
109
107
107
107
107
107
108
109
109
107
105
105
107
106
105
103
103
103
103
103
101
102
102
101
102
104
104
105
107
105
105
106
106
105
105
105
104
105
104
102
102
102
101
101
101
101
101
101
101
102
103
103
103
105
106
107
107
107
106
105
106
106
107
106
104
103
104
103
103
103
103
103
104
104
105
107
106
106
106
105
104
103
103
106
107
107
108
109
109
109
107
107
107
108
109
109
106
107
107
109
106
107
107
107
106
107
107
107
107
107
107
107
104
105
105
105
104
105
104
104
105
105
104
104
104
103
105
104
103
102
101
99
100
100
100
100
98
98
98
97
98
99
100
100
99
99
100
100
99
99
99
99
100
102
102
102
102
103
103
104
106
106
106
107
107
110
110
108
108
107
107
107
107
107
107
104
104
104
103
103
103
105
104
104
102
103
103
103
103
104
104
105
105
103
102
101
100
101
102
101
100
101
100
100
101
101
102
102
101
100
101
100
99
100
99
100
100
102
102
101
100
98
99
100
100
101
103
103
102
102
102
101
102
102
102
102
101
102
103
104
103
104
105
106
107
109
109
108
107
107
107
106
107
107
106
105
105
105
104
104
105
105
105
106
106
106
106
105
106
106
106
106
105
106
107
110
111
110
111
110
108
107
107
107
107
107
107
108
109
109
108
107
103
102
102
101
101
100
100
101
100
100
98
98
98
97
97
96
96
97
98
98
98
98
99
99
98
99
100
99
98
97
98
98
98
97
97
97
97
97
97
99
99
99
98
96
97
99
98
98
97
97
96
97
97
96
96
97
96
96
97
97
97
97
97
97
97
98
99
102
101
101
102
103
103
102
103
104
106
105
105
106
107
103
102
103
103
104
103
104
104
104
104
103
103
105
105
103
101
102
101
101
101
101
101
102
103
103
101
101
101
100
101
101
102
102
103
104
101
102
101
100
100
100
100
100
100
99
99
98
98
99
99
98
97
98
99
100
101
101
101
100
99
99
100
99
98
98
98
98
98
98
98
98
97
96
97
97
97
96
96
96
96
96
96
95
96
93
94
94
95
97
98
98
98
99
100
100
101
99
99
98
99
100
100
99
100
101
101
102
102
102
99
99
99
98
99
99
98
97
97
97
98
99
99
98
98
102
102
101
101
101
98
97
97
97
96
98
98
99
98
98
99
98
99
100
97
96
97
97
97
98
98
97
99
99
99
99
99
100
101
101
101
101
100
101
102
98
98
99
96
93
93
93
93
93
91
91
91
91
90
91
91
91
91
90
90
90
90
92
92
93
93
93
93
93
94
94
94
94
94
94
94
94
94
93
93
94
94
94
92
92
91
91
92
94
95
94
93
92
91
92
91
91
92
91
91
92
92
91
91
91
90
91
93
92
93
90
90
91
91
91
91
90
91
91
92
94
92
92
92
92
92
92
92
92
93
94
93
94
94
95
95
95
95
95
95
94
94
94
94
94
95
93
94
94
94
93
94
93
93
94
94
94
94
94
94
94
95
95
95
94
94
94
94
94
94
95
95
95
94
94
93
93
93
92
92
93
93
92
91
92
92
91
93
93
93
92
92
93
93
93
94
94
94
94
93
93
93
92
92
93
93
93
94
94
94
94
94
94
94
94
94
95
95
95
97
97
98
98
98
94
94
94
94
94
94
93
94
95
96
97
97
96
96
95
96
95
96
97
97
97
97
97
97
96
96
96
96
96
94
94
95
95
95
95
95
95
94
94
93
93
93
94
93
93
93
93
94
92
90
89
89
90
88
89
90
90
90
90
91
90
91
91
92
92
92
92
89
89
89
89
89
89
89
88
88
90
90
88
88
89
90
90
89
90
90
90
90
91
91
91
91
90
90
90
90
89
89
90
90
91
90
89
89
90
90
90
89
89
89
89
88
88
88
88
89
90
90
89
89
89
90
91
91
92
92
94
92
91
91
91
91
90
90
91
91
89
89
88
89
89
89
91
91
90
90
90
90
91
92
93
93
93
94
91
