0.0007951724137931035 0.0005220689655172415
300
291
287
284
278
276
273
269
268
264
262
259
253
252
252
250
249
248
249
250
248
251
252
254
253
255
253
251
250
250
249
249
246
246
246
246
245
246
247
246
244
244
243
244
243
241
240
238
238
239
238
237
238
240
240
240
238
237
234
231
233
233
233
233
231
228
229
231
231
231
230
231
232
226
226
225
225
225
224
225
223
223
225
224
225
225
226
226
225
226
226
227
226
225
225
224
227
227
229
229
229
228
226
227
228
230
230
230
230
228
228
229
226
226
227
227
229
228
230
229
231
232
232
233
231
230
231
231
233
233
230
231
232
233
237
237
236
236
235
234
229
230
232
231
230
230
229
230
230
228
229
228
228
228
228
229
227
226
227
227
225
225
226
228
228
228
230
229
228
227
226
225
225
224
226
225
227
227
227
228
229
229
229
229
229
230
229
227
227
227
227
222
222
223
224
226
229
229
232
234
233
231
231
230
228
227
229
230
232
233
233
233
233
233
233
231
232
229
229
230
228
226
225
226
227
231
233
233
234
233
235
238
240
240
239
240
240
236
236
236
238
239
240
237
236
236
237
238
237
237
238
238
239
238
238
236
237
236
236
236
236
235
236
236
235
234
235
237
237
238
240
239
238
235
236
239
236
235
236
236
239
238
235
236
236
235
238
239
240
239
239
240
240
238
236
236
236
236
234
234
237
233
232
234
234
234
234
236
237
235
236
235
236
234
235
235
235
236
234
235
235
235
236
236
235
233
234
235
233
231
232
233
233
235
234
234
233
233
233
232
232
233
231
231
230
229
229
229
231
229
227
229
228
230
230
228
228
231
232
233
235
238
238
236
235
234
235
233
235
236
233
233
234
236
233
232
232
233
233
233
235
236
236
235
234
235
233
233
232
230
230
230
232
231
231
232
231
231
230
231
233
231
231
233
232
231
232
232
234
234
233
233
234
233
232
230
230
230
230
232
232
231
233
235
238
238
237
237
234
230
229
229
230
228
229
229
228
228
229
229
228
228
227
228
230
231
233
232
236
241
239
240
240
238
238
240
241
245
245
245
244
242
241
240
239
237
235
235
234
234
236
237
237
236
235
236
236
235
236
235
234
232
232
230
227
230
229
230
229
230
231
228
229
230
231
229
229
228
228
226
226
228
225
225
226
228
228
228
230
230
230
230
228
227
226
225
225
226
224
222
223
224
223
223
223
223
226
226
228
227
227
226
226
226
229
229
229
230
230
227
226
227
227
227
228
227
227
227
228
229
231
230
231
231
229
229
228
228
226
225
226
226
227
229
229
228
227
224
227
227
226
227
228
230
230
231
228
227
229
227
227
227
227
227
229
227
224
224
226
228
224
225
227
228
228
228
227
227
227
227
228
226
227
228
229
229
227
227
226
226
226
226
227
228
228
224
221
225
225
225
223
223
223
223
223
222
224
223
224
222
223
224
224
223
223
224
224
225
225
225
225
226
226
224
222
224
225
228
229
228
228
227
224
221
219
222
222
222
221
221
221
221
222
222
222
222
223
223
223
223
221
226
228
228
229
230
230
231
229
228
229
230
231
230
228
230
231
230
229
229
230
229
225
225
223
223
223
223
224
222
220
221
221
222
224
226
224
224
224
223
222
223
225
229
229
226
225
225
227
227
227
226
226
225
224
223
222
221
222
223
224
222
222
222
223
223
223
222
222
222
222
223
222
221
222
222
222
222
222
222
222
220
220
222
222
223
224
226
224
226
225
226
225
225
224
226
226
227
224
226
227
228
228
229
229
226
224
224
224
224
225
227
228
228
227
228
227
228
227
229
232
233
231
231
231
230
227
227
228
230
231
230
229
230
231
231
230
231
233
232
232
230
228
229
229
227
228
228
226
227
224
223
223
222
223
221
222
224
223
225
227
227
228
230
230
230
231
229
228
230
230
228
228
228
228
226
228
229
227
226
227
230
230
232
232
231
231
229
229
229
230
229
227
227
228
228
229
229
230
230
230
232
228
231
229
229
229
226
225
226
228
226
227
227
227
226
227
227
228
228
230
230
232
230
229
228
228
228
227
227
227
231
228
228
227
226
227
227
228
228
231
233
234
233
233
232
230
229
229
228
228
228
227
227
229
228
229
228
228
230
231
230
229
229
227
227
229
228
228
228
228
226
226
226
226
225
224
225
226
224
225
224
226
228
228
226
225
226
225
224
224
226
226
226
225
225
224
224
223
223
221
220
222
223
223
222
224
223
223
225
223
222
222
221
222
222
226
228
228
228
227
226
227
227
227
226
227
225
226
225
225
226
226
228
231
232
232
230
231
232
232
233
231
230
228
228
227
225
226
228
228
228
226
225
223
223
224
224
224
225
227
227
227
226
229
230
228
229
228
229
227
224
224
223
222
221
221
221
221
222
224
226
225
226
226
225
225
224
225
226
225
227
228
224
225
224
225
225
225
225
225
225
225
227
226
227
228
225
225
225
226
225
226
227
226
225
225
224
222
222
223
223
226
226
227
226
228
227
226
228
231
229
228
226
226
226
224
225
224
227
228
226
225
226
228
227
228
229
227
226
226
226
225
224
225
225
226
226
225
225
223
223
223
224
224
227
225
227
225
224
225
224
225
223
222
222
221
221
220
220
223
223
224
224
224
226
225
224
227
225
224
225
223
223
223
223
223
224
224
223
221
221
221
221
220
220
218
220
221
222
223
225
225
222
222
222
222
222
220
220
221
220
222
222
222
220
222
221
222
222
224
225
224
224
227
228
228
228
229
227
226
226
227
227
228
228
225
226
226
226
223
222
223
223
223
223
225
223
222
221
222
220
220
220
221
221
220
222
222
221
222
222
222
220
219
220
221
221
220
219
218
218
219
220
221
220
219
218
219
218
217
217
217
215
214
215
214
214
214
212
212
209
209
208
206
207
206
205
206
206
206
206
206
207
209
210
210
210
211
210
209
209
211
212
213
215
213
212
212
214
214
216
215
213
214
213
213
215
213
212
213
215
215
215
214
213
215
215
216
214
214
215
215
217
218
216
216
215
215
217
216
215
216
216
216
218
215
216
217
217
215
215
215
214
214
216
217
217
217
216
213
213
215
215
217
217
217
218
218
218
220
222
222
220
218
218
217
215
216
215
216
217
221
221
220
219
219
219
220
220
217
218
216
216
219
220
218
217
216
217
217
220
219
219
219
219
220
220
219
220
219
219
218
218
218
217
217
217
217
217
216
218
216
216
217
217
217
217
217
219
220
218
217
218
217
221
222
221
221
220
221
223
222
221
221
221
219
220
220
222
222
221
221
220
218
218
218
218
217
218
219
216
216
217
218
219
221
220
220
220
222
222
222
222
225
227
226
225
224
224
224
225
225
225
225
226
228
227
230
230
229
230
228
231
229
228
226
226
227
227
224
225
224
224
224
226
224
224
223
223
223
221
221
220
220
219
218
219
219
218
219
217
218
219
219
219
220
222
224
221
222
222
221
220
219
218
217
217
219
221
223
226
223
222
222
221
219
220
221
222
222
222
224
220
217
217
218
220
221
221
220
220
220
221
219
215
215
213
212
211
215
215
215
214
215
214
212
212
212
211
213
213
213
211
213
213
214
214
216
216
217
218
217
218
218
218
215
216
217
215
218
219
216
217
219
218
219
222
222
222
223
223
224
223
222
222
221
219
220
219
219
219
221
225
225
225
224
222
221
220
219
219
220
220
220
222
221
220
221
222
221
222
222
224
225
225
227
228
227
227
225
226
223
224
225
226
223
223
223
222
225
223
225
223
223
223
222
221
221
221
220
220
221
223
222
223
221
222
222
222
222
221
223
222
221
220
221
220
221
221
222
223
225
225
224
225
226
227
225
226
225
223
224
222
221
221
221
219
221
221
220
221
220
220
221
221
220
221
221
222
219
219
213
213
212
213
214
213
213
213
214
214
213
213
212
212
211
212
214
215
216
216
214
214
213
214
213
213
215
217
217
218
216
214
214
215
212
212
212
211
211
210
209
209
211
210
212
212
211
213
211
210
210
212
213
215
213
213
210
212
216
214
211
213
213
212
211
212
212
211
211
210
209
209
211
212
213
211
210
209
208
206
207
207
207
213
214
214
212
213
213
214
212
212
211
212
211
212
213
212
212
213
214
214
215
215
216
217
214
214
211
211
213
213
211
210
210
211
213
215
213
211
211
217
218
219
215
216
217
218
219
219
219
217
217
216
217
215
216
217
215
216
215
218
217
214
214
215
213
212
211
210
210
210
210
210
212
213
214
211
209
210
211
213
212
212
210
208
209
210
207
206
206
206
208
209
209
208
209
208
208
209
208
208
208
209
209
209
209
207
208
208
210
211
209
211
209
208
208
207
208
208
206
208
210
210
210
210
210
211
210
210
207
205
205
206
205
206
206
205
207
206
206
208
208
209
212
213
214
213
213
210
209
208
207
204
206
205
206
204
202
202
202
199
199
199
201
201
201
201
201
203
203
204
208
207
206
207
208
208
207
207
205
204
203
202
201
201
202
202
202
202
202
201
204
207
207
206
206
206
205
204
204
203
202
201
200
201
199
201
202
201
201
200
200
200
200
200
201
199
200
200
200
199
197
200
200
200
200
202
201
200
201
201
201
200
202
203
203
200
200
199
197
198
196
195
195
195
195
196
197
197
196
195
195
192
192
192
191
191
190
191
193
192
192
193
193
193
193
194
195
195
196
197
198
201
201
200
197
197
196
197
198
199
200
198
199
197
197
198
199
199
199
198
200
202
203
205
204
204
205
205
201
199
199
200
198
197
199
198
199
198
198
198
197
197
198
199
200
200
199
198
196
196
197
196
197
197
197
197
196
195
196
194
196
196
197
198
197
199
199
197
197
197
196
197
198
198
199
200
200
199
199
201
199
199
204
205
205
205
205
200
200
199
199
200
202
202
203
204
205
206
205
203
202
199
198
198
197
197
197
198
198
198
198
199
204
203
198
199
198
199
199
199
200
200
200
200
199
201
200
201
200
201
197
194
194
195
196
198
199
200
198
197
196
197
196
196
195
196
196
194
193
193
191
191
193
194
193
194
193
193
193
193
193
193
190
189
189
190
190
190
191
191
190
190
191
191
190
191
191
191
189
188
189
190
190
192
192
192
192
193
193
193
195
195
194
192
194
192
191
191
192
194
193
193
193
194
194
192
192
193
195
193
193
197
195
194
194
193
196
196
195
194
195
194
195
196
196
196
195
194
194
193
193
193
194
193
192
194
195
196
196
194
195
195
194
193
192
191
192
190
189
188
188
190
190
191
192
193
192
192
190
189
190
189
188
189
189
190
190
189
189
190
190
192
191
191
193
193
194
194
194
193
195
195
194
195
194
192
193
194
191
192
192
194
194
191
191
195
194
196
195
194
194
193
192
193
193
192
192
192
191
191
191
190
190
190
191
192
192
194
193
193
193
193
192
192
192
192
189
188
187
188
188
189
189
189
190
190
190
188
187
187
188
188
188
191
191
190
191
190
189
190
190
192
193
194
193
195
198
195
197
196
199
198
197
195
193
193
193
193
193
194
195
193
197
196
196
197
198
198
200
203
204
202
203
205
203
203
206
206
206
210
207
207
207
208
209
208
207
208
209
210
210
208
207
208
208
210
211
210
206
205
204
205
202
203
203
204
204
204
204
204
203
204
202
205
203
202
202
203
202
200
200
198
197
196
197
198
196
197
195
195
194
195
194
194
193
193
192
193
192
193
192
191
191
192
192
193
193
194
195
193
193
193
193
195
195
195
196
197
197
197
196
197
195
197
197
198
198
197
194
193
194
190
189
191
193
192
192
192
192
192
191
190
191
191
193
192
193
194
196
196
197
195
194
192
193
193
195
193
195
195
196
196
195
196
195
195
194
194
194
194
193
191
191
191
191
191
188
189
189
190
190
189
187
187
187
187
187
185
185
185
187
190
192
192
192
191
191
192
191
192
193
195
192
194
193
194
193
195
196
196
195
197
198
197
194
193
192
192
193
192
192
193
191
193
194
193
192
192
192
191
194
193
193
196
194
193
193
191
189
190
191
191
192
190
191
192
192
191
192
191
193
191
189
190
189
188
189
188
186
186
189
189
191
188
188
189
192
192
193
192
191
191
192
193
193
193
193
193
194
196
193
193
190
192
192
193
194
195
194
194
194
195
194
195
195
195
195
197
196
196
193
192
193
192
192
194
191
191
191
190
190
189
188
188
188
187
189
190
191
193
194
193
192
191
191
191
191
192
192
193
193
193
194
194
195
194
194
195
197
197
198
194
194
194
194
194
194
195
195
196
195
195
193
194
194
194
195
195
195
196
197
198
197
200
196
194
196
197
195
194
193
192
194
193
193
195
195
195
196
195
197
198
197
197
199
200
198
197
196
197
197
197
197
196
196
197
198
198
197
200
202
204
202
200
200
198
196
195
197
196
196
199
201
201
201
203
200
202
203
203
202
199
199
199
199
199
198
197
197
198
198
199
199
198
198
197
198
198
199
200
198
199
199
199
199
198
198
200
199
199
198
197
196
195
196
195
198
199
198
196
195
195
196
196
197
198
199
200
197
197
199
200
201
202
202
201
202
204
204
205
205
206
207
206
206
207
207
209
207
209
209
209
208
206
205
205
204
205
204
201
202
200
199
201
201
202
201
201
200
198
201
202
200
202
201
200
199
201
201
202
202
202
202
199
200
198
198
199
199
197
197
197
194
195
196
196
197
199
197
197
197
196
196
197
196
196
197
197
197
197
197
197
196
197
197
196
194
193
193
192
194
195
195
198
197
202
201
203
202
203
203
204
202
203
204
202
200
200
198
199
197
196
196
197
197
198
198
198
198
198
200
202
201
201
203
201
203
199
199
198
198
199
201
201
201
201
201
202
202
204
204
202
200
201
203
203
203
203
202
202
201
201
197
198
198
198
197
196
195
197
197
199
198
200
199
198
199
199
200
200
202
202
202
200
201
199
201
201
201
203
203
202
201
201
199
200
199
200
200
198
196
196
196
196
195
196
196
193
195
199
200
197
196
197
195
196
197
197
197
196
195
194
194
197
196
195
195
194
193
193
194
193
193
198
197
199
198
198
196
196
199
195
194
195
195
194
194
193
192
194
194
192
192
191
190
189
188
189
189
189
190
190
191
190
193
193
195
195
195
194
193
193
194
194
196
195
196
196
196
197
197
197
196
198
198
198
200
200
200
199
198
198
197
196
196
197
198
198
197
199
201
202
200
199
199
199
199
199
199
197
194
195
195
195
196
196
195
197
198
198
198
198
198
197
195
196
196
197
196
197
196
197
199
201
199
202
204
202
201
199
200
199
198
199
199
199
199
199
199
197
198
197
197
198
198
197
197
197
199
197
197
198
197
198
200
198
197
195
195
195
195
194
194
195
193
193
195
195
197
195
198
197
197
196
197
196
196
196
196
196
197
194
194
194
195
195
196
196
196
194
193
193
194
193
192
192
192
192
192
194
194
193
192
192
194
193
196
197
197
195
193
194
195
195
195
195
195
195
195
195
195
194
195
195
197
197
197
196
195
196
198
198
198
199
197
201
199
199
197
199
196
196
193
194
195
196
197
197
198
200
197
196
198
195
196
197
195
197
197
197
196
194
192
193
195
193
194
194
194
194
194
194
196
195
194
193
192
193
194
190
192
192
191
190
191
190
191
191
191
191
191
191
188
187
188
189
189
190
193
193
194
195
196
196
195
194
194
198
197
196
195
195
196
195
195
198
195
196
197
195
193
193
193
192
191
193
192
193
192
191
189
187
187
187
186
186
186
186
186
185
184
185
186
186
188
187
190
192
192
189
189
189
192
191
191
191
192
190
191
191
190
190
191
190
190
190
190
190
193
192
197
196
196
195
194
193
192
191
192
191
192
193
192
192
192
193
195
194
194
193
192
194
195
195
196
194
193
193
193
192
191
191
190
187
188
189
189
190
189
190
191
191
192
191
191
191
191
192
193
194
196
195
195
193
193
192
191
191
191
192
194
194
198
198
197
196
197
197
199
199
198
198
200
200
198
198
198
200
202
200
198
198
199
200
199
200
199
199
200
199
199
198
198
194
193
192
191
192
194
194
192
194
196
197
196
196
197
195
195
192
192
193
196
195
195
194
193
194
193
195
195
195
193
193
194
191
192
192
194
194
194
195
197
199
199
199
197
199
198
199
199
201
201
201
200
198
198
199
199
198
198
199
201
202
204
202
198
200
201
199
194
193
194
194
196
195
191
191
191
191
191
192
191
191
191
189
191
193
191
190
189
188
188
186
185
185
186
188
189
190
190
193
191
190
191
193
193
193
193
193
194
194
194
194
195
195
197
196
196
194
194
194
194
192
193
192
191
192
193
193
191
190
192
191
189
189
188
188
190
190
189
189
188
191
190
189
188
189
187
187
187
185
186
186
186
185
185
187
187
188
189
188
188
190
187
186
187
188
188
188
189
189
189
190
189
189
188
190
189
191
191
194
195
197
195
195
194
192
194
192
192
192
191
193
191
192
191
191
191
191
190
187
186
186
186
185
186
184
183
185
184
183
184
184
184
182
183
184
185
185
186
187
187
186
186
186
186
186
186
185
184
184
182
182
183
185
188
187
187
190
188
187
189
188
188
188
186
187
188
188
189
188
188
189
188
188
187
186
186
185
185
185
186
187
186
186
186
183
183
183
184
184
186
186
185
186
184
185
186
188
188
187
185
185
184
185
183
182
183
183
182
185
186
188
188
189
189
190
189
191
193
194
193
193
192
188
188
191
191
191
192
190
188
189
188
187
187
185
185
184
186
185
185
185
188
189
188
190
190
192
192
192
190
190
191
191
194
190
189
189
189
190
189
191
192
193
193
191
188
189
189
188
187
187
186
186
185
184
183
185
184
185
186
185
182
181
183
183
183
181
182
181
181
183
184
181
181
179
179
178
177
176
176
173
172
175
171
170
171
172
171
172
173
174
174
176
176
174
175
175
176
177
175
175
175
176
176
175
176
175
175
175
177
177
176
175
174
174
174
173
174
174
176
175
173
172
171
171
172
172
172
174
173
172
176
178
179
179
177
176
177
179
178
179
174
174
173
174
173
173
174
176
173
173
174
173
173
174
175
175
175
172
175
175
177
176
175
174
175
175
175
175
174
174
174
175
174
174
175
174
171
170
171
172
172
173
174
172
172
172
172
172
171
172
170
170
171
174
174
174
176
176
180
179
181
182
182
182
184
184
183
181
180
178
178
177
179
179
179
179
180
181
181
180
179
179
178
180
180
178
179
178
179
178
178
178
178
177
177
177
181
180
180
181
181
182
182
182
182
184
184
182
182
183
182
182
181
182
178
178
178
176
176
176
176
177
177
178
179
179
178
177
178
179
177
174
172
173
172
174
174
173
170
170
170
172
171
172
172
173
170
172
172
170
171
172
172
173
173
173
171
172
172
172
173
174
174
173
173
171
172
173
174
177
178
180
179
176
177
176
174
175
174
173
170
169
173
174
176
174
176
178
177
179
179
177
177
176
176
176
178
179
179
178
176
176
175
173
171
171
172
176
176
175
175
174
175
175
174
173
172
173
173
174
171
171
169
168
167
166
168
168
169
169
171
171
172
173
172
172
173
173
175
177
176
174
173
171
175
174
173
174
175
173
174
174
172
171
172
172
172
171
173
172
171
170
170
170
170
171
170
171
172
171
171
171
171
171
171
171
172
173
172
173
172
173
174
175
172
172
170
169
169
170
170
167
167
169
171
171
173
172
172
174
173
173
173
174
175
177
178
179
176
171
171
170
172
172
171
170
167
168
168
166
168
171
170
170
170
170
170
172
173
174
173
174
174
175
175
176
177
174
173
172
173
174
174
172
173
172
172
172
172
172
169
171
173
173
172
171
172
171
169
170
170
169
168
168
168
168
168
169
169
171
171
171
170
170
171
172
172
171
173
175
175
172
171
172
171
170
170
170
170
170
171
171
172
171
170
171
172
171
173
173
172
173
174
174
175
173
173
174
174
173
173
172
173
173
174
176
176
175
178
177
177
178
176
177
177
178
176
175
174
174
175
174
174
174
174
174
174
175
174
172
173
174
176
175
177
176
177
177
177
178
178
179
179
178
178
178
179
177
176
174
175
175
176
177
178
176
177
176
176
178
177
177
177
180
180
180
181
181
183
182
182
182
180
181
180
181
183
184
182
182
181
177
176
174
173
174
172
172
173
173
171
173
174
172
174
175
174
174
174
174
173
174
177
178
179
178
178
178
177
178
177
177
177
179
177
179
177
176
173
171
170
172
171
170
171
171
171
171
172
173
174
173
174
175
176
176
177
177
172
173
172
171
173
170
172
171
171
170
172
172
173
174
174
174
174
173
173
174
174
173
173
173
171
172
172
172
172
171
173
172
172
171
172
172
171
173
173
173
174
174
173
173
172
171
172
172
174
174
173
174
174
174
174
174
174
173
176
176
177
176
177
176
176
177
179
179
180
180
181
179
180
180
178
181
181
183
183
181
182
181
182
183
182
182
182
182
180
180
179
181
180
180
179
179
180
178
180
182
180
181
181
180
178
177
176
174
174
175
176
176
176
177
176
177
178
179
181
180
179
182
182
182
183
184
182
181
180
180
179
179
178
177
175
174
174
174
174
173
174
175
179
178
178
178
180
179
179
181
181
183
182
181
181
179
176
176
176
176
175
178
177
177
175
175
176
175
175
174
174
173
172
172
173
174
174
173
173
175
175
175
178
178
178
179
181
182
181
181
180
179
179
178
176
177
177
179
180
180
181
182
183
185
183
185
186
185
183
184
181
183
183
181
181
179
180
181
180
179
179
180
178
175
176
176
176
176
177
177
177
178
176
177
177
177
175
177
177
177
178
176
177
181
179
178
179
179
181
182
183
183
183
183
181
181
180
180
179
177
177
177
179
178
177
175
175
173
172
171
173
173
173
173
173
174
175
175
172
172
173
174
173
172
172
171
171
172
175
174
173
176
177
176
175
174
173
173
172
172
172
171
172
173
172
173
175
175
175
177
177
178
177
178
175
172
173
172
172
171
171
171
172
171
172
174
174
174
174
174
174
174
174
174
174
174
175
175
177
177
177
176
176
177
174
175
175
177
176
176
180
179
176
178
179
176
175
174
174
173
172
171
172
171
171
173
174
174
174
174
172
172
171
171
170
170
169
171
170
170
168
167
166
166
167
167
167
166
167
166
166
166
166
167
168
168
169
168
169
169
166
168
167
170
170
172
172
173
170
168
170
168
166
165
165
165
167
167
167
166
166
167
166
164
163
162
162
163
162
161
162
163
163
161
161
161
161
163
164
164
166
166
167
168
168
168
168
168
169
168
168
170
171
171
170
166
165
166
164
163
165
164
164
163
