0.0007610344827586207 0.0006244827586206897
300
297
298
296
292
290
288
280
278
272
271
269
268
265
265
264
260
261
259
259
256
254
253
255
255
254
251
249
249
246
245
243
244
244
243
244
241
241
242
241
240
239
240
240
240
241
240
238
238
236
233
234
233
231
231
231
230
231
230
232
231
230
231
232
230
230
230
227
227
224
224
225
226
226
226
224
224
224
223
223
227
226
226
228
229
228
229
225
226
227
227
226
225
225
223
222
219
218
219
220
221
221
223
224
224
223
225
227
226
225
223
224
225
227
227
229
226
225
227
226
227
226
225
225
221
219
222
221
217
215
216
215
216
217
216
216
219
219
218
219
222
221
222
221
221
219
219
220
218
220
219
219
219
221
221
221
223
225
221
223
222
224
225
225
225
225
225
227
228
228
227
227
228
225
222
223
223
222
221
220
221
220
221
222
222
221
220
218
218
217
218
218
219
221
221
225
222
220
217
216
216
216
216
217
217
213
211
210
210
209
209
208
207
208
208
207
207
206
205
206
206
207
206
205
204
203
203
202
202
201
200
202
203
204
202
202
203
203
203
203
204
202
201
201
201
202
205
206
205
205
205
205
205
204
205
205
204
205
206
205
204
204
203
200
201
201
200
201
200
200
201
201
204
204
203
203
204
205
206
205
204
204
205
207
207
207
209
210
209
209
209
209
208
208
205
204
207
208
207
207
207
206
205
204
203
202
201
204
204
204
204
203
205
205
206
207
207
207
208
208
207
205
206
203
203
203
204
202
201
200
200
201
200
199
196
197
196
196
194
196
198
196
196
196
195
195
192
190
189
189
188
188
189
188
189
189
190
190
189
190
189
189
187
186
185
188
188
188
188
187
187
189
190
189
191
190
191
192
191
192
193
194
195
194
194
193
192
192
192
193
194
194
195
197
197
196
195
199
201
200
198
194
194
194
192
192
194
193
192
192
190
191
191
192
193
193
193
194
196
195
196
195
196
196
197
197
195
197
197
197
199
201
199
197
194
194
192
192
195
196
193
192
193
197
196
195
193
193
194
193
190
191
189
189
189
187
187
187
187
186
185
186
185
186
186
184
185
184
185
185
187
186
185
186
186
186
187
188
188
187
188
186
187
187
187
186
187
187
186
188
187
186
186
186
190
190
189
190
189
189
189
190
190
190
190
194
195
194
193
192
192
193
191
192
192
193
193
193
193
192
192
193
194
194
194
195
194
193
192
192
191
189
190
192
192
193
195
194
194
193
192
193
193
191
191
191
192
192
191
192
191
191
195
195
197
196
198
199
199
200
199
198
197
198
194
194
195
196
197
197
195
193
192
193
195
193
192
193
195
192
195
194
194
194
194
192
193
192
192
191
190
192
193
191
191
190
188
190
191
190
193
195
193
193
193
191
192
192
190
190
190
190
191
193
193
195
191
192
194
195
193
191
189
189
190
188
190
191
192
192
192
193
193
193
193
191
192
191
192
192
190
189
189
191
191
190
190
188
188
188
187
187
189
190
190
189
189
188
187
189
191
189
189
189
187
187
186
189
189
190
190
191
190
189
189
191
188
189
189
189
190
188
190
189
192
191
193
191
190
186
187
185
185
188
187
186
187
187
185
185
184
184
184
184
181
181
181
182
183
183
183
184
184
183
182
182
182
181
184
182
182
181
181
181
180
182
181
181
179
179
179
180
180
178
178
179
179
179
179
179
180
180
179
179
180
181
182
182
182
182
181
181
181
184
182
183
182
182
182
181
179
179
179
180
179
179
180
182
182
183
182
179
178
178
178
178
178
178
176
175
175
176
175
175
175
175
176
175
175
173
173
175
174
172
172
171
172
172
173
173
173
173
174
173
172
171
171
172
173
172
171
172
174
175
175
177
177
177
175
175
173
174
175
176
175
175
177
178
177
176
176
176
175
177
176
174
175
174
174
174
174
174
172
172
172
172
171
171
171
171
173
172
175
177
177
175
173
174
172
172
170
170
172
172
172
172
172
172
174
174
173
173
173
174
174
174
174
175
174
176
177
176
175
174
173
173
173
172
172
172
172
171
170
171
172
172
171
172
172
174
175
173
173
172
174
174
172
173
173
174
173
173
172
171
171
170
170
172
174
174
173
174
175
177
176
177
176
173
173
175
177
176
174
174
172
170
171
170
169
168
168
168
168
171
172
172
173
174
172
172
172
171
171
172
172
171
170
171
172
171
172
171
170
172
170
169
170
169
171
170
169
170
170
171
169
169
167
166
167
168
166
166
166
164
164
164
164
163
165
165
166
165
166
167
167
168
168
166
167
168
168
169
169
168
168
169
168
167
168
168
168
170
169
169
169
169
168
167
168
166
166
167
165
165
164
167
165
164
165
166
168
166
166
167
166
166
166
169
168
167
167
168
168
168
168
169
169
168
167
167
167
167
167
166
167
170
168
167
167
169
170
169
169
169
171
171
171
170
169
166
166
167
166
165
165
166
166
167
167
169
169
169
171
172
175
173
173
174
176
177
177
177
175
176
176
178
179
178
179
177
177
176
175
175
175
175
174
174
173
172
171
174
173
173
172
171
170
173
174
175
176
173
174
175
173
173
173
174
173
171
169
169
169
168
168
169
170
170
170
171
173
173
174
172
172
170
170
169
167
169
170
169
169
169
169
168
168
168
167
167
167
168
169
169
168
168
167
169
170
170
169
170
167
167
169
170
169
168
169
168
169
169
169
169
171
170
170
172
171
169
168
168
168
167
166
167
166
166
167
166
166
166
166
166
165
167
168
166
166
168
170
168
168
168
168
169
167
166
165
163
162
162
161
161
162
161
162
162
161
161
162
163
163
165
165
165
165
166
164
167
165
165
164
164
164
165
166
167
167
167
168
169
170
169
169
170
170
168
167
166
168
168
168
169
168
169
168
169
168
166
168
167
167
167
168
168
167
167
166
168
166
165
165
164
164
165
165
165
165
166
166
166
166
167
168
167
169
171
172
170
171
171
171
170
170
170
170
170
169
168
168
169
168
167
169
170
173
173
172
173
174
173
172
170
170
169
166
168
168
166
167
168
168
167
168
169
169
167
165
165
166
166
166
166
168
168
167
166
166
166
166
165
162
162
164
163
162
164
164
164
165
168
170
169
168
167
167
167
166
168
168
168
166
164
162
162
162
161
160
159
159
160
159
159
159
158
160
160
161
160
160
161
161
162
162
162
162
162
163
163
165
165
165
165
168
165
166
167
167
167
167
166
167
167
169
169
170
169
168
169
169
168
166
165
166
164
166
166
166
167
166
166
166
165
164
163
163
164
165
168
167
168
168
168
169
170
169
167
166
167
166
167
166
166
166
164
163
166
166
166
166
167
167
167
166
164
163
163
164
163
162
162
163
162
164
162
160
159
160
161
161
161
160
160
160
162
161
161
160
161
163
162
162
164
162
163
164
164
163
163
163
168
168
168
167
165
165
165
165
165
163
161
159
159
160
161
162
162
162
160
160
160
160
162
164
164
164
166
166
166
166
164
164
165
165
165
164
164
165
166
167
165
167
166
166
165
162
161
163
160
159
159
158
158
160
160
159
159
159
163
164
163
168
166
164
161
160
160
160
161
161
162
162
164
165
165
166
164
164
164
164
165
164
164
163
162
163
163
163
162
165
165
166
168
168
168
167
165
165
164
165
166
166
166
167
167
168
169
169
170
170
168
168
167
168
169
170
171
172
171
169
166
167
166
167
167
166
164
164
165
165
166
167
166
166
167
166
165
165
165
165
165
165
166
166
166
166
164
165
166
165
164
165
165
167
166
166
166
166
167
169
170
171
170
172
173
174
170
170
172
173
173
171
171
171
170
169
169
168
168
166
167
167
169
167
167
165
165
165
166
169
169
170
169
170
169
167
168
168
168
169
169
167
165
165
165
166
166
166
165
164
165
164
164
164
165
166
167
168
168
170
171
172
172
172
170
168
169
168
169
170
170
168
168
167
166
166
165
168
168
166
165
164
163
164
164
163
163
163
163
165
165
166
164
163
162
160
160
160
160
161
160
160
160
160
160
161
161
161
160
163
164
164
164
161
159
161
160
161
161
162
163
163
164
164
166
164
164
161
161
161
162
164
164
164
162
162
163
162
161
161
163
163
163
162
160
161
161
160
160
161
160
162
164
164
163
162
162
162
162
162
163
163
163
162
162
161
162
161
162
162
161
162
162
160
160
160
160
160
160
162
163
163
163
163
163
166
166
164
163
162
162
163
163
163
163
163
163
164
164
164
163
163
163
163
161
162
163
163
161
161
161
162
162
162
163
161
163
162
161
160
158
159
159
160
159
160
163
163
163
162
162
163
163
163
163
165
165
164
163
165
167
168
168
168
170
172
173
175
175
174
174
175
176
175
175
174
173
172
172
171
169
167
168
168
169
169
169
171
172
172
174
172
170
171
171
172
173
171
169
168
170
169
169
172
172
171
172
171
169
169
170
170
168
167
167
166
164
164
162
164
164
163
163
163
163
165
164
165
166
167
165
168
166
165
166
169
167
168
168
166
168
167
164
165
164
162
162
163
163
162
163
165
165
165
166
166
166
166
167
168
168
169
169
171
170
168
166
167
167
166
165
165
163
163
163
162
160
161
161
162
163
165
166
167
168
170
171
173
174
172
172
172
172
172
172
170
169
167
168
167
167
168
166
166
167
169
169
169
169
169
169
168
166
168
166
164
164
165
164
163
163
163
162
162
163
163
164
165
164
165
165
165
165
167
168
169
168
169
170
168
167
166
165
168
168
168
171
172
172
171
170
171
173
173
173
173
174
174
174
173
174
174
172
170
169
169
171
170
171
170
170
169
166
165
164
160
159
158
158
158
159
159
159
160
162
162
162
164
164
166
167
168
168
167
166
166
165
164
163
163
162
161
161
162
160
161
162
163
164
163
164
164
162
161
161
162
163
162
162
160
159
161
160
160
160
161
162
161
160
160
160
160
160
161
161
160
160
162
164
162
164
163
163
163
163
162
161
160
157
156
155
154
153
155
155
156
154
155
154
154
156
154
153
154
154
154
154
152
153
153
155
155
155
160
159
158
158
160
157
158
158
160
160
159
158
157
156
156
156
155
155
155
154
154
154
152
153
156
154
153
153
154
152
152
151
151
152
151
149
150
150
150
151
151
152
153
153
152
150
151
150
150
151
150
150
149
148
148
147
148
148
147
146
145
147
146
146
148
148
148
148
147
147
147
148
150
150
150
151
154
153
154
151
151
153
152
150
152
151
151
151
151
151
150
150
151
152
153
152
152
152
152
151
150
150
150
151
152
152
151
150
150
150
150
150
150
150
150
152
152
151
150
149
151
151
150
151
153
151
151
151
152
152
152
153
153
154
151
152
151
151
152
154
155
156
155
155
156
154
154
154
154
152
154
153
151
153
153
155
152
152
151
150
149
150
149
150
148
149
149
149
151
151
150
152
152
153
153
152
152
151
152
152
151
152
153
154
154
153
153
153
150
148
150
148
148
148
149
150
150
149
149
151
152
153
153
151
149
149
150
150
150
148
149
149
149
148
147
148
149
148
148
148
148
150
151
153
154
154
154
155
154
155
155
153
152
152
152
154
154
153
152
151
149
150
150
150
151
151
151
151
150
148
150
149
148
149
149
150
149
150
150
151
151
151
150
151
150
150
150
149
149
148
151
151
151
152
150
149
148
148
148
149
150
149
149
149
149
150
150
150
150
150
150
153
153
154
154
154
155
156
156
155
154
154
154
155
154
155
154
154
156
154
154
153
150
150
149
149
149
150
149
151
150
150
149
151
151
151
151
152
152
152
152
152
151
150
150
149
150
150
151
151
151
151
151
151
152
150
152
152
151
153
154
152
152
150
150
151
152
152
153
152
152
154
152
153
151
151
152
149
149
145
145
145
146
147
149
150
149
149
150
151
151
150
150
150
149
150
151
150
148
147
147
147
148
150
149
150
150
150
149
150
150
152
152
152
152
152
151
149
149
148
147
147
147
148
150
149
148
148
149
149
148
149
148
149
149
150
147
146
146
145
144
144
144
142
142
142
143
144
146
145
145
147
146
146
146
147
145
146
146
145
145
145
146
145
145
149
150
148
148
148
148
148
149
148
148
148
147
148
146
146
146
146
144
145
146
146
148
148
148
147
147
148
148
149
151
150
150
149
147
148
147
147
148
148
149
149
148
148
150
150
150
150
149
147
148
148
147
147
148
147
147
148
150
148
149
148
146
148
149
147
146
146
144
144
142
140
141
141
140
140
140
140
140
141
141
140
140
140
144
143
143
143
140
142
143
142
143
143
143
143
142
143
144
145
145
145
143
143
143
144
144
144
145
145
145
144
144
146
145
145
145
145
145
146
145
146
146
143
144
144
144
144
142
143
144
143
143
144
144
145
145
145
143
145
143
143
143
143
144
143
145
144
144
144
144
143
145
147
146
146
147
147
145
145
146
146
146
145
147
148
147
148
149
147
146
145
144
144
145
144
143
142
141
140
140
140
142
142
144
147
146
146
145
146
147
147
147
147
147
146
146
148
147
148
148
147
146
146
145
145
145
146
146
147
148
148
148
148
149
148
147
148
148
147
147
147
147
148
147
147
147
147
146
146
142
142
142
143
145
142
141
141
141
142
142
142
142
143
144
144
144
145
145
144
143
145
145
143
143
144
145
145
144
145
145
145
145
144
145
144
143
142
142
142
141
142
142
143
145
145
147
148
148
147
147
148
148
150
149
149
148
148
147
146
146
146
146
146
146
146
146
147
147
149
149
147
148
147
147
146
145
146
145
143
144
143
143
144
145
145
145
145
148
148
147
148
148
148
148
148
148
147
147
146
146
146
144
144
145
144
145
145
145
146
146
148
149
148
150
150
152
152
152
149
151
153
153
154
157
157
155
151
151
151
153
152
153
152
151
150
149
149
150
148
148
148
149
148
146
147
147
147
148
147
149
149
148
147
148
148
149
147
149
149
151
149
148
148
148
148
146
148
148
147
148
146
147
147
146
145
146
146
146
147
149
148
146
144
144
144
144
144
144
144
144
144
145
144
143
143
142
141
143
143
142
141
142
144
145
146
144
144
145
144
143
142
142
143
143
145
145
143
144
145
145
144
144
145
148
147
148
148
147
147
147
147
147
144
144
145
146
146
147
148
147
146
146
145
144
144
143
144
143
143
143
143
143
142
142
142
142
142
142
142
142
143
143
142
142
142
141
139
139
139
139
139
139
140
141
141
142
142
142
140
140
141
140
139
139
139
139
139
138
138
139
139
141
143
146
144
144
144
143
141
141
140
142
144
144
146
146
146
145
144
145
146
146
145
144
144
147
147
145
146
147
147
148
147
147
146
148
148
147
149
148
148
150
149
148
147
148
149
150
148
147
146
146
145
144
144
145
145
145
147
148
148
147
147
147
148
147
147
146
146
146
147
148
146
145
147
148
148
149
150
148
149
150
150
150
149
146
148
147
146
144
144
143
143
143
143
142
146
147
147
146
146
146
145
145
145
144
144
145
145
145
145
142
141
142
143
142
142
141
139
140
140
140
140
141
140
140
140
140
140
140
140
140
140
141
140
140
139
141
142
141
141
140
140
140
139
139
140
140
141
142
143
143
142
142
143
142
141
141
144
143
144
145
145
144
143
144
144
143
145
143
143
143
141
142
144
143
142
142
141
141
142
143
146
146
145
144
144
142
143
144
144
145
144
143
141
140
140
139
140
140
141
140
140
138
139
140
139
139
139
138
138
138
138
139
141
142
141
141
141
141
143
143
142
142
142
142
142
141
141
141
141
141
142
143
143
144
144
144
144
144
144
143
142
142
142
142
142
143
142
140
141
141
141
142
142
141
141
142
142
142
143
143
144
145
148
149
151
151
151
149
147
147
147
146
146
147
147
147
147
147
148
147
148
149
149
148
149
149
149
152
152
151
149
150
151
151
150
150
149
151
153
152
150
149
150
148
149
150
148
148
148
148
146
146
146
145
144
144
145
146
146
147
146
148
148
148
147
145
146
146
148
149
151
151
147
146
146
143
143
145
145
145
145
145
143
145
145
143
144
143
143
143
144
144
144
145
145
145
146
146
145
145
148
148
146
145
145
145
146
145
145
145
146
145
145
145
145
144
142
143
144
145
144
145
144
142
142
141
140
141
143
143
143
142
142
142
143
143
144
144
145
146
146
146
146
148
148
148
147
148
149
149
150
151
151
151
150
150
149
148
146
146
147
147
148
148
150
149
149
150
150
146
146
146
146
146
147
147
148
146
148
149
149
150
148
148
148
146
146
148
148
146
144
144
143
142
142
142
141
141
141
140
139
138
138
140
140
139
139
139
140
141
143
144
144
144
144
144
142
141
141
142
142
143
142
142
142
142
143
144
143
143
144
145
145
144
145
146
147
146
143
143
143
143
142
141
141
141
142
143
142
143
144
145
146
144
142
141
141
141
141
142
144
143
144
144
144
142
142
142
142
143
143
142
143
143
144
145
146
146
148
148
145
147
145
145
144
145
146
148
148
147
148
150
146
146
146
142
142
141
141
141
141
139
141
141
141
141
141
142
142
141
141
142
141
141
142
141
142
142
142
139
139
140
140
140
139
141
143
143
140
139
137
136
135
135
135
138
139
139
138
139
140
139
139
137
136
138
138
139
140
140
140
142
142
141
140
140
140
140
140
140
140
140
140
139
139
139
139
139
140
140
140
139
139
140
142
144
143
142
144
145
144
143
143
144
145
145
145
143
143
142
142
142
141
140
140
141
143
142
146
146
145
145
144
145
144
146
144
145
146
144
143
141
141
140
140
138
138
139
140
141
140
139
140
141
140
140
140
141
141
141
142
142
144
143
143
143
141
140
141
140
140
141
140
140
139
139
139
139
138
138
138
137
136
138
137
139
138
138
138
140
139
139
139
137
137
137
137
137
138
141
140
141
141
141
143
142
142
141
140
140
138
139
139
140
140
139
140
140
138
137
135
135
135
135
135
133
135
134
135
134
135
135
135
134
135
136
137
137
137
136
134
134
136
136
136
135
136
136
137
137
138
138
139
138
136
133
133
134
134
133
133
134
134
134
135
136
134
132
132
133
133
133
133
133
134
135
135
136
136
133
133
133
132
131
132
133
133
132
132
132
131
131
132
132
132
133
133
133
134
134
135
133
133
132
132
133
135
134
135
136
135
135
136
135
135
135
133
134
134
135
135
134
135
134
136
134
135
135
136
136
135
135
135
134
134
133
134
134
136
136
138
139
138
139
140
138
140
140
140
138
137
135
134
135
134
133
133
133
133
137
138
138
137
138
138
138
139
139
137
135
136
136
136
136
135
135
135
136
136
137
136
136
138
138
137
136
138
137
138
137
137
139
139
138
138
137
136
137
138
137
134
135
135
133
132
132
133
133
132
132
132
132
132
132
132
133
133
132
131
129
129
129
129
128
128
128
129
129
129
129
131
131
130
130
131
129
131
131
129
129
129
128
128
129
127
127
127
127
126
127
127
127
128
129
129
129
128
129
128
128
128
127
128
129
128
130
131
129
129
129
128
128
128
129
128
128
126
126
126
126
125
125
125
125
126
125
124
124
126
125
125
127
128
130
129
129
130
130
129
130
129
129
129
130
129
130
130
128
129
127
128
128
128
128
128
127
128
129
129
130
130
130
129
129
129
130
130
129
129
129
129
128
128
128
128
129
131
130
129
128
129
129
129
130
130
130
130
129
128
127
128
128
128
127
125
125
126
128
130
129
129
129
128
128
128
126
127
126
126
125
125
125
125
128
128
127
126
125
125
125
124
124
126
125
125
123
122
122
123
122
122
122
122
122
122
123
125
126
126
126
126
127
125
126
125
127
127
127
126
128
129
132
132
132
131
133
132
129
129
129
129
128
127
127
127
127
126
125
125
125
126
127
127
127
129
130
130
131
130
128
127
126
126
126
125
126
126
127
125
124
125
124
125
127
125
125
125
125
123
123
122
123
123
123
126
125
126
125
124
125
125
125
125
125
125
126
126
127
127
127
127
128
127
126
125
126
126
125
127
128
128
128
128
128
127
127
128
126
127
126
126
126
126
128
129
128
126
126
126
125
124
124
125
126
126
126
127
126
126
125
127
129
128
127
126
125
124
124
123
124
124
124
125
126
126
125
125
126
124
124
125
125
126
125
126
126
125
126
125
124
124
125
123
124
125
126
127
128
127
128
130
130
129
129
128
128
131
128
128
129
128
127
127
126
126
126
127
125
124
125
124
124
124
124
124
126
126
128
127
129
128
129
129
132
132
132
132
132
132
131
131
130
129
129
129
131
131
131
132
131
133
132
132
133
133
134
133
133
130
131
132
132
132
131
130
131
131
130
130
128
128
129
129
129
129
130
129
127
127
128
129
129
129
130
130
130
130
132
130
131
131
132
133
133
131
131
132
131
130
130
131
132
132
135
137
137
137
138
138
139
139
138
138
136
135
135
136
136
134
134
136
135
135
135
135
135
135
135
135
135
135
136
136
136
135
134
134
135
135
136
136
136
137
135
135
134
134
134
132
133
135
136
136
134
134
134
136
135
135
135
135
135
135
134
133
134
134
134
134
135
131
130
130
130
131
131
130
132
130
129
130
134
134
133
133
132
132
132
132
132
130
131
132
132
130
128
130
130
132
131
131
131
130
130
130
131
131
130
130
130
131
130
129
129
129
128
129
129
129
129
129
130
132
133
133
132
131
131
131
131
129
129
128
128
128
129
126
126
127
127
129
128
129
130
130
129
129
129
130
129
128
129
130
129
129
128
129
128
130
129
129
130
130
129
127
127
126
125
125
125
127
126
127
125
125
125
124
125
126
127
127
128
127
127
127
126
125
126
126
126
124
123
123
124
124
124
124
124
125
125
125
127
127
127
126
127
126
126
125
128
127
127
128
128
128
127
126
127
129
130
131
129
130
129
129
129
129
127
128
128
129
130
130
131
130
130
130
130
129
129
129
130
131
131
132
132
132
132
131
129
129
129
129
130
131
132
130
129
129
129
130
129
129
129
129
130
131
131
130
129
129
130
130
130
131
130
128
130
128
128
127
127
127
127
128
129
130
130
130
128
127
126
126
125
124
127
127
126
126
125
126
127
127
128
129
130
130
129
129
129
130
130
130
130
129
129
128
129
129
128
126
126
126
125
125
126
125
128
126
126
126
126
126
126
125
125
125
125
125
126
127
127
128
127
129
131
132
131
131
131
132
133
133
132
131
131
128
131
130
130
129
129
129
130
130
130
130
132
132
129
129
127
128
129
130
129
128
129
128
129
129
130
129
130
130
129
129
127
127
129
129
129
130
128
127
126
127
125
126
126
126
126
128
128
129
129
126
127
128
128
128
129
129
130
129
129
128
128
127
