0.0006244827586206897 0.0005562068965517242
300
295
288
283
274
269
269
263
264
258
256
253
254
252
249
249
250
249
251
250
249
246
246
241
239
239
239
238
239
238
240
239
237
239
239
237
236
234
233
234
234
234
231
231
233
229
230
228
228
229
228
229
230
228
227
226
227
230
231
230
231
231
231
229
230
230
230
232
233
232
233
232
233
232
229
230
230
230
233
234
235
234
233
234
232
231
233
234
233
231
233
234
235
235
234
231
230
229
227
227
228
228
228
229
229
228
228
229
230
230
229
229
227
229
229
228
225
225
227
228
226
228
228
229
227
224
224
227
228
228
230
229
228
224
225
226
226
227
225
223
224
222
220
220
221
222
224
224
222
223
223
223
223
223
224
224
224
225
225
224
224
223
224
224
224
223
223
224
225
225
225
227
227
225
225
224
223
222
221
222
224
226
226
226
226
226
229
229
229
229
231
226
226
225
227
226
225
228
226
226
221
222
222
223
221
220
225
226
225
225
224
227
228
227
225
223
223
221
221
220
219
222
222
221
220
219
218
221
219
218
217
216
215
215
216
216
217
217
217
216
218
217
215
216
217
217
216
217
217
217
219
218
217
217
218
218
218
220
221
221
219
218
216
215
218
216
216
216
217
216
215
215
214
214
213
215
214
212
213
212
213
214
213
211
213
212
213
211
211
210
212
211
210
210
208
209
210
211
209
211
210
210
211
211
208
209
210
209
206
209
209
210
209
209
210
210
209
214
211
210
211
211
212
212
211
211
213
214
214
210
211
209
208
207
207
207
208
207
205
203
204
204
206
205
206
205
206
204
204
204
205
206
207
206
207
206
207
207
207
208
207
206
207
207
207
206
205
205
203
203
204
201
202
202
202
202
203
202
201
201
202
205
207
204
204
202
204
204
205
204
202
201
201
201
200
199
201
201
202
207
205
205
204
203
206
206
208
208
209
211
208
209
208
205
204
203
204
205
204
205
205
206
205
206
206
207
206
204
203
202
202
203
203
204
205
205
204
203
202
201
202
201
202
200
201
201
199
198
196
196
195
197
196
196
195
196
195
195
194
194
194
194
195
197
197
197
195
193
195
195
197
196
196
199
197
196
197
196
195
195
194
195
195
195
195
193
193
194
193
194
191
192
192
192
195
195
197
197
198
197
199
198
198
198
198
197
194
194
193
194
195
195
194
195
197
197
195
195
193
191
190
191
193
194
195
197
198
196
198
199
198
196
196
195
196
194
194
193
194
193
191
192
193
193
193
191
194
194
194
194
192
191
190
191
192
192
193
192
191
191
191
193
196
196
195
195
196
198
198
195
195
196
195
195
194
193
196
198
197
197
197
196
198
196
195
197
198
197
199
198
200
202
202
200
198
197
195
195
193
194
193
192
192
192
191
189
189
189
189
189
190
191
191
192
191
191
191
191
192
191
192
191
192
192
192
188
188
189
188
189
190
189
188
188
188
187
186
186
186
186
190
188
190
191
189
189
188
191
192
191
191
192
193
193
193
191
191
188
188
187
187
186
187
189
188
190
188
188
189
189
188
188
186
187
187
187
187
188
186
187
188
191
191
191
190
192
190
192
192
192
190
191
190
191
191
190
190
190
188
187
187
185
186
184
183
183
183
182
185
184
185
186
184
184
184
185
186
186
185
184
184
185
187
185
187
185
185
187
187
187
188
186
185
184
184
185
185
185
185
184
184
185
187
185
185
184
184
185
183
182
183
184
183
184
181
182
181
182
181
181
184
185
186
185
186
186
190
191
192
193
192
192
190
187
185
185
185
185
187
187
186
183
183
184
183
184
185
183
184
185
184
186
185
185
185
186
185
186
184
182
182
181
182
182
181
181
181
181
179
179
179
177
178
179
179
180
179
177
177
177
177
176
177
177
178
178
177
178
178
179
177
178
176
174
173
171
171
171
171
171
170
173
172
172
173
172
172
173
173
174
174
175
179
178
178
179
177
177
176
177
175
177
178
179
179
181
179
180
179
181
180
177
178
177
175
174
175
174
172
174
173
175
175
175
175
174
174
174
174
173
173
172
173
174
174
175
173
173
174
173
170
170
169
168
169
168
168
169
170
168
168
166
167
169
166
166
166
167
169
171
172
172
172
172
171
172
173
172
173
173
174
174
177
177
173
174
174
174
173
173
172
172
172
172
173
171
170
170
170
168
168
168
167
167
167
168
167
168
168
168
169
170
170
172
173
172
173
173
173
173
172
172
172
170
172
172
173
175
177
178
179
179
176
176
175
175
175
175
174
175
174
174
172
171
171
169
169
169
169
167
171
172
172
173
172
173
172
171
171
169
167
169
170
169
169
168
170
169
169
170
169
169
170
171
172
171
167
167
168
169
169
169
168
168
169
169
168
169
169
171
170
172
172
172
171
174
174
173
173
174
173
174
176
177
176
176
178
180
180
179
178
178
178
177
177
177
175
175
175
175
176
175
172
173
174
175
173
174
175
176
176
176
180
182
182
180
181
180
178
178
180
181
179
178
178
180
178
177
179
177
175
175
173
174
174
175
174
174
174
174
175
175
174
175
176
177
174
174
173
173
172
170
167
169
167
167
167
166
167
167
166
166
167
167
168
168
168
168
165
166
166
166
166
165
166
166
166
167
167
167
167
167
168
170
170
170
169
169
168
167
166
166
167
168
170
170
173
172
173
171
170
171
170
169
168
168
166
166
164
165
167
167
169
169
169
166
166
166
166
165
163
165
164
165
166
166
168
168
167
166
166
166
165
164
165
165
165
165
165
166
168
166
167
167
171
170
169
168
168
167
168
165
167
167
171
166
166
166
166
166
167
167
169
169
168
171
169
168
170
167
168
169
170
169
166
166
165
164
164
165
164
165
165
166
166
165
166
168
167
166
167
167
166
166
166
166
168
167
166
166
166
167
167
167
167
168
168
168
173
171
170
170
172
172
170
171
171
170
171
170
170
170
169
169
167
166
167
167
167
169
168
170
169
167
169
169
168
168
169
171
169
171
171
171
171
170
171
170
173
173
174
172
172
173
175
175
176
174
173
174
172
173
172
173
174
174
173
173
173
172
174
174
174
174
174
175
174
172
172
174
172
172
171
171
170
171
169
169
169
168
169
170
171
169
169
169
168
169
169
170
168
170
169
168
168
169
169
167
167
165
165
164
165
166
167
166
167
166
168
169
169
171
168
167
168
169
170
170
171
169
168
167
165
165
163
163
163
164
164
164
165
165
165
164
164
164
164
165
165
165
165
165
167
167
167
166
168
166
167
169
167
164
164
163
163
163
164
167
169
168
169
169
168
167
167
169
168
168
168
167
166
167
165
166
166
164
164
164
164
166
164
164
163
163
163
167
166
166
167
167
168
168
168
168
167
165
165
164
164
164
162
161
163
163
161
161
161
161
163
163
164
165
165
165
166
166
167
166
166
167
166
166
166
165
165
165
166
167
167
166
166
166
166
165
164
162
162
161
162
162
163
164
164
163
162
161
160
160
158
159
159
159
159
160
160
161
163
163
161
162
164
163
161
162
162
162
161
162
162
161
162
163
162
164
164
164
164
165
165
165
165
165
164
165
167
168
169
169
171
170
172
174
173
175
175
174
173
173
172
173
170
171
171
171
171
169
167
165
164
165
166
166
167
168
167
167
165
166
166
165
164
165
165
166
166
167
166
167
166
168
168
168
168
166
165
165
167
166
166
166
166
165
165
165
165
164
163
164
164
163
164
163
163
161
160
160
160
160
159
161
160
160
160
160
159
159
159
160
160
160
160
161
161
162
163
163
163
163
161
160
159
159
160
158
158
160
159
159
160
161
163
163
163
164
165
164
165
163
163
164
167
167
167
168
168
167
167
168
172
169
168
167
168
166
164
163
161
162
163
163
162
162
163
163
164
163
163
164
164
163
164
164
165
162
162
161
161
162
163
164
164
163
163
165
166
165
165
166
163
163
163
162
161
164
164
163
163
162
164
166
167
167
166
166
165
164
163
161
160
160
160
160
161
160
161
160
161
161
161
161
162
161
163
163
163
161
162
162
162
164
165
164
163
165
165
166
165
166
166
165
165
165
165
163
164
164
163
161
161
161
161
160
158
157
158
157
157
157
157
158
158
158
159
156
155
154
154
155
155
155
155
154
152
152
152
152
153
153
154
154
154
155
156
157
157
157
158
159
159
160
161
160
162
162
161
161
159
159
158
160
159
161
160
159
159
160
160
161
161
160
158
156
156
157
156
156
156
156
158
158
157
157
157
158
157
157
157
157
157
157
158
157
157
158
157
158
157
157
157
157
157
157
157
158
156
156
154
154
154
153
152
153
155
158
160
160
159
156
156
157
159
158
160
163
160
160
161
160
160
159
157
157
158
157
157
159
159
159
157
158
158
157
156
156
157
156
159
159
160
161
162
163
162
161
161
159
158
158
160
159
158
156
155
155
153
153
153
154
153
151
150
150
151
151
151
152
154
155
155
154
156
156
154
154
155
155
156
157
159
160
160
160
159
158
158
158
157
156
156
154
154
153
152
152
151
151
150
151
152
152
153
152
152
152
152
151
153
154
154
154
154
152
152
153
151
152
151
152
153
154
155
156
157
157
155
155
157
157
156
155
157
160
159
160
161
160
159
158
158
159
159
159
156
157
156
156
153
152
151
150
151
153
153
153
153
154
155
155
155
154
154
153
152
153
153
153
154
154
152
151
151
151
151
151
152
151
153
157
156
155
152
152
152
152
150
151
153
153
154
153
153
150
152
151
152
151
151
150
150
150
150
153
155
153
153
153
153
152
151
153
153
153
152
154
154
154
152
153
154
154
154
155
154
153
155
155
156
156
157
155
154
154
154
153
153
150
150
151
153
153
151
150
150
149
149
148
147
146
146
148
148
149
150
148
149
149
149
151
151
152
152
154
154
153
153
154
154
153
154
154
154
153
152
151
151
152
151
150
149
148
151
150
150
151
151
152
152
150
150
149
149
149
148
149
148
148
148
148
148
148
146
146
146
146
148
148
148
148
147
148
148
148
147
147
147
147
147
146
149
151
151
150
151
150
150
150
152
152
153
152
153
150
150
149
149
149
148
148
149
151
151
152
152
153
153
151
152
152
152
150
150
149
148
149
149
151
153
152
153
153
152
151
153
153
154
156
157
157
157
156
156
155
154
153
153
153
153
150
151
151
149
150
151
149
150
151
152
151
149
150
150
150
153
153
153
153
154
154
154
155
157
156
155
154
152
152
155
155
155
154
154
154
156
157
159
158
158
158
158
158
157
157
156
156
156
157
158
160
161
160
162
163
163
164
160
156
156
157
157
156
158
159
159
160
160
159
158
158
159
158
158
158
159
158
159
158
157
156
154
155
153
153
152
153
154
155
155
156
157
157
157
156
156
159
157
158
157
157
157
156
157
157
156
156
154
152
151
151
152
153
151
151
151
152
152
153
153
153
153
152
151
152
152
151
151
154
153
154
155
156
155
155
154
154
153
152
152
149
149
149
149
149
150
149
148
147
147
147
150
151
151
151
151
151
150
151
152
152
152
152
153
153
153
153
153
152
152
151
152
151
150
149
150
151
152
152
152
149
150
150
150
150
151
148
148
149
147
147
149
149
149
149
149
149
149
149
149
150
150
149
150
150
150
152
151
152
153
153
155
158
158
157
156
154
154
155
154
154
153
155
154
154
152
152
153
152
151
152
152
151
150
149
149
149
150
151
150
150
150
150
150
148
147
147
148
147
147
147
147
148
148
148
149
150
149
149
149
149
148
149
150
151
151
151
151
151
151
152
152
151
152
150
149
151
151
151
150
150
151
152
152
153
152
151
150
149
150
149
148
149
148
147
146
145
145
145
145
145
145
146
147
148
149
151
150
150
152
152
152
152
152
152
153
151
151
151
151
152
153
151
150
151
150
151
148
146
146
146
146
146
146
145
146
147
147
146
147
147
147
146
149
149
148
148
149
146
144
145
145
146
147
147
146
146
145
146
146
147
147
146
146
144
143
144
145
146
147
147
148
148
148
147
147
149
150
150
149
149
148
149
149
149
148
148
149
149
149
149
149
149
149
151
152
151
151
149
150
150
150
148
149
147
147
147
148
149
150
148
148
148
149
148
148
150
148
150
151
150
150
151
150
148
148
147
147
147
148
146
145
145
144
144
145
143
145
146
144
144
144
144
145
144
143
143
142
141
141
141
141
141
142
142
143
144
147
148
148
148
148
148
148
149
149
150
147
146
143
145
145
146
145
145
143
142
143
140
140
141
139
140
140
140
140
140
140
139
139
139
139
139
139
139
139
139
138
138
138
139
139
140
138
138
138
138
137
139
140
138
139
138
140
141
140
140
139
139
140
140
141
140
142
141
141
141
141
141
142
143
146
147
146
145
143
143
143
143
142
142
142
142
143
142
141
139
140
141
143
142
142
142
141
141
140
140
141
141
142
143
143
142
141
141
140
139
141
142
140
141
141
142
141
141
141
140
137
137
137
137
137
137
137
137
137
137
137
137
138
138
138
137
136
136
137
136
136
138
138
137
136
136
136
137
137
137
136
137
137
136
136
137
137
137
137
137
138
136
136
135
137
136
137
137
135
136
135
135
136
136
136
137
137
139
140
140
139
139
139
138
137
138
136
137
138
141
139
139
139
140
140
139
140
141
141
141
142
141
141
141
144
143
143
144
143
145
145
145
145
145
144
142
145
143
142
141
142
142
142
141
143
143
140
142
142
141
140
140
140
139
142
141
143
144
145
143
143
143
143
144
143
143
142
143
143
142
142
142
141
139
139
139
140
139
139
139
139
139
139
141
141
142
142
143
143
142
142
140
140
141
140
140
141
141
141
141
141
142
141
142
143
144
144
143
145
145
145
146
145
144
144
144
142
141
140
139
138
139
137
138
138
138
138
138
138
141
139
138
138
138
137
136
138
139
140
141
141
144
143
142
141
142
144
142
142
142
141
140
140
139
138
137
138
137
137
138
138
138
138
138
139
142
144
144
146
146
145
143
142
142
141
139
138
141
141
144
143
142
141
144
142
143
144
143
143
144
141
140
139
138
138
137
136
136
137
137
137
137
136
136
136
136
135
135
135
134
133
133
132
132
132
132
132
133
132
132
132
132
132
133
132
132
133
134
134
135
134
134
134
135
133
134
133
135
134
134
137
138
138
137
137
137
139
138
138
139
139
138
138
138
138
139
138
137
137
136
136
139
138
137
138
139
138
140
138
138
137
137
136
136
136
136
136
139
140
140
138
138
139
140
139
140
141
141
145
143
142
142
140
140
140
137
137
137
137
138
138
138
138
138
139
139
138
137
137
139
139
139
138
139
139
140
140
139
138
138
140
140
141
140
142
142
144
143
140
140
140
139
139
139
139
136
139
138
137
134
134
134
135
135
133
132
132
135
135
135
136
136
135
135
135
136
137
139
140
141
141
142
143
142
143
143
142
138
139
139
139
138
138
138
137
136
136
137
135
136
136
137
137
137
135
135
134
134
132
131
131
133
133
133
133
131
131
131
131
131
130
130
129
127
128
128
128
128
129
127
126
127
127
127
126
126
126
126
126
126
127
128
128
127
127
129
129
128
126
127
127
127
126
128
128
127
127
127
128
126
127
126
125
124
123
125
124
124
124
124
125
126
124
124
125
128
130
131
128
126
124
124
124
124
124
124
123
123
123
124
123
124
124
124
123
123
126
126
125
125
125
125
124
122
121
121
121
123
122
123
122
123
124
124
125
126
126
126
126
128
127
127
128
128
128
129
129
129
130
130
128
128
129
128
128
128
127
126
127
128
128
127
127
128
127
126
127
127
128
129
129
129
131
132
132
132
131
131
130
130
130
131
132
130
131
131
133
131
129
129
129
129
128
127
128
128
127
128
128
128
127
128
128
129
131
129
129
130
130
128
126
126
126
124
125
125
125
125
125
125
125
125
127
127
127
127
127
127
127
126
127
127
127
126
126
125
126
126
126
127
127
126
127
127
127
127
128
129
130
131
132
132
131
129
129
129
129
129
129
129
130
131
131
131
131
132
135
129
129
129
128
129
129
128
128
128
130
131
132
130
127
126
127
127
128
125
124
125
125
126
124
124
124
124
124
124
124
123
123
123
123
123
122
122
123
124
123
126
126
126
126
126
126
127
127
127
125
125
125
127
127
127
128
129
128
127
127
128
129
129
129
129
129
129
127
127
126
126
127
129
129
130
130
129
129
130
129
130
130
131
130
131
131
133
133
132
131
132
129
129
133
134
134
131
130
130
130
130
130
130
128
129
129
129
129
129
129
129
129
128
130
130
131
131
129
127
129
129
130
129
128
127
127
127
127
127
128
130
129
129
131
131
132
131
131
130
130
126
128
128
126
126
127
125
126
126
124
125
124
125
126
126
125
125
126
125
125
125
125
127
125
125
125
124
124
125
123
124
125
126
125
124
125
125
124
125
124
124
126
127
127
128
129
129
128
128
128
129
127
128
128
128
129
129
128
128
125
125
123
123
123
123
125
126
126
126
128
127
126
126
126
127
127
126
125
126
127
127
127
127
127
127
127
127
127
126
126
127
128
128
127
127
128
128
129
131
132
133
134
134
133
133
131
130
130
130
131
130
130
129
129
129
129
129
127
126
128
128
126
126
125
124
124
124
124
121
121
120
120
119
119
120
118
118
118
118
119
119
119
120
119
120
119
119
119
120
118
118
117
116
116
115
115
116
117
117
116
115
115
115
115
115
115
115
117
118
119
119
120
121
121
120
121
121
121
121
120
120
118
118
117
117
117
117
116
113
115
115
117
118
118
117
119
119
117
118
116
116
116
115
115
115
115
115
115
116
115
116
117
116
117
117
117
118
117
117
119
119
118
117
118
117
118
118
118
118
117
118
118
118
116
116
118
116
115
116
116
116
116
117
117
120
120
119
118
118
117
116
117
117
118
117
115
115
115
117
117
117
117
117
117
119
119
116
117
118
119
119
122
122
123
120
121
121
120
120
121
121
121
119
117
116
118
117
117
118
117
117
117
117
117
115
115
116
115
115
115
116
116
116
115
115
115
115
116
117
117
117
117
117
113
112
111
110
110
110
109
110
111
111
111
111
111
110
111
111
111
111
110
110
110
110
111
112
111
111
113
114
114
113
113
115
115
113
114
114
115
117
117
117
117
116
114
114
114
114
116
116
117
117
116
117
118
118
119
118
117
116
116
116
115
114
114
113
113
113
114
114
114
114
115
117
117
118
117
118
118
118
118
116
115
115
113
113
114
114
114
116
116
116
116
116
117
119
117
116
116
116
116
116
116
116
115
115
115
115
116
115
116
115
115
115
115
116
116
116
116
114
114
115
115
114
115
116
116
116
116
118
120
119
117
117
117
114
114
113
112
113
112
112
112
111
111
112
111
111
111
111
112
112
112
111
111
108
108
108
109
109
109
109
107
108
107
107
107
108
106
107
107
107
107
107
107
108
109
109
109
108
108
108
108
108
108
109
110
109
107
107
107
107
107
107
108
108
108
109
110
110
112
111
111
111
110
108
108
108
108
107
107
107
107
107
108
109
108
108
109
109
109
110
110
111
111
112
113
114
114
114
114
114
113
112
112
112
110
110
110
111
111
111
112
112
112
112
112
112
111
111
112
113
112
110
110
109
109
110
111
113
114
113
112
111
108
109
109
109
108
108
108
108
109
109
108
108
108
107
107
107
107
107
108
107
107
108
109
110
109
108
108
110
108
108
109
111
111
110
114
114
113
112
112
113
114
115
115
115
115
115
115
113
112
111
110
110
111
111
111
111
110
110
110
109
109
112
112
111
112
112
112
112
110
110
112
114
114
114
114
113
111
108
108
108
109
107
107
107
108
110
110
110
110
110
110
111
111
111
111
111
111
110
110
109
109
109
109
109
109
109
108
108
107
107
107
107
107
106
106
107
107
106
107
107
109
109
108
109
109
108
108
109
109
109
109
108
108
108
109
110
110
110
110
109
110
109
109
109
109
110
110
111
112
113
112
112
112
112
111
108
109
109
109
110
110
109
110
110
110
111
111
111
111
113
114
113
114
113
115
114
112
111
111
112
109
109
112
110
109
109
109
109
108
105
105
106
106
106
107
107
107
108
108
108
108
108
108
106
103
103
103
104
104
104
104
104
104
106
107
108
108
108
108
108
110
110
110
110
109
109
110
112
112
113
114
113
115
115
114
113
113
113
113
114
114
114
114
113
112
111
113
112
113
113
111
109
109
109
109
109
109
108
108
109
108
108
108
108
110
111
111
111
111
111
111
111
111
110
109
109
110
110
110
109
109
109
109
109
110
111
111
113
112
112
113
114
112
110
109
109
109
109
109
110
110
110
112
113
115
116
116
116
116
115
115
113
114
113
113
113
112
111
110
111
110
111
111
112
112
109
109
109
108
108
108
108
108
108
106
107
107
108
109
109
107
107
107
109
108
108
108
108
108
108
107
108
109
108
107
107
106
107
105
105
105
106
105
106
106
105
104
104
104
105
105
105
106
105
105
104
102
103
103
103
104
104
104
105
106
106
105
104
106
105
104
105
105
107
107
108
108
107
105
105
105
105
105
105
104
104
103
102
102
103
105
104
104
104
105
106
106
106
107
107
108
108
108
108
108
108
107
107
107
107
108
109
109
107
107
106
105
106
105
105
105
104
103
103
102
103
103
104
106
106
104
103
104
104
105
105
107
107
107
107
106
105
104
104
104
105
105
104
105
105
105
108
107
107
105
105
105
107
106
106
106
105
106
106
105
106
106
106
106
106
105
105
105
105
104
105
105
105
105
104
104
104
104
106
106
108
108
108
107
107
105
105
104
103
103
103
103
103
103
104
103
103
102
104
104
104
104
104
104
105
105
104
104
104
104
104
105
105
106
104
103
103
104
104
104
103
103
103
104
103
103
104
105
106
106
106
107
109
108
108
108
107
107
107
106
106
106
105
105
104
105
105
105
105
105
105
106
108
108
108
109
109
110
108
108
109
105
105
104
103
102
103
104
104
105
104
105
105
105
105
104
105
105
104
102
102
102
103
104
104
104
105
104
104
105
106
105
107
107
105
105
105
105
106
107
107
105
105
105
105
105
105
105
105
106
107
107
107
106
105
104
101
103
103
103
103
103
103
103
103
102
101
101
101
101
103
104
104
104
102
103
102
104
104
104
103
103
103
102
102
101
102
103
104
106
105
105
107
106
108
109
110
110
108
108
109
108
108
108
108
107
108
108
107
106
106
106
105
104
105
105
105
105
103
104
105
105
105
106
108
108
109
106
106
105
105
105
105
106
107
106
106
106
106
107
106
106
105
105
106
106
106
106
106
104
104
104
104
104
103
104
104
103
103
103
104
104
105
105
105
104
104
104
103
