0.0007268965517241379 0.0009658620689655174
300
293
289
284
280
278
278
273
270
266
264
261
260
255
256
257
257
255
250
246
249
247
247
245
245
241
239
236
234
232
227
224
224
222
221
219
217
217
217
218
217
214
213
214
212
211
212
213
213
211
210
207
208
208
208
208
209
211
210
207
203
201
201
201
202
203
203
205
204
207
207
206
204
204
203
202
204
204
204
204
205
208
207
205
203
203
203
201
199
200
197
199
199
201
201
199
200
199
199
198
197
197
197
196
196
196
194
193
190
188
188
188
187
187
188
188
187
187
185
186
185
185
184
184
184
185
187
187
188
185
183
184
184
183
182
182
183
182
182
182
182
181
182
181
180
181
181
181
180
180
182
182
182
183
183
183
182
183
184
183
183
184
184
180
180
180
181
182
180
180
180
179
179
181
181
182
179
177
182
183
182
181
182
181
181
181
182
180
180
179
181
181
183
182
181
181
181
181
182
179
179
180
182
179
179
179
179
179
178
179
180
178
178
178
178
179
179
180
182
184
183
185
185
185
185
184
182
182
181
181
182
182
180
182
182
179
178
178
179
179
178
177
175
176
176
176
175
175
174
178
176
175
176
176
176
176
175
173
175
174
173
173
173
172
173
173
174
174
171
174
174
174
175
175
175
174
173
173
172
171
172
172
171
171
172
172
171
169
165
166
166
167
170
171
172
171
171
171
171
170
170
169
168
168
166
166
168
167
166
166
168
168
168
167
168
167
167
167
167
167
167
168
169
170
169
170
171
170
168
167
167
168
167
167
170
170
170
170
170
169
169
170
170
173
173
169
169
166
165
167
167
171
170
170
170
171
171
173
173
174
172
173
173
173
174
175
176
175
176
177
177
176
176
174
173
170
169
168
167
167
171
170
169
167
167
163
163
161
159
159
159
160
160
161
162
162
162
163
164
163
163
163
164
166
167
169
169
168
168
167
168
168
167
166
166
167
168
168
169
168
169
168
169
170
169
171
171
169
167
168
170
171
172
173
172
171
171
171
172
170
172
172
172
172
172
173
173
172
171
171
171
174
171
171
173
172
173
170
170
170
170
171
172
170
170
164
163
164
163
162
161
161
162
164
163
163
162
163
160
160
160
161
161
161
161
162
162
162
161
161
160
159
158
158
158
157
158
160
158
160
161
160
160
161
162
160
161
162
161
161
161
160
161
161
161
160
162
161
160
161
161
161
162
162
161
160
159
160
160
158
159
159
160
160
161
162
163
164
164
165
165
164
162
164
161
162
163
162
163
163
162
164
166
165
167
167
166
165
166
166
168
167
167
167
168
165
165
165
165
163
163
163
163
163
162
162
158
158
160
159
158
159
159
158
156
154
154
153
155
156
156
156
156
155
155
155
153
150
150
152
151
150
151
150
150
149
149
150
150
151
150
150
149
149
150
150
150
150
149
149
148
148
148
147
149
151
152
152
154
155
152
150
149
150
149
150
149
148
148
149
150
149
149
149
152
155
154
154
153
153
153
152
153
154
154
154
156
156
157
156
155
156
157
156
156
153
153
151
149
149
149
149
149
147
147
148
149
149
149
149
149
148
149
148
148
147
147
148
149
149
149
149
150
150
152
155
156
156
155
156
157
158
159
157
157
154
152
152
150
150
150
151
152
153
152
152
151
149
149
149
149
148
148
148
148
149
149
147
148
148
146
145
145
145
145
144
145
144
144
145
144
144
144
144
143
144
144
143
144
144
148
148
148
147
146
148
149
149
149
149
149
147
147
149
150
150
151
151
151
150
149
149
149
151
152
153
153
151
151
151
151
152
150
149
149
150
152
150
152
153
154
152
152
150
150
149
149
150
151
152
152
152
151
151
151
151
150
151
150
150
150
151
149
150
150
150
150
152
151
153
153
154
155
155
155
157
157
155
155
156
156
157
157
156
157
157
158
158
158
158
157
156
156
157
156
154
152
150
152
151
151
151
149
150
149
149
150
149
150
152
152
153
152
152
150
149
147
147
148
149
150
149
149
148
148
148
148
148
147
147
148
148
149
152
153
153
153
154
157
156
156
156
156
158
158
158
158
158
157
155
154
154
153
153
152
152
151
152
151
150
151
150
148
147
146
147
149
147
146
146
146
146
146
145
145
146
147
147
147
147
148
147
147
146
145
145
145
144
143
142
142
140
143
143
142
143
143
143
144
144
144
144
146
146
146
146
146
147
147
147
147
147
146
147
149
150
150
149
149
148
150
150
149
150
150
150
150
150
150
149
149
149
151
151
153
152
154
153
151
152
154
153
152
152
151
149
147
146
145
147
145
145
147
148
148
147
144
144
145
146
147
148
150
150
149
148
148
150
150
151
149
148
149
149
148
149
149
148
148
150
149
150
150
149
147
148
148
148
147
148
148
150
149
149
149
149
150
150
149
149
148
146
146
146
143
143
144
144
143
143
144
144
144
145
145
144
143
143
142
145
145
141
143
142
142
142
141
142
142
142
141
141
144
143
143
143
144
144
145
148
148
148
147
146
146
147
149
147
145
144
143
142
141
142
142
140
141
141
143
143
144
146
148
147
146
144
145
143
142
142
141
141
141
142
144
142
140
140
139
140
141
141
143
145
145
145
145
148
146
147
147
147
147
147
147
146
147
149
149
149
150
148
148
148
149
147
148
146
148
147
143
141
142
142
142
141
141
142
142
142
141
141
142
142
142
143
143
143
143
145
146
146
147
146
145
146
144
143
143
144
144
146
145
143
142
143
143
144
144
144
144
145
146
147
147
146
144
142
145
145
144
146
144
143
141
142
141
139
138
139
137
136
136
136
135
136
135
135
135
137
137
137
137
137
137
136
136
137
138
136
136
137
136
137
137
137
138
136
137
138
139
139
141
143
142
142
141
141
142
141
141
141
139
141
142
143
144
144
144
142
141
139
139
140
140
138
139
139
138
138
137
140
139
139
140
140
142
142
143
142
141
142
142
142
142
141
141
140
142
144
143
143
142
141
140
140
140
139
137
135
135
135
137
137
137
136
136
137
136
136
136
135
136
136
137
136
136
136
136
134
134
133
134
135
135
135
137
136
137
137
135
136
135
135
133
133
133
133
134
135
135
133
132
131
132
131
130
130
130
130
130
130
130
131
131
130
130
131
131
131
131
130
130
130
131
132
131
130
130
129
129
129
128
127
128
129
129
129
129
128
130
129
130
131
129
129
129
129
129
129
128
128
129
129
129
130
129
129
129
131
130
128
129
128
130
131
131
131
131
134
133
134
135
136
136
136
136
136
136
135
136
134
134
133
132
133
130
130
130
128
130
130
128
128
127
128
129
129
129
129
129
128
129
128
128
128
128
128
128
128
129
130
130
131
134
134
134
133
133
132
133
132
134
134
134
134
136
137
138
139
139
137
137
136
137
136
135
134
132
133
133
134
134
134
133
132
131
131
131
131
131
131
132
132
133
133
133
130
132
130
130
130
130
131
131
129
128
129
130
131
131
131
131
130
131
130
131
132
132
132
132
133
134
132
133
133
133
132
132
133
133
133
134
134
134
134
134
134
135
134
134
132
132
131
131
130
130
131
132
132
132
132
132
131
131
130
129
129
129
128
127
127
127
129
129
131
133
133
132
130
131
132
134
132
133
133
129
131
130
130
131
130
131
132
129
129
130
129
129
132
133
133
133
133
133
131
130
131
131
130
129
129
129
128
128
129
128
128
128
127
126
126
127
127
128
128
127
127
126
126
126
126
127
128
128
129
131
130
130
130
129
129
129
129
129
129
128
129
129
128
128
127
132
132
131
131
130
130
129
128
127
127
126
126
126
125
125
125
125
126
129
131
131
129
130
131
130
130
130
130
129
128
128
126
125
126
126
126
125
123
124
124
124
125
129
128
128
128
128
126
127
126
125
126
125
124
123
125
125
126
126
126
125
124
124
122
124
124
123
124
123
123
125
126
127
126
125
125
125
125
124
123
124
124
124
124
122
124
124
124
123
124
123
123
123
124
124
125
124
124
125
126
126
126
125
126
127
127
126
126
125
124
123
123
123
124
124
125
124
123
122
123
124
124
122
123
122
123
125
124
123
124
124
124
124
124
124
125
125
124
125
125
126
126
127
127
126
127
126
126
125
126
125
125
125
124
124
124
124
123
123
124
123
120
121
121
121
122
122
121
122
119
120
120
120
121
121
120
122
123
123
123
124
125
124
124
124
123
123
122
126
126
126
125
124
124
124
124
123
124
124
122
121
120
122
122
122
120
120
121
121
121
121
121
121
122
119
120
119
119
118
119
120
120
120
119
119
120
120
120
121
118
117
117
117
117
117
116
117
117
116
115
115
116
116
117
119
119
119
118
118
118
118
119
118
118
121
121
120
119
121
122
122
123
122
123
125
126
125
127
127
126
125
125
125
125
124
124
122
123
123
123
124
125
125
125
126
127
127
126
128
126
127
125
124
123
122
119
120
121
122
121
120
120
121
122
122
123
121
121
121
120
118
118
119
120
120
120
120
119
120
120
120
120
122
122
121
121
121
122
121
121
122
120
121
120
120
121
122
122
122
123
123
124
125
125
125
125
125
123
124
123
123
124
124
123
123
125
125
126
126
127
126
125
126
125
124
124
124
123
123
121
121
121
122
121
120
121
121
120
120
119
121
121
122
121
119
120
120
120
120
121
120
121
120
120
120
119
119
119
118
119
120
118
119
119
119
119
120
121
120
120
120
121
121
122
122
121
121
121
122
122
123
122
123
123
123
125
123
124
120
119
118
119
119
118
118
118
118
117
118
118
119
118
117
117
117
118
117
117
118
117
118
120
121
121
121
120
121
120
120
122
120
120
120
120
119
119
119
119
120
121
120
119
119
120
123
122
122
121
124
124
123
123
122
120
121
122
120
119
119
119
119
119
117
117
117
117
117
118
118
118
116
119
119
117
118
118
117
117
118
116
114
113
115
115
116
116
117
117
116
116
116
116
117
117
117
117
117
117
118
118
117
117
117
117
116
116
117
117
115
115
114
114
116
118
117
115
113
112
112
113
112
112
111
111
111
111
112
112
111
111
111
111
113
114
114
115
115
115
115
114
114
114
115
114
114
114
115
116
115
115
115
115
115
116
116
116
116
116
116
116
114
114
113
113
113
113
113
112
112
111
111
111
110
111
110
110
110
112
112
113
114
114
114
114
114
116
117
117
117
116
116
116
117
117
117
119
119
118
117
116
116
116
116
115
116
117
115
115
113
113
113
114
116
116
117
116
116
115
116
116
116
115
114
116
113
113
115
117
117
119
117
117
117
116
115
114
112
112
112
110
111
111
112
112
113
112
111
111
111
111
111
113
114
113
112
111
111
111
112
112
112
112
112
112
114
113
112
111
111
111
111
109
110
111
110
109
107
107
107
107
107
107
108
107
107
107
107
106
105
105
106
107
107
107
108
109
108
108
108
108
108
108
109
110
110
110
111
111
112
114
112
112
111
110
110
110
111
112
113
112
112
114
114
114
114
115
114
114
114
115
113
113
113
113
113
112
113
114
114
115
115
115
116
115
115
113
113
114
114
115
114
114
113
112
111
111
110
109
110
110
110
110
110
110
110
111
110
110
110
110
108
109
109
109
108
109
109
108
107
107
107
108
108
109
109
108
110
111
110
109
111
111
110
112
112
112
112
112
111
112
111
111
111
110
110
109
109
108
110
111
111
111
110
110
110
110
110
111
112
112
113
111
111
111
111
112
111
112
110
110
110
111
112
112
111
112
112
112
112
111
110
110
110
111
111
110
111
110
112
111
111
114
115
115
116
116
117
117
120
118
115
115
115
116
116
115
115
115
113
112
111
110
110
112
113
115
114
114
113
114
114
113
112
112
112
112
110
110
110
111
111
110
110
110
111
111
111
112
112
112
113
114
115
114
114
114
114
114
110
111
111
111
111
110
111
111
111
111
111
111
112
112
110
110
109
109
109
109
109
108
108
108
108
107
106
106
106
106
106
106
106
106
105
105
106
106
106
106
106
107
109
108
109
109
109
109
108
108
109
109
109
109
108
108
108
107
106
107
108
109
108
108
108
107
107
107
107
106
106
106
107
107
106
106
106
106
106
108
109
109
109
109
108
109
109
109
108
108
108
108
107
108
109
108
109
109
107
107
107
106
107
107
107
107
107
108
108
108
109
109
109
109
110
110
109
109
109
109
110
110
109
109
110
110
111
111
112
111
112
113
113
112
111
112
112
113
113
114
114
113
113
113
112
112
113
112
111
108
109
107
107
107
109
109
109
109
108
108
108
107
108
108
107
106
106
106
106
107
107
107
107
110
110
110
111
109
110
109
107
108
109
109
108
108
107
108
107
109
111
112
111
112
112
112
111
113
111
110
110
112
113
112
112
111
111
113
112
110
110
111
111
109
109
109
108
108
107
108
110
109
109
109
109
107
106
108
109
106
107
107
107
107
106
105
106
106
106
106
104
105
108
108
108
108
108
107
107
109
109
110
111
110
109
108
105
105
103
104
103
103
104
105
103
104
106
107
107
107
107
107
107
107
107
107
107
106
107
107
106
106
106
107
107
106
107
108
108
108
108
107
107
106
108
108
109
110
109
109
110
108
108
109
108
108
106
106
106
105
106
106
109
108
109
108
108
108
108
108
108
109
109
108
107
106
106
107
106
107
106
108
108
106
106
107
108
108
108
109
109
107
107
108
108
108
108
108
110
111
111
110
108
108
109
110
111
109
110
111
110
110
110
110
110
110
109
110
108
108
108
108
108
108
107
108
108
108
109
109
109
109
108
108
108
108
108
109
108
109
109
109
110
110
111
110
110
110
109
109
108
110
110
110
109
109
109
110
108
108
109
109
112
112
112
113
113
112
114
115
114
114
114
113
114
114
113
112
113
113
114
113
112
111
111
110
111
112
111
111
112
112
111
111
113
115
114
114
114
114
114
114
113
114
114
114
113
113
113
113
113
113
112
112
113
112
112
112
112
111
111
110
108
107
107
105
106
106
106
107
107
107
107
107
107
108
107
107
108
108
109
109
110
110
110
110
110
112
112
112
111
111
112
112
111
110
110
110
109
108
107
107
107
107
107
109
110
111
110
113
112
112
111
111
111
111
112
111
110
109
109
110
110
111
109
109
109
109
108
107
107
106
107
107
107
107
107
106
106
106
106
108
108
107
107
108
109
108
109
109
109
108
110
109
109
110
111
109
110
111
112
112
112
111
110
108
107
107
107
108
107
107
107
107
107
108
108
107
108
109
110
111
113
113
111
111
110
112
112
111
111
111
110
109
108
108
108
108
107
108
108
108
109
110
110
111
111
112
111
111
111
112
110
110
112
112
112
111
111
109
109
109
108
108
108
109
107
107
106
106
107
107
107
108
106
106
108
109
109
109
108
107
106
105
106
106
106
109
110
112
113
113
114
113
112
112
111
110
109
109
108
108
110
110
107
108
109
108
109
109
109
108
108
109
109
109
111
110
110
110
110
109
108
108
108
109
109
109
109
107
108
108
108
108
107
107
107
108
108
107
109
108
107
106
106
107
107
107
107
107
106
106
106
107
106
106
106
106
106
107
105
104
105
106
107
108
108
107
105
105
106
106
107
110
111
110
112
112
111
112
111
111
112
113
112
113
113
112
112
110
108
108
109
108
108
107
106
106
106
107
107
107
106
107
107
107
109
109
110
110
110
110
110
109
108
108
109
110
111
113
112
114
114
111
111
110
109
109
109
109
109
111
111
111
112
111
111
112
111
111
112
108
108
107
107
107
105
106
107
106
104
104
104
105
106
107
109
110
111
110
109
111
111
112
113
111
108
108
107
107
107
107
107
107
105
105
103
104
105
105
104
105
104
104
105
105
106
106
106
106
106
105
105
105
106
105
105
105
102
102
103
102
103
102
105
105
103
104
104
105
105
105
103
103
104
102
102
102
102
101
101
101
100
101
100
100
100
101
101
101
100
101
102
102
103
104
104
103
103
103
104
105
105
104
103
103
103
103
102
103
105
105
105
105
106
104
105
104
104
105
105
105
105
106
108
108
108
108
107
108
108
108
108
105
105
105
105
104
103
102
103
104
104
104
104
105
105
106
106
105
103
103
104
105
104
106
106
107
109
108
107
108
107
107
106
103
103
102
101
101
101
100
100
100
100
100
101
102
102
102
102
103
103
104
104
104
106
106
107
106
104
105
106
107
109
109
110
111
111
111
112
113
114
114
114
112
111
111
109
110
108
109
110
110
109
109
108
108
107
106
106
106
105
105
105
107
107
107
108
106
105
105
106
105
103
103
103
102
103
103
103
103
103
105
105
104
106
105
105
103
103
104
104
104
104
102
103
104
104
104
105
107
105
104
104
103
103
103
105
105
105
105
105
106
108
108
106
104
104
100
100
100
100
103
104
104
103
104
104
104
104
104
105
105
105
104
104
105
104
103
102
102
103
103
103
103
104
103
104
105
106
106
104
101
101
101
102
103
104
104
103
102
102
105
105
103
103
103
103
102
102
102
104
104
105
104
106
106
106
106
106
108
110
110
110
110
110
110
110
108
107
106
105
105
105
104
103
104
104
105
105
105
105
105
104
105
104
106
106
106
108
109
110
110
108
109
109
105
104
104
103
104
107
106
106
105
105
106
106
105
105
105
105
106
105
106
105
106
108
108
107
109
109
108
109
110
110
111
109
109
109
109
110
111
110
110
109
109
108
109
109
108
109
108
109
109
109
110
110
109
109
108
109
107
106
106
107
107
107
104
104
105
106
106
107
107
106
104
106
106
108
108
107
107
108
108
109
109
108
110
110
111
112
111
111
111
111
108
109
109
108
107
110
110
109
110
108
107
107
105
107
107
105
105
106
106
106
107
106
105
104
105
105
103
104
108
109
107
106
107
106
106
105
105
105
108
109
108
108
108
106
105
105
106
107
106
107
105
106
106
104
105
108
109
106
106
106
106
106
104
104
104
102
102
104
104
105
105
106
107
108
111
109
109
109
108
107
107
107
107
107
107
105
105
105
104
105
105
107
107
108
107
107
106
104
105
105
106
106
107
107
108
105
105
105
105
105
105
104
103
101
100
100
101
101
101
101
102
102
103
103
101
101
101
101
104
105
105
105
104
105
107
105
103
101
102
102
102
101
101
103
104
101
102
102
102
102
99
99
100
100
100
99
98
99
98
98
98
97
97
98
98
97
97
97
97
97
97
96
96
96
99
100
101
101
99
102
99
100
100
100
100
100
100
100
98
98
97
97
96
97
97
97
97
96
96
96
96
97
98
98
98
97
98
97
97
97
98
99
98
100
100
101
101
100
99
99
99
99
99
100
100
101
100
100
100
100
99
99
99
101
102
101
100
99
99
98
98
99
99
101
99
98
97
96
96
96
97
97
98
98
98
98
98
98
98
99
98
100
100
99
99
99
99
99
100
100
99
98
97
97
98
100
101
100
100
100
100
100
101
101
101
103
103
103
103
103
104
103
103
103
103
105
104
104
104
102
101
99
99
99
99
99
98
98
99
100
99
99
98
99
99
100
101
101
101
101
102
101
101
99
100
101
101
100
100
100
101
101
99
100
97
97
97
97
97
97
97
98
98
99
99
99
98
99
99
99
99
100
100
101
102
101
103
102
103
103
101
102
102
102
102
103
104
104
103
104
105
106
104
104
104
106
107
108
107
109
109
108
110
110
108
105
105
104
104
103
102
103
103
102
103
102
98
97
97
97
98
98
99
99
100
102
101
101
100
99
99
100
100
100
101
101
101
101
102
102
103
103
103
103
102
101
101
101
102
99
100
100
100
99
98
98
98
99
99
99
99
98
98
97
97
97
98
97
97
97
97
97
98
98
99
99
100
100
100
98
98
98
98
99
100
99
98
98
99
100
100
100
99
98
98
98
99
101
101
100
101
101
101
101
100
101
102
102
101
100
100
100
99
98
97
98
100
99
98
97
95
94
94
94
94
94
95
96
97
98
98
100
100
100
100
100
99
100
101
100
100
99
99
98
97
97
96
95
95
95
95
94
96
95
93
93
93
92
93
93
94
93
93
96
95
95
94
95
96
95
96
95
95
97
96
95
95
94
95
97
96
97
98
98
99
99
100
100
100
101
102
102
100
99
99
99
99
98
98
99
97
98
98
98
98
97
97
97
97
96
97
98
99
99
97
96
95
94
94
94
94
96
96
97
99
99
100
99
99
98
98
98
95
95
96
95
95
95
95
95
96
96
98
97
97
97
98
98
98
99
100
99
99
98
99
98
98
97
98
97
98
99
96
96
96
96
96
98
99
99
99
99
100
101
102
103
100
100
101
102
101
100
100
101
101
102
98
97
97
97
100
99
98
98
97
96
96
96
96
96
96
98
98
98
98
98
100
98
98
98
97
96
97
97
98
97
95
96
97
96
97
97
97
97
98
98
97
97
98
98
98
97
98
99
99
98
97
97
97
97
97
97
96
96
96
96
96
96
95
95
95
94
93
92
92
93
93
93
95
95
93
93
93
92
93
93
94
94
93
91
90
91
91
91
92
91
91
90
90
90
90
90
90
90
90
90
90
91
91
91
90
89
89
90
90
91
91
91
91
91
92
92
92
92
92
92
93
92
93
92
94
94
95
95
96
96
97
96
98
97
95
95
95
94
96
97
96
96
98
99
98
97
99
99
99
96
96
96
96
96
96
98
97
96
96
97
96
96
96
96
96
97
96
95
95
93
94
95
95
95
94
95
95
96
96
98
100
99
100
99
99
96
93
95
95
93
93
93
93
93
93
93
93
93
92
94
93
91
91
90
91
91
91
91
91
92
91
92
92
92
93
93
95
93
93
94
93
94
94
93
93
95
96
97
97
99
97
97
95
96
96
95
96
97
97
98
98
99
99
99
99
97
94
94
95
93
96
96
96
95
95
96
97
97
94
93
94
94
95
95
95
94
93
93
93
92
92
93
94
94
92
91
92
92
91
91
91
91
90
90
89
89
89
90
91
91
90
90
92
94
94
94
93
92
92
91
91
92
91
92
92
91
91
90
90
90
90
89
92
92
93
94
94
93
93
91
91
90
91
91
92
92
91
90
89
89
88
89
91
90
90
90
90
90
89
90
90
91
91
91
92
91
91
91
91
90
90
90
90
90
89
89
89
91
91
91
92
93
95
94
93
92
91
91
92
92
93
92
92
93
93
93
93
92
92
91
91
91
92
90
90
89
88
88
89
90
89
88
89
88
88
88
89
88
88
88
88
89
89
89
89
89
89
89
88
89
89
90
90
92
93
93
93
92
92
92
92
92
92
93
94
94
95
96
96
96
96
96
94
95
96
97
98
97
96
96
96
95
96
96
97
97
96
96
92
92
92
92
92
92
91
91
91
90
90
90
90
90
92
92
92
91
92
