0.0009658620689655174 0.0008975862068965518
300
294
278
273
268
259
257
253
256
254
250
247
245
243
240
238
238
236
231
228
223
222
217
214
213
212
210
209
210
210
210
209
206
206
202
202
201
201
200
201
202
202
204
203
204
200
200
201
202
198
196
194
193
193
192
192
191
193
194
193
193
188
189
193
194
194
192
194
195
195
193
193
192
191
192
191
190
188
188
188
188
188
188
188
189
190
191
190
189
188
188
190
190
190
191
189
189
190
190
189
189
188
188
188
188
189
192
194
197
197
198
198
198
195
193
192
192
194
193
194
193
193
188
188
188
188
188
185
186
186
187
190
188
190
192
191
191
194
194
192
190
191
192
192
191
191
191
191
191
192
190
189
190
190
192
196
196
195
194
194
195
195
194
197
200
200
198
199
198
198
200
198
197
197
197
197
197
196
194
192
191
190
191
189
193
193
193
191
189
189
189
187
190
188
188
187
185
185
184
184
180
181
180
180
180
179
178
176
176
178
175
173
173
174
171
172
172
172
173
174
174
172
173
173
170
170
169
169
170
170
169
170
169
170
172
172
171
171
171
170
170
172
171
170
171
171
169
171
172
173
174
175
178
180
181
178
178
178
176
175
174
173
172
173
170
170
170
169
169
167
168
167
167
168
168
168
168
168
168
169
170
167
167
169
168
169
169
168
168
166
166
164
164
166
166
166
167
168
167
169
168
164
163
162
162
162
163
164
164
164
163
161
162
161
162
161
163
164
166
166
165
166
168
168
165
163
161
159
160
161
162
163
165
165
166
167
167
166
165
164
163
161
161
163
161
160
160
160
163
163
166
166
165
168
169
168
167
169
168
171
170
170
171
171
170
169
169
168
170
168
169
170
171
172
173
173
172
168
168
169
168
169
169
169
163
165
164
165
166
166
166
166
167
166
166
165
163
164
165
163
165
165
165
166
165
168
167
167
165
166
166
162
162
162
164
164
162
161
160
160
159
158
158
159
159
159
158
158
158
158
156
155
154
154
153
156
156
157
157
156
156
155
155
156
156
156
156
157
156
156
156
154
156
156
156
156
156
156
156
156
156
156
156
157
156
156
158
158
158
158
156
156
156
155
155
154
153
155
154
153
151
150
150
150
149
150
150
150
151
151
152
152
153
151
151
150
149
147
147
147
147
147
146
147
148
149
150
150
150
150
151
152
151
151
152
152
151
151
151
150
152
152
153
152
150
150
148
149
149
148
148
147
147
147
148
148
146
147
147
148
147
148
148
147
147
147
146
146
145
145
145
146
146
146
146
145
145
144
144
146
147
145
145
145
145
143
142
142
143
145
145
145
146
145
144
144
145
145
146
146
145
147
147
148
149
149
149
150
151
152
152
151
151
153
154
154
157
158
156
156
155
154
153
154
154
152
153
153
154
152
153
155
155
154
154
154
155
157
158
157
159
159
157
157
156
157
158
159
161
161
162
161
161
161
159
159
158
157
156
155
156
158
158
157
157
158
160
157
158
156
157
158
157
155
157
159
158
159
158
157
160
158
158
159
158
157
158
159
160
158
157
156
155
152
151
152
154
154
152
151
151
151
153
153
150
150
149
149
149
149
148
149
149
149
149
148
148
149
149
149
148
149
148
150
149
151
153
152
152
152
152
151
152
154
154
152
148
148
147
147
148
149
148
148
147
147
148
151
150
149
149
149
149
150
152
152
153
153
153
154
155
154
154
151
150
151
151
151
150
150
150
150
147
147
147
147
148
147
146
144
144
145
145
144
144
144
145
145
145
145
145
145
147
147
147
145
145
146
146
146
147
147
146
146
147
149
149
147
149
148
148
147
147
148
148
148
147
149
149
150
148
147
147
146
146
146
147
147
145
144
143
144
146
146
146
148
148
148
147
147
147
146
146
146
146
145
146
147
146
146
146
144
145
144
142
142
144
144
143
145
144
143
144
143
141
140
140
142
142
142
142
141
142
142
142
144
144
143
143
143
143
144
141
139
139
140
140
140
140
141
142
142
143
143
143
143
143
143
147
147
145
144
145
143
144
143
141
140
143
145
145
147
149
149
149
149
149
148
146
144
142
140
139
140
139
140
140
140
140
140
140
140
141
140
138
138
138
136
135
135
135
135
135
136
137
138
139
138
138
138
138
138
138
138
139
139
138
138
138
137
138
139
138
138
137
139
138
138
140
139
140
140
141
142
142
144
143
142
143
143
143
142
142
142
143
143
141
141
141
144
143
145
144
146
147
146
145
144
145
145
146
145
146
147
148
149
150
150
148
148
149
146
147
147
147
148
148
149
149
149
150
150
148
147
148
149
145
143
140
140
139
138
138
138
135
135
135
135
135
135
137
138
139
140
141
141
140
140
140
141
143
143
144
143
142
143
144
142
142
140
140
140
141
143
144
144
145
147
147
146
145
144
144
142
142
143
143
143
144
143
144
145
144
146
146
148
147
146
147
146
147
147
148
148
147
147
147
147
147
148
148
149
147
145
147
147
148
149
148
148
147
148
148
148
147
147
148
146
146
145
145
144
143
144
143
143
143
142
142
141
139
140
141
142
142
143
144
142
143
143
143
144
144
144
144
144
144
144
144
144
144
144
143
144
142
142
141
140
141
141
141
142
141
141
140
140
138
139
138
139
140
141
140
140
140
140
141
141
139
141
141
141
141
143
142
142
143
143
142
143
141
140
139
138
141
142
141
143
143
145
145
148
147
149
149
149
149
150
148
148
148
148
147
146
146
147
147
149
151
152
154
153
152
153
152
151
151
150
149
149
149
148
149
149
150
150
151
151
153
151
151
151
151
151
148
148
148
147
146
149
151
153
152
150
150
151
150
149
150
150
151
153
153
152
153
153
151
148
148
147
147
148
149
150
148
147
146
144
143
142
142
146
149
147
147
148
148
148
147
146
147
146
147
146
145
144
147
145
146
147
146
147
148
148
147
147
142
143
142
143
144
145
148
148
149
148
146
147
146
145
145
146
146
143
144
145
144
144
144
146
147
147
146
146
145
146
144
144
146
146
148
148
150
147
147
147
148
148
148
146
146
147
145
145
143
142
143
144
144
145
144
146
146
146
146
146
148
148
148
147
146
144
141
141
141
141
142
141
142
143
141
141
141
142
141
141
140
140
140
140
141
139
140
141
142
142
142
142
141
140
139
139
140
139
138
138
138
138
138
139
139
140
139
139
139
139
141
140
139
141
142
142
140
142
141
141
143
143
142
142
142
141
141
140
140
140
139
139
139
139
139
137
137
137
137
135
135
134
135
137
137
138
139
139
138
137
137
137
136
134
136
138
139
139
140
141
142
141
141
142
141
141
140
140
141
142
141
141
139
139
138
138
137
137
137
139
139
140
140
141
141
139
138
138
137
137
135
135
135
136
138
137
136
136
136
136
137
137
137
137
137
136
136
136
137
136
136
136
136
135
136
136
137
136
136
135
134
133
134
134
134
134
134
135
135
134
134
135
135
134
134
133
131
131
132
134
134
135
135
135
134
134
135
136
136
136
137
138
138
138
138
139
139
138
139
138
138
138
138
139
137
137
136
135
136
136
136
136
137
136
136
136
136
136
136
136
136
137
139
138
138
139
140
143
143
143
143
141
141
140
141
140
142
140
139
140
139
139
139
140
140
141
143
142
140
140
141
140
139
141
137
138
138
138
138
137
138
139
138
137
138
137
136
137
137
136
135
135
137
136
136
136
137
137
137
136
137
136
135
135
135
137
137
136
134
135
136
135
136
135
133
133
134
133
135
134
134
134
132
132
132
131
133
133
135
135
136
135
137
137
137
136
138
135
135
136
135
134
134
134
134
135
134
134
134
136
135
135
135
134
136
136
136
136
135
134
136
137
136
135
137
137
136
138
137
137
135
133
133
133
132
134
132
134
135
137
137
136
137
135
134
134
133
133
133
135
133
134
134
133
134
132
133
134
135
136
137
137
138
138
139
140
142
142
143
142
143
142
140
138
138
139
136
138
139
137
139
140
141
140
143
142
145
144
145
146
144
144
144
142
139
138
136
139
139
138
138
137
137
137
136
135
135
135
135
135
134
133
132
131
132
133
132
133
132
132
133
133
134
132
132
131
131
131
132
132
131
131
131
132
133
134
134
133
134
135
135
132
132
131
130
131
130
132
131
132
132
132
129
129
128
127
128
129
129
128
129
128
127
127
126
126
126
126
126
125
126
127
128
128
128
127
129
128
129
129
129
127
126
126
127
126
126
127
128
127
127
128
128
130
129
129
128
127
128
129
130
131
131
132
131
132
132
134
134
134
133
134
134
132
133
132
130
130
132
132
132
131
130
131
130
130
132
135
134
132
132
129
128
127
127
126
126
126
125
126
126
129
130
129
129
129
131
131
131
131
130
131
132
132
131
132
132
134
135
134
135
135
134
134
133
131
131
131
131
133
130
128
128
128
129
128
129
127
126
127
127
127
128
128
128
128
128
129
128
128
127
126
126
126
125
126
126
125
126
126
126
125
123
123
124
124
124
124
123
123
123
124
124
126
127
127
129
130
129
130
129
130
130
130
130
130
132
132
131
133
129
129
128
127
128
127
127
128
127
127
127
126
126
125
126
125
124
122
122
122
121
121
121
122
120
120
120
120
119
118
118
119
118
119
119
118
118
118
118
118
117
116
117
117
118
119
117
118
119
119
120
120
120
119
119
118
118
117
117
117
117
118
117
117
118
118
120
121
125
125
124
124
125
124
123
124
123
121
121
122
122
122
122
122
123
120
121
121
121
121
120
119
119
119
120
120
120
119
119
119
120
117
119
119
119
118
118
118
118
117
117
118
119
119
119
118
118
118
118
120
120
120
120
119
119
117
117
117
116
116
114
113
115
115
115
115
114
114
115
114
114
115
115
115
115
115
118
118
120
119
120
120
120
118
118
118
118
118
117
117
118
116
116
116
116
116
116
117
118
119
119
121
121
121
121
121
122
123
123
123
123
123
123
123
123
124
124
124
124
124
124
124
122
123
122
123
123
123
123
123
124
124
124
124
123
124
124
123
122
122
122
121
120
121
123
123
121
121
121
121
124
125
126
128
127
127
127
127
126
126
125
126
126
126
123
123
123
122
122
122
122
123
122
122
124
123
124
123
123
122
123
122
122
122
122
122
121
120
118
119
121
120
122
122
122
121
122
122
122
122
122
123
124
125
125
125
124
124
125
125
125
127
127
128
125
125
124
124
124
124
124
123
121
121
121
120
121
122
122
121
122
122
122
122
122
122
122
122
122
122
122
122
122
122
122
121
120
120
120
123
123
122
123
124
124
123
123
123
122
123
123
123
123
123
124
122
121
120
119
120
119
120
121
120
120
120
119
120
120
121
121
122
122
120
120
121
121
121
121
120
120
119
118
118
119
119
118
120
121
124
124
124
124
124
126
126
128
127
126
125
125
127
127
127
125
125
124
124
123
123
124
123
124
124
122
122
121
122
121
122
123
123
124
125
125
123
123
123
123
123
122
123
122
122
122
121
122
122
122
122
121
121
121
120
122
122
123
123
122
121
121
122
122
122
123
122
123
123
123
124
124
125
124
125
124
124
123
122
122
122
122
121
121
121
121
120
121
121
120
120
120
122
122
121
121
121
122
121
121
121
121
121
120
120
120
120
120
120
120
120
120
120
120
120
120
120
120
121
122
122
122
121
122
124
123
123
124
124
123
124
124
123
123
122
121
121
119
119
120
120
120
119
120
118
118
117
118
115
115
116
117
116
115
115
115
115
115
116
116
115
115
117
118
119
120
120
120
120
120
122
123
124
124
123
123
120
120
119
117
118
119
118
119
121
121
123
122
122
121
121
119
119
119
119
119
120
120
119
119
120
118
120
120
121
121
120
119
120
121
120
121
123
122
122
123
124
123
122
120
120
120
121
122
122
121
120
120
120
120
121
121
120
121
121
121
121
120
120
120
120
120
121
121
121
120
118
118
119
119
120
120
119
118
118
118
118
118
119
119
118
118
118
118
118
117
117
117
118
118
118
120
120
120
120
121
120
120
120
120
121
121
121
120
121
121
121
122
122
124
125
124
124
126
125
126
124
123
124
122
122
122
122
124
123
124
126
126
126
125
124
124
124
125
125
126
125
123
125
124
124
124
124
124
121
120
119
119
118
117
117
115
116
115
115
117
118
118
118
116
116
119
119
119
120
120
119
118
117
117
117
119
121
121
125
126
124
125
124
123
123
123
124
125
125
124
122
124
124
123
122
122
122
122
122
123
123
123
123
121
120
122
123
124
125
123
122
122
120
119
119
118
117
117
118
118
117
117
116
116
117
117
117
117
117
117
118
118
119
119
119
117
117
117
117
118
119
119
120
120
121
123
123
122
122
122
122
121
120
120
117
117
117
119
119
120
120
119
118
118
118
117
117
117
117
117
118
119
119
118
117
117
117
118
118
117
117
117
117
115
115
115
117
117
118
116
114
114
113
114
114
117
118
119
119
116
117
115
115
115
116
116
117
115
115
114
116
116
115
115
115
115
114
113
111
112
112
111
111
111
112
111
110
111
111
110
111
111
111
110
110
109
110
111
111
111
111
115
115
116
117
117
116
115
114
115
116
116
114
114
114
115
115
114
114
115
116
116
115
115
115
115
116
116
117
117
117
117
116
116
116
116
116
116
118
118
116
116
116
117
117
114
114
113
113
113
114
113
112
112
112
110
110
111
114
113
115
116
116
115
114
114
115
115
115
116
116
115
115
116
116
117
117
117
118
119
118
117
118
118
118
118
116
116
116
116
116
116
116
116
115
114
114
116
116
116
117
117
117
117
117
118
119
118
119
121
123
123
124
123
122
122
124
123
123
123
121
121
121
122
122
122
122
123
123
124
123
123
123
123
121
121
122
122
122
122
120
120
120
121
120
120
120
119
119
118
119
119
120
120
121
122
121
120
120
121
122
122
123
125
127
127
126
124
124
123
123
124
125
125
124
123
123
122
122
123
121
121
120
121
121
121
122
122
121
122
123
123
123
124
124
125
125
126
123
126
126
126
127
127
126
126
127
128
127
126
127
126
127
126
128
131
129
129
130
130
131
128
128
128
129
129
127
127
127
127
126
126
126
125
125
124
123
124
125
126
126
126
126
125
126
125
125
127
127
127
126
126
126
126
124
125
125
124
124
123
123
124
125
125
126
126
126
126
125
125
126
127
128
127
127
127
127
129
130
132
133
133
133
132
132
131
131
132
130
130
130
130
129
126
126
128
130
130
130
129
129
129
127
126
126
127
126
127
127
128
128
127
126
127
127
127
125
124
126
125
125
125
126
126
125
126
126
126
126
126
126
126
127
127
127
128
129
129
129
131
130
129
129
130
130
129
127
128
128
128
128
128
126
126
126
126
126
126
125
126
126
127
127
125
126
127
126
127
125
125
123
124
124
123
124
120
121
121
121
121
121
121
120
119
120
121
122
120
120
119
119
118
118
119
119
121
121
121
121
119
119
118
118
120
120
120
120
120
119
119
123
125
122
122
121
124
124
123
123
123
124
123
124
124
124
125
125
125
125
126
127
127
127
128
128
128
127
127
127
127
126
128
128
126
126
127
127
128
128
129
126
126
124
125
127
129
129
129
128
128
128
126
126
127
125
125
125
124
125
124
124
123
123
122
122
121
121
121
122
122
123
122
122
122
122
122
123
125
126
124
123
122
122
122
122
122
121
123
124
122
121
121
123
123
121
122
124
124
122
122
122
121
121
121
122
121
120
120
118
120
120
120
121
121
121
121
122
121
122
122
121
120
120
122
121
123
123
122
122
123
122
123
124
124
124
123
123
123
124
126
126
127
130
129
129
128
126
126
126
126
125
126
126
127
127
128
127
127
128
126
129
129
129
128
130
128
126
126
126
125
125
122
122
122
122
123
124
124
125
126
126
123
123
121
120
116
116
116
116
117
117
117
117
117
118
118
119
119
117
117
119
119
120
120
120
120
121
123
124
127
126
126
126
126
126
126
127
128
128
128
128
128
132
134
133
133
131
129
129
127
128
129
130
130
130
130
131
131
132
130
129
127
127
126
127
126
126
125
125
124
125
124
123
124
125
126
126
127
127
127
127
128
128
126
125
127
128
127
126
125
124
124
124
127
128
129
129
127
127
124
124
125
124
124
124
121
120
121
120
121
123
124
123
123
122
124
124
124
126
126
125
125
126
124
124
125
125
127
125
126
125
127
129
129
125
124
124
124
123
121
120
120
120
120
120
120
120
120
121
122
121
120
121
120
118
121
121
118
117
116
116
116
118
117
118
118
118
118
119
118
118
118
120
121
119
120
120
121
121
122
122
121
120
120
117
117
116
113
114
115
115
115
114
114
115
116
116
116
115
114
116
115
116
115
115
115
115
115
116
116
117
116
116
117
119
120
119
120
123
123
122
121
121
123
124
123
121
120
121
122
122
120
120
119
118
118
118
120
121
119
119
120
119
122
122
122
122
122
121
120
120
119
121
119
121
121
123
123
123
126
125
122
121
122
121
122
120
120
120
119
120
122
122
121
120
119
118
120
120
119
119
119
119
120
120
119
121
122
122
125
123
123
122
121
122
124
123
120
118
116
116
115
114
114
114
114
115
112
112
113
113
112
111
111
111
111
110
109
107
108
108
108
108
108
108
108
109
108
109
109
109
110
110
112
112
113
113
113
112
113
113
113
114
114
114
116
115
114
116
116
116
117
117
115
116
116
116
115
115
115
113
113
112
113
113
113
113
113
115
115
115
114
116
116
114
115
115
115
115
115
115
115
115
116
116
117
117
117
118
117
115
115
114
112
113
115
115
116
116
116
117
119
119
119
120
121
119
117
116
115
115
115
114
112
112
112
114
114
113
114
115
114
115
114
112
110
110
110
110
110
110
110
109
109
110
110
114
112
112
112
112
111
110
111
110
109
109
108
108
108
108
109
109
109
109
109
108
109
109
110
110
111
110
110
109
110
110
111
111
109
109
109
110
111
110
111
111
110
108
108
108
108
109
111
111
110
111
114
114
114
115
112
111
110
109
110
109
111
110
110
111
112
112
111
111
114
113
113
115
114
113
113
110
109
108
108
107
107
107
108
106
106
107
108
107
107
108
108
109
109
109
109
110
110
111
110
110
110
110
108
108
107
107
107
108
109
108
107
107
108
106
106
106
107
107
107
107
107
107
107
107
107
107
107
107
107
107
107
107
107
107
106
108
109
110
110
108
108
107
108
108
107
107
107
107
107
104
104
104
104
105
104
105
106
109
107
108
108
108
109
110
110
111
111
111
111
109
109
111
110
111
110
110
110
109
107
108
108
108
107
108
109
110
110
110
109
109
109
109
109
109
109
109
106
108
107
109
107
106
106
106
106
105
106
107
108
110
108
107
106
107
105
105
105
107
108
108
108
109
110
109
109
110
108
108
109
109
108
109
112
112
111
112
114
115
113
112
114
115
116
116
116
114
114
111
110
111
110
108
108
108
108
108
110
108
109
109
109
110
110
111
111
111
112
111
110
110
110
110
109
110
109
107
108
110
111
112
111
113
114
112
112
113
113
110
109
108
107
107
107
107
107
106
106
105
106
106
105
106
106
105
106
107
107
109
109
109
110
109
108
106
106
107
107
107
106
106
106
106
108
109
109
109
110
109
109
107
108
107
107
107
107
108
107
108
107
109
108
108
109
110
108
109
109
109
109
108
108
108
108
107
106
107
108
110
110
109
106
106
106
106
106
107
107
107
107
107
108
107
105
105
105
105
107
107
106
105
107
107
109
108
108
108
109
110
110
111
110
111
109
109
108
108
108
109
109
108
108
108
108
108
108
107
107
107
108
108
108
108
108
109
108
110
109
109
110
110
111
111
111
113
112
112
111
111
111
111
110
110
111
109
109
109
109
109
110
109
110
111
111
112
113
113
116
116
115
113
114
113
113
110
109
110
110
109
109
109
109
111
111
111
110
109
109
109
110
109
109
109
109
108
107
108
108
109
109
109
109
109
109
109
109
107
109
109
108
109
109
110
110
110
111
109
108
107
106
108
108
106
107
107
107
106
106
105
105
105
107
107
107
106
106
105
105
105
105
106
105
105
105
104
104
105
104
104
102
102
102
102
105
105
105
105
103
103
104
104
104
104
104
104
104
105
107
107
108
107
107
108
108
109
108
107
104
103
103
103
102
103
103
103
102
102
101
101
101
101
100
101
101
101
101
100
100
100
100
100
100
100
101
101
101
103
103
101
101
101
101
101
101
101
101
101
101
101
102
101
101
102
103
104
103
104
103
103
103
102
102
102
103
103
103
105
105
104
104
104
103
103
104
105
105
103
103
104
104
103
103
103
103
103
105
102
103
103
103
103
104
103
104
104
104
107
107
107
107
107
106
105
106
105
105
105
104
104
104
104
104
106
106
106
106
105
106
106
106
105
103
103
105
105
105
104
104
103
103
103
103
103
103
105
105
104
104
104
104
102
102
102
101
103
104
104
104
104
104
104
103
103
101
102
101
101
102
102
101
101
102
102
102
103
102
102
102
101
102
103
104
104
104
104
106
104
104
104
104
104
104
103
104
103
104
104
104
104
106
105
105
106
106
105
104
104
105
102
103
103
103
102
103
102
103
104
105
105
104
104
104
106
106
106
106
106
106
107
107
108
108
108
107
107
108
107
107
107
107
109
110
111
111
111
110
109
110
108
107
107
106
107
107
107
106
105
105
104
104
104
105
106
106
106
106
103
103
103
103
103
103
103
104
105
103
103
103
104
104
104
104
103
105
106
106
106
106
105
105
106
106
106
107
107
108
107
106
105
106
106
106
107
108
106
107
107
108
107
107
106
107
106
106
105
106
107
106
105
105
105
105
104
103
102
103
103
103
103
103
103
104
104
104
104
103
103
102
103
104
103
102
102
102
103
103
104
104
104
104
105
105
105
105
105
108
107
108
109
109
109
109
108
107
107
107
108
105
105
105
105
105
106
105
106
105
104
104
103
105
105
106
104
103
103
102
102
102
103
104
105
106
106
104
104
105
105
104
104
105
104
103
101
101
101
101
102
100
100
102
100
99
98
97
98
100
101
100
99
98
98
98
98
97
97
100
100
100
100
100
102
101
101
100
100
101
101
101
102
103
102
101
102
102
105
105
105
105
105
105
105
105
106
107
106
106
105
105
107
109
110
111
112
111
110
109
108
107
107
108
109
109
110
111
110
110
110
109
107
107
109
109
109
107
107
107
106
107
105
105
107
107
107
108
107
108
107
107
105
106
106
105
106
104
104
103
103
103
102
102
102
103
104
103
104
104
105
104
102
103
102
102
102
104
100
100
100
100
100
100
101
100
100
101
100
99
97
97
96
95
96
96
96
95
96
95
95
95
95
97
98
99
100
