0.00018068965517241382 0.0006927586206896553
300
295
292
289
282
281
279
280
281
281
278
278
277
276
276
277
278
279
278
278
276
276
276
275
276
277
276
274
273
273
270
269
269
271
270
268
268
268
268
268
269
271
272
270
270
270
273
272
271
271
271
274
276
275
276
275
274
274
272
273
273
271
270
269
267
267
267
266
264
264
264
263
264
262
261
263
263
263
261
262
262
262
261
260
260
260
260
261
261
261
263
263
265
266
265
265
264
264
263
261
261
263
263
263
264
264
265
267
267
270
268
268
269
268
269
269
268
268
267
266
267
266
265
265
265
263
262
263
261
260
260
260
260
259
260
261
262
261
264
265
265
261
259
259
258
258
258
256
257
258
259
258
259
256
257
257
257
257
254
255
256
255
255
256
256
257
260
263
263
263
263
264
261
258
258
258
258
258
258
257
255
254
253
253
252
253
254
253
255
253
253
252
252
252
252
253
253
254
255
255
254
253
254
255
257
257
258
258
259
259
257
257
255
254
253
253
257
259
257
257
257
258
259
259
258
259
259
259
258
257
257
256
256
255
255
256
256
254
254
255
257
256
256
254
256
256
256
257
259
259
259
259
257
257
257
257
258
259
261
262
262
260
259
259
260
259
259
259
259
260
261
259
258
259
259
260
257
258
259
260
259
258
259
259
260
261
260
260
261
261
261
262
260
260
259
259
256
255
256
258
259
258
258
257
257
257
257
256
256
257
257
256
257
259
261
259
255
257
257
254
254
254
255
255
255
255
256
258
256
258
256
255
256
253
254
254
254
254
253
251
251
251
253
253
254
254
254
255
256
257
258
257
256
257
257
256
256
255
256
256
257
256
256
256
254
253
253
253
254
250
249
249
249
248
249
250
250
251
251
253
254
250
252
251
250
251
249
251
251
249
248
249
250
248
247
247
247
247
246
246
246
246
247
248
249
249
250
251
249
249
249
249
250
249
247
247
247
247
248
247
247
249
248
246
246
246
248
248
250
250
250
251
250
250
250
252
251
252
250
249
249
251
251
251
252
253
253
253
254
254
255
253
252
253
254
253
251
251
253
253
254
254
251
250
250
248
250
251
249
249
249
249
248
248
251
250
251
249
248
252
252
253
252
251
252
250
251
247
247
247
248
247
247
247
243
242
242
241
239
239
238
238
239
241
241
242
242
243
244
244
244
245
245
244
243
242
242
241
240
239
240
240
240
240
241
241
241
240
240
240
240
240
240
239
242
241
243
242
243
241
241
242
242
242
242
242
242
242
243
243
242
242
243
243
243
244
242
240
240
239
240
240
242
241
240
240
240
241
241
241
241
239
238
238
238
238
240
239
241
241
239
239
239
239
239
241
240
242
241
241
242
242
245
245
245
243
242
242
245
246
243
243
242
244
246
245
243
244
246
247
248
245
243
242
242
243
242
240
242
243
243
242
242
241
242
241
242
242
243
241
241
240
240
239
238
240
240
239
241
241
241
241
240
240
240
240
239
239
241
242
242
241
240
242
241
240
243
242
241
241
243
243
244
245
244
244
244
241
241
239
238
238
238
240
240
239
238
237
239
240
239
238
239
238
239
239
239
241
242
239
240
240
239
240
239
239
239
240
241
240
240
240
238
239
239
241
240
239
241
242
242
243
242
243
242
242
242
239
239
241
240
241
241
242
242
239
239
239
238
238
237
237
237
238
238
240
239
239
239
238
238
239
240
239
239
239
239
241
241
242
243
242
242
243
244
245
244
243
242
243
244
244
243
243
242
242
241
242
240
238
238
239
241
241
240
241
242
243
244
244
244
244
245
245
245
245
247
248
245
244
244
243
244
246
246
245
245
243
243
245
244
241
241
241
240
240
240
240
242
241
242
242
242
240
240
238
238
238
238
239
239
239
241
240
240
243
241
241
241
241
242
240
241
241
240
240
240
240
240
241
242
240
241
242
242
241
241
240
241
242
240
240
241
241
240
240
240
240
241
241
241
241
241
242
242
239
240
240
242
241
241
241
242
241
241
240
241
240
238
239
244
243
242
242
241
242
240
240
239
239
239
240
239
238
237
237
236
235
235
235
236
236
235
234
236
236
238
239
239
239
240
240
239
236
236
236
238
237
236
235
235
236
237
238
238
237
236
239
239
238
238
238
238
237
235
235
236
236
235
234
234
236
235
235
235
234
234
235
234
236
236
235
236
236
234
233
233
233
233
234
234
234
234
236
236
236
236
236
234
234
233
235
234
233
234
234
234
236
236
237
237
237
237
237
235
235
237
237
236
236
238
239
238
237
235
236
234
235
236
236
236
236
236
234
234
236
237
238
236
234
233
233
233
233
235
234
234
233
232
232
236
236
236
234
234
236
235
235
235
235
233
233
231
233
234
233
232
231
232
231
231
232
232
234
234
235
235
233
232
232
232
232
230
230
230
229
229
229
230
230
233
232
231
231
230
231
231
231
232
232
232
234
235
233
234
232
233
234
234
235
234
235
232
231
232
232
231
232
230
230
228
228
228
228
228
227
226
226
227
227
227
226
227
228
229
230
230
229
230
230
231
231
232
232
232
231
230
228
229
225
226
227
227
227
228
229
229
228
228
229
229
229
230
232
232
231
231
228
228
227
229
227
229
228
229
229
229
229
229
228
228
228
228
229
228
227
228
227
228
228
227
228
229
229
230
230
230
230
228
227
228
229
227
227
227
226
226
226
225
226
226
227
227
230
230
230
229
227
227
226
225
224
224
224
223
223
223
225
227
226
228
228
229
228
229
229
229
227
226
226
226
225
223
223
225
225
224
224
225
225
227
227
225
223
224
225
226
224
225
227
227
227
229
230
231
231
230
230
231
232
231
231
228
227
227
228
228
230
230
234
234
232
232
233
232
230
229
230
230
231
230
228
229
230
229
229
228
228
229
228
229
230
230
231
232
233
232
232
230
228
227
227
227
228
226
226
226
227
227
227
226
226
226
226
226
225
225
224
224
224
224
224
226
225
224
224
224
225
223
225
225
226
229
227
227
226
227
227
226
225
225
224
225
224
224
225
225
224
226
226
227
229
229
229
227
227
228
228
227
225
225
225
227
227
228
231
229
228
226
225
226
226
226
226
224
224
224
222
222
223
223
223
223
222
223
222
222
222
223
225
226
227
226
225
224
225
225
225
226
225
223
223
222
222
222
223
223
223
220
220
221
222
221
219
222
222
222
223
223
222
223
223
225
225
224
224
224
224
223
223
223
223
223
221
222
222
221
221
222
224
223
223
223
222
221
222
221
221
220
221
220
221
221
220
220
219
219
219
220
220
221
222
222
222
222
222
221
221
221
221
222
222
222
222
223
222
223
223
224
221
221
223
223
224
224
224
225
224
222
224
224
223
225
227
225
225
224
224
224
225
226
225
226
225
225
225
224
224
223
224
223
223
223
224
223
223
222
220
220
218
218
218
218
218
222
221
223
224
223
223
223
220
221
219
220
221
220
219
219
218
218
218
217
218
218
219
218
218
222
221
221
221
224
223
223
224
223
224
225
225
225
225
221
221
221
220
220
220
220
221
222
223
223
223
223
223
222
220
218
217
218
219
220
221
220
222
220
218
218
219
220
219
220
220
220
221
220
221
221
223
222
222
223
222
221
221
220
219
219
219
219
218
217
216
217
217
217
216
216
216
216
218
218
218
217
217
218
218
219
220
221
222
221
221
219
218
218
218
218
219
220
221
221
222
220
220
219
221
217
217
219
221
220
220
221
223
223
224
225
225
221
222
222
221
219
219
220
220
220
221
220
220
220
220
219
218
218
218
218
217
217
219
219
218
218
219
222
222
222
221
221
222
222
221
222
222
222
222
222
222
221
221
220
219
219
218
218
219
219
219
218
220
221
223
220
220
218
215
216
216
215
215
215
216
217
217
218
218
219
219
219
219
218
218
218
217
218
217
217
218
218
220
218
219
218
218
218
221
220
221
221
221
223
222
219
217
217
217
218
219
217
219
219
219
220
219
219
218
219
219
219
219
218
218
218
215
215
214
214
214
216
214
214
214
214
214
213
213
214
213
211
212
212
212
212
214
216
217
216
217
217
218
216
218
217
214
214
214
216
216
214
214
213
213
211
211
211
212
213
212
212
212
212
213
213
212
212
213
211
211
211
211
211
212
212
211
212
212
214
215
215
213
211
212
213
211
211
208
208
208
207
207
208
208
208
210
210
209
209
208
208
208
208
208
208
208
208
206
206
206
206
208
208
208
208
209
209
208
208
207
207
208
209
209
209
208
208
208
209
209
209
209
210
210
212
214
213
215
216
215
216
216
216
216
216
217
217
217
215
215
214
215
215
214
214
214
212
213
210
210
209
209
209
209
209
212
212
211
211
211
211
211
211
210
209
209
209
209
211
210
210
211
211
210
210
210
211
212
211
212
212
213
211
210
210
209
211
211
211
210
212
210
207
208
208
208
208
208
207
207
207
208
207
207
209
208
208
207
208
208
208
208
209
208
209
207
208
210
209
208
209
208
208
209
208
208
208
209
206
205
204
205
205
206
204
204
204
206
205
205
204
203
204
205
206
207
208
207
208
206
206
206
205
206
206
206
206
206
206
208
207
206
206
206
205
205
205
206
207
206
208
208
208
206
206
206
206
207
207
206
206
206
204
203
204
204
205
203
202
203
202
203
203
204
205
205
206
206
206
206
205
205
205
205
205
206
203
203
203
203
203
203
203
204
205
206
205
205
205
204
205
206
205
204
205
204
206
206
204
206
205
205
204
204
205
204
205
205
205
205
207
207
208
207
207
206
207
206
206
207
205
205
207
207
206
207
202
204
207
207
206
207
208
206
205
204
204
204
203
203
203
201
201
203
205
205
206
205
205
203
202
202
201
201
200
200
200
200
201
202
202
202
203
203
202
203
203
203
203
201
202
200
201
201
200
199
198
197
198
198
198
199
200
200
201
200
201
202
205
206
206
207
208
208
204
204
203
202
200
201
201
200
200
198
198
198
197
196
196
197
198
198
199
199
199
199
199
201
202
201
203
203
204
204
204
203
204
203
203
202
204
204
205
205
204
203
203
203
203
203
203
203
203
204
204
204
205
206
205
204
206
204
202
202
201
202
202
202
203
202
202
202
204
204
205
207
205
202
202
202
202
203
202
203
202
204
203
202
200
200
199
199
198
198
199
199
200
199
200
199
200
201
201
200
202
202
203
205
204
204
203
203
203
203
202
201
202
202
203
203
204
204
204
204
206
204
205
205
204
205
203
202
202
201
199
198
199
199
197
197
198
198
198
199
199
197
199
198
198
197
196
197
197
197
195
195
196
198
196
198
197
197
198
199
198
199
197
195
196
196
195
195
195
195
196
196
195
194
195
195
195
195
193
193
193
194
193
193
194
194
196
195
195
195
195
195
194
194
192
192
191
191
191
192
193
193
193
193
193
194
192
191
191
191
191
191
192
193
192
192
192
192
195
196
198
196
195
195
196
195
195
195
196
196
195
195
196
195
197
198
200
202
202
199
198
198
197
197
196
196
197
200
201
200
199
198
198
197
197
196
195
195
195
198
199
199
200
196
195
195
194
193
193
192
192
190
190
190
190
190
191
191
191
191
189
189
189
189
190
190
190
190
190
191
191
192
192
193
193
192
192
194
193
193
193
193
193
193
193
192
192
192
192
192
194
192
192
193
192
192
191
190
190
190
191
191
192
192
192
192
192
191
192
192
194
194
194
194
194
196
197
193
195
194
195
198
199
200
200
201
201
199
197
197
197
197
197
197
197
196
196
197
197
197
194
194
193
194
194
194
196
195
195
194
192
192
193
194
195
195
197
197
197
196
196
196
196
195
197
198
197
196
194
194
194
195
195
195
196
196
195
195
195
196
199
201
202
202
201
200
199
198
197
196
196
194
193
193
193
194
194
192
193
193
193
193
193
193
192
194
194
194
195
194
194
194
196
194
196
195
195
195
194
195
193
192
192
192
192
192
193
194
194
194
196
197
196
196
194
196
194
194
194
194
194
194
197
195
195
195
195
196
197
197
198
197
197
198
198
198
197
197
199
197
198
196
195
195
196
196
195
195
196
198
197
197
195
194
194
194
194
193
192
191
191
191
192
192
192
191
192
192
193
193
193
193
194
194
196
197
198
198
198
196
197
196
195
194
191
190
190
190
192
192
192
192
193
193
193
194
195
196
196
197
195
195
196
195
193
193
192
192
192
193
194
195
196
195
195
195
194
194
195
195
195
195
194
195
195
196
195
194
194
194
193
194
194
194
194
194
194
194
194
195
194
194
195
194
193
193
193
194
194
195
194
196
195
195
196
195
194
194
193
191
191
191
192
191
190
190
190
188
188
189
190
190
191
192
193
192
192
192
192
192
192
192
193
192
193
194
192
192
193
192
193
192
194
193
194
195
196
194
194
195
194
194
193
192
194
194
193
193
193
192
193
195
194
195
196
196
195
193
193
194
194
194
193
192
194
194
192
193
192
192
192
194
194
193
192
191
191
193
193
193
192
195
194
194
195
193
193
194
195
192
194
194
194
195
192
192
192
194
194
195
194
193
192
193
194
194
194
195
195
195
194
194
194
194
192
194
194
194
194
197
197
195
195
193
193
193
194
193
192
192
192
192
192
192
193
192
192
193
191
191
191
191
191
190
189
189
189
189
190
189
190
191
192
191
191
192
193
192
194
195
196
197
196
195
194
194
194
193
194
194
193
193
193
192
193
193
194
192
193
191
191
192
193
193
193
192
192
192
192
193
193
193
191
191
191
191
192
193
191
191
195
194
195
194
194
192
192
192
193
193
194
194
193
194
195
197
197
195
195
195
195
194
194
194
195
193
193
193
194
194
193
193
193
195
195
196
197
197
196
194
195
198
200
201
199
197
197
195
195
194
194
194
194
193
193
193
194
194
195
195
195
196
195
194
194
196
197
195
195
195
195
195
196
195
195
195
196
198
199
197
196
197
195
194
194
194
194
194
194
194
195
194
194
194
195
195
193
194
193
193
193
193
192
194
196
196
195
197
197
197
196
196
195
195
193
194
193
194
192
193
192
192
194
195
196
196
197
198
196
195
195
195
194
194
193
193
193
193
192
192
191
192
192
191
193
193
192
190
190
189
189
191
191
191
191
192
191
191
190
190
190
190
190
191
190
190
191
191
190
190
190
190
190
192
193
191
190
190
189
188
188
187
188
189
189
189
188
188
189
189
189
189
189
189
188
190
191
191
192
191
192
194
195
194
194
194
195
194
193
192
193
193
190
189
191
191
191
190
191
191
190
191
190
190
190
191
191
191
192
193
194
194
192
192
190
190
190
191
191
192
192
192
191
191
191
192
193
194
194
192
193
193
194
192
194
194
195
195
194
194
192
192
193
194
193
193
190
189
189
189
189
188
189
190
188
188
188
189
189
187
186
187
187
187
187
189
189
189
189
190
191
191
191
190
188
188
189
189
189
189
187
187
188
189
189
190
190
190
190
190
190
191
189
187
188
190
191
191
191
191
190
190
189
189
188
187
188
187
188
190
189
189
189
190
191
190
189
191
189
188
187
189
189
187
187
187
187
188
192
193
193
191
191
192
191
191
192
190
191
191
193
193
192
192
191
190
190
190
190
190
192
192
191
191
192
192
193
193
192
192
192
190
190
189
189
190
191
190
192
192
189
188
189
189
189
190
190
190
189
190
189
188
188
188
189
188
188
188
187
187
187
187
187
185
185
186
187
186
187
188
188
188
191
191
189
190
188
189
190
190
190
190
188
188
188
188
189
189
190
189
191
189
190
190
189
189
190
190
189
187
188
188
186
188
187
188
188
188
191
192
192
192
190
188
188
189
189
190
189
189
191
192
192
193
192
191
191
190
190
190
189
190
190
191
193
193
194
193
192
191
191
190
194
194
193
191
191
192
190
190
191
192
191
190
188
187
187
188
190
191
191
191
189
188
188
189
189
188
188
188
189
188
190
190
190
190
190
188
187
187
187
188
188
189
191
191
192
192
193
193
192
191
193
192
192
193
191
191
192
193
192
193
192
191
192
192
192
191
191
192
190
191
192
192
192
190
190
191
192
196
197
196
194
194
192
194
195
195
194
192
190
188
187
189
191
188
189
188
187
189
191
189
189
189
189
192
192
191
191
191
191
189
189
188
187
187
189
188
188
188
190
189
191
191
192
191
190
190
189
188
187
188
188
188
190
190
191
191
190
189
188
188
190
187
185
186
187
187
187
187
186
188
190
190
190
190
191
192
191
189
187
185
186
188
185
185
185
184
185
187
187
186
185
185
184
184
184
184
184
183
184
184
183
183
183
182
183
184
184
186
184
182
183
184
182
182
181
181
181
180
180
181
183
184
182
183
182
182
182
181
181
181
181
183
183
183
184
185
186
186
187
186
185
184
184
181
181
181
181
181
181
182
182
182
182
182
181
180
180
181
180
181
181
181
181
183
182
183
183
183
181
181
180
179
178
180
180
179
180
179
178
178
178
178
178
178
178
178
178
178
179
180
180
181
182
181
182
182
184
186
185
182
181
180
180
179
178
178
178
180
180
181
181
181
183
181
180
179
180
178
178
177
177
177
177
178
179
180
181
180
181
180
179
180
179
180
180
179
179
178
178
177
179
179
178
179
177
178
178
178
179
177
178
179
179
180
178
178
179
178
179
178
180
179
179
178
179
178
177
177
177
178
178
179
178
178
178
177
177
179
178
178
177
178
177
177
176
176
178
177
178
178
176
178
178
178
178
178
178
178
181
182
182
183
183
181
180
180
181
182
181
181
179
179
179
179
178
178
179
180
181
182
181
181
178
178
178
178
178
178
178
178
178
181
180
181
181
179
178
177
178
178
180
179
177
178
177
177
177
177
179
179
179
179
181
181
180
180
180
181
180
181
180
178
179
178
178
178
178
178
181
180
181
181
182
180
181
182
182
182
183
183
182
180
180
181
181
181
180
180
181
181
181
181
181
182
182
182
183
183
182
184
183
182
183
183
185
183
183
182
181
180
180
178
179
179
180
180
178
178
177
177
177
176
177
177
177
178
178
179
179
180
179
181
179
177
180
180
178
179
178
180
180
181
181
180
179
179
179
177
177
177
176
176
177
177
178
179
177
178
178
181
180
179
179
179
181
178
178
178
176
176
175
176
176
176
176
176
176
176
176
176
176
176
177
177
176
176
175
175
175
175
175
175
175
175
176
176
176
176
176
175
176
177
179
179
179
179
178
180
179
180
180
180
179
178
178
179
177
175
175
177
177
177
177
177
177
177
177
176
177
178
178
179
178
178
180
178
181
181
182
180
180
180
181
181
181
181
182
182
182
180
180
179
176
176
176
175
175
174
173
173
173
175
175
176
176
177
178
179
178
178
177
177
176
176
177
178
177
176
175
176
177
178
179
179
176
176
177
175
173
171
171
172
172
172
173
172
172
172
172
172
172
172
172
172
173
175
172
172
172
172
171
171
170
170
171
171
171
170
170
171
171
171
171
172
172
172
171
171
170
171
170
170
171
172
171
172
173
172
172
172
171
171
171
172
171
171
172
173
173
175
175
176
174
176
176
177
175
175
174
176
177
175
175
176
176
176
177
176
174
174
174
175
175
175
174
173
175
174
173
172
172
172
172
172
171
171
172
172
172
173
174
174
175
173
174
176
175
175
176
176
176
176
177
176
175
176
176
175
175
175
176
179
177
177
177
178
177
177
177
177
177
176
176
176
176
177
175
175
174
174
174
177
177
176
175
175
174
174
174
173
172
172
173
174
174
175
176
176
174
174
174
174
174
174
174
174
173
172
172
172
172
172
172
172
173
174
173
173
174
175
175
174
173
173
176
176
176
178
178
178
177
179
180
178
178
177
177
177
177
178
178
178
178
178
177
178
179
177
177
179
177
177
173
173
171
171
172
171
172
173
170
170
167
167
168
168
169
169
171
171
171
171
171
171
171
171
171
171
172
172
171
169
168
167
169
172
172
172
172
171
171
170
170
170
169
169
169
169
170
173
170
172
174
172
171
171
173
174
173
172
172
172
172
172
172
172
172
172
171
171
171
172
172
171
171
171
170
170
171
172
172
170
169
169
169
168
168
168
169
169
170
170
168
167
167
167
167
168
169
170
170
170
170
170
170
170
170
170
170
169
169
169
168
169
169
169
168
168
168
168
168
168
172
173
172
170
171
169
169
172
171
172
171
171
171
170
170
170
170
170
170
170
171
172
174
174
174
173
172
172
172
172
173
175
174
176
176
176
176
175
175
174
173
172
170
170
170
168
168
169
167
168
168
168
171
170
169
170
171
171
170
170
169
169
169
169
169
168
169
170
170
171
170
172
172
171
170
170
168
168
169
168
168
168
168
168
167
166
167
167
168
169
170
170
170
169
171
170
170
170
171
171
172
171
171
170
169
169
169
168
167
166
166
166
167
166
166
167
166
165
165
165
165
166
167
167
165
165
165
166
169
168
169
169
169
168
169
170
169
168
167
168
168
168
169
170
170
170
170
170
169
168
168
168
168
169
168
169
169
169
169
168
170
171
171
170
170
170
171
170
170
171
171
170
170
172
170
169
169
168
168
168
169
170
171
170
168
167
168
168
168
169
169
171
170
170
171
169
170
170
168
168
169
168
167
167
168
168
168
168
167
168
168
169
170
169
168
168
169
170
171
170
170
171
171
171
171
170
170
168
169
169
169
171
172
172
171
169
169
169
171
170
168
168
169
167
166
165
165
167
168
169
169
169
167
167
167
168
169
169
169
168
168
166
166
166
166
166
166
167
167
167
167
167
167
166
166
166
166
166
166
166
166
167
165
165
165
165
166
167
170
169
168
166
166
167
167
166
166
165
167
166
166
166
166
168
167
166
165
166
166
164
164
165
164
165
166
166
165
165
165
165
165
165
165
166
165
166
167
166
167
167
165
164
164
165
166
165
166
166
166
165
165
165
165
165
165
165
165
166
165
165
165
165
164
162
162
162
162
162
162
162
162
162
162
163
163
163
164
163
163
163
162
162
162
163
163
164
163
163
165
166
167
167
166
166
166
166
166
166
163
163
165
165
164
164
163
163
163
162
163
163
164
166
166
163
163
165
165
166
167
166
166
166
166
166
166
163
161
160
160
161
161
161
161
161
160
161
161
161
161
163
162
163
163
164
163
164
165
163
162
162
163
165
165
165
166
165
166
167
165
164
165
165
165
164
165
166
165
165
164
163
162
162
162
163
162
161
162
161
160
161
161
162
162
163
162
162
162
163
162
163
164
163
161
161
162
162
162
162
162
162
162
161
161
161
162
160
160
159
159
160
161
160
160
160
162
163
164
164
167
166
165
165
165
165
166
165
163
163
162
161
160
161
161
161
162
161
162
163
164
163
163
163
