0.0006927586206896553 0.0009317241379310344
300
296
287
284
276
274
268
265
259
256
251
247
240
239
240
237
234
233
233
229
225
224
226
226
225
223
222
218
213
212
212
214
213
210
208
207
208
206
205
205
204
205
206
206
204
205
205
205
204
204
205
204
205
205
207
202
201
203
200
201
201
201
199
197
195
195
194
196
197
198
198
197
195
193
194
195
193
192
191
189
191
192
194
193
193
192
192
191
189
188
188
190
190
190
190
189
191
192
191
190
190
191
191
191
191
191
192
192
191
191
190
187
187
189
189
188
187
186
185
185
185
184
185
186
186
185
186
183
183
181
180
182
182
183
184
182
180
182
184
182
183
182
181
180
178
178
177
179
177
176
176
176
178
173
173
170
170
172
171
172
171
171
171
172
171
171
171
171
173
171
171
171
171
171
169
170
170
170
167
169
169
169
168
167
167
167
168
168
167
168
168
170
171
171
173
172
172
171
171
171
172
172
172
172
172
170
169
169
170
170
172
171
170
169
167
166
168
170
170
170
171
172
172
172
172
172
173
173
173
173
173
172
171
173
175
175
175
174
174
173
173
173
171
171
170
170
171
171
172
174
175
173
173
172
173
172
173
175
175
174
172
172
170
171
172
172
172
171
172
171
170
170
170
171
171
168
168
170
171
171
170
170
170
168
170
172
172
173
173
173
171
172
173
172
171
171
169
168
169
171
170
169
169
169
169
168
167
168
169
171
172
171
171
170
170
170
169
170
169
168
166
166
166
166
166
165
163
163
164
164
164
165
166
164
163
164
164
166
168
168
166
167
168
166
166
164
166
168
168
167
166
166
168
169
168
167
167
168
167
166
166
166
165
165
166
166
166
166
164
167
169
169
168
167
166
167
168
166
168
168
169
168
166
167
164
164
164
163
162
164
165
164
165
165
166
167
166
166
166
165
166
166
165
163
163
163
163
164
164
165
166
163
162
162
162
161
160
161
162
162
163
161
160
160
160
162
162
163
162
162
162
161
161
163
162
163
162
161
162
160
161
162
162
162
164
164
165
166
163
163
163
163
163
161
161
162
162
165
164
164
165
163
163
165
164
162
161
161
164
162
162
163
159
162
162
161
161
161
161
161
161
162
162
162
163
165
165
167
165
166
166
165
166
166
167
169
169
168
167
166
167
166
165
165
163
164
163
162
160
162
161
161
158
158
157
158
158
159
159
158
159
157
160
160
160
161
162
161
160
160
160
158
161
160
158
159
157
157
158
156
155
155
155
154
155
156
155
154
153
153
151
151
151
152
153
154
153
155
156
156
157
155
155
155
155
155
155
155
155
155
155
155
155
156
155
157
157
157
156
156
154
155
156
157
157
155
155
155
157
156
157
157
156
156
157
159
159
156
155
154
155
155
153
153
153
153
153
152
152
155
156
157
157
158
157
157
159
158
157
158
158
159
158
158
158
157
157
155
156
155
152
153
153
152
150
149
149
149
151
153
153
154
154
155
154
157
155
155
158
158
160
158
156
154
153
153
153
153
153
153
154
154
154
153
153
153
152
152
153
153
151
149
151
151
153
153
153
153
153
153
153
151
151
150
149
147
147
148
148
149
149
150
149
150
149
149
149
150
150
150
151
152
152
151
151
151
151
150
148
147
147
148
149
149
150
150
151
151
151
151
153
153
152
152
152
153
154
155
155
156
156
156
153
153
153
152
151
152
151
151
152
150
151
151
149
149
150
149
150
151
151
149
148
149
150
150
150
152
152
150
150
152
154
155
156
157
158
158
159
156
157
156
159
160
160
160
157
160
160
158
158
160
162
163
161
160
157
157
156
157
158
156
153
154
154
153
152
150
150
149
149
150
149
148
149
149
151
152
151
151
152
154
154
153
155
153
152
152
152
153
154
152
153
151
150
150
150
150
151
152
151
153
154
153
153
152
152
151
152
152
151
150
149
148
149
150
149
150
150
151
152
153
152
152
152
152
153
154
155
155
154
153
153
155
156
156
155
155
154
153
151
151
151
152
152
153
152
152
153
154
153
151
151
152
151
151
152
151
151
152
153
154
153
152
152
152
153
152
151
150
151
152
152
151
149
150
150
150
150
150
150
152
151
150
150
148
148
148
149
150
148
148
147
147
147
147
147
147
149
150
150
150
150
148
148
146
147
148
147
146
145
146
147
147
148
148
148
147
146
146
145
147
146
147
147
146
146
146
147
147
148
147
147
147
148
149
148
148
148
147
148
150
151
152
153
151
151
154
152
152
151
149
149
149
149
151
149
150
151
151
151
152
153
153
154
152
151
151
150
152
151
149
148
146
146
146
146
147
146
147
148
146
145
145
146
149
149
149
150
150
150
150
148
149
149
148
149
149
148
148
146
144
144
144
144
144
142
144
144
144
145
147
148
146
147
147
148
148
147
148
146
146
146
146
146
148
147
147
148
147
147
148
148
148
149
147
146
146
144
145
145
144
143
143
143
143
144
146
146
146
149
150
148
146
146
146
145
143
145
145
145
145
146
147
147
148
148
148
148
148
150
148
147
150
150
148
147
148
148
147
147
147
148
149
148
149
151
151
147
148
147
146
145
144
143
144
145
144
143
144
143
143
143
141
141
141
141
141
141
143
142
143
142
144
144
144
144
145
144
144
143
142
141
141
141
142
142
143
142
143
145
147
145
145
145
145
144
144
144
144
144
142
142
142
142
143
143
143
143
142
140
139
139
140
140
141
141
141
142
144
144
143
144
143
143
143
143
143
144
143
144
145
144
145
145
144
144
142
140
138
138
139
138
138
138
140
141
141
142
143
142
142
142
143
144
145
145
145
143
142
140
142
141
140
141
140
141
142
141
142
142
143
143
142
141
141
141
142
141
143
143
144
145
147
144
143
142
143
142
141
140
141
141
142
141
141
142
144
145
144
145
146
146
144
144
143
145
145
144
145
144
143
141
137
136
136
136
136
136
140
141
142
141
141
141
141
140
140
140
142
142
140
141
142
142
143
143
145
147
146
149
149
148
148
149
149
148
147
147
148
147
145
144
145
145
144
142
142
143
142
143
144
145
144
144
144
144
143
143
143
144
145
146
147
147
148
146
146
147
145
144
146
145
145
146
146
146
145
145
145
146
144
144
144
144
144
145
145
146
146
146
146
145
144
144
150
150
151
153
154
154
153
153
149
150
148
147
147
146
146
146
146
146
144
145
146
146
144
144
144
142
142
144
144
144
144
144
145
144
142
142
141
140
139
140
139
137
138
140
141
141
140
140
141
142
141
145
145
146
146
146
144
143
141
140
140
140
140
141
141
142
141
141
139
139
140
140
138
136
139
140
139
139
139
139
138
140
141
142
142
141
139
140
140
139
139
138
138
137
138
138
138
138
136
136
135
136
136
137
138
137
138
137
135
136
138
138
140
139
140
139
139
138
137
136
136
134
133
133
134
133
133
133
134
135
134
133
133
131
132
131
132
132
133
132
132
134
134
133
133
133
132
132
132
134
133
133
132
133
133
133
130
129
129
129
129
128
128
128
127
128
128
127
127
128
128
128
128
128
128
128
128
128
128
128
130
131
131
132
131
131
133
133
134
134
133
133
133
135
134
135
134
135
135
136
137
138
137
138
138
137
135
134
136
136
136
138
137
137
137
137
137
135
134
134
133
133
133
132
131
130
132
134
133
134
134
134
135
135
134
134
135
135
138
137
138
138
136
136
135
135
133
134
133
134
134
133
133
134
132
132
132
131
131
133
133
134
135
135
135
134
135
134
136
136
136
137
136
137
137
138
138
139
139
139
139
138
139
139
140
141
140
141
139
139
138
138
139
139
136
136
136
137
136
136
135
137
138
138
135
135
135
135
135
134
134
135
136
135
135
135
135
135
135
136
136
137
136
134
134
133
134
134
134
133
134
135
136
134
134
133
133
135
134
134
133
136
134
134
135
133
134
135
136
136
136
136
136
132
132
129
129
130
131
131
131
131
132
131
131
132
133
133
134
132
132
133
133
133
135
132
132
132
133
133
133
134
134
134
133
133
133
132
133
134
134
135
137
136
135
137
137
138
138
137
135
136
136
134
135
135
135
136
136
135
134
133
134
133
133
133
132
130
131
132
132
132
133
134
134
134
134
135
136
136
136
136
136
137
137
134
134
134
135
134
133
133
135
135
136
136
138
138
138
136
134
135
135
135
135
134
132
132
132
132
134
134
136
136
136
136
135
134
136
135
135
136
135
136
136
135
134
133
134
134
134
134
134
134
134
134
134
134
135
134
134
133
132
132
132
134
134
134
133
132
130
130
133
134
135
135
135
133
134
135
135
133
133
133
133
133
134
133
132
133
133
133
133
133
133
132
130
130
130
131
131
130
130
128
129
129
129
128
128
128
127
127
127
128
128
128
128
130
130
129
129
129
126
127
127
129
129
128
128
128
128
128
127
127
130
130
132
130
131
130
130
130
130
130
130
131
131
132
130
131
130
131
130
130
130
129
129
129
129
129
129
129
129
128
127
125
127
128
128
129
129
129
128
129
129
126
126
127
128
128
127
129
128
128
128
127
129
129
127
127
126
125
125
125
126
128
128
127
126
126
127
128
128
131
130
130
129
128
127
126
126
125
125
125
124
124
126
127
128
127
127
128
128
128
127
127
126
123
124
125
128
127
127
127
128
129
130
128
128
127
127
126
127
127
127
128
127
128
128
126
125
126
127
127
127
127
126
125
126
125
125
124
121
121
121
122
121
122
122
123
123
123
123
125
125
126
126
127
128
126
126
126
128
129
129
129
132
132
131
131
132
131
129
130
131
130
130
127
127
126
127
127
128
127
128
127
125
127
126
126
125
124
125
126
127
126
125
126
124
125
125
126
126
126
126
126
125
125
124
125
126
127
127
126
125
125
124
123
124
123
122
121
122
121
120
119
120
121
122
122
124
124
124
123
122
120
120
121
121
123
123
125
126
125
125
122
122
123
123
123
124
122
121
121
120
120
120
122
122
120
120
121
121
121
123
122
122
122
122
122
123
122
122
121
122
124
123
124
123
124
125
126
125
126
125
126
125
127
126
125
124
125
127
127
125
125
126
127
127
127
129
130
131
131
132
133
131
131
131
130
128
127
127
128
130
129
129
129
129
129
129
129
129
127
127
126
126
126
126
126
126
127
128
128
127
127
128
125
124
123
123
123
124
122
121
121
121
121
120
120
120
120
120
121
121
121
123
123
123
122
122
122
121
121
121
120
123
123
123
122
121
121
120
120
120
120
120
120
120
120
121
122
123
123
122
125
124
124
123
123
123
123
122
123
123
121
120
120
121
122
123
124
124
124
124
125
125
126
125
126
126
127
127
125
124
124
124
122
123
125
124
124
123
124
124
122
122
120
121
120
120
121
121
121
122
121
122
119
120
123
123
122
121
120
120
120
120
120
121
120
120
119
121
121
121
119
119
118
117
118
119
118
119
118
118
117
118
118
118
119
119
120
120
120
120
119
119
121
120
120
120
119
119
119
120
120
119
119
119
121
121
121
121
122
122
123
122
122
123
122
122
122
122
121
121
121
122
122
120
119
119
118
118
119
119
117
117
120
120
121
121
121
120
120
119
118
118
119
120
120
121
123
123
122
121
122
122
122
121
122
123
124
123
120
120
119
118
117
117
118
118
120
120
120
119
120
120
120
121
121
121
121
121
122
122
122
121
120
120
119
119
120
119
120
122
123
123
123
124
127
127
126
126
126
126
127
126
125
125
125
124
123
122
121
121
120
118
118
118
118
117
117
118
117
118
117
118
118
118
120
120
121
120
121
122
123
123
123
124
123
124
124
124
122
120
120
118
117
118
117
115
114
114
113
112
112
114
114
113
116
116
116
116
115
116
116
114
114
114
113
114
113
115
116
116
116
115
115
115
114
114
114
113
113
112
111
112
111
111
111
112
115
115
115
115
115
115
115
114
115
118
118
117
117
118
119
118
120
122
123
124
124
123
121
119
117
118
118
117
119
120
122
121
121
120
120
119
121
120
120
120
118
117
117
117
117
116
117
117
117
116
116
117
117
118
117
117
116
115
113
113
114
113
112
112
112
113
112
113
114
114
114
114
113
112
111
111
112
111
112
111
112
112
114
114
114
113
114
114
114
113
113
115
114
114
114
112
113
114
112
114
116
116
115
115
116
115
116
116
116
117
118
117
118
118
119
119
119
120
120
120
121
121
120
120
120
121
122
120
120
120
120
120
119
118
116
117
115
114
115
115
115
115
115
115
112
114
114
113
111
111
111
112
111
112
112
112
112
113
111
111
111
112
112
112
111
111
110
110
110
112
112
112
114
114
113
113
114
114
115
116
115
115
115
116
115
115
115
115
115
115
114
112
112
112
111
111
111
112
113
112
112
113
113
112
111
111
111
112
112
114
114
115
115
115
115
115
114
115
115
114
113
112
112
110
112
112
113
112
112
113
113
112
112
112
112
111
110
109
109
109
110
110
110
111
111
110
112
113
112
113
114
114
114
114
113
112
112
112
112
114
113
113
112
110
109
110
111
109
110
110
112
111
110
108
108
109
108
108
108
109
110
110
110
110
110
109
109
108
107
108
108
109
111
110
109
110
111
109
111
110
109
110
111
110
110
108
108
109
109
109
109
110
109
109
110
111
112
111
109
110
110
110
110
109
111
110
111
110
110
112
113
114
113
114
115
115
115
113
113
113
111
111
110
109
109
109
108
109
110
110
110
110
109
107
105
106
106
107
107
107
108
108
108
107
108
108
107
106
105
105
105
105
107
109
109
108
109
108
107
106
107
106
106
106
105
106
106
105
105
105
105
106
107
106
106
107
107
108
108
108
108
108
107
107
108
108
108
108
108
109
110
110
108
107
108
106
108
109
110
110
111
110
109
108
109
109
109
110
110
110
111
109
109
108
108
107
107
108
106
106
107
105
105
106
105
105
104
103
104
104
104
105
105
105
105
105
105
105
105
105
104
105
105
104
104
104
104
105
105
105
106
106
106
106
105
106
106
106
107
106
104
104
105
105
105
105
105
105
106
106
106
106
106
105
106
105
107
109
110
109
110
110
110
108
108
108
105
104
103
103
103
105
104
104
105
107
109
108
108
107
107
107
107
107
104
103
104
104
104
105
106
106
105
105
105
105
107
108
108
107
106
106
105
105
105
105
105
106
106
106
106
108
108
109
109
109
108
107
108
108
109
109
109
109
109
110
109
109
109
107
107
107
107
107
107
106
106
105
106
107
106
106
109
108
109
108
108
108
110
110
109
108
109
108
108
108
108
108
108
108
108
108
109
109
109
108
107
106
106
106
107
107
107
106
107
108
109
110
111
111
110
110
110
110
110
109
109
110
108
108
108
108
107
107
107
107
107
107
108
108
108
107
107
108
107
106
106
107
109
108
109
110
108
108
107
106
105
103
103
103
103
103
103
103
103
102
103
103
104
104
104
104
104
103
104
105
106
106
107
109
109
109
110
111
110
111
109
110
110
110
108
110
110
109
109
111
110
110
109
108
107
105
106
104
103
104
104
104
104
104
104
103
103
102
102
102
102
102
101
101
101
102
103
103
103
103
103
103
102
102
104
102
102
102
101
102
101
103
103
103
102
101
100
103
104
103
103
102
102
102
102
102
102
103
103
103
105
105
105
104
104
106
105
105
104
104
104
104
104
101
101
101
103
104
103
105
105
105
105
105
105
105
105
105
106
106
106
105
105
106
106
106
108
107
106
105
105
106
105
103
104
102
103
103
104
105
106
106
104
106
106
104
104
105
104
104
104
102
103
103
103
105
104
102
101
100
99
99
100
99
99
98
98
99
100
100
100
100
100
99
99
99
99
100
100
101
102
103
103
105
105
104
104
104
104
104
103
103
101
101
102
102
100
101
100
98
98
98
98
98
98
99
99
99
99
100
100
101
100
101
100
100
99
99
98
98
99
99
100
100
100
99
98
98
99
99
100
100
100
99
98
98
98
98
98
99
100
101
102
100
102
101
101
101
100
100
101
101
101
101
101
101
101
101
102
103
103
103
103
102
101
101
100
101
100
99
99
99
99
99
99
98
98
99
99
100
100
101
100
99
99
101
101
101
102
103
102
102
101
100
100
101
100
101
101
100
100
100
100
100
99
99
100
101
101
101
101
102
100
100
100
102
102
102
102
102
102
101
102
101
101
101
102
102
102
103
103
103
103
102
102
102
102
102
102
102
102
103
100
101
101
101
103
103
103
103
102
101
101
100
100
100
101
100
100
100
100
101
102
103
103
102
102
102
101
99
99
98
100
101
102
100
100
100
101
102
102
103
104
104
105
105
105
105
105
105
106
105
105
105
105
105
106
105
106
105
105
106
107
106
106
107
108
106
106
105
105
105
104
105
105
105
104
102
102
101
101
101
103
103
103
103
103
103
104
104
104
104
104
103
105
105
105
104
104
103
103
104
104
104
104
104
104
104
105
106
106
105
105
103
103
103
103
103
101
100
100
100
100
100
100
100
100
98
97
96
96
95
95
95
95
95
96
97
97
98
100
101
99
97
97
98
98
99
99
99
99
98
100
98
97
97
98
97
98
96
97
98
97
98
98
98
96
96
96
97
99
99
99
99
98
97
97
97
96
98
98
99
99
100
100
99
99
99
99
99
101
101
101
101
101
102
103
105
104
103
104
103
104
104
102
104
103
105
104
103
103
102
103
102
101
100
99
100
98
98
100
99
100
100
101
102
102
102
102
101
101
102
102
102
101
102
102
102
103
102
102
102
102
103
104
103
103
102
102
103
101
101
101
102
103
103
102
101
101
100
100
101
101
101
100
99
98
98
98
99
99
100
100
101
100
100
101
100
101
100
100
99
99
99
99
99
98
98
97
96
96
96
97
98
98
98
97
96
99
100
100
99
98
98
99
99
99
100
102
102
102
103
104
103
103
103
102
102
102
102
101
100
102
101
101
101
102
102
103
103
102
101
101
100
102
103
103
102
101
103
104
104
105
106
107
107
107
110
111
111
110
112
109
107
106
106
105
103
102
102
103
104
105
105
103
102
100
99
99
100
99
99
99
99
99
99
101
101
102
101
101
100
99
100
99
103
102
102
102
102
100
100
100
100
99
98
98
98
98
99
98
98
99
98
98
98
98
97
96
97
96
96
96
96
96
97
98
99
101
101
101
103
102
101
100
100
100
99
99
99
99
99
99
99
99
99
99
98
100
102
100
100
100
100
100
99
99
99
100
100
100
100
100
101
101
101
100
100
101
100
100
101
100
100
101
101
101
104
105
105
105
104
101
101
104
105
104
103
103
102
101
98
98
99
98
100
101
101
100
98
98
98
99
98
99
99
99
99
99
99
99
101
101
101
102
101
101
102
104
103
104
104
103
104
104
104
103
103
104
106
106
106
107
107
106
107
107
108
108
108
107
106
106
106
108
109
109
108
105
104
106
105
105
103
102
102
102
102
102
101
100
100
100
99
99
99
101
100
101
102
102
102
102
103
102
102
102
101
100
100
100
99
101
101
98
97
98
99
100
102
103
103
104
104
104
104
103
103
102
102
102
101
102
102
104
103
103
103
102
99
99
99
98
98
98
98
98
98
98
100
99
99
100
100
100
100
101
100
100
100
99
98
97
97
97
97
98
98
97
96
96
95
95
96
96
95
96
98
99
100
100
100
101
101
101
101
101
100
100
100
101
102
102
101
102
103
103
103
105
105
104
104
105
105
104
101
101
100
101
103
101
102
102
101
104
103
103
104
103
104
102
100
100
101
101
101
100
101
101
100
98
98
99
98
98
98
97
97
98
100
100
98
98
98
98
98
98
99
101
100
99
99
98
99
96
97
96
95
95
95
97
96
96
97
97
97
96
95
95
95
94
95
96
96
95
95
95
94
95
96
96
95
95
96
96
95
95
94
94
94
95
95
96
96
96
95
95
94
95
96
96
96
97
97
98
99
99
100
99
100
101
102
102
102
102
100
98
97
95
94
94
95
94
94
93
93
93
94
94
94
94
94
94
94
94
94
94
93
94
95
95
97
97
97
99
100
100
100
99
100
97
97
98
98
96
99
97
99
97
95
95
95
96
95
95
96
95
96
96
95
95
95
95
96
97
95
95
96
96
95
95
94
94
93
95
95
94
95
98
99
99
99
99
102
102
102
102
104
104
102
101
100
100
96
96
96
96
97
97
96
97
96
95
94
94
94
93
94
94
94
94
94
93
94
95
96
94
94
94
92
92
92
92
92
92
92
93
95
95
93
91
90
90
92
93
93
93
92
92
92
91
92
92
92
91
90
93
95
94
93
92
92
92
92
92
92
92
92
93
93
93
95
96
96
95
95
94
94
94
95
95
95
95
94
94
95
95
95
94
94
94
93
94
93
94
94
94
96
95
97
96
96
97
98
97
97
97
96
95
95
96
95
94
94
94
94
94
94
94
94
94
95
93
93
93
93
94
94
95
93
94
93
92
92
92
92
92
93
92
94
94
94
94
94
95
96
95
95
94
94
94
94
95
94
95
93
92
94
94
95
95
94
94
95
95
97
96
95
94
94
95
94
94
94
93
93
93
93
95
95
94
95
94
94
94
93
93
93
93
93
93
93
93
93
94
94
92
93
93
93
93
93
93
94
94
94
94
95
95
94
95
95
95
95
96
96
95
95
95
95
93
93
93
93
93
94
95
96
96
95
95
95
97
97
98
98
99
99
99
98
97
95
95
95
95
95
94
93
93
94
95
94
96
98
97
96
95
96
96
96
96
96
95
94
95
97
97
98
98
100
99
100
98
99
98
98
98
98
98
98
99
98
98
99
97
96
96
95
93
93
93
93
93
94
94
94
94
94
95
95
95
95
95
95
96
95
95
95
95
95
96
95
95
95
95
95
95
95
95
96
95
95
94
94
94
94
95
96
96
94
94
95
94
92
95
95
95
96
96
94
94
94
94
94
95
95
95
95
94
93
92
90
91
91
92
92
92
91
91
92
91
91
91
92
93
93
93
93
92
91
91
93
91
91
91
92
91
92
93
94
93
93
93
93
91
91
91
93
91
90
89
90
90
90
90
91
92
93
92
92
92
90
89
89
89
89
90
90
89
90
91
91
91
91
90
90
91
90
90
89
89
89
88
87
88
88
87
87
87
86
86
85
85
85
85
85
84
84
84
83
83
83
83
84
84
84
84
84
84
85
85
85
85
84
84
84
85
85
86
86
85
87
87
87
87
87
88
90
90
90
89
91
90
92
92
91
92
94
93
93
92
93
93
94
94
93
93
93
93
92
91
91
90
92
92
91
90
91
91
92
91
92
93
94
94
96
95
94
93
93
93
93
93
95
94
94
92
92
93
92
92
92
92
94
94
95
92
93
93
95
95
95
95
95
94
94
94
96
