0.0009317241379310344 0.00031724137931034486
300
294
291
288
283
285
280
278
277
276
272
270
267
266
267
269
270
268
267
269
270
270
273
273
272
274
274
273
274
274
275
273
270
270
268
269
269
270
273
273
272
271
272
272
274
275
276
277
276
278
277
273
276
278
278
279
279
277
278
278
278
280
280
280
281
282
285
287
288
288
287
288
287
287
286
285
283
283
282
283
284
284
283
285
286
283
283
284
285
284
283
283
284
282
283
281
283
284
287
287
284
284
285
285
286
286
288
287
286
286
286
285
287
286
287
288
290
290
290
292
292
289
289
291
290
293
294
293
292
292
293
291
289
289
289
288
289
292
292
291
293
293
293
293
292
293
295
294
295
295
298
298
300
300
298
299
296
297
297
298
298
300
300
300
299
299
300
301
296
297
296
294
297
300
300
303
303
301
304
302
302
304
303
303
307
307
304
303
302
300
301
299
299
299
302
302
302
302
302
301
300
300
298
298
299
299
298
298
299
301
303
304
307
308
309
310
307
307
307
307
306
307
307
307
308
310
313
314
314
314
313
312
311
314
312
313
314
313
312
310
310
307
305
307
304
306
309
311
310
313
314
313
315
314
317
316
315
318
316
319
320
322
320
320
320
319
322
324
324
326
327
327
326
325
325
324
326
327
328
327
326
326
327
327
328
326
327
329
328
330
332
331
332
332
335
334
335
332
328
327
327
329
330
331
333
334
333
333
335
336
338
336
332
327
331
331
329
327
325
325
325
325
327
330
329
328
330
328
327
329
329
328
328
329
326
325
325
324
325
326
328
330
330
327
328
327
327
327
327
329
328
329
330
332
331
332
332
333
332
333
334
335
334
335
334
335
337
335
337
340
343
341
340
339
339
338
338
339
344
342
341
342
342
342
343
345
346
346
347
350
348
352
349
348
351
353
352
354
353
349
349
349
349
350
350
352
352
354
356
357
359
359
358
356
356
354
357
354
354
354
355
358
357
355
354
356
354
355
358
360
357
354
351
353
354
354
353
354
354
353
353
354
354
351
353
357
356
354
355
352
354
355
356
356
354
357
356
354
354
353
353
355
354
354
356
355
353
355
357
355
354
358
358
358
359
359
358
357
355
359
359
359
360
362
362
361
366
362
362
362
358
360
361
362
362
363
363
362
361
360
357
356
356
357
356
355
355
354
354
355
355
355
354
355
357
358
362
360
359
361
362
361
362
362
362
363
364
365
369
370
370
367
367
367
367
369
366
365
363
361
361
363
364
361
361
364
362
364
361
360
361
361
362
361
364
362
361
364
365
366
365
368
369
370
372
371
370
370
369
367
367
368
367
366
365
364
363
360
360
362
365
363
363
363
361
359
358
358
357
356
356
359
358
358
359
362
364
364
365
368
368
368
366
367
367
367
364
363
361
360
362
360
358
361
361
360
358
358
360
363
364
363
363
361
362
362
360
360
359
359
360
359
360
364
365
363
366
365
367
366
366
365
365
364
365
365
362
362
363
365
367
369
371
375
375
373
371
371
370
370
369
369
371
373
377
380
379
379
381
379
381
381
382
379
381
384
383
382
380
380
380
379
379
380
379
381
385
387
387
389
388
388
388
388
388
387
386
385
387
384
383
384
380
383
387
389
387
383
382
379
379
384
383
382
382
385
385
385
385
384
384
387
388
387
384
386
390
391
389
389
389
388
389
386
385
385
387
386
387
384
385
384
386
385
383
384
382
383
384
389
390
391
389
387
388
390
390
389
388
389
389
390
391
389
389
389
391
389
388
388
384
386
385
383
385
388
389
390
391
391
389
389
390
391
393
389
390
390
390
390
388
388
389
391
389
387
388
391
392
392
392
393
395
395
396
395
397
396
396
394
390
393
392
392
392
392
391
389
389
386
388
388
389
388
388
387
386
386
385
386
387
387
388
389
388
386
385
382
383
384
386
385
388
389
389
388
385
391
387
388
386
387
389
389
388
388
392
394
391
390
390
389
389
391
392
392
395
394
392
391
393
393
391
392
393
395
396
395
396
394
392
392
389
389
389
392
391
392
392
394
394
391
390
389
390
393
394
394
395
398
399
397
396
395
395
398
400
402
401
399
401
399
400
404
403
404
404
400
399
400
399
398
396
398
397
400
399
399
397
399
404
405
408
404
408
408
406
409
407
406
402
402
404
400
398
399
398
403
403
403
401
402
404
404
406
406
407
410
409
413
413
411
411
410
411
411
413
415
416
415
416
413
412
413
411
411
410
410
412
411
412
415
413
420
419
420
419
422
421
420
418
414
415
414
416
414
415
415
414
414
413
412
413
414
414
413
414
416
415
418
418
415
414
412
415
415
417
417
413
412
412
412
412
411
412
413
416
415
414
417
418
417
417
417
416
419
420
422
422
424
422
420
419
418
419
422
423
421
422
422
421
421
422
423
421
421
422
421
420
421
421
422
421
421
417
420
423
419
419
421
425
421
423
423
422
420
418
417
417
417
419
419
419
419
419
423
423
424
424
423
423
424
427
426
427
423
420
423
424
427
426
424
423
424
423
421
422
420
420
419
420
421
422
421
422
424
422
421
423
421
420
421
423
421
424
420
422
421
422
423
427
424
426
424
426
421
425
424
424
426
425
426
425
424
424
423
421
418
420
417
420
421
422
422
422
421
419
419
419
420
421
420
422
422
426
425
425
430
430
433
433
433
433
435
438
439
442
440
441
440
440
440
439
438
439
440
438
437
438
437
437
439
441
442
443
441
435
436
437
437
435
437
438
439
439
438
436
435
437
438
438
439
441
440
442
444
447
444
441
442
441
443
446
447
447
449
445
444
445
446
447
445
442
441
440
438
438
440
440
438
439
438
440
438
441
438
439
437
437
435
433
433
436
434
437
440
440
442
442
440
442
439
439
439
435
435
437
436
437
434
434
435
432
432
433
436
435
431
431
436
436
436
437
439
440
438
437
440
442
442
442
439
437
436
438
441
441
443
442
441
441
442
442
444
445
446
446
445
445
445
446
447
450
452
449
452
451
450
450
450
452
451
453
453
454
452
455
451
452
451
453
455
455
453
449
447
448
446
448
450
450
451
452
448
450
450
452
452
453
451
449
448
449
450
449
447
447
446
447
449
449
450
447
447
447
448
449
450
447
448
448
449
448
448
447
446
447
449
451
453
451
452
450
452
451
451
453
453
452
453
452
454
454
456
457
458
459
457
457
456
455
459
458
459
458
460
461
463
464
464
463
465
460
461
459
459
460
461
459
459
459
463
457
458
460
462
462
461
461
463
464
463
463
461
461
463
465
467
465
466
465
464
465
468
466
462
464
463
464
461
462
463
465
466
458
458
458
459
459
461
461
463
463
465
467
464
460
459
457
463
460
460
460
457
458
462
467
466
469
472
470
463
463
461
460
462
463
469
468
471
469
471
472
469
468
469
470
473
466
467
467
466
467
469
466
467
467
465
465
463
465
466
466
463
464
464
463
464
462
464
465
466
467
465
468
468
468
469
470
468
468
466
464
462
464
468
467
470
471
472
471
472
468
468
468
470
473
472
474
474
472
473
473
473
475
477
479
481
483
478
478
479
477
477
479
480
479
478
481
482
478
475
475
476
474
476
474
478
478
481
478
477
477
478
476
476
473
471
472
475
477
479
475
476
473
475
479
484
481
483
484
482
478
478
480
476
474
472
473
473
477
477
475
475
473
476
477
472
472
474
472
470
472
473
475
475
479
479
476
478
479
479
478
479
480
477
479
478
478
474
475
478
479
476
479
479
484
484
484
481
479
481
480
479
484
486
487
484
483
476
474
473
474
476
477
476
476
476
472
473
470
469
468
471
473
473
475
473
472
476
479
474
476
476
478
478
476
477
478
477
478
480
479
478
481
481
486
485
484
480
481
483
483
481
484
485
484
489
483
483
486
485
484
484
483
480
482
480
481
481
482
481
479
480
480
482
485
486
489
483
484
488
485
488
488
485
485
486
487
485
486
483
483
484
483
483
489
490
492
490
488
491
492
492
491
488
489
487
488
490
493
491
488
485
487
489
492
491
491
490
492
494
491
487
488
489
493
492
492
490
485
485
486
482
481
483
482
481
481
482
478
478
481
480
480
477
473
471
471
470
469
470
469
469
471
472
474
474
470
474
478
475
476
478
478
479
477
476
477
477
479
481
477
479
478
478
476
477
478
477
476
475
476
472
473
474
474
476
476
474
470
469
470
469
472
473
473
473
472
472
474
475
475
476
478
476
475
475
472
473
474
473
473
478
477
474
476
476
475
474
473
473
474
473
473
472
470
471
470
471
473
472
472
473
474
475
471
472
473
475
473
472
473
472
476
477
479
478
478
476
477
476
478
478
478
477
479
477
476
476
476
478
477
476
479
475
475
476
478
476
473
474
473
473
473
474
475
477
478
480
484
483
481
482
481
479
480
480
483
479
479
477
475
475
476
472
470
472
473
475
479
482
482
479
480
479
479
478
473
473
475
475
476
475
479
477
478
481
483
481
482
479
481
479
482
485
488
488
489
489
488
488
487
483
485
484
486
486
489
490
490
490
491
491
493
490
488
489
489
489
489
491
492
491
488
489
484
485
487
486
487
485
484
485
485
487
486
488
489
488
491
490
491
486
486
486
487
484
483
483
484
484
486
488
491
496
496
494
493
490
489
486
488
485
485
485
483
485
483
486
484
482
485
484
485
486
486
484
484
483
483
485
486
486
489
487
487
484
482
480
483
484
490
489
490
488
491
487
490
491
496
493
490
492
489
487
485
484
484
485
486
487
488
488
487
485
486
484
484
487
488
487
487
485
485
484
484
487
488
485
484
486
486
486
485
487
490
491
490
490
490
493
493
492
496
490
493
494
498
496
496
498
502
499
500
500
498
499
499
500
497
496
496
499
500
500
500
499
502
508
506
504
504
504
506
505
508
510
511
509
506
507
504
502
496
498
495
495
497
502
499
502
501
502
501
503
502
504
501
499
498
498
500
502
501
500
500
495
497
495
494
496
495
496
495
496
496
494
492
492
494
492
491
490
490
489
490
490
492
490
492
491
490
491
492
492
492
494
498
498
499
499
499
498
498
497
496
495
494
498
497
491
490
492
493
493
492
492
494
494
496
497
498
496
493
496
497
499
499
496
495
493
491
490
487
490
491
494
495
492
492
494
492
492
491
495
494
498
497
494
496
496
493
493
490
489
491
493
495
493
491
490
490
492
494
494
495
494
494
494
497
497
499
501
499
501
503
503
502
501
501
500
500
497
499
496
492
486
488
485
486
489
491
489
489
491
489
490
488
486
485
482
481
479
480
478
478
476
477
477
480
480
476
479
478
478
479
481
481
479
482
482
484
484
480
483
479
478
477
477
479
478
477
476
476
477
476
477
478
478
479
477
478
476
477
477
478
482
483
485
488
486
488
489
489
491
490
494
498
500
500
499
501
501
500
500
498
499
497
496
493
494
493
494
495
494
493
493
491
493
492
491
490
490
491
492
493
492
493
494
493
491
493
496
495
495
497
498
496
494
493
491
488
488
491
494
496
497
495
499
500
500
495
494
490
492
491
488
489
488
486
486
487
486
487
489
489
486
486
486
485
487
487
481
482
480
483
485
486
485
485
486
486
485
484
486
488
489
492
492
489
490
490
489
493
493
496
494
487
485
484
481
480
482
479
477
478
476
475
477
476
479
480
481
479
478
472
472
471
470
475
475
472
473
469
470
466
465
467
471
474
475
475
473
473
473
474
470
469
469
468
468
472
471
471
472
468
470
468
467
468
463
464
461
461
461
464
462
464
463
463
463
462
466
470
471
471
470
470
474
473
475
471
473
474
477
477
479
479
480
475
473
476
477
478
478
477
475
476
478
478
477
476
478
478
474
471
469
471
473
475
474
469
467
467
474
475
475
478
480
477
476
475
477
479
479
481
478
477
478
481
481
481
481
481
483
480
479
480
482
480
482
481
480
483
483
483
484
484
484
483
483
482
484
486
491
489
492
491
491
493
489
491
493
490
486
486
487
485
486
489
488
487
489
489
488
488
485
487
487
486
487
487
490
488
488
491
490
489
489
491
491
493
488
488
487
486
486
487
488
486
484
481
482
483
482
480
481
484
486
487
489
487
489
489
489
490
489
489
485
484
489
487
489
486
486
486
484
485
488
490
492
493
492
494
495
494
495
495
497
494
492
492
488
488
489
485
488
490
493
492
493
492
497
497
496
495
498
499
500
499
497
493
495
496
500
495
499
497
501
501
499
500
502
506
508
509
510
508
507
504
504
504
503
501
498
502
502
503
498
499
500
498
497
494
493
492
493
494
499
499
498
498
498
501
500
502
501
501
502
501
502
500
498
500
500
503
503
504
502
502
498
501
499
499
498
499
498
502
501
499
500
498
500
499
501
498
499
502
504
504
509
510
508
511
510
512
513
515
512
512
511
511
511
510
510
510
508
508
506
505
506
506
506
504
504
502
501
501
500
500
498
497
495
498
499
501
498
497
500
501
498
501
503
503
503
500
501
502
503
504
504
505
506
504
502
502
499
501
500
501
497
498
499
500
499
499
499
497
498
498
498
499
496
496
499
497
494
495
493
493
495
498
498
500
502
501
500
501
503
504
505
503
503
500
503
503
505
507
507
506
504
505
506
505
505
504
504
503
503
507
504
505
504
504
505
505
504
506
506
507
509
511
510
509
514
516
511
510
511
511
508
508
508
508
511
511
510
505
505
506
506
508
507
505
506
508
504
503
504
505
509
508
506
507
505
502
502
506
508
505
509
509
513
512
514
513
511
510
509
511
513
513
514
515
516
512
514
510
507
508
515
513
514
516
518
517
516
517
520
518
521
522
521
522
524
525
527
525
520
522
522
522
522
523
523
522
518
519
520
520
520
521
520
522
521
522
521
519
520
520
524
523
521
527
524
521
521
519
521
520
520
520
520
516
515
516
519
519
516
517
515
516
514
516
515
516
514
515
515
515
515
516
516
518
519
520
521
521
522
520
522
520
519
519
518
517
516
511
514
511
514
512
512
509
509
506
508
511
515
518
515
517
521
519
521
521
522
521
521
521
517
518
519
519
517
516
518
521
525
526
527
525
523
526
528
526
532
528
527
531
531
529
529
530
529
530
531
531
531
532
531
532
534
536
538
537
535
531
527
527
530
530
531
533
534
533
531
533
532
530
532
531
530
529
529
522
521
525
522
521
522
524
523
525
524
525
526
529
531
532
530
524
523
527
527
529
527
527
527
527
524
525
525
520
521
520
523
522
520
520
522
522
523
523
522
528
528
527
526
527
528
529
530
528
527
528
528
531
533
529
533
534
535
534
531
533
531
529
533
537
537
537
536
536
535
533
531
529
531
533
536
541
542
541
541
540
541
539
535
535
535
533
533
533
535
534
533
530
533
537
539
536
536
537
537
536
536
533
531
532
529
530
528
531
531
532
532
533
533
529
530
530
531
534
534
535
532
529
528
527
530
529
528
529
532
533
534
538
533
534
533
533
529
528
527
525
525
527
528
529
530
527
526
529
528
533
535
538
537
533
533
534
537
540
543
542
544
543
541
544
538
536
534
534
534
535
533
534
531
532
532
533
533
531
530
531
533
531
530
533
532
533
536
535
540
540
546
545
543
548
545
546
549
546
543
543
542
539
535
536
536
536
535
536
538
537
537
541
541
542
545
543
541
537
540
542
538
534
533
533
535
538
536
541
545
543
543
540
537
537
535
538
534
530
530
531
531
532
533
535
536
538
536
535
536
535
535
538
536
532
536
538
537
535
533
534
533
533
530
534
532
531
534
536
530
532
535
530
528
530
535
533
527
524
522
524
522
522
524
526
526
526
524
521
523
522
522
524
524
522
521
522
522
524
526
527
535
537
540
537
538
538
540
536
537
536
535
535
538
535
534
533
535
528
529
529
532
529
530
531
530
530
529
527
525
520
519
517
520
518
517
518
523
520
525
524
523
520
519
517
518
517
516
516
518
518
517
517
519
521
519
520
518
517
517
519
516
516
518
517
518
520
520
525
524
522
524
526
527
527
530
533
531
532
532
534
536
538
536
538
537
534
535
532
535
535
538
537
535
537
539
539
543
540
537
534
533
537
532
533
530
528
529
529
532
533
534
537
538
537
539
538
541
539
539
541
542
543
547
547
542
544
545
544
542
543
542
548
544
543
543
542
543
540
537
537
536
535
535
534
532
534
538
541
539
538
540
537
534
535
532
530
528
524
523
523
524
525
525
523
524
523
523
524
525
527
526
527
524
526
524
523
521
523
521
520
521
523
522
523
521
523
527
529
527
527
528
527
526
529
530
531
533
529
530
532
535
534
533
530
530
528
530
527
528
528
532
533
531
533
528
528
529
532
529
532
531
533
534
535
531
531
533
535
534
540
539
539
537
538
538
538
540
538
540
538
541
541
540
540
538
539
539
540
538
538
538
536
537
537
533
533
535
537
533
532
531
532
531
532
529
526
528
528
527
527
527
528
530
531
532
535
537
537
537
537
534
531
534
530
527
527
524
524
524
525
526
528
526
522
520
517
520
517
515
513
516
516
519
521
520
524
523
523
525
524
527
530
529
529
525
526
525
526
527
523
524
522
520
521
522
521
521
522
522
523
521
521
524
522
525
525
523
523
522
522
521
521
522
523
522
525
526
524
523
526
531
532
530
533
537
538
536
536
537
536
540
537
537
539
537
537
537
537
537
533
538
537
537
539
540
537
541
541
540
538
539
539
539
540
537
540
542
542
539
541
542
542
541
538
537
535
537
539
536
534
536
539
534
531
529
528
529
531
531
531
534
531
530
529
527
530
536
536
533
534
533
534
536
537
535
532
533
533
528
528
530
533
534
536
539
539
538
539
541
538
537
541
536
535
535
536
539
534
535
531
532
533
532
532
532
533
533
532
531
530
530
531
530
530
530
526
525
527
528
527
526
523
522
522
525
524
525
534
534
532
537
536
539
542
540
541
542
538
537
539
537
539
535
534
533
536
537
536
537
534
532
535
532
532
533
532
531
530
530
526
526
526
523
524
523
525
524
525
527
526
526
528
531
531
528
529
525
525
526
522
521
521
522
519
519
516
516
514
513
514
516
522
520
521
525
527
524
526
524
521
524
522
524
521
525
523
522
518
521
519
526
526
526
528
527
527
527
526
527
525
528
527
526
523
527
527
529
526
525
525
527
525
524
523
526
520
520
521
520
523
524
525
522
521
522
520
518
517
517
517
519
518
516
518
519
522
525
529
530
535
532
531
532
534
531
530
529
531
528
523
523
523
520
524
523
524
525
525
526
524
523
526
528
530
527
526
526
523
523
522
527
525
526
531
536
539
538
539
539
539
540
542
541
537
538
540
537
537
541
541
539
537
540
542
543
541
541
540
542
537
533
535
538
538
537
536
538
538
539
542
540
542
542
541
540
541
541
540
538
534
534
531
530
531
533
532
535
538
537
535
533
533
533
533
533
534
538
540
543
540
541
537
534
536
538
541
544
540
539
534
535
538
538
542
542
540
536
540
539
538
535
535
536
539
539
541
542
543
542
536
538
536
537
538
538
538
538
539
540
539
538
543
539
541
543
544
545
545
545
550
551
550
552
547
546
543
542
543
543
541
543
542
543
542
542
542
540
538
539
541
538
536
538
539
539
541
535
535
538
535
537
537
538
537
533
533
533
535
534
532
533
531
533
534
530
529
528
529
527
528
530
532
529
529
530
534
532
534
538
538
537
536
533
534
535
533
534
537
540
538
538
533
532
534
533
532
532
536
534
535
535
534
532
531
533
535
538
539
536
536
535
536
535
539
541
542
539
542
545
546
546
549
545
544
542
539
540
541
540
537
539
540
542
544
542
542
544
545
546
550
550
552
551
551
551
555
552
546
544
543
545
547
546
549
549
553
551
552
553
554
556
554
554
558
558
555
556
557
557
562
564
563
566
565
563
562
562
557
559
561
559
555
553
552
550
552
552
557
556
554
552
555
556
557
561
563
564
566
565
566
566
565
566
569
570
569
569
568
564
562
563
568
565
566
567
567
567
564
563
567
568
566
565
564
566
565
564
563
563
563
563
569
570
569
566
564
562
567
568
567
568
567
564
562
561
561
558
563
562
560
559
557
559
562
569
567
565
560
561
558
559
558
557
557
555
556
555
557
557
556
557
558
562
558
559
560
560
562
562
563
564
565
569
569
567
563
566
565
566
561
561
559
557
557
556
556
556
558
555
555
555
556
558
558
557
558
554
554
556
556
557
562
562
563
563
565
563
562
566
568
565
567
570
570
569
566
566
566
562
562
563
558
561
559
561
560
560
561
560
562
567
568
566
564
567
567
566
568
566
567
567
568
567
569
565
564
566
562
563
560
560
560
560
559
558
558
559
557
552
552
554
555
557
557
554
553
557
557
557
558
563
562
561
559
560
557
559
561
561
562
565
570
572
567
563
561
555
557
556
559
557
560
558
558
557
556
556
556
555
554
552
553
552
548
545
549
553
554
549
552
553
556
559
559
559
561
559
559
557
555
556
554
556
557
563
564
563
564
563
564
561
558
558
557
564
564
566
567
565
566
567
568
564
564
563
564
566
564
564
569
569
568
569
569
568
569
570
570
570
571
575
576
577
580
580
575
581
582
578
579
578
572
572
572
572
574
573
573
573
573
571
571
570
568
567
568
565
562
561
561
561
562
561
564
562
563
564
566
562
561
559
561
563
563
562
564
568
569
570
573
569
572
573
572
576
575
578
580
580
578
582
582
583
584
585
582
583
583
585
582
582
579
576
576
573
574
575
576
574
574
576
578
577
578
577
575
576
577
574
572
574
575
574
572
574
576
581
580
581
577
577
574
574
573
571
573
573
572
569
569
568
569
573
571
566
566
564
567
572
572
571
570
568
569
569
571
574
574
575
573
578
581
586
585
584
589
591
592
587
590
589
591
591
584
586
587
591
589
586
588
591
592
591
592
594
595
593
595
598
593
592
594
595
595
597
595
593
595
596
598
599
598
598
599
598
596
596
595
596
596
596
592
594
596
596
593
595
598
603
599
599
602
601
603
606
605
600
594
594
594
594
597
596
598
594
599
600
599
599
601
599
598
603
602
601
601
603
604
604
603
607
606
605
607
605
604
603
604
601
595
595
597
602
602
605
604
607
608
605
608
607
605
606
607
606
606
605
604
605
607
609
609
610
606
611
614
615
615
612
611
616
616
615
612
612
612
614
607
610
609
607
609
610
612
610
613
614
615
616
613
610
610
607
606
600
602
603
600
600
599
604
601
601
601
596
597
598
602
599
599
600
601
599
599
597
592
593
595
595
593
593
593
591
592
591
593
592
592
589
589
588
592
594
593
595
595
595
598
599
596
594
595
599
