0.0009317241379310344 0.0006586206896551723
300
295
286
279
272
266
262
258
255
255
254
252
249
249
245
245
242
236
234
234
232
231
231
228
228
228
227
228
227
226
222
220
221
220
222
222
222
219
220
219
221
220
221
220
219
219
218
219
216
218
220
220
220
218
216
216
216
218
219
220
221
221
221
217
218
216
216
214
212
212
210
209
208
208
211
213
211
211
209
208
208
208
207
204
205
206
208
209
209
209
211
211
210
209
209
208
209
209
207
207
207
207
207
206
207
208
208
211
211
213
209
206
207
207
206
206
204
203
202
202
202
201
202
205
205
205
205
207
207
204
206
205
203
205
204
204
202
202
204
205
203
203
200
201
202
201
202
201
201
202
201
201
203
204
202
200
199
201
199
199
200
201
201
200
199
200
201
202
202
200
198
198
200
201
200
201
200
199
199
200
201
202
204
205
208
209
208
206
204
204
204
205
206
205
204
206
206
208
205
204
203
201
200
200
201
199
199
198
198
198
200
200
199
199
199
200
198
199
199
199
200
199
199
200
200
202
202
201
200
200
202
205
206
208
206
204
204
205
203
203
201
201
201
201
202
203
205
206
206
206
206
205
208
208
210
210
209
210
207
207
205
205
205
203
204
206
206
204
204
203
202
203
201
202
202
205
205
206
207
206
206
205
206
206
205
203
203
203
204
205
203
203
204
204
204
205
208
210
211
212
212
210
210
207
207
207
207
209
209
210
211
210
208
208
208
209
210
210
210
210
207
206
206
204
205
206
203
204
207
207
204
205
206
205
206
205
209
208
207
205
206
204
204
203
203
203
207
206
205
204
203
203
199
199
201
198
199
201
201
201
204
205
205
203
203
202
201
203
204
202
203
204
203
205
204
202
201
200
200
198
196
196
196
196
196
196
196
196
195
196
192
192
195
196
196
197
197
196
196
196
195
195
196
197
199
198
195
195
196
196
196
199
196
198
198
200
199
198
198
199
197
196
196
198
197
197
196
192
194
195
196
196
196
196
195
196
199
199
198
198
198
198
197
197
196
196
196
195
193
191
192
192
192
192
192
193
193
191
190
191
192
193
193
193
194
194
191
192
192
193
193
194
192
191
192
193
191
190
191
193
193
193
194
195
194
196
196
199
199
198
196
196
195
195
194
195
195
195
197
195
200
200
201
197
196
195
192
193
192
191
191
191
191
193
192
191
191
194
196
195
195
193
192
190
192
191
191
192
191
191
191
193
193
192
192
193
193
192
191
192
193
195
193
194
195
197
198
200
200
200
199
199
200
201
202
199
198
198
198
199
197
199
199
202
199
199
198
199
199
200
196
197
197
197
197
193
193
193
193
192
192
192
193
193
194
193
193
191
193
193
193
192
194
193
195
196
196
195
196
197
197
198
199
198
196
194
193
193
192
194
192
191
195
193
193
193
191
191
194
195
195
195
195
195
193
192
193
193
193
194
193
195
195
195
195
193
193
192
192
192
192
192
191
191
192
191
191
191
191
190
189
190
188
189
190
190
192
192
193
193
192
192
194
194
193
194
194
193
194
195
194
193
193
193
190
189
189
191
195
193
192
192
190
190
192
191
190
190
190
190
190
190
191
191
192
193
191
192
193
192
193
193
194
194
193
193
193
193
192
191
192
192
192
190
190
191
191
190
189
187
186
187
186
185
185
186
186
184
183
182
181
182
183
183
183
186
187
187
188
188
187
187
187
187
186
186
186
187
187
188
187
187
186
186
186
187
187
189
190
189
190
189
190
189
189
189
190
188
189
189
192
192
192
192
191
192
192
190
190
188
191
189
188
188
187
186
189
190
190
190
189
190
190
192
192
192
192
191
190
191
190
191
191
191
188
190
188
187
187
186
184
184
185
186
187
186
186
187
186
186
189
189
189
189
189
189
189
187
189
189
189
190
190
189
189
190
193
193
191
190
190
189
189
190
190
190
190
192
191
189
189
190
191
190
191
190
190
189
188
186
189
192
191
192
194
191
190
192
193
193
193
193
193
192
193
194
192
195
195
193
194
192
193
192
193
193
191
191
192
191
191
191
191
190
189
191
192
193
193
194
195
197
195
197
197
196
197
197
195
194
193
193
193
193
193
193
193
194
195
196
196
196
195
194
193
194
194
198
197
196
196
193
191
191
191
192
192
189
190
191
191
192
189
188
187
188
189
189
189
187
187
191
191
193
195
195
192
193
193
191
189
188
192
192
191
193
194
194
195
194
195
194
193
193
193
192
192
192
191
189
189
191
190
188
188
188
188
188
190
191
192
192
191
191
188
187
188
186
184
186
188
189
188
188
189
188
187
188
188
189
186
186
185
186
186
187
186
187
188
186
184
183
183
181
179
180
179
182
182
181
181
181
180
179
181
182
183
184
187
185
182
181
180
180
181
183
185
187
189
190
189
186
186
185
185
184
184
186
186
182
183
182
182
182
182
182
181
182
182
181
182
180
180
178
178
177
177
176
175
175
175
176
178
179
180
180
181
182
181
181
179
177
177
177
177
177
178
179
180
180
178
178
177
175
175
176
177
177
177
177
178
180
180
177
179
178
179
179
178
176
174
173
173
174
174
174
172
173
174
176
177
177
175
175
175
175
174
174
175
175
175
175
177
179
177
177
176
173
173
174
175
176
175
175
175
175
175
173
176
176
177
174
171
170
171
171
171
171
170
170
168
168
167
166
166
167
167
166
167
166
166
166
165
165
164
164
165
165
166
166
166
166
165
166
166
167
167
168
170
170
170
168
168
167
168
168
171
170
169
167
168
168
168
169
170
170
170
170
170
169
170
171
170
170
171
173
171
170
168
167
168
170
170
169
169
169
170
173
173
172
172
172
172
172
172
172
171
172
171
172
174
173
171
170
171
172
170
170
171
172
175
174
173
174
174
172
172
170
169
169
169
169
168
169
169
168
167
169
170
172
170
172
172
172
173
172
173
172
173
173
172
171
171
171
170
169
168
170
171
172
172
172
172
172
172
171
170
170
170
173
172
171
169
168
168
168
169
169
170
169
168
169
169
168
167
168
169
169
170
170
170
169
170
172
173
176
175
175
173
174
175
176
176
177
178
175
173
172
172
171
170
172
171
172
173
175
175
175
174
175
176
178
179
179
176
176
176
175
175
174
174
175
177
179
178
178
177
177
177
178
179
180
180
180
180
178
176
176
176
175
176
177
177
179
179
178
177
178
178
177
178
178
179
179
177
177
177
178
181
181
181
180
181
181
182
181
182
182
181
180
178
179
180
179
178
178
176
176
176
177
179
178
177
177
177
175
176
178
176
176
178
181
182
180
181
179
179
178
180
178
180
180
178
178
178
179
180
181
182
178
178
178
179
180
180
181
179
179
179
179
178
179
179
179
179
178
179
178
178
179
180
181
180
180
180
180
180
180
180
179
179
177
175
175
175
174
174
174
173
173
174
175
174
173
173
174
174
175
175
175
175
175
175
175
175
176
177
176
176
177
177
177
177
177
176
176
178
180
180
179
179
178
177
174
174
175
176
175
173
174
179
176
175
175
178
177
177
179
179
179
180
180
183
181
181
182
179
180
181
182
180
179
179
179
179
181
181
184
185
182
182
183
181
180
179
179
179
178
179
178
177
176
177
176
176
174
174
176
174
173
172
169
169
169
170
170
169
170
170
169
169
170
171
170
167
168
168
168
167
169
171
170
170
170
168
167
168
166
164
164
163
163
163
163
163
163
162
164
164
163
163
164
165
166
169
170
169
171
170
170
172
170
168
167
171
170
169
168
167
167
168
168
169
168
167
168
167
168
170
170
168
166
167
167
169
168
169
168
168
166
169
168
167
168
170
170
170
170
172
171
172
172
172
172
172
173
174
173
173
173
172
171
171
172
173
173
174
175
173
174
174
174
173
173
173
171
172
171
172
169
168
166
166
166
166
167
168
169
170
169
167
167
166
165
166
165
166
165
166
165
167
168
169
169
171
170
169
168
169
169
170
170
170
170
169
169
168
168
167
167
168
168
168
166
166
166
168
167
165
165
165
164
161
161
160
161
160
160
160
161
161
161
162
164
164
164
164
164
165
165
166
167
168
168
169
171
170
171
172
173
174
176
176
176
178
177
174
173
173
173
174
175
174
173
170
169
168
169
169
171
172
171
173
172
172
171
170
172
170
169
167
167
166
167
165
165
165
165
164
165
165
164
166
166
168
170
170
170
170
173
173
174
173
174
173
172
172
172
171
170
171
170
170
167
167
166
169
168
165
165
167
166
166
166
165
167
164
164
165
166
166
166
166
167
166
166
166
166
166
164
163
163
164
162
163
164
164
163
163
165
165
166
168
170
170
171
168
167
167
168
168
168
169
172
172
172
171
170
170
170
171
172
174
173
173
174
173
171
173
173
171
171
171
172
172
173
172
174
173
172
173
173
171
170
170
172
173
175
178
179
179
180
177
175
175
175
175
175
174
173
175
174
173
174
174
172
173
173
175
175
177
177
176
174
176
177
178
177
175
174
173
172
172
173
172
173
172
173
173
174
174
173
171
174
176
176
175
176
173
172
171
171
173
173
174
172
172
168
167
167
165
166
166
167
164
163
161
162
163
162
163
162
163
166
166
164
161
160
159
158
159
160
161
160
161
162
161
161
161
163
162
162
161
159
159
159
160
159
160
160
161
162
162
163
163
164
164
164
164
166
165
165
164
162
161
161
163
159
159
160
159
160
163
164
161
161
159
159
159
159
158
157
156
155
156
155
156
157
157
155
155
156
155
156
157
158
160
160
162
161
160
160
160
159
160
161
161
159
156
156
157
157
159
158
156
158
158
158
157
159
160
161
161
160
162
162
165
165
166
164
164
165
165
164
162
162
164
165
163
163
164
166
165
163
163
163
162
163
162
161
161
162
162
163
164
163
162
162
161
161
160
161
161
161
162
162
162
162
160
160
160
159
159
160
161
161
161
163
163
160
160
160
160
161
160
159
158
155
157
158
158
158
159
158
158
158
158
159
158
160
160
159
157
157
157
157
160
161
161
161
161
162
163
163
164
163
162
162
160
160
158
156
158
159
157
158
157
155
156
155
155
155
155
154
153
153
153
156
155
155
155
154
152
153
152
151
152
153
155
154
154
154
155
154
153
152
152
153
153
153
152
150
150
152
152
152
153
156
156
157
158
158
159
159
157
157
157
158
158
156
155
157
159
157
157
158
157
155
154
153
151
151
151
151
151
153
153
154
154
153
153
154
155
156
156
156
158
158
158
158
158
158
158
155
154
153
153
153
151
150
148
149
148
148
149
149
149
149
150
151
151
151
149
149
149
150
150
150
152
150
150
149
150
152
152
152
151
152
152
151
153
153
153
152
152
152
152
152
152
155
154
156
155
155
155
156
156
154
154
152
151
151
147
147
147
146
147
147
149
149
150
149
149
149
149
149
149
149
149
150
150
151
150
149
150
150
148
147
147
147
146
146
146
149
150
151
151
152
154
154
154
155
155
156
155
155
154
154
155
154
153
154
155
154
155
153
154
154
152
149
148
150
149
149
150
150
150
151
151
152
151
150
150
149
149
149
148
148
147
148
147
148
148
148
147
147
149
149
150
151
152
152
152
150
151
153
153
153
153
152
152
152
155
154
153
152
153
151
151
150
150
150
150
149
148
149
149
149
147
147
147
147
147
147
147
147
148
147
147
147
148
149
150
150
150
150
151
152
149
148
149
150
152
152
151
149
149
149
149
149
149
149
150
148
148
148
149
149
148
148
148
148
148
148
148
149
149
148
148
149
152
154
153
153
153
151
151
149
150
151
149
148
148
151
151
150
153
152
152
154
154
155
155
156
156
156
157
156
155
155
153
153
152
151
150
151
149
149
150
152
152
150
151
153
154
155
156
156
156
153
153
154
155
154
154
154
155
155
152
153
151
151
152
151
151
150
150
150
150
152
152
151
152
152
152
154
154
156
153
152
149
151
151
153
153
153
153
152
153
153
154
155
156
153
152
153
153
153
153
154
153
155
156
158
158
158
156
156
157
158
158
158
156
156
158
158
156
159
159
159
161
161
159
156
158
159
160
159
158
158
158
156
155
153
153
153
152
151
151
149
151
152
152
153
153
154
153
154
152
152
151
151
153
154
154
154
155
154
154
154
156
157
157
156
156
157
156
156
155
156
158
160
161
160
158
159
159
158
158
158
160
159
158
158
159
157
157
158
159
157
158
158
160
162
161
160
160
157
159
160
160
159
156
156
155
159
160
158
161
161
159
158
158
157
156
155
153
153
154
154
153
154
154
152
152
154
154
154
152
150
151
151
152
154
150
151
150
150
150
150
152
151
150
150
151
151
151
152
153
151
151
152
155
156
154
156
155
156
156
155
155
157
156
155
155
155
154
154
152
151
151
152
152
152
153
153
152
151
151
153
154
153
154
156
156
155
152
152
152
153
154
155
155
153
153
154
156
156
156
157
156
156
157
159
156
156
155
155
152
150
151
150
150
149
149
148
148
149
150
151
150
149
147
147
147
148
147
146
146
147
146
148
147
147
148
149
150
150
150
148
148
148
148
147
147
147
148
148
147
147
147
147
147
147
149
149
150
150
149
150
150
149
149
149
149
149
149
149
150
150
147
146
147
149
150
150
150
148
149
150
151
152
152
151
153
154
154
154
155
154
156
155
153
152
152
152
151
151
152
152
152
152
150
150
150
149
148
148
149
149
148
148
149
148
150
151
152
152
152
150
151
152
153
153
153
154
155
153
153
153
155
157
158
160
161
160
161
159
158
157
157
157
156
155
155
156
155
155
154
154
155
155
155
156
154
155
155
154
153
153
154
152
152
152
150
152
152
151
152
152
153
150
148
148
148
147
147
146
146
147
148
147
147
147
147
148
147
147
146
146
146
146
146
146
145
147
146
146
146
146
145
146
147
149
149
151
151
149
150
149
147
147
149
150
148
148
150
149
147
147
147
147
148
150
150
150
149
147
147
146
145
144
143
144
144
144
145
144
143
144
142
143
144
144
144
144
143
143
143
144
144
143
145
147
148
148
147
147
147
147
147
149
148
148
148
147
147
147
149
147
147
147
149
150
150
150
150
150
149
150
150
150
151
151
153
153
154
154
153
152
152
152
151
151
150
150
151
150
150
150
150
151
152
150
150
150
151
152
153
152
151
151
150
151
150
150
150
149
150
150
153
152
151
152
152
151
152
153
152
151
151
150
150
151
151
151
152
152
152
153
153
153
153
153
153
153
154
153
153
152
152
151
150
150
151
151
150
149
149
148
149
148
147
147
149
150
149
149
149
150
149
149
149
149
150
149
151
150
151
151
150
149
148
149
149
147
148
148
147
146
148
149
147
147
148
147
149
150
150
151
152
151
148
148
148
147
146
144
144
145
148
148
148
148
150
150
150
152
151
150
151
152
151
151
151
151
153
153
153
153
153
153
152
152
152
153
155
153
153
153
153
154
158
154
154
154
152
153
155
154
154
152
152
151
151
152
151
150
151
150
149
151
149
149
149
150
150
150
148
147
148
149
151
150
152
153
152
152
152
150
151
151
149
150
152
150
152
147
148
147
146
147
147
148
148
149
150
150
149
150
150
151
151
147
146
146
147
146
147
147
147
145
146
146
147
148
149
149
148
145
145
145
147
148
146
148
150
152
151
151
150
149
148
149
151
149
150
153
153
150
148
147
146
147
149
149
148
148
148
149
149
149
148
149
149
148
149
149
151
150
151
150
150
149
149
148
146
146
148
148
148
147
146
148
148
148
147
146
145
145
145
145
146
145
146
146
146
147
148
149
148
148
148
148
149
149
150
149
148
147
147
147
147
147
147
149
149
151
152
153
154
154
153
152
156
155
153
153
152
150
152
150
150
149
149
147
147
149
151
148
147
145
144
145
144
146
147
147
147
146
146
145
145
147
147
146
145
148
149
147
148
148
147
147
147
147
148
149
148
149
148
148
148
148
147
147
146
147
147
146
146
147
145
145
145
145
145
146
146
144
143
143
142
143
143
143
144
144
143
144
145
144
142
141
141
141
142
141
141
142
142
142
141
141
141
141
142
142
142
142
141
144
144
145
144
145
145
147
147
146
147
147
146
146
146
145
146
147
149
148
148
148
149
149
150
151
153
154
156
156
154
154
152
153
152
152
150
149
150
153
153
152
153
154
152
152
150
151
150
151
150
151
150
150
148
149
150
149
148
148
146
147
148
147
148
147
147
147
146
146
144
145
145
144
144
145
145
146
148
147
147
147
148
148
147
147
147
146
147
148
149
148
148
148
148
147
148
147
148
148
148
148
147
149
150
148
146
145
145
145
147
148
149
148
148
148
148
148
150
150
150
150
150
151
151
150
148
150
154
154
155
154
154
154
155
155
157
156
156
156
156
156
153
150
149
148
150
148
147
147
146
146
146
146
145
145
145
146
145
144
146
147
148
149
148
148
149
149
149
149
148
148
146
146
148
148
149
150
149
149
149
148
148
148
148
150
149
149
149
149
149
149
149
150
150
149
148
147
148
149
150
150
151
154
156
156
155
154
157
157
156
155
156
154
153
153
152
153
152
152
152
154
153
154
154
152
153
156
159
159
159
159
156
154
153
152
150
148
147
149
151
151
151
149
149
149
150
149
151
151
150
150
149
150
149
149
147
149
149
149
147
148
148
149
148
148
149
148
149
148
145
146
145
144
145
146
146
148
149
149
149
149
149
146
145
145
144
145
146
146
147
149
149
149
149
150
153
154
154
155
154
153
153
154
154
154
152
151
151
149
150
150
152
150
150
150
150
151
151
152
152
152
152
151
151
151
152
150
149
146
145
144
143
143
141
141
141
140
140
140
141
141
143
144
145
144
144
145
144
144
145
146
145
144
145
146
144
143
142
142
142
142
141
142
141
142
141
141
141
140
140
140
140
143
143
146
145
144
144
144
143
142
142
144
146
144
144
143
142
143
143
144
144
144
143
144
145
145
145
144
144
145
145
145
144
145
143
144
143
142
142
143
142
142
142
144
145
147
147
148
149
148
146
147
147
147
147
145
147
147
144
143
142
141
140
139
139
140
141
143
145
145
146
147
146
145
146
146
146
147
148
148
149
149
147
146
145
147
146
148
146
147
147
146
146
146
143
141
140
140
141
142
142
141
142
142
144
144
143
142
141
141
142
144
144
145
144
145
146
146
146
146
146
145
145
143
143
140
141
141
141
141
141
141
141
144
143
143
143
143
142
140
139
139
140
141
141
141
141
139
140
140
140
139
140
141
140
140
139
139
140
141
141
141
142
144
142
143
142
141
141
143
145
144
144
144
143
143
145
143
143
144
144
144
143
143
143
143
141
142
142
143
142
142
143
142
144
144
142
143
144
146
146
146
145
144
145
146
147
149
149
147
145
145
145
144
143
142
141
141
142
142
141
141
143
143
143
144
144
144
143
143
143
143
143
142
142
143
143
142
143
143
144
144
144
143
144
146
146
147
148
145
145
146
147
147
146
144
142
142
141
141
140
138
139
139
140
138
136
137
138
140
140
140
139
139
139
138
137
137
137
137
138
138
139
139
138
138
138
137
137
138
138
142
142
142
142
139
141
142
142
142
142
141
140
141
141
139
139
140
142
142
141
142
141
141
142
142
142
143
143
144
144
145
146
146
145
144
144
145
146
146
145
145
146
146
145
143
144
144
144
145
141
141
141
141
141
141
143
145
146
145
145
145
146
149
148
148
148
148
148
148
147
148
147
147
147
148
148
149
149
147
148
146
147
145
144
142
142
142
143
142
141
142
142
142
143
142
142
143
143
141
141
142
142
142
142
141
142
141
141
141
141
140
140
140
143
143
143
142
142
141
140
142
141
142
144
144
141
141
141
140
139
139
140
142
140
141
140
139
139
139
140
140
139
139
139
140
139
140
139
140
141
142
140
138
138
138
139
139
140
138
136
136
137
138
141
142
141
142
140
141
141
141
141
141
142
140
140
140
139
139
139
139
137
137
137
137
138
138
139
140
141
142
142
142
140
140
142
142
141
140
140
139
140
141
140
140
141
144
145
145
143
144
145
145
143
144
144
145
146
146
146
146
146
148
147
146
145
144
146
146
146
147
145
143
143
142
142
144
144
143
143
142
141
141
141
141
141
141
140
139
139
140
140
141
141
141
144
143
143
144
146
146
146
147
148
148
148
146
146
146
145
144
143
143
143
144
146
147
147
147
147
149
149
149
150
150
149
150
150
149
150
150
150
150
151
150
150
149
149
148
146
146
147
147
147
145
145
145
144
145
145
143
143
143
144
144
141
141
139
139
139
138
138
137
138
138
139
139
140
140
141
140
140
140
141
141
139
140
142
143
142
143
146
147
148
146
148
149
148
147
148
148
146
147
144
146
146
146
146
145
144
144
143
143
142
143
143
141
141
141
143
143
146
148
147
146
147
146
146
146
147
147
148
148
148
146
146
145
145
145
145
145
144
144
146
146
143
142
142
143
144
145
143
143
142
142
143
143
145
145
144
144
142
143
143
141
143
142
141
141
141
141
140
140
140
140
141
142
143
143
143
143
143
139
139
140
140
140
140
141
141
141
141
140
142
141
141
141
142
142
141
142
142
142
142
142
143
143
143
142
143
144
144
145
145
146
146
146
144
144
145
145
146
146
146
146
145
145
146
148
146
148
148
146
146
145
144
147
146
144
144
145
143
144
143
141
142
142
141
142
142
142
141
142
143
143
143
145
145
143
141
142
143
145
145
147
145
145
143
144
145
145
142
142
142
142
141
141
142
142
141
140
141
141
140
141
141
140
141
140
141
141
142
144
145
145
144
143
142
142
142
143
145
145
145
144
145
144
145
145
144
145
147
146
145
144
146
146
147
148
147
145
145
144
143
142
143
144
143
143
142
142
142
143
144
144
145
145
146
145
147
149
147
149
146
146
145
145
144
144
144
142
144
143
145
146
142
141
143
143
143
143
144
142
141
142
143
141
140
140
138
138
140
139
138
138
138
138
137
137
135
134
134
133
133
132
134
133
133
133
132
132
133
132
131
132
131
130
131
131
129
129
131
130
130
130
130
130
128
129
131
130
130
128
128
129
129
129
130
131
131
131
130
130
128
128
127
127
127
128
129
130
129
129
129
129
128
128
128
129
129
129
130
130
133
134
133
133
132
133
133
132
132
134
133
132
133
132
133
133
133
130
130
130
131
131
131
130
130
130
131
130
131
129
130
132
132
134
133
132
133
133
133
133
132
130
129
129
129
129
129
130
130
128
128
128
127
127
126
127
128
129
128
126
126
127
128
129
128
129
129
130
129
130
131
129
128
130
129
129
126
125
126
126
126
127
125
125
124
125
126
128
129
129
130
130
133
133
133
133
135
134
132
132
132
135
135
136
