0.0009658620689655174 0.00038551724137931035
300
295
288
284
278
275
274
273
269
271
268
262
263
264
262
262
260
259
255
255
255
254
255
255
256
256
254
254
256
261
260
262
263
263
264
265
265
264
263
262
263
262
260
260
261
261
261
260
256
255
251
250
250
252
250
250
253
254
254
254
254
255
257
257
255
256
255
255
255
255
257
257
256
256
254
256
258
257
256
256
257
257
257
257
259
261
260
262
261
262
262
262
262
265
266
264
266
267
267
267
268
268
271
272
273
271
272
270
271
272
272
271
272
276
275
275
277
278
278
279
280
280
279
277
274
276
279
280
280
278
277
278
281
283
284
284
285
287
287
287
285
285
283
285
286
288
291
289
288
288
288
287
286
287
286
284
282
283
283
284
286
288
287
289
288
288
289
289
290
291
290
290
288
288
285
286
287
285
285
284
284
286
286
288
289
288
288
289
289
291
291
293
293
293
295
297
298
298
296
296
300
301
299
298
298
298
299
298
297
298
297
297
296
297
297
296
296
300
298
300
299
299
301
302
302
302
301
304
301
302
303
302
298
299
299
299
302
301
300
300
300
300
302
300
300
303
304
305
305
305
307
308
307
304
304
305
304
304
304
306
306
306
304
306
308
306
305
304
306
308
307
307
307
308
311
308
308
309
307
307
308
310
310
307
307
308
307
308
308
307
307
308
307
307
308
308
308
309
312
310
309
309
308
308
310
309
309
308
309
310
311
309
315
311
311
311
312
310
311
313
311
312
311
310
311
312
310
308
306
308
309
314
312
309
310
312
313
314
312
315
313
311
310
312
313
312
310
309
309
310
311
311
309
309
309
308
309
309
309
309
310
311
311
310
310
310
309
309
310
312
313
315
316
318
318
319
318
317
316
316
317
316
318
319
319
319
321
322
325
325
325
325
324
323
325
327
324
324
325
326
324
326
326
328
328
327
331
334
333
334
335
333
333
336
337
336
337
336
339
338
337
338
340
340
339
337
337
337
336
337
336
336
335
338
341
341
342
344
343
344
342
341
345
345
342
341
339
339
342
344
344
343
344
345
344
342
345
343
344
345
345
346
348
345
349
347
347
342
341
341
341
339
335
335
338
338
336
336
336
333
334
334
336
339
340
341
340
341
341
341
343
344
346
344
345
347
344
345
346
346
347
347
348
348
348
352
354
353
354
356
356
355
356
355
352
352
352
352
354
352
353
352
352
354
355
354
352
351
350
349
348
345
345
346
345
345
346
348
349
346
348
349
347
349
349
350
350
346
347
346
344
345
346
346
346
347
346
345
342
343
342
345
345
346
346
349
350
350
347
347
350
353
353
353
353
356
353
355
352
356
356
353
351
350
350
349
348
348
345
347
347
348
351
349
348
352
354
353
353
353
353
354
353
352
351
351
349
349
350
350
350
350
349
348
345
345
343
346
345
344
342
342
342
343
344
346
345
346
347
345
347
344
346
346
345
346
343
340
342
342
342
342
339
339
338
340
341
341
343
345
343
346
347
345
344
344
344
344
343
343
343
341
342
342
343
343
345
348
353
352
350
349
348
350
350
351
350
349
350
352
354
355
354
356
359
358
359
359
358
359
359
356
352
351
350
355
357
354
353
356
358
355
352
353
354
349
351
351
350
352
352
356
357
357
353
354
352
354
354
352
353
351
353
352
354
356
354
352
350
349
348
350
350
349
349
350
351
353
352
352
356
354
352
353
350
352
352
350
352
350
349
351
350
351
351
350
348
351
352
355
354
352
355
352
350
351
351
351
349
350
352
355
355
354
355
355
358
359
358
359
361
358
359
356
354
356
354
354
356
357
357
355
356
356
359
356
356
358
354
356
359
358
357
356
358
359
360
360
358
358
359
360
361
362
364
362
361
361
361
361
366
364
369
370
367
365
366
368
364
369
368
368
368
368
371
369
367
368
369
370
370
368
369
367
369
370
371
369
369
368
367
365
362
362
365
363
364
363
362
363
362
362
361
363
359
361
363
364
365
363
365
366
366
363
364
361
362
361
361
361
361
358
359
357
358
360
362
363
363
359
358
358
357
358
357
355
357
357
358
358
357
357
356
357
359
361
363
359
358
359
358
358
357
358
359
355
356
358
358
358
360
364
361
364
367
369
371
368
368
366
366
365
364
361
361
363
365
368
369
369
366
367
367
368
369
366
366
362
358
358
357
358
359
359
361
360
360
358
361
361
362
361
361
363
365
366
361
359
360
359
359
361
360
362
360
363
363
359
358
356
356
353
354
354
355
357
357
356
356
356
354
352
353
353
351
353
354
353
352
353
355
356
355
354
351
352
352
352
352
351
350
351
352
350
350
350
352
353
351
351
353
350
349
348
348
349
349
348
348
345
344
342
342
342
344
345
348
348
348
348
350
353
352
352
352
352
354
353
354
351
352
351
351
352
350
351
353
355
355
355
354
355
352
354
354
354
357
359
357
355
352
354
356
355
357
359
355
356
354
351
352
351
349
351
352
354
354
357
357
361
361
358
358
357
357
359
361
363
363
363
364
366
364
364
366
365
364
360
359
360
358
358
360
359
361
361
362
364
365
368
365
364
360
362
366
369
366
366
365
366
363
358
357
356
356
353
355
352
354
348
347
348
348
346
349
352
351
349
348
350
351
352
351
351
351
352
353
350
350
349
349
351
352
350
348
346
347
347
345
348
351
349
351
351
350
352
349
349
349
348
349
346
344
344
343
344
342
343
346
349
350
349
349
351
353
349
348
349
350
346
348
347
347
347
349
348
346
347
346
349
352
355
357
356
352
350
349
348
346
346
343
341
340
343
345
344
345
348
347
346
346
342
342
340
343
342
341
341
342
340
341
342
340
342
340
338
339
339
338
336
335
334
337
340
341
342
344
343
340
340
341
339
340
341
341
342
340
340
341
340
339
338
337
340
337
336
337
340
341
341
341
341
340
343
342
342
344
343
344
345
346
348
349
352
352
349
349
353
352
352
348
349
350
350
349
350
348
346
344
344
344
342
341
338
338
338
338
337
335
337
336
336
338
339
341
339
341
339
342
344
344
349
348
348
349
345
343
343
343
344
342
341
340
340
338
340
344
342
340
338
339
342
342
341
342
342
339
336
335
334
337
339
340
339
340
338
339
341
340
342
346
344
344
343
343
341
340
340
340
343
346
344
341
342
342
337
338
339
340
340
338
339
340
340
343
343
343
345
344
345
346
347
347
349
348
347
347
346
349
349
345
347
347
348
349
347
346
344
345
347
345
349
350
352
353
353
353
353
353
351
348
346
348
349
351
353
352
351
351
352
350
353
351
352
352
355
354
354
354
353
354
356
354
355
355
353
356
356
355
354
355
355
353
354
354
353
354
355
356
355
355
358
357
356
357
355
356
355
351
351
347
348
348
346
347
347
345
344
343
346
349
349
350
349
350
352
351
349
349
349
349
352
355
357
356
354
353
353
352
348
347
347
344
344
346
345
343
341
343
342
346
346
347
346
347
349
349
352
352
353
355
354
356
353
353
358
360
361
363
362
361
361
363
361
362
360
357
357
356
355
358
358
358
357
359
357
355
356
354
354
354
353
353
352
353
351
352
350
350
350
350
348
350
352
355
353
353
353
354
352
351
353
355
353
356
357
359
360
358
356
358
353
351
354
351
351
356
355
360
363
363
362
360
359
359
359
359
358
357
356
355
355
356
355
357
357
357
359
356
354
355
354
356
357
356
357
358
360
361
361
361
361
362
363
359
360
360
359
359
358
359
361
362
364
360
360
361
361
362
361
361
358
361
363
365
366
366
368
365
364
363
362
362
364
366
364
365
364
365
365
364
365
364
364
362
365
367
365
366
369
370
370
372
372
371
372
371
372
372
372
374
374
373
373
370
370
371
371
370
371
372
371
373
373
373
373
374
371
367
366
367
369
370
371
371
370
372
369
369
369
369
369
367
369
371
372
374
371
371
371
372
369
369
369
370
368
368
369
370
370
372
370
371
371
373
371
368
368
368
367
370
369
373
373
374
374
374
373
372
368
369
370
370
369
371
369
368
369
368
369
369
367
367
366
367
368
368
371
370
367
363
363
361
361
363
365
364
364
365
364
364
364
365
364
367
366
367
367
371
371
372
371
372
375
374
373
375
373
374
373
372
372
372
370
370
369
373
374
374
374
373
375
379
379
379
379
380
378
377
379
377
377
374
374
374
375
376
376
374
374
374
374
372
375
379
380
381
382
382
382
380
379
381
382
380
384
385
386
387
384
379
379
378
379
379
380
381
383
383
384
385
385
384
384
385
383
386
386
388
386
390
391
390
390
387
386
384
385
384
383
381
385
385
382
382
380
377
378
378
377
377
379
382
380
379
379
378
378
379
380
378
379
381
382
383
382
384
382
384
385
384
385
387
384
385
387
386
388
387
384
385
387
386
387
385
385
387
388
391
389
389
388
387
387
384
382
381
381
383
382
382
383
382
379
380
383
381
382
379
380
382
381
380
381
381
382
385
383
384
385
388
388
384
383
383
383
385
385
385
388
387
386
386
385
389
388
390
390
390
390
389
389
393
388
391
389
389
389
390
391
398
396
392
392
390
390
391
387
387
388
389
388
389
390
390
389
387
387
384
385
388
387
387
388
387
386
383
383
382
385
385
386
387
390
389
389
386
386
387
385
386
386
386
383
384
386
387
385
384
385
386
388
391
390
391
392
393
393
394
392
394
392
390
394
391
389
388
387
384
384
385
387
394
394
396
394
397
393
389
388
388
387
385
383
383
381
380
380
377
380
376
376
377
378
378
385
385
386
385
385
384
382
383
383
379
380
380
383
379
377
377
374
371
373
382
380
380
381
379
377
374
374
374
375
376
377
379
378
380
379
381
382
381
378
377
375
373
371
376
377
375
376
378
378
378
379
383
382
382
383
385
385
386
386
388
386
386
385
386
387
386
382
381
380
379
380
378
380
386
386
388
388
385
386
386
388
386
386
383
385
383
380
378
377
378
380
381
381
382
380
379
382
381
380
380
382
383
379
382
382
382
381
381
381
381
385
387
387
386
388
388
388
387
390
391
390
391
392
394
393
390
391
393
393
393
391
394
392
392
390
391
391
392
396
397
395
390
392
394
395
395
397
396
393
399
396
394
392
391
387
384
383
383
383
382
384
381
379
380
380
379
377
378
381
381
383
382
383
384
384
385
387
389
388
384
384
383
382
383
383
386
388
385
383
379
380
382
383
382
384
383
382
383
379
381
379
380
381
381
381
381
380
379
382
383
385
383
388
383
382
383
380
380
381
376
375
377
377
376
375
376
374
377
376
374
375
374
375
378
379
380
381
379
379
378
377
378
382
382
382
383
381
382
381
377
380
380
380
382
383
385
383
382
380
376
377
378
379
379
377
376
381
378
383
382
385
386
386
383
384
380
383
382
384
384
377
377
375
374
373
375
374
373
371
371
370
371
368
369
373
374
371
371
372
374
377
379
378
379
380
381
379
381
379
377
378
374
376
377
381
378
375
374
370
373
376
375
373
370
372
371
371
371
372
371
369
369
370
372
372
369
368
368
371
374
376
376
375
374
374
372
373
372
372
372
373
373
374
374
376
375
373
372
375
375
374
374
378
378
378
378
376
374
374
375
375
373
371
372
373
370
370
370
372
374
377
380
380
381
381
381
379
378
377
377
376
377
378
379
382
383
382
381
381
383
384
384
386
386
387
387
385
386
386
385
384
386
386
386
385
387
384
383
384
386
386
384
383
382
380
379
376
378
380
379
378
378
380
381
382
382
379
379
380
383
382
382
382
383
383
382
386
387
387
386
386
387
386
383
383
381
380
380
382
383
384
385
383
381
382
385
384
382
385
385
386
387
385
384
383
383
384
384
385
385
384
383
384
383
383
385
386
384
382
385
383
380
380
382
380
382
383
385
381
383
382
384
387
384
382
382
382
385
389
394
392
391
390
389
387
387
385
385
385
383
383
384
382
382
382
381
380
381
380
382
383
383
381
383
381
383
384
384
384
384
385
387
387
389
387
387
388
390
391
391
392
393
395
395
394
393
392
393
390
390
388
391
390
392
393
394
396
398
396
397
395
392
394
391
393
392
392
392
393
395
397
397
397
394
392
393
394
396
397
397
396
397
395
394
394
394
394
400
399
398
400
399
401
403
404
403
402
405
404
402
401
399
401
402
398
396
396
395
394
394
394
393
395
398
396
392
391
390
389
389
392
393
395
397
398
397
397
397
398
398
397
398
398
399
399
402
401
399
398
398
401
403
403
406
403
403
402
403
406
403
405
405
406
407
403
400
402
399
394
395
396
396
397
393
392
394
394
394
393
387
387
386
383
386
385
384
384
380
382
377
374
376
378
377
378
381
383
384
385
383
382
381
377
376
376
377
379
380
383
381
381
381
382
381
382
383
378
378
378
376
378
376
375
377
377
378
380
380
379
379
377
379
379
380
382
380
382
381
378
377
376
376
378
375
373
374
373
372
371
374
372
375
373
376
378
378
379
378
379
378
376
375
374
375
373
372
374
373
372
373
372
372
373
372
373
372
375
371
369
369
370
368
370
368
369
367
365
367
365
363
365
368
367
368
371
373
375
373
373
373
375
377
374
373
372
372
375
373
375
373
375
376
378
379
379
378
376
373
372
372
372
371
372
372
373
373
376
374
376
377
376
378
376
377
377
376
378
377
378
374
372
372
368
369
368
366
367
367
369
369
371
371
372
374
376
374
374
373
374
377
380
380
378
380
378
376
381
382
381
383
381
378
377
375
374
376
376
377
379
377
378
381
380
378
379
380
379
378
375
376
381
385
385
383
383
383
387
386
383
382
384
381
380
383
382
383
382
383
382
381
384
384
383
382
382
381
385
385
388
385
384
384
380
380
382
383
382
381
382
384
384
387
387
382
379
378
377
377
379
378
379
382
382
381
379
379
380
381
381
378
377
378
379
379
382
381
384
382
380
383
386
389
390
391
391
392
391
392
393
391
390
392
392
396
394
390
391
392
392
392
391
389
391
390
388
388
389
389
394
394
389
388
390
389
386
383
385
385
385
383
380
381
382
381
379
375
374
374
374
378
378
378
380
379
376
372
374
378
375
375
375
375
375
376
375
376
378
378
378
379
379
380
380
379
379
380
379
379
380
382
382
383
383
380
382
385
386
384
382
384
385
385
385
384
385
385
386
386
386
385
385
385
384
383
385
385
383
383
382
379
378
377
380
378
380
382
381
380
381
381
379
379
384
381
384
386
388
388
389
388
389
390
391
391
392
389
390
393
391
392
390
389
389
388
387
386
391
391
390
389
384
381
382
382
385
388
389
389
388
385
385
384
382
383
381
382
383
384
379
383
383
379
379
378
379
379
379
381
382
383
382
378
378
378
378
377
376
375
376
380
380
379
380
381
377
379
380
382
384
385
386
385
384
382
382
382
384
384
384
385
385
385
387
385
389
386
390
391
392
391
394
396
396
397
399
401
397
397
397
395
393
392
392
393
391
390
389
388
390
390
386
384
383
383
387
389
388
388
387
388
388
388
390
391
388
392
392
393
396
389
390
392
392
392
391
390
391
393
392
396
395
396
395
393
395
397
397
397
401
403
402
401
399
396
397
397
398
397
398
397
396
396
396
394
393
392
392
391
389
390
388
387
387
387
386
388
386
384
385
384
386
386
391
391
395
394
395
398
398
396
393
393
391
392
393
392
390
388
387
382
380
380
381
378
377
377
377
377
381
380
383
382
378
377
376
377
373
374
373
374
376
374
373
373
373
375
375
377
377
375
375
379
381
381
379
379
378
381
381
379
379
382
382
382
382
382
384
383
382
384
383
385
382
383
382
380
383
389
391
393
391
391
398
398
395
394
392
393
394
396
394
396
392
392
390
387
389
386
388
389
386
386
387
388
388
387
388
390
386
386
386
385
384
384
384
384
384
386
384
386
386
382
379
379
380
380
380
381
379
381
381
381
382
379
378
380
383
377
381
379
382
384
381
383
385
389
387
388
385
386
386
390
389
387
387
387
390
393
393
392
393
393
393
389
392
391
388
389
388
389
389
392
394
395
398
400
403
403
400
395
393
391
392
392
392
393
389
393
392
391
391
390
391
390
391
391
391
390
387
386
386
386
385
385
386
385
383
384
386
386
388
385
387
385
384
385
387
385
384
381
381
382
384
385
386
386
386
385
385
384
384
381
384
385
387
386
385
387
386
388
388
388
388
387
388
387
388
389
387
385
383
387
388
384
387
386
387
382
382
384
385
386
388
391
391
392
389
385
386
385
385
384
384
385
383
384
384
383
381
382
384
384
385
383
387
388
386
385
383
385
385
387
386
387
388
387
387
389
387
387
388
387
385
385
385
386
386
385
388
384
383
383
384
384
386
387
385
387
387
390
387
389
390
391
390
387
389
391
392
395
395
396
398
396
395
394
393
392
390
389
390
393
395
393
392
395
396
394
392
393
395
393
393
393
392
392
394
391
390
389
388
389
389
392
391
393
396
395
398
397
395
390
390
387
386
383
382
378
378
378
379
377
381
381
382
384
383
384
384
381
381
381
381
380
380
382
378
375
374
375
379
379
378
379
382
382
380
380
381
381
382
383
383
384
387
389
386
387
388
387
388
390
390
387
387
386
383
384
382
383
379
381
380
379
379
381
381
383
378
377
377
378
378
381
382
382
383
382
381
380
380
383
380
379
380
383
382
382
383
380
378
378
378
380
380
381
382
381
382
382
380
383
380
378
380
380
379
381
383
388
386
385
382
382
379
380
383
385
381
382
382
381
380
383
385
382
381
379
380
380
381
382
381
382
383
382
383
379
380
380
380
381
379
380
378
380
379
379
380
380
380
381
380
383
384
381
380
382
385
386
387
388
389
387
386
386
385
388
388
389
389
391
388
391
389
392
392
389
384
384
383
385
385
384
387
389
391
390
389
389
388
386
383
383
383
382
385
386
387
388
387
388
388
388
388
390
390
386
387
385
387
386
388
390
395
392
393
392
392
392
391
393
394
394
397
396
396
398
397
396
396
398
398
397
399
401
399
398
397
397
397
395
396
395
394
394
394
398
396
397
397
396
395
397
397
398
397
394
395
398
395
393
396
397
396
394
395
394
394
389
389
387
390
389
389
389
391
390
390
389
388
387
387
388
388
388
388
390
392
390
390
390
391
391
392
393
393
394
392
390
389
389
390
392
395
396
396
397
395
396
395
390
390
390
390
391
390
390
390
393
393
392
393
392
394
392
393
395
396
397
396
396
394
391
391
390
389
390
390
391
391
391
391
392
393
393
393
394
396
398
398
398
396
399
401
398
398
398
398
399
400
401
399
397
399
402
404
400
403
405
407
407
404
401
396
398
396
398
399
401
402
402
405
405
406
406
404
408
407
407
408
404
402
400
400
402
401
402
402
399
399
401
399
398
397
397
395
394
397
397
396
395
399
404
409
408
407
405
403
402
400
400
400
399
400
400
400
402
400
401
398
397
397
397
401
402
403
401
402
403
406
405
406
406
405
405
405
405
407
406
405
407
406
407
407
410
411
413
412
414
416
417
416
419
414
414
413
414
413
410
409
409
410
413
413
411
409
411
411
412
413
412
410
407
407
407
405
406
409
410
407
408
407
406
407
407
408
408
405
402
401
402
401
400
400
397
395
395
394
394
395
396
394
395
395
392
394
394
394
395
393
394
394
396
398
397
396
397
398
398
399
404
403
402
401
402
403
404
403
403
405
404
405
404
403
402
403
402
402
402
402
399
402
400
400
399
400
402
400
399
395
398
395
395
393
391
392
390
391
393
393
398
401
403
402
406
400
404
404
402
400
403
402
400
397
398
399
398
399
398
396
397
398
395
396
395
396
396
397
398
398
400
401
402
403
402
403
403
400
400
399
401
402
403
400
403
403
404
404
402
403
404
406
404
406
399
398
399
394
389
391
392
392
392
393
394
394
394
396
394
394
393
398
400
400
397
399
397
397
399
397
397
395
394
393
392
395
395
395
398
400
400
399
400
396
397
399
400
401
402
406
406
409
408
407
404
405
403
401
400
401
401
400
401
400
401
404
406
410
411
409
409
409
409
410
411
410
408
410
410
411
410
412
412
411
409
409
408
407
408
408
406
406
407
409
407
408
409
409
409
409
408
404
406
406
404
404
406
407
407
406
407
407
409
408
406
409
407
409
407
407
410
409
408
408
408
407
406
407
408
407
409
407
407
408
410
411
407
407
405
405
405
405
407
411
407
409
411
413
413
413
411
410
409
410
408
406
405
404
402
403
404
405
406
406
409
412
412
412
410
409
412
411
414
415
414
412
410
412
412
414
415
414
416
418
419
417
415
413
416
418
419
421
420
418
417
416
417
419
422
421
420
417
420
423
428
424
428
426
427
426
422
423
422
421
421
420
421
417
417
417
416
414
410
410
409
415
418
417
417
420
420
421
422
421
421
420
422
420
419
420
419
418
417
424
423
424
426
425
424
420
417
418
420
419
419
421
420
420
421
422
421
420
420
419
418
415
417
422
423
423
424
426
427
430
432
431
430
429
427
429
423
421
417
416
413
413
414
414
413
416
415
412
410
412
415
413
414
411
410
413
415
416
415
416
413
410
411
411
415
413
414
416
418
415
416
413
412
410
412
412
413
413
414
416
417
415
420
418
419
421
420
421
424
423
423
422
422
420
422
419
418
417
416
417
419
421
422
423
421
422
420
421
422
423
426
426
425
424
424
423
422
425
425
426
427
427
427
426
424
425
428
433
439
439
440
442
438
438
439
443
439
439
439
444
447
444
441
440
436
436
437
441
443
443
441
435
439
439
438
439
439
432
434
433
435
433
433
431
433
432
430
432
435
436
435
434
431
429
429
429
430
428
427
422
422
422
421
424
425
424
423
425
426
424
424
424
424
423
423
422
419
422
422
421
422
425
425
422
419
419
421
419
420
420
420
419
416
416
417
417
417
418
417
419
419
417
418
417
422
422
421
423
422
425
429
425
426
425
425
426
424
423
422
424
423
424
424
423
423
422
419
420
421
421
424
423
418
421
423
422
419
418
420
419
419
420
420
421
424
424
423
422
421
422
422
425
425
428
430
426
428
429
430
430
430
427
427
425
424
423
422
423
425
425
426
427
428
430
432
430
431
433
437
439
438
437
433
434
433
430
427
427
427
426
429
430
429
428
429
430
431
431
430
429
430
426
427
428
428
434
432
429
431
435
436
437
437
435
436
435
436
434
434
432
434
436
433
434
433
433
433
433
436
438
435
432
430
430
430
427
428
427
427
430
429
429
427
431
434
430
427
425
424
423
426
426
427
428
429
430
429
429
431
432
429
428
429
427
430
427
426
428
427
431
430
427
426
422
421
423
423
422
424
425
