0.000863448275862069 0.0001124137931034483
300
299
298
298
297
297
298
299
299
300
300
301
301
301
302
304
304
303
303
306
308
309
311
314
314
313
314
318
318
318
318
317
319
319
319
322
323
324
326
327
327
326
326
325
327
328
329
330
331
333
334
334
338
341
341
341
341
344
346
346
348
346
347
348
348
350
351
351
353
355
354
352
355
354
356
357
360
361
364
364
365
366
366
367
367
367
367
370
371
373
373
376
377
379
379
381
383
384
383
384
387
385
389
392
390
391
394
392
392
391
394
400
402
400
402
401
404
407
407
406
405
408
409
410
408
408
409
411
412
412
413
414
415
416
418
418
421
420
419
419
421
422
424
429
428
427
427
428
432
431
430
433
432
435
436
439
439
440
443
444
443
442
442
445
445
445
444
445
444
444
445
448
447
446
448
446
450
451
452
452
454
455
455
457
459
459
459
459
458
459
460
460
460
463
465
466
467
470
471
472
473
474
473
477
478
479
478
477
478
476
479
481
482
483
482
486
488
487
487
487
489
491
491
489
488
490
490
491
491
492
492
492
493
496
500
505
505
507
509
509
510
511
511
512
512
513
511
512
512
515
519
520
522
524
524
524
525
526
526
530
532
535
539
538
536
538
540
538
538
543
542
541
543
543
542
542
547
547
545
545
547
547
550
553
554
553
555
558
559
560
558
562
563
563
566
567
568
569
570
570
573
574
574
576
577
578
578
583
582
586
584
587
587
589
589
589
592
591
593
594
599
601
604
610
611
612
614
616
617
618
620
620
622
624
624
625
624
625
622
626
629
629
630
633
632
632
633
634
638
642
643
645
647
645
647
652
652
655
657
657
658
659
663
662
666
667
672
673
679
677
680
681
687
689
688
689
692
693
691
688
688
691
694
697
697
702
707
705
708
708
712
714
715
715
714
719
723
721
724
727
728
729
732
733
732
734
738
737
737
740
737
734
731
732
733
735
734
739
739
737
739
741
744
743
749
751
752
757
759
759
756
762
764
771
772
776
783
781
784
787
786
787
786
787
787
787
792
796
795
797
801
802
806
805
807
809
812
813
810
816
820
824
827
828
828
829
834
840
839
836
838
843
843
843
842
849
852
850
859
854
856
857
857
852
854
857
859
864
860
864
865
863
865
864
863
864
873
873
871
875
877
878
883
885
890
888
893
895
894
894
896
894
895
899
897
905
903
904
909
912
915
918
919
921
921
917
922
925
927
932
938
941
937
934
933
937
938
941
941
944
946
947
948
954
956
957
963
962
965
965
967
972
976
984
975
974
973
973
974
974
974
977
974
972
974
976
979
982
985
984
987
990
990
992
996
998
996
999
1003
999
998
1002
1004
1006
1005
1005
1015
1016
1019
1029
1028
1029
1035
1040
1042
1047
1047
1048
1048
1050
1050
1053
1058
1058
1058
1058
1057
1053
1060
1063
1067
1066
1066
1069
1070
1074
1072
1070
1070
1067
1065
1067
1070
1072
1075
1075
1080
1084
1080
1085
1089
1088
1088
1090
1087
1085
1083
1086
1087
1084
1091
1098
1102
1109
1112
1111
1108
1106
1105
1105
1107
1110
1111
1111
1114
1119
1120
1118
1122
1122
1125
1125
1124
1129
1126
1127
1130
1129
1130
1132
1134
1140
1140
1139
1140
1143
1146
1153
1155
1154
1155
1157
1158
1159
1150
1153
1152
1153
1157
1161
1163
1164
1165
1167
1168
1176
1176
1177
1175
1178
1180
1186
1183
1183
1188
1186
1193
1197
1202
1196
1196
1196
1192
1196
1200
1204
1208
1211
1212
1205
1209
1211
1212
1209
1206
1208
1206
1209
1212
1217
1217
1217
1221
1221
1220
1219
1220
1220
1223
1224
1228
1229
1230
1228
1233
1236
1238
1239
1240
1239
1244
1241
1247
1253
1255
1262
1260
1259
1261
1264
1264
1270
1270
1271
1269
1270
1278
1274
1278
1281
1284
1284
1288
1291
1296
1298
1299
1300
1302
1296
1304
1306
1306
1308
1304
1303
1308
1316
1318
1316
1326
1326
1327
1321
1324
1325
1332
1340
1338
1338
1344
1347
1343
1348
1353
1354
1352
1351
1351
1350
1353
1358
1359
1355
1355
1358
1363
1364
1361
1364
1366
1368
1370
1370
1378
1379
1380
1384
1391
1399
1403
1406
1406
1409
1406
1411
1409
1411
1411
1414
1418
1418
1423
1428
1434
1436
1443
1449
1450
1454
1453
1451
1455
1454
1458
1456
1451
1454
1455
1458
1461
1462
1465
1467
1466
1473
1482
1483
1482
1485
1491
1486
1484
1485
1482
1489
1489
1490
1495
1499
1498
1495
1495
1496
1504
1502
1502
1502
1507
1510
1514
1517
1516
1518
1518
1527
1526
1525
1527
1534
1531
1534
1538
1537
1534
1541
1541
1534
1531
1532
1535
1539
1544
1545
1549
1556
1557
1561
1562
1564
1566
1568
1570
1575
1574
1574
1569
1571
1570
1577
1583
1577
1582
1582
1587
1587
1588
1593
1593
1588
1594
1599
1600
1604
1609
1619
1627
1631
1630
1636
1633
1635
1634
1640
1640
1644
1648
1649
1646
1646
1643
1644
1648
1648
1650
1656
1658
1661
1662
1663
1665
1667
1666
1670
1674
1678
1682
1677
1672
1672
1673
1680
1684
1690
1690
1683
1690
1694
1698
1688
1691
1689
1691
1689
1690
1691
1689
1693
1697
1697
1705
1710
1709
1707
1714
1716
1715
1719
1721
1724
1728
1732
1734
1737
1740
1748
1749
1756
1749
1755
1760
1762
1769
1771
1770
1765
1768
1765
1766
1763
1772
1778
1780
1792
1788
1788
1786
1791
1796
1794
1788
1787
1787
1790
1791
1793
1800
1806
1805
1807
1809
1812
1818
1816
1822
1836
1842
1841
1843
1840
1841
1840
1840
1839
1848
1843
1844
1844
1844
1844
1844
1850
1853
1863
1861
1863
1863
1863
1851
1859
1865
1866
1866
1870
1872
1872
1874
1871
1875
1878
1881
1887
1891
1895
1894
1894
1898
1901
1906
1909
1910
1919
1924
1924
1917
1916
1912
1916
1910
1911
1908
1912
1911
1910
1913
1920
1922
1928
1920
1921
1918
1918
1925
1928
1931
1937
1944
1955
1947
1946
1946
1948
1948
1951
1947
1945
1956
1964
1962
1964
1970
1975
1984
1984
1990
1996
1995
1993
1995
2000
2002
2000
2009
2010
2013
2020
2022
2024
2024
2028
2032
2037
2035
2037
2035
2039
2036
2031
2037
2035
2032
2042
2045
2056
2062
2066
2070
2073
2080
2075
2072
2073
2083
2086
2087
2094
2097
2104
2107
2103
2098
2101
2100
2095
2092
2097
2097
2103
2103
2099
2096
2103
2108
2108
2112
2117
2120
2120
2127
2125
2131
2133
2136
2138
2138
2144
2151
2160
2170
2172
2175
2170
2172
2181
2188
2192
2198
2193
2199
2200
2205
2198
2205
2198
2206
2201
2208
2205
2196
2195
2191
2190
2197
2208
2208
2211
2214
2211
2210
2204
2208
2211
2219
2224
2232
2224
2226
2225
2235
2234
2242
2250
2249
2255
2263
2265
2264
2264
2264
2258
2267
2272
2265
2264
2257
2263
2271
2265
2268
2272
2274
2273
2280
2284
2286
2285
2285
2279
2280
2287
2287
2292
2293
2302
2306
2304
2305
2301
2308
2308
2316
2313
2310
2307
2310
2310
2319
2319
2319
2314
2312
2312
2317
2323
2321
2323
2324
2324
2328
2333
2348
2355
2350
2352
2350
2352
2358
2356
2360
2364
2358
2358
2362
2367
2370
2367
2376
2377
2378
2375
2385
2382
2385
2391
2391
2392
2389
2394
2394
2398
2401
2399
2399
2398
2405
2407
2412
2415
2412
2413
2418
2424
2421
2427
2431
2430
2432
2428
2432
2432
2433
2436
2436
2438
2442
2449
2448
2461
2473
2470
2474
2477
2480
2482
2480
2485
2491
2494
2495
2491
2492
2500
2499
2499
2503
2507
2511
2514
2513
2515
2518
2525
2533
2536
2539
2540
2538
2537
2540
2539
2537
2549
2549
2556
2553
2558
2566
2569
2570
2571
2578
2582
2585
2591
2586
2588
2589
2594
2599
2594
2599
2598
2598
2606
2615
2611
2610
2617
2628
2628
2629
2633
2630
2632
2629
2629
2634
2633
2643
2642
2651
2653
2656
2665
2671
2675
2679
2684
2682
2690
2693
2692
2698
2698
2697
2697
2705
2702
2702
2707
2716
2723
2729
2733
2744
2746
2746
2757
2754
2755
2757
2760
2762
2768
2776
2785
2783
2791
2791
2798
2801
2800
2798
2796
2803
2809
2811
2814
2808
2815
2824
2821
2834
2841
2847
2845
2842
2848
2847
2848
2852
2844
2843
2845
2857
2854
2860
2861
2864
2865
2864
2867
2874
2877
2881
2884
2885
2895
2895
2901
2902
2898
2893
2894
2898
2893
2887
2888
2886
2891
2898
2900
2907
2912
2908
2924
2926
2914
2924
2923
2922
2923
2928
2926
2927
2936
2940
2944
2950
2962
2966
2973
2982
2991
2992
3001
2991
2986
2985
2980
2981
2975
2976
2984
2992
2997
2997
2994
2997
2997
2992
2999
3012
3025
3031
3031
3042
3039
3047
3050
3050
3054
3048
3054
3058
3066
3058
3056
3055
3053
3063
3074
3068
3069
3074
3083
3090
3090
3104
3103
3108
3114
3108
3109
3116
3121
3121
3115
3120
3120
3122
3112
3114
3112
3107
3106
3107
3111
3117
3117
3113
3111
3105
3102
3107
3112
3123
3123
3118
3120
3127
3120
3125
3139
3142
3143
3138
3132
3138
3134
3143
3144
3142
3150
3160
3163
3166
3169
3165
3171
3176
3172
3169
3180
3177
3182
3193
3200
3196
3196
3190
3190
3195
3201
3201
3207
3223
3231
3235
3236
3228
3232
3238
3241
3240
3240
3244
3250
3252
3262
3274
3267
3253
3248
3246
3244
3242
3247
3263
3268
3275
3284
3285
3290
3293
3298
3297
3299
3298
3305
3321
3331
3334
3337
3337
3337
3342
3342
3339
3344
3348
3355
3361
3359
3366
3373
3387
3376
3377
3377
3381
3389
3390
3394
3391
3400
3402
3397
3401
3399
3399
3405
3411
3418
3416
3411
3414
3417
3415
3417
3416
3408
3416
3422
3423
3434
3437
3435
3437
3431
3432
3438
3442
3446
3447
3460
3452
3444
3450
3460
3464
3455
3450
3445
3449
3453
3465
3473
3477
3474
3470
3470
3473
3482
3477
3491
3496
3489
3493
3489
3489
3481
3485
3493
3504
3506
3500
3500
3494
3499
3501
3512
3517
3509
3503
3502
3504
3509
3520
3520
3527
3530
3529
3525
3525
3523
3520
3527
3531
3546
3534
3541
3538
3536
3532
3547
3544
3552
3547
3556
3558
3552
3561
3556
3563
3561
3557
3546
3547
3553
3565
3568
3572
3569
3569
3570
3564
3570
3566
3568
3572
3575
3580
3577
3583
3581
3575
3582
3572
3584
3591
3591
3584
3582
3591
3589
3596
3593
3596
3597
3597
3603
3611
3611
3603
3607
3606
3603
3607
3612
3610
3606
3615
3624
3625
3633
3636
3632
3642
3637
3649
3645
3648
3657
3673
3670
3679
3680
3692
3707
3706
3710
3715
3711
3712
3717
3730
3736
3731
3733
3731
3725
3734
3736
3742
3749
3755
3750
3764
3759
3763
3768
3772
3776
3787
3789
3795
3803
3814
3816
3821
3821
3820
3821
3818
3821
3829
3836
3838
3836
3852
3843
3849
3858
3862
3863
3862
3860
3855
3856
3860
3859
3866
3864
3868
3870
3866
3874
3875
3888
3892
3904
3910
3909
3923
3922
3921
3925
3916
3917
3921
3920
3919
3931
3939
3942
3942
3945
3955
3949
3947
3958
3963
3975
3972
3972
3976
3975
3978
3972
3976
3977
3980
3988
3995
3994
3990
3995
4000
4010
4010
4014
4008
4004
4002
3987
3993
4003
3999
4003
4003
4009
4011
4012
4027
4036
4041
4040
4039
4039
4043
4055
4047
4059
4066
4054
4051
4054
4059
4064
4067
4067
4069
4070
4068
4078
4081
4094
4095
4103
4103
4098
4107
4106
4106
4116
4118
4120
4124
4134
4136
4134
4140
4153
4145
4146
4149
4155
4146
4143
4142
4148
4156
4153
4157
4152
4162
4172
4180
4188
4192
4198
4202
4204
4210
4209
4215
4207
4214
4208
4203
4200
4207
4212
4213
4221
4223
4221
4225
4215
4224
4228
4237
4236
4233
4240
4242
4254
4267
4262
4253
4259
4262
4262
4271
4283
4288
4288
4294
4296
4300
4307
4317
4319
4307
4308
4317
4318
4318
4329
4333
4341
4347
4354
4363
4364
4372
4375
4375
4383
4390
4395
4397
4411
4413
4416
4417
4415
4414
4424
4429
4445
4452
4461
4459
4465
4473
4469
4478
4474
4476
4473
4479
4482
4477
4486
4490
4488
4499
4508
4522
4528
4535
4547
4542
4550
4550
4565
4577
4596
4606
4593
4593
4592
4592
4583
4599
4606
4613
4614
4623
4618
4616
4620
4626
4629
4633
4656
4649
4651
4647
4658
4664
4658
4661
4665
4671
4681
4699
4703
4702
4700
4699
4694
4694
4701
4707
4701
4718
4706
4708
4704
4702
4702
4705
4720
4716
4732
4726
4732
4743
4739
4745
4747
4750
4738
4742
4758
4759
4761
4763
4764
4768
4762
4763
4769
4769
4768
4769
4771
4777
4782
4783
4795
4791
4785
4792
4794
4800
4804
4802
4813
4815
4823
4822
4829
4834
4841
4846
4852
4858
4849
4860
4870
4865
4871
4878
4883
4887
4888
4894
4897
4897
4885
4905
4910
4911
4909
4914
4917
4913
4928
4937
4942
4945
4953
4955
4952
4949
4953
4959
4965
4963
4951
4955
4953
4961
4966
4963
4965
4966
4968
4962
4957
4967
4975
4987
4987
4999
5000
4999
5012
5016
5010
5008
5022
5018
5018
5023
5021
5024
5018
5014
5017
5017
5022
5029
5036
5041
5046
5046
5045
5060
5058
5069
5080
5092
5107
5112
5120
5108
5112
5116
5120
5119
5134
5146
5140
5138
5133
5141
5137
5151
5163
5160
5158
5161
5154
5156
5155
5155
5162
5179
5184
5199
5204
5193
5190
5193
5187
5192
5196
5200
5207
5205
5205
5206
5206
5215
5229
5237
5234
5226
5230
5228
5234
5235
5234
5237
5252
5251
5252
5249
5241
5259
5256
5262
5274
5275
5277
5262
5262
5258
5261
5261
5251
5261
5271
5267
5264
5261
5260
5254
5267
5271
5286
5282
5278
5292
5294
5299
5303
5316
5315
5322
5325
5334
5335
5344
5346
5339
5351
5342
5351
5354
5355
5358
5359
5369
5377
5375
5377
5378
5384
5381
5391
5388
5391
5388
5394
5391
5406
5401
5393
5408
5407
5403
5413
5418
5418
5407
5408
5407
5405
5404
5419
5419
5412
5414
5417
5422
5428
5423
5436
5440
5444
5447
5449
5452
5454
5457
5448
5450
5447
5449
5463
5469
5470
5464
5474
5468
5477
5480
5475
5483
5479
5471
5474
5490
5492
5505
5509
5506
5516
5517
5519
5516
5518
5514
5517
5519
5526
5526
5518
5521
5532
5547
5546
5548
5551
5553
5553
5558
5559
5556
5573
5571
5588
5594
5596
5594
5602
5602
5617
5607
5630
5624
5622
5644
5650
5653
5653
5659
5655
5660
5671
5674
5670
5679
5680
5694
5693
5694
5701
5705
5716
5720
5709
5712
5718
5718
5721
5725
5720
5723
5731
5748
5734
5739
5738
5749
5743
5756
5756
5762
5776
5788
5788
5785
5792
5785
5776
5762
5782
5781
5782
5784
5787
5784
5794
5785
5790
5802
5808
5812
5821
5827
5826
5831
5834
5836
5846
5842
5847
5845
5851
5853
5865
5866
5881
5886
5898
5892
5893
5891
5893
5889
5892
5891
5903
5895
5912
5910
5908
5909
5903
5908
5924
5925
5927
5938
5943
5937
5946
5951
5953
5959
5961
5968
5966
5965
5979
5989
5998
6015
6006
6003
6009
6017
6024
6019
6028
6036
6028
6028
6039
6045
6053
6059
6061
6066
6066
6070
6057
6064
6065
6062
6073
6083
6077
6084
6080
6092
6111
6111
6112
6122
6133
6142
6132
6137
6146
6152
6151
6161
6162
6166
6159
6165
6171
6172
6182
6180
6179
6194
6193
6201
6210
6217
6221
6237
6238
6246
6260
6241
6255
6250
6267
6280
6290
6297
6293
6304
6303
6302
6305
6312
6327
6321
6320
6339
6330
6329
6320
6323
6323
6331
6335
6354
6347
6359
6359
6364
6362
6365
6370
6365
6357
6365
6383
6372
6370
6370
6360
6362
6379
6392
6401
6378
6380
6380
6374
6372
6382
6407
6409
6410
6412
6419
6423
6423
6426
6437
6443
6441
6442
6442
6458
6478
6486
6488
6482
6483
6499
6505
6499
6503
6509
6513
6512
6492
6502
6505
6495
6504
6523
6532
6530
6542
6542
6536
6541
6535
6532
6531
6545
6549
6554
6576
6587
6591
6596
6593
6586
6591
6592
6599
6597
6602
6608
6614
6617
6619
6632
6632
6637
6640
6643
6651
6643
6636
6643
6645
6646
6649
6657
6658
6663
6664
6673
6674
6684
6684
6684
6685
6688
6698
6698
6695
6698
6707
6703
6718
6710
6719
6719
6731
6733
6746
6742
6743
6739
6741
6767
6776
6771
6767
6772
6774
6783
6781
6776
6771
6783
6794
6811
6811
6813
6812
6822
6825
6821
6833
6831
6835
6837
6834
6837
6845
6853
6849
6847
6845
6849
6849
6848
6866
6874
6876
6886
6895
6884
6906
6907
6911
6913
6921
6924
6931
6942
6942
6952
6956
6972
6969
6976
6986
6978
6977
6978
6986
6988
6991
6997
7000
7006
7002
7015
7010
7024
7037
7030
7034
7037
7036
7042
7045
7041
7045
7052
7052
7053
7058
7065
7082
7062
7081
7081
7073
7079
7088
7095
7101
7101
7110
7118
7126
7124
7139
7130
7122
7134
7151
7153
7151
7144
7153
7162
7177
7183
7179
7177
7175
7177
7191
7193
7185
7187
7194
7200
7216
7221
7219
7211
7212
7218
7219
7222
7236
7239
7249
7249
7249
7254
7256
7250
7254
7254
7265
7260
7262
7265
7269
7288
7299
7300
7315
7312
7311
7320
7320
7324
7320
7331
7331
7323
7337
7349
7352
7352
7351
7358
7357
7365
7371
7369
7365
7374
7383
7394
7380
7377
7374
7389
7371
7381
7384
7390
7397
7404
7409
7416
7400
7412
7426
7433
7457
7463
7477
7482
7483
7486
7488
7495
7503
7503
7509
7517
7525
7528
7534
7540
7532
7525
7534
7535
7539
7526
7541
7553
7559
7576
7578
7578
7581
7591
7591
7605
7613
7621
7632
7626
7645
7648
7644
7653
7663
7660
7658
7659
7659
7670
7672
7675
7675
7685
7701
7698
7706
7709
7734
7739
7736
7747
7762
7752
7752
7770
7786
7786
7793
7789
7796
7805
7813
7836
7830
7842
7842
7853
7862
7849
7846
7856
7848
7862
7866
7881
7892
7897
7898
7898
7906
7920
7935
7934
7948
7941
7945
7950
7945
7947
7949
7951
7957
7968
7971
7986
7992
7989
7997
8009
8017
8033
8036
8051
8051
8077
8073
8087
8096
8116
8132
8130
8129
8148
8146
8143
8134
8129
8140
8150
8154
8165
8176
8192
8205
8198
8199
8196
8198
8203
8207
8215
8211
8209
8223
8218
8211
8220
8228
8241
8248
8264
8252
8268
8274
8271
8293
8295
8289
8290
8295
8311
8305
8319
8314
8333
8345
8342
8342
8359
8367
8383
8392
8401
8410
8426
8423
8430
8450
8456
8467
8461
8480
8487
8495
8497
8497
8496
8497
8506
8517
8525
8536
8531
8543
8535
8543
8551
8560
8568
8584
8600
8598
8597
8609
8618
8628
8638
8644
8647
8657
8665
8666
8678
8681
8674
8688
8696
8699
8726
8736
8745
8764
8755
8759
8774
8773
8779
8776
8780
8797
8804
8813
8821
8820
8825
8826
8837
8818
8830
8831
8841
8836
8833
8842
8835
8870
8880
8875
8868
8869
8867
8871
8882
8898
8896
8910
8917
8912
8913
8926
8936
8952
8959
8958
8968
8981
8976
8988
8991
9000
9016
9019
9045
9057
9064
9074
9083
9071
9076
9082
9078
9091
9083
9103
9098
9116
9111
9115
9110
9122
9135
9140
9144
9156
9162
9172
9185
9194
9196
9199
9198
9214
9220
9223
9226
9251
9259
9265
9272
9292
9283
9288
9297
9298
9305
9315
9318
9321
9329
9345
9349
9347
9363
9363
9361
9370
9366
9385
9388
9396
9403
9402
9411
9435
9435
9446
9463
9469
9473
9472
9488
9483
9495
9496
9509
9515
9522
9551
9540
9542
9550
9549
9545
9562
9563
9560
9555
9558
9567
9594
9586
9593
9605
9607
9611
9613
9617
9633
9640
9639
9660
9660
9668
9674
9677
9680
9677
9696
9705
9718
9720
9711
9721
9738
9748
9752
9748
9754
9783
9790
9790
9796
9810
9817
9831
9824
9820
9827
9842
9843
9855
9873
9868
9890
9890
9898
9897
9894
9894
9895
9904
9918
9927
9942
9956
9957
9960
9978
9994
9975
9975
9984
9990
10003
10021
10018
10022
10025
10047
10061
10072
10079
10086
10096
10075
10090
10112
10112
10124
10122
10132
10146
10143
10150
10156
10162
10172
10178
10188
10212
10216
10217
10228
10249
10250
10265
10278
10292
10305
10298
10300
10302
10312
10336
10337
10343
10373
10368
10378
10393
10397
10394
10415
10417
10422
10440
10443
10448
10474
10474
10469
10487
10492
10491
10488
10508
10512
10508
10523
10549
10545
10553
10566
10559
10570
10598
10593
10609
10624
10624
10647
10659
10649
10667
10674
10669
10676
10677
10677
10686
10700
10710
10724
10744
10742
10755
10763
10772
10789
10792
10808
10816
10825
10822
10842
10866
10863
10862
10878
10882
10877
10878
10903
10893
10911
10921
10937
10920
10935
10942
10949
10960
10981
10998
11021
11025
11046
11050
11053
11063
11065
11089
11116
11127
11120
11139
11143
11159
11168
11185
11176
11192
11184
11196
11188
11188
11212
11190
11212
11214
11234
11230
11230
11227
11238
11252
11256
11277
11284
11290
11292
11311
11318
11335
11355
11376
11381
11383
11405
11406
11419
11417
11413
11422
11435
11446
11448
11447
11452
11461
11463
11473
11481
11490
11491
11504
11511
11538
11541
11551
11573
11563
11568
11558
11565
11580
11591
11591
11598
11597
11619
11624
11622
11604
11626
11627
11618
11642
11667
11681
11696
11697
11696
11712
11731
11733
11724
11748
11760
11771
11781
11792
11796
11805
11816
11829
11847
11845
11838
11847
11851
11866
11859
11873
11892
11904
11892
11894
11903
11924
11931
11942
11961
11963
11973
11999
12008
12024
12039
12038
12058
12048
12073
12082
12101
12094
12103
12121
12134
12132
12141
12160
12169
12187
12186
12208
12209
12211
12239
12251
12272
12262
12286
12300
12292
12313
12334
12357
12350
12363
12359
12359
12338
12340
12354
12360
12358
12360
12379
12381
12381
12384
12396
12416
12421
12421
12428
12423
12451
12469
12469
12470
12464
12483
12491
12505
12485
12483
12488
12504
12518
12533
12528
12536
12551
12562
12563
12574
12581
12575
12558
12574
12577
12587
12620
12634
12635
12649
12667
12681
12682
12694
12701
12697
12705
12716
12735
12741
12749
12775
12778
12792
12783
12788
12792
12813
12823
12848
12850
12851
12861
12853
12863
12857
12865
12867
12875
12888
12890
12921
12903
12922
12936
12914
12931
12957
12975
12987
12987
12985
12990
13009
13016
13044
13045
13053
13059
13060
13069
13085
13077
13074
13092
13114
13126
13144
13159
13147
13158
13197
13181
13201
13237
13247
13231
13251
13262
13273
13271
13286
13294
13303
13314
13322
13318
13329
13329
13341
13339
13354
13381
13379
13392
13393
13394
13413
13422
13428
13433
13443
13457
13473
13507
13527
13534
13552
13563
13569
13571
13570
13586
13603
13606
13597
13624
13626
13630
13629
13637
13647
13656
13655
13682
13686
13693
13700
13706
13712
13726
13735
13758
13799
13789
13792
13817
13825
13847
13858
13871
13884
13891
13904
13916
13934
13955
13981
13985
13996
13995
14001
14003
14018
14041
14054
14061
14073
14088
14105
14130
14134
14125
14118
14139
14160
14182
14190
14215
14199
14204
14220
14236
14263
14274
14285
14280
14283
14270
14291
14310
14315
14361
14360
14378
14371
14390
14399
14394
14397
14421
14430
14454
14464
14482
14506
14515
14530
14538
14548
14567
14568
14577
14578
14588
14592
14603
14640
14636
14661
14674
14688
14715
14731
14736
14740
14735
14775
14778
14782
14780
14805
14822
14825
14828
14828
14828
14841
14849
14871
14873
14886
14882
14879
14903
14903
14932
14933
14951
14968
14982
14994
14987
14995
15013
15027
15019
15034
15049
15030
15044
15057
15060
15086
15078
15081
15100
15124
15149
15157
15168
15189
15197
15209
15211
15215
15224
15240
15252
15253
15273
15287
15281
15298
15283
15302
15314
15314
15307
15336
15355
15348
15366
15391
15415
15412
15428
15429
15450
15465
15480
15485
15499
15510
15520
15532
15567
15577
15595
15608
15610
15621
15641
15645
15657
15675
15677
15694
15703
15692
15709
15740
15749
15763
15761
15773
15801
15818
15815
15835
15854
15856
15877
15896
15920
15934
15942
15938
15968
15985
15985
15985
15999
16032
16041
16060
16059
16072
16102
16109
16129
16139
16147
16172
16179
16193
16223
16233
16250
16280
16291
16294
16301
16340
16360
16365
16377
16394
16400
16414
16430
16442
16456
16486
16464
16507
16528
16552
16544
16555
16580
16581
16584
16588
16620
16627
16629
16637
16652
16655
16685
16702
16728
16744
16764
16770
16773
16762
16771
16807
16811
16827
16858
16881
16872
16897
16910
16906
16926
16924
16932
16941
16954
16968
16988
16996
17010
17008
17012
17021
17050
17064
17061
17083
17086
17103
17099
17123
17143
17133
17155
17195
17213
17216
17235
17257
17242
17263
17284
17302
17307
17319
17345
17359
17372
17384
17393
17440
17474
17493
17474
17470
17473
17484
17503
17529
17543
17558
17559
17578
17601
17622
17634
17636
17652
17648
17662
17688
17688
17712
17730
17722
17713
17718
17740
17740
17754
17761
17764
17784
17810
17812
17817
17842
17851
17871
17899
17911
17938
17945
17944
17959
17974
18006
18015
18024
18038
18075
18089
18118
18143
18125
18146
18145
18156
18166
18212
18222
18231
18248
18262
18268
18298
18293
18307
18329
18329
18349
18374
18405
18413
18433
18442
18459
18473
18501
18496
18495
18515
18553
18552
18568
18576
18593
18608
18622
18644
18644
18664
18669
18676
18700
18720
18732
18741
18753
18781
18801
18792
18805
18847
18833
18846
18856
18861
18867
18887
18910
18918
18924
18918
18943
18938
18952
18966
18994
19014
19034
19049
19076
19064
19081
19096
19109
19108
19130
19164
19141
19163
19203
19202
19239
19250
19252
19270
19281
19285
19314
19335
19345
19348
19383
19410
19416
19440
19454
19483
19493
19491
19518
19506
19524
19553
19585
19610
19627
19645
19681
19698
19716
19737
19740
19765
19782
19780
19796
19824
19846
19854
19881
19920
19929
19932
19953
19970
19983
19994
20004
20031
20046
20038
20049
20055
20080
20100
20115
20140
20138
20160
20172
20168
20191
20215
20234
20258
20280
20282
20281
20321
20353
20344
20365
20391
20417
20423
20440
20452
20436
20450
20466
20480
20512
20522
20544
20540
20565
20578
20594
20604
20617
20611
20648
20676
20683
20706
20724
20723
20741
20760
20790
20814
20823
20827
20861
20902
20930
20947
20973
20975
20986
21012
21038
21038
21065
21079
21086
21119
21161
21161
21177
21180
21201
21195
21204
21235
21233
21257
21301
21297
21326
21314
21357
21370
21413
21414
21436
21441
21437
21453
21494
21525
21528
21559
21573
21604
21604
21616
21625
21665
21698
21719
21726
21752
21754
21778
21775
21800
21820
21833
21869
21888
21906
21927
21941
21958
21977
22004
22017
22037
22061
22070
22076
22103
22132
22159
22176
22212
22233
22243
22252
22280
22326
22327
22331
22372
22405
22432
22434
22450
22470
22480
22524
22550
22572
22583
22608
22631
22669
22681
22717
22719
22741
22769
22800
22817
22825
22830
22848
22892
22907
22911
22938
22967
22968
22992
23029
23026
23052
23077
23077
23099
23096
23079
23114
23144
23157
23194
23222
23248
23239
23286
23285
23320
23339
23350
23340
23397
23424
23426
23442
23464
23480
23486
23516
23532
23547
23583
23582
23615
23610
23635
23652
23673
23681
23727
23734
23761
23771
23800
23812
23824
23876
23893
23922
23946
23946
23973
23964
23989
24003
24006
24045
24070
24085
24104
24141
24143
24179
24189
24201
24234
24267
24273
24285
24312
24339
24356
24373
24394
24408
24448
24472
24509
24527
24540
24539
24559
24570
24602
24630
24676
24719
24737
24762
24780
24801
24811
24840
24856
24885
24916
24944
24955
24975
25000
25018
25026
25046
25051
25079
25107
25125
25117
25146
25169
25211
25223
25242
25245
25269
25286
25312
25309
25332
25378
25403
25409
25433
25472
25481
25486
25519
25550
25582
25587
25602
25615
25640
25670
25679
25719
25758
25781
25795
25800
25824
25834
25859
25868
25911
25921
25941
25968
26001
26034
26065
26087
26121
26135
26158
26180
26202
26245
26240
26279
26294
26302
26314
26328
26338
26372
26376
26390
26403
26427
26446
26488
26517
26529
26583
26603
26617
26630
26695
26720
26748
26782
26806
26808
26836
26835
26878
26896
26902
26958
26990
27032
27061
27078
27088
27130
27164
27180
27184
27210
27254
27256
27278
27298
27323
27353
27369
27403
27411
27413
27432
27463
27489
27524
27566
27555
27555
27570
27587
27607
27667
27672
27708
27745
27746
27773
27785
27818
27845
27859
27883
27898
27917
27945
27988
28031
28046
28072
28077
28100
28148
28133
28180
28213
28206
28225
28252
28266
28287
28319
28349
28374
28402
28456
28467
28499
28543
28545
28572
28603
28627
28645
28674
28693
28725
28730
28750
28792
28818
28830
28847
28877
28899
28919
28959
28991
28992
29015
29049
29065
29093
29139
29165
29185
29213
29241
29260
29307
29309
29316
29357
29362
29385
29426
29454
29483
29517
29530
29552
29592
29616
29632
29651
29684
29709
29758
29766
29791
29828
29875
29893
29929
29987
29984
30025
30065
30092
30138
30156
30176
30189
30216
30242
30265
30294
30319
30341
30366
30384
30416
30448
30472
30493
30516
30526
30568
30597
30609
30610
30667
30668
30685
30737
30765
30783
30815
30846
30847
30865
30894
30945
30965
30980
31036
31072
31108
31118
31158
31170
31203
31232
31250
31276
31312
31341
31375
31399
31404
31441
31481
31536
31537
31571
31605
31646
31674
31695
31701
31739
31779
31828
31847
31888
31913
31904
31955
31983
32002
32033
32068
32092
32133
32160
32157
32175
32200
32226
32234
32270
32294
32326
32345
32376
32418
32435
32454
32507
32501
32541
32593
32623
32636
32647
32682
32696
32721
32741
32770
32796
32830
32854
32913
32930
32967
32972
33021
33047
33065
33094
33133
33143
33181
33215
33225
33260
33299
33344
33355
33391
33425
33457
33482
33502
33510
