0.0004196551724137932 0.0005562068965517242
300
295
290
288
281
279
266
261
259
256
255
254
252
249
249
248
247
242
241
240
239
242
242
238
238
238
237
236
234
234
228
226
224
220
216
217
218
217
218
220
219
220
219
219
215
214
215
215
214
215
213
213
213
213
214
212
213
213
214
213
213
213
214
213
212
210
207
206
208
208
206
206
208
210
210
210
210
210
207
206
210
209
209
211
213
214
213
213
212
214
213
211
210
208
208
209
208
207
206
206
207
208
208
209
209
209
206
205
202
203
204
205
204
203
202
201
201
202
201
201
201
202
202
203
203
204
203
204
204
204
203
205
206
202
200
201
199
200
199
199
199
203
205
205
204
204
204
204
204
203
203
203
203
203
207
207
204
205
204
203
202
201
200
200
198
198
199
200
201
200
200
202
203
205
204
204
204
204
204
204
206
206
206
205
205
207
207
207
206
206
207
208
205
204
202
201
199
197
197
199
200
199
202
201
203
203
204
202
200
198
200
201
200
200
201
203
201
200
201
200
199
199
198
196
196
197
198
199
199
199
199
197
198
198
198
199
199
198
196
195
195
196
195
196
196
195
196
197
197
195
195
195
193
193
191
193
193
192
192
192
192
192
192
194
194
195
195
196
196
197
198
199
199
199
199
196
198
198
199
199
199
198
197
196
196
196
196
197
197
198
195
194
194
195
192
191
190
190
190
191
189
189
188
186
186
186
186
186
186
188
188
187
187
188
189
188
186
186
186
189
188
190
190
190
190
189
189
188
187
189
189
188
187
187
187
187
187
188
188
189
188
188
188
188
189
188
187
188
188
187
187
188
188
187
186
184
184
185
186
186
188
186
186
184
183
183
183
183
183
183
185
185
183
184
183
181
182
184
183
182
184
185
185
185
185
186
186
187
186
187
187
187
187
186
185
185
185
184
184
183
185
185
186
186
186
186
186
186
186
187
187
185
184
184
184
186
187
185
186
187
186
186
184
184
183
184
184
184
184
185
188
187
187
186
185
185
184
187
187
186
188
188
187
186
185
187
188
189
189
189
188
188
186
185
185
185
185
185
183
184
185
184
185
186
186
186
186
183
183
184
183
183
184
184
187
187
187
185
185
185
184
184
184
185
186
186
187
188
188
186
184
183
184
183
181
181
181
182
181
181
181
181
182
182
185
186
186
187
189
189
189
187
187
188
187
187
185
186
187
188
188
193
193
187
186
184
186
187
187
185
185
185
185
183
182
181
179
179
179
179
180
179
178
178
177
177
178
178
179
177
177
178
179
179
178
178
179
179
178
178
178
178
178
178
178
179
180
181
181
180
181
180
180
180
182
182
181
182
180
181
181
180
180
180
179
177
177
178
177
178
178
180
179
178
178
178
178
179
179
179
178
179
181
181
183
183
181
181
182
183
181
181
179
180
180
179
179
178
179
180
181
179
180
180
179
178
179
178
179
179
179
181
181
179
176
178
177
176
176
177
176
176
177
175
175
174
176
177
176
176
177
177
178
178
178
177
177
177
178
179
178
179
180
179
179
180
181
180
179
181
181
181
181
182
181
181
181
178
179
181
181
181
179
178
178
174
175
175
173
175
175
176
176
175
175
176
176
176
176
175
176
175
176
177
177
176
173
173
173
173
172
172
171
171
171
171
171
172
173
173
173
173
171
171
170
170
170
170
170
170
170
172
172
173
172
170
171
171
171
173
174
174
172
172
173
172
171
171
171
171
172
172
172
173
174
176
176
175
173
174
175
175
175
173
173
175
175
174
174
174
174
174
175
174
175
175
175
176
178
177
178
177
174
175
175
172
172
171
171
173
172
172
173
174
175
173
175
174
176
175
175
175
174
175
177
177
176
175
175
176
175
174
173
173
173
173
173
171
172
172
173
173
171
171
172
171
169
170
171
172
174
172
171
172
173
174
173
173
173
173
174
175
175
175
174
174
175
175
174
174
174
172
174
173
172
172
173
172
172
171
171
170
171
172
174
171
171
170
170
171
172
172
172
172
170
172
172
171
172
172
172
171
170
170
170
171
171
172
171
172
172
173
174
173
172
170
173
173
174
173
169
166
165
165
164
164
165
165
165
166
166
166
167
168
166
166
167
168
168
168
168
169
169
170
171
170
170
170
171
172
171
169
170
170
169
170
167
167
167
168
169
170
170
170
170
169
168
168
168
168
169
171
169
168
166
167
166
165
166
163
163
165
165
164
163
163
163
162
162
162
165
166
166
166
166
165
166
166
166
168
166
166
165
163
163
162
163
164
162
164
165
166
164
164
165
166
167
167
167
166
166
166
165
165
166
166
167
167
165
166
166
167
170
167
169
168
169
169
170
170
169
168
168
168
168
168
167
167
166
164
165
165
166
167
166
167
166
165
164
164
163
163
164
164
166
167
168
168
169
169
167
168
167
166
167
167
167
169
168
167
166
166
165
164
164
164
164
164
164
166
167
166
165
165
165
165
165
168
168
166
166
164
163
163
163
162
160
160
160
160
160
161
161
160
161
161
162
162
163
164
163
164
163
165
165
165
165
166
168
168
166
166
165
164
165
164
164
165
166
163
162
162
161
162
162
162
163
162
162
163
164
165
165
164
166
165
163
163
162
163
163
164
163
162
161
162
166
164
163
162
161
161
161
161
160
160
161
161
161
160
160
160
161
159
159
157
156
158
157
160
160
159
156
157
157
153
154
154
154
153
154
154
154
155
155
155
154
153
153
155
154
155
158
160
159
158
159
159
159
159
158
159
158
158
158
159
158
158
158
159
161
160
162
162
162
162
161
160
158
157
158
158
159
160
162
161
164
165
165
163
162
162
161
161
161
162
162
162
164
161
161
161
162
163
161
161
162
162
161
162
162
163
161
162
163
161
159
160
160
160
160
159
159
160
161
160
159
157
157
156
154
154
154
154
154
154
153
153
153
153
153
156
156
157
157
159
158
160
157
155
155
153
153
156
156
157
159
158
155
155
154
155
154
154
153
154
156
156
156
157
158
158
157
157
157
158
159
159
161
160
158
158
159
157
159
159
158
157
156
156
156
156
156
155
157
157
156
156
154
153
154
155
155
155
154
154
155
154
154
154
154
154
152
154
152
152
152
152
151
153
152
154
154
154
154
155
155
155
156
156
157
156
155
154
153
152
151
151
152
153
151
153
153
153
152
152
153
153
153
152
153
151
151
151
150
150
150
152
153
151
151
151
152
151
151
153
152
154
153
153
153
154
153
153
153
153
153
154
154
155
155
153
153
153
152
152
153
154
154
156
153
154
154
154
153
150
150
149
150
149
148
149
149
149
149
152
151
151
150
150
149
149
149
150
150
149
149
148
147
148
149
148
149
150
151
150
151
150
151
152
152
152
152
152
154
153
152
152
150
150
151
151
151
150
151
150
152
151
153
152
150
148
148
148
148
147
147
148
149
150
151
151
152
153
153
153
152
151
151
151
151
150
151
151
151
151
151
151
150
150
151
152
151
151
150
150
149
150
150
151
151
149
149
149
149
149
149
149
149
151
150
149
149
150
150
151
152
153
152
153
152
152
152
152
152
151
149
150
148
148
149
151
152
151
150
150
150
152
151
151
151
150
151
150
152
149
150
148
148
150
149
149
149
151
150
150
149
149
149
148
147
148
148
148
149
149
150
148
148
148
149
150
149
149
149
150
149
150
148
147
147
150
152
152
152
151
148
147
147
147
147
147
146
148
148
148
150
150
151
152
151
151
151
152
150
150
152
152
150
150
150
150
150
150
150
151
150
151
150
149
147
147
146
147
147
147
147
148
149
150
152
151
151
149
151
151
151
151
150
151
150
149
148
148
148
148
148
148
148
149
149
149
147
147
147
149
149
147
146
147
147
149
148
149
149
147
148
149
148
146
146
146
146
146
147
147
147
148
148
149
151
152
149
149
150
150
150
149
148
148
146
146
145
145
145
145
145
146
145
148
150
150
150
150
150
150
151
151
150
148
149
147
147
148
148
148
148
148
148
148
146
146
147
144
144
144
144
144
142
142
142
143
143
144
144
144
143
144
143
142
143
142
142
143
143
143
143
145
146
146
145
147
147
145
145
144
143
144
145
144
147
148
149
149
148
147
147
149
150
150
148
145
145
146
147
147
147
148
151
151
150
151
148
148
149
148
148
149
150
149
150
150
146
146
145
143
143
144
145
147
145
145
146
146
145
145
145
147
146
143
143
142
144
143
143
142
141
141
139
138
139
138
137
137
138
137
137
137
137
140
140
140
140
140
142
143
143
142
142
141
140
140
140
139
140
139
140
141
140
140
140
142
141
141
141
140
142
141
142
142
140
140
141
141
143
142
141
141
143
144
144
144
143
144
143
143
142
140
141
141
141
142
142
140
140
140
139
139
138
140
141
142
143
143
142
141
139
138
138
138
137
138
138
138
140
139
139
138
138
140
139
140
142
142
143
142
141
143
144
143
144
144
145
144
146
146
146
143
141
141
141
141
141
139
139
140
140
140
140
140
140
140
140
140
142
143
144
143
143
144
144
143
143
140
140
141
140
139
140
139
140
139
138
140
142
140
140
140
139
139
141
142
141
140
140
139
139
139
139
141
140
139
139
137
137
137
137
139
139
140
138
139
140
140
140
140
141
141
139
140
140
142
145
145
145
143
143
141
141
140
140
139
139
139
139
138
137
137
137
137
137
137
138
140
141
143
143
143
146
147
147
148
149
148
148
146
149
149
148
144
144
144
144
142
142
143
141
141
137
137
137
138
137
140
139
139
139
138
139
138
137
136
137
136
134
135
135
135
134
135
133
133
132
132
132
134
133
132
132
132
132
132
132
132
133
134
133
133
133
132
132
133
133
135
134
134
135
135
135
137
137
135
135
135
136
138
135
135
135
135
135
135
133
133
130
129
130
132
133
130
130
130
128
128
128
131
131
131
131
131
132
132
131
132
132
132
132
132
131
131
130
130
129
130
128
127
127
127
128
128
128
129
128
128
129
129
128
129
131
132
135
134
134
135
136
135
135
137
136
136
136
133
130
129
129
129
129
129
132
132
133
129
130
129
130
131
130
130
131
128
127
127
127
128
127
127
127
126
125
125
126
127
127
127
127
126
127
128
128
129
131
132
132
133
132
133
135
134
132
130
130
127
128
128
128
130
134
133
131
132
132
133
134
133
132
133
130
131
128
129
129
128
128
128
129
132
133
133
131
133
135
135
135
135
135
134
132
133
134
134
133
134
134
134
132
129
128
128
128
129
128
129
128
128
127
126
127
128
127
126
126
125
126
126
127
126
126
126
127
128
129
129
131
129
129
129
128
128
127
127
127
127
127
126
125
124
125
125
125
125
125
125
126
125
125
123
123
123
121
121
122
122
122
122
124
126
125
125
125
125
125
123
122
122
122
121
122
122
122
123
123
123
123
123
122
122
122
121
123
124
124
124
125
125
127
125
126
123
123
124
125
125
126
126
126
125
124
123
123
123
124
125
124
125
124
125
123
124
123
125
126
124
124
124
123
123
122
121
121
121
121
121
121
123
123
123
124
123
122
123
122
123
125
125
123
124
124
123
123
122
122
123
123
122
122
122
122
124
123
123
123
123
123
123
122
122
122
123
123
124
123
123
122
122
122
122
121
123
123
122
122
120
121
120
121
123
123
122
121
122
119
119
118
118
118
118
118
119
120
121
121
120
120
120
121
121
120
120
121
121
122
122
122
122
121
122
122
124
126
127
126
125
124
123
123
123
122
123
123
121
123
122
124
124
122
123
122
123
122
122
121
121
120
120
120
120
121
120
119
121
121
122
123
123
123
123
125
125
124
124
125
124
125
126
126
126
127
127
125
125
126
126
129
129
129
128
127
129
128
127
127
125
127
127
127
127
127
126
126
125
124
125
122
123
122
123
123
122
122
121
121
121
121
119
119
119
120
121
120
121
120
120
119
121
121
120
123
123
123
122
122
122
122
122
121
122
122
122
122
122
122
122
122
122
122
120
120
122
121
121
120
121
121
122
123
123
122
121
121
121
121
122
122
122
122
122
121
120
122
122
122
120
120
120
120
120
120
119
119
119
120
119
118
120
118
118
120
120
119
119
119
119
120
119
119
121
122
123
124
122
120
119
119
119
118
118
118
119
119
119
120
120
120
119
120
118
119
121
121
119
119
119
120
123
123
123
123
124
121
121
122
122
121
121
119
119
120
120
120
122
123
125
126
125
123
124
122
123
123
123
123
124
124
124
124
122
122
124
122
121
120
120
119
120
120
119
118
118
118
118
118
119
120
121
122
122
123
124
125
125
127
126
124
124
125
124
124
123
121
120
122
121
121
122
121
121
122
121
122
123
124
124
125
123
124
126
124
123
120
122
122
122
122
122
122
122
122
121
124
125
125
124
124
124
124
123
122
122
121
121
121
122
123
123
124
123
124
123
123
124
123
123
124
123
122
122
121
121
122
121
121
120
120
117
118
118
117
116
116
117
116
116
117
117
118
118
118
120
120
119
120
121
121
119
119
118
118
118
118
118
117
116
117
116
116
117
117
116
116
115
115
115
117
119
119
121
121
121
122
123
123
121
121
121
121
120
120
119
118
119
120
119
119
119
119
121
119
119
118
117
117
117
118
118
119
120
120
118
119
117
118
117
117
117
117
118
118
118
117
117
117
120
120
120
119
119
119
119
119
119
117
118
118
118
116
117
116
117
116
116
115
117
116
116
116
115
118
118
118
118
116
117
116
115
115
115
117
118
118
119
121
121
121
120
119
119
119
120
121
122
122
123
122
124
124
123
121
121
123
123
121
121
121
121
120
120
124
123
123
124
123
122
122
123
126
124
123
121
122
125
126
125
125
125
122
122
120
120
120
120
119
119
119
119
118
118
118
118
117
116
116
116
117
116
116
116
116
116
117
118
120
120
119
119
119
119
119
119
119
116
117
118
119
117
117
117
119
119
118
119
119
120
121
122
119
118
118
118
116
115
116
117
117
116
116
117
119
119
120
117
117
118
118
118
119
119
119
118
118
118
118
119
119
120
120
118
117
117
116
117
119
119
118
117
116
118
118
121
121
121
119
121
121
122
122
122
123
122
126
128
127
126
126
127
125
123
122
122
120
119
120
119
119
120
120
118
118
116
116
115
113
113
115
115
115
117
115
114
113
113
116
116
115
115
114
113
114
113
113
112
112
112
113
114
113
112
113
114
113
112
112
113
111
110
111
110
109
110
110
111
111
110
111
111
112
114
114
115
115
113
115
116
115
116
116
116
116
116
116
115
112
113
113
112
111
111
112
112
112
111
110
110
109
109
110
110
110
110
111
111
112
112
112
111
112
111
111
111
112
113
114
114
114
114
114
115
115
114
113
112
109
109
109
109
110
111
111
111
109
110
110
109
109
110
110
111
111
110
112
112
111
111
111
111
111
110
108
109
109
109
108
108
109
109
109
109
110
110
110
112
112
112
111
110
110
110
107
107
106
106
106
106
108
108
108
108
109
109
109
109
109
109
109
107
108
106
107
108
109
108
106
106
106
108
108
108
107
107
107
108
108
107
108
109
108
108
108
109
109
108
108
107
107
107
108
108
107
108
108
108
108
108
108
107
107
107
107
107
108
108
108
107
108
109
109
110
109
108
108
107
107
107
107
108
108
108
107
108
106
106
106
106
106
107
106
108
107
107
107
107
108
108
109
111
113
112
110
109
109
108
109
110
109
112
110
110
109
109
110
110
111
109
108
108
107
107
107
107
107
107
108
108
107
107
107
105
105
105
105
104
104
104
103
104
104
106
106
107
108
108
108
108
108
108
105
105
105
105
106
106
106
106
106
107
107
108
108
107
108
108
107
108
107
108
107
107
107
107
106
106
107
107
106
106
105
105
107
106
106
106
106
106
105
105
105
107
107
108
109
111
111
109
109
108
108
108
109
106
105
105
106
106
106
106
106
106
107
108
109
110
109
109
109
108
108
108
106
105
105
105
104
104
104
105
106
106
104
104
104
104
104
104
106
108
108
107
109
108
109
109
108
109
109
109
110
108
109
110
109
107
107
107
106
106
106
105
105
107
108
109
109
110
109
108
110
109
110
110
111
112
110
110
109
108
109
109
109
109
109
110
110
110
110
107
107
105
104
105
106
106
105
106
106
106
106
106
109
109
108
107
109
109
110
111
113
111
111
110
111
110
110
110
110
108
109
110
109
109
105
107
106
104
104
104
104
104
104
105
105
105
103
104
104
104
104
104
104
104
104
104
104
104
103
104
104
103
102
102
101
101
103
103
103
104
105
105
105
106
106
106
105
105
105
105
105
105
106
106
105
105
105
105
106
104
104
104
105
104
105
104
105
104
104
104
104
103
104
105
105
104
104
104
104
104
104
104
104
105
106
106
106
104
104
105
105
103
103
103
103
103
105
102
102
102
101
102
102
104
104
105
105
103
103
101
102
102
101
102
103
103
102
102
101
102
102
102
102
102
102
102
102
102
102
103
102
102
102
102
102
102
102
101
101
101
101
102
101
101
101
100
100
100
100
100
100
99
99
100
100
100
100
101
101
101
102
102
102
104
104
104
104
104
103
103
102
102
102
103
102
101
102
101
101
102
103
103
103
103
102
102
102
102
102
103
102
102
102
101
102
102
102
103
104
104
104
105
106
104
104
103
103
103
103
103
103
103
102
103
101
101
102
103
102
102
100
100
100
100
100
101
101
100
100
100
101
100
101
101
100
100
100
101
101
101
103
103
103
102
104
104
105
106
105
105
104
103
101
100
101
101
102
102
102
103
102
100
101
101
101
101
101
101
101
101
100
101
100
100
100
100
100
100
101
102
102
101
101
101
101
103
103
103
104
105
104
104
104
103
104
105
103
104
104
103
103
102
102
102
102
103
101
101
101
101
102
103
103
103
103
102
102
102
102
102
102
101
102
103
104
105
105
105
103
105
105
105
105
106
105
104
104
104
102
100
100
100
100
100
100
100
101
101
101
101
102
102
104
103
102
101
101
103
103
103
103
103
103
104
103
103
101
100
100
100
100
101
102
103
104
105
103
103
103
103
103
103
104
103
103
103
102
101
102
103
103
102
102
102
103
103
103
103
103
103
102
102
103
103
103
104
103
102
101
100
100
100
99
101
100
100
100
100
100
102
102
102
102
101
101
101
101
101
102
103
103
102
102
100
99
99
99
99
99
101
100
100
102
102
102
103
103
104
105
102
103
104
102
102
102
100
100
100
100
100
100
101
102
101
101
101
101
101
101
102
101
101
101
101
103
103
103
102
102
102
102
101
100
100
100
100
101
100
100
101
102
102
103
102
102
102
102
102
103
101
101
101
101
101
101
99
99
99
99
99
99
100
102
101
100
101
101
102
102
105
104
103
104
103
103
102
103
104
104
104
104
104
104
105
105
105
105
105
104
104
103
103
102
102
101
102
102
102
102
102
101
101
102
102
101
101
101
101
102
102
102
103
101
101
102
104
104
104
103
102
102
102
102
101
103
102
102
102
99
99
99
99
100
100
100
100
100
101
101
102
101
102
100
100
100
99
99
99
99
100
99
99
100
100
101
101
101
101
99
99
102
100
99
99
98
99
101
100
100
101
101
101
101
100
101
100
100
99
101
100
100
100
100
100
99
99
99
99
99
99
98
98
98
98
98
99
100
100
101
101
101
101
101
101
100
100
101
103
102
103
102
102
102
101
102
102
99
99
99
99
99
99
98
99
100
100
101
101
102
101
101
101
101
101
101
101
103
102
103
102
102
102
102
103
102
103
103
102
103
101
101
101
102
103
102
101
100
100
101
102
100
100
101
101
100
100
99
99
101
99
99
99
99
99
98
98
98
99
100
101
100
101
100
101
101
101
101
101
101
101
101
101
102
102
101
102
102
103
102
100
100
100
100
100
101
101
101
102
102
102
102
102
102
102
100
100
100
99
99
99
99
101
102
101
102
103
104
105
105
103
101
100
100
99
99
99
99
99
100
100
101
102
100
100
100
102
102
101
102
106
106
107
106
104
103
101
100
99
98
97
98
98
98
98
98
98
98
98
98
98
97
97
96
96
97
97
97
97
97
97
98
98
98
98
98
98
97
97
97
97
98
98
98
98
98
98
98
98
98
98
98
98
100
100
100
99
101
100
100
99
100
99
98
99
99
99
98
97
98
98
100
100
99
100
100
102
100
98
98
100
99
99
99
100
99
100
100
100
100
98
99
99
99
99
99
99
98
98
98
98
98
99
101
100
100
100
100
100
102
101
101
98
100
100
100
100
100
100
99
101
101
101
100
100
100
100
100
101
101
102
102
100
100
99
99
98
98
98
98
98
97
96
98
99
100
100
100
101
99
99
98
97
97
97
98
98
97
97
97
97
99
101
100
99
99
99
100
100
101
101
101
100
101
101
101
102
101
101
101
100
100
99
98
98
97
97
97
98
98
101
100
100
101
101
100
101
102
101
101
101
100
99
98
96
96
97
98
97
97
99
99
100
100
98
98
98
98
97
97
97
98
99
99
99
99
99
99
98
97
97
97
98
98
97
96
96
97
96
97
97
96
96
96
97
96
96
96
96
95
97
97
97
97
97
98
98
99
99
99
98
98
99
99
100
99
100
101
101
102
103
104
104
104
104
101
100
101
100
100
99
99
100
99
98
98
98
97
98
99
100
99
99
100
99
100
99
101
99
99
99
98
98
97
96
96
95
95
97
96
97
97
97
97
97
97
98
98
98
98
98
96
95
95
96
96
96
96
96
96
96
96
97
97
95
95
95
96
97
97
98
95
95
95
95
95
96
94
93
93
92
93
93
93
92
95
95
95
95
95
96
95
94
94
94
94
94
95
95
94
94
94
93
94
96
97
96
94
93
93
95
94
95
95
95
94
94
94
94
95
96
96
96
95
94
94
94
94
94
94
95
96
96
96
95
94
93
93
95
96
96
96
96
96
96
95
93
93
94
95
96
96
96
95
95
94
95
94
94
94
94
94
94
93
92
92
92
92
92
92
92
92
93
92
92
91
92
92
92
92
92
92
92
93
93
93
92
93
92
92
92
92
92
92
92
92
91
92
92
93
94
94
95
95
94
94
94
94
94
94
94
94
95
95
94
94
94
93
93
91
90
90
90
90
90
90
90
90
90
90
90
88
89
88
88
89
89
89
89
89
88
88
89
89
89
89
89
90
90
90
93
94
93
93
93
93
93
92
91
91
90
89
88
88
88
88
89
89
91
91
90
90
91
90
92
92
93
92
91
92
93
93
93
93
93
93
92
91
89
90
91
91
90
89
89
89
89
89
89
88
88
88
88
88
88
87
87
88
87
87
88
88
89
90
89
89
89
89
89
89
90
91
91
92
92
91
90
90
91
92
92
90
91
92
91
91
91
