0.0006586206896551723 0.00018068965517241382
300
291
293
293
292
293
291
289
288
289
292
293
293
291
291
292
291
291
294
294
293
292
292
295
292
296
296
296
296
298
298
298
296
298
298
299
299
300
300
299
300
300
300
302
302
302
303
302
302
304
304
303
304
305
306
305
307
307
307
309
314
311
309
309
310
313
313
314
314
315
314
316
316
317
317
317
316
316
320
320
320
320
322
320
319
319
321
323
324
325
325
325
326
325
329
330
331
330
330
328
325
326
327
327
326
324
326
327
328
331
332
332
328
328
328
327
327
329
330
330
333
333
333
335
336
335
336
335
334
333
335
336
335
336
336
338
337
340
338
339
337
336
338
341
344
344
345
343
342
342
345
346
347
347
349
349
349
351
352
354
357
355
355
357
355
354
352
352
353
352
353
356
355
353
353
354
354
356
361
363
363
365
368
368
366
366
368
366
367
366
367
367
368
369
369
369
372
372
370
374
372
375
372
373
374
373
374
374
371
372
372
373
373
378
375
372
373
376
377
375
375
374
375
375
372
373
374
378
376
376
376
377
377
376
378
380
381
382
381
382
381
381
380
380
379
377
379
379
379
383
383
383
386
389
393
395
394
393
394
397
400
400
401
401
399
400
399
403
404
400
400
401
401
405
405
402
399
400
400
400
403
403
405
407
409
411
411
410
413
411
409
409
409
412
410
411
412
416
420
417
420
421
420
420
420
421
421
422
424
428
427
426
425
426
427
427
430
433
433
438
436
436
438
438
438
441
440
441
441
440
441
438
437
436
438
438
439
438
440
440
438
441
444
446
442
442
441
442
446
448
447
450
452
451
452
451
454
454
455
456
459
461
459
457
457
454
454
456
454
452
453
452
453
456
456
455
455
459
460
462
462
464
467
463
463
462
461
460
459
461
463
463
465
463
462
462
460
461
462
463
464
466
466
468
470
471
469
472
473
473
472
475
475
472
474
473
468
466
465
466
471
474
471
473
474
476
472
470
468
465
468
469
474
474
473
472
473
469
471
469
469
470
473
474
479
480
477
480
478
483
480
479
478
480
480
481
482
483
483
481
483
483
483
481
482
481
481
482
481
483
481
482
485
487
488
488
489
485
483
484
485
484
487
487
487
487
489
491
489
488
488
490
490
491
488
492
493
493
495
495
494
499
503
498
502
500
500
498
496
493
494
491
490
492
493
491
494
496
496
493
493
492
493
495
496
497
496
497
499
501
500
500
496
496
496
498
502
502
502
503
505
506
505
507
506
506
508
508
509
511
511
514
514
516
515
515
516
518
519
523
522
523
521
521
522
521
522
521
521
525
526
525
524
524
525
521
522
522
522
525
527
528
526
521
520
520
523
522
523
526
529
534
532
533
531
529
530
532
534
534
531
530
532
529
532
534
528
528
531
530
534
531
530
528
530
535
533
535
533
536
541
539
540
539
541
539
538
540
543
542
542
544
546
550
551
552
545
544
547
546
544
544
546
548
547
544
547
547
552
555
553
552
554
553
555
552
550
550
549
550
551
552
553
553
556
555
552
555
557
554
556
556
556
558
557
562
559
560
557
555
555
555
555
554
556
559
567
570
570
567
564
564
565
566
564
564
567
569
573
573
572
575
575
574
572
569
571
573
574
570
572
576
575
576
575
572
571
579
580
578
579
577
575
575
577
578
578
580
580
582
586
587
586
587
587
587
585
590
588
590
589
588
587
586
587
587
589
589
583
581
580
583
584
583
582
582
582
581
583
588
588
588
588
585
585
582
583
584
584
581
580
581
579
580
582
581
581
586
584
580
584
583
583
582
579
582
580
579
581
582
585
584
589
588
589
594
590
591
590
589
589
593
591
592
592
593
593
592
591
594
595
599
597
597
601
600
599
599
599
602
599
600
601
601
601
600
595
595
597
597
598
600
601
606
604
607
605
601
600
601
602
602
603
601
602
603
604
603
605
606
609
610
609
613
613
615
615
614
615
617
617
618
618
620
622
621
618
619
619
623
622
622
624
625
621
619
619
623
623
621
620
623
621
619
620
620
623
624
624
625
626
626
625
625
627
630
629
629
629
626
626
627
626
624
628
627
630
630
630
633
633
636
631
632
632
632
635
636
636
635
634
638
635
634
632
634
635
634
634
631
631
633
638
636
635
634
639
634
636
637
634
632
630
629
629
632
633
633
632
636
635
635
638
640
638
640
643
643
640
637
635
639
639
640
639
638
641
641
641
642
644
644
642
640
637
639
640
643
645
648
651
650
648
648
653
652
652
649
648
645
645
643
646
644
646
648
651
650
651
651
653
657
658
655
657
659
659
663
663
662
665
661
659
664
665
665
666
666
663
664
666
668
670
668
668
668
669
666
668
667
667
668
670
671
670
673
672
670
667
668
669
669
671
675
678
677
681
678
677
683
685
680
683
682
685
685
689
691
690
694
696
694
695
700
699
700
700
699
700
696
693
699
698
699
697
694
693
694
693
692
697
699
702
707
703
706
704
705
706
703
703
703
710
711
714
712
711
714
711
710
710
712
712
716
715
717
718
714
716
714
715
719
721
723
724
725
725
727
726
727
729
732
728
722
722
723
724
728
728
729
731
731
726
725
723
724
727
724
724
728
730
729
729
731
733
731
731
727
728
723
725
726
726
726
726
723
726
731
729
730
733
734
731
728
725
723
726
725
725
718
718
718
718
720
719
722
722
730
730
726
726
728
730
732
735
735
736
737
736
732
732
729
729
728
727
729
732
735
739
741
737
736
734
733
734
735
735
735
736
735
737
733
732
736
734
733
733
733
733
731
734
733
734
738
737
737
737
733
733
736
740
745
742
739
743
742
747
746
743
745
741
741
739
736
735
736
739
740
744
746
744
744
741
745
747
745
748
744
745
747
747
748
745
745
745
746
746
741
742
744
743
744
742
739
743
741
741
739
738
739
742
742
744
747
747
749
752
752
755
757
755
757
756
754
754
754
756
757
759
755
758
758
756
751
752
750
751
751
752
754
752
750
752
756
758
752
752
752
753
752
752
753
759
763
765
761
761
759
755
757
757
758
756
759
759
757
761
763
769
766
763
762
759
763
766
766
763
762
762
757
761
765
765
767
767
768
769
772
769
768
771
770
770
766
765
766
766
767
767
770
769
766
763
766
762
769
769
769
770
768
766
766
770
768
769
771
774
774
774
772
771
772
775
778
779
786
788
782
782
783
785
785
787
789
786
789
789
787
787
789
788
788
791
787
786
788
790
788
789
785
787
786
788
789
793
794
795
795
793
795
797
800
800
800
797
798
798
799
804
804
804
801
805
807
814
816
816
817
817
816
814
814
811
813
812
812
812
812
809
807
802
805
803
801
801
801
800
801
806
804
806
808
809
808
808
810
814
816
814
818
819
820
818
820
819
819
816
815
815
813
811
808
807
809
805
805
807
811
813
813
814
814
817
821
820
820
820
821
825
828
824
823
828
825
829
831
832
826
827
832
833
825
826
828
825
828
828
828
829
830
830
829
826
826
826
828
830
833
832
828
831
836
838
838
836
836
839
837
834
836
835
834
839
837
836
841
842
840
840
845
841
837
833
833
834
834
838
835
837
840
842
848
849
851
853
855
848
848
845
841
841
842
845
845
846
843
841
842
837
833
830
832
834
835
835
836
840
840
834
836
836
836
835
837
836
840
841
846
844
843
846
846
846
844
848
851
849
846
846
850
851
852
855
855
852
852
854
854
860
857
854
855
858
860
860
865
864
865
867
867
864
865
864
859
857
854
856
861
857
856
854
852
849
852
855
858
853
850
851
849
849
851
848
847
844
844
847
848
847
844
840
842
847
852
852
850
851
851
851
847
846
847
845
851
851
854
852
853
854
856
855
857
860
860
863
865
864
864
864
863
861
861
868
865
860
861
865
862
861
860
862
861
859
860
862
860
861
867
866
868
868
871
870
867
862
860
861
866
868
869
868
871
867
868
865
864
862
861
861
866
867
867
865
867
865
867
862
865
862
867
866
869
870
867
867
872
875
877
873
874
876
873
871
872
871
873
876
876
878
879
878
876
875
877
874
874
876
869
874
874
878
878
882
882
885
887
880
883
883
886
883
883
880
878
874
871
874
873
875
885
883
881
878
877
872
875
881
883
880
885
887
888
888
887
888
888
891
892
891
895
890
891
890
888
888
894
889
891
890
886
882
880
878
881
882
883
883
889
889
884
887
890
888
887
887
887
885
887
889
891
892
892
895
891
894
888
886
888
885
885
888
891
900
899
895
895
895
898
901
896
895
896
903
899
895
893
899
898
899
901
902
904
903
903
903
904
903
900
902
905
900
898
901
902
900
903
902
907
907
912
916
917
914
914
916
918
919
917
919
915
916
915
918
920
918
918
924
926
921
920
919
917
917
921
924
925
920
923
928
926
922
921
918
920
917
919
919
917
920
920
919
920
920
920
920
917
922
921
922
926
926
921
919
916
920
919
920
919
921
915
915
915
917
912
913
911
913
912
913
912
911
904
903
906
906
911
914
917
918
923
921
923
917
918
921
921
921
918
920
914
915
918
919
921
920
923
920
925
924
924
925
921
924
927
924
924
926
924
919
917
917
918
922
921
919
922
921
919
923
919
918
919
919
917
919
913
911
917
921
924
930
927
927
927
922
925
925
926
926
926
923
922
921
920
919
919
921
917
919
916
916
916
923
925
921
925
926
926
926
927
930
932
933
936
940
942
939
940
938
940
940
944
942
943
943
941
942
947
952
954
956
956
952
945
948
944
945
946
951
946
953
951
953
956
955
957
956
954
951
948
951
953
954
949
951
952
952
952
960
957
959
961
955
958
954
951
950
947
949
948
950
956
950
949
947
942
941
947
948
948
953
952
948
946
944
944
951
949
949
950
948
945
945
948
948
950
951
951
948
947
951
953
952
953
951
951
953
950
952
950
950
956
955
947
951
956
956
953
949
952
954
959
955
955
951
951
948
952
953
956
954
958
957
953
948
952
954
959
956
953
949
948
947
948
952
951
952
951
950
948
949
949
952
949
952
953
955
955
953
954
958
958
956
953
954
953
954
950
957
955
957
958
961
959
960
958
962
962
965
966
972
969
970
970
974
976
970
971
971
975
973
969
971
969
966
971
969
965
964
968
970
970
963
967
964
959
956
960
960
967
967
972
965
967
970
971
967
967
966
966
967
964
965
967
963
963
961
964
965
964
964
967
968
965
967
968
965
966
966
967
972
973
974
975
971
971
968
970
974
974
976
979
980
979
980
977
978
980
981
980
984
988
978
980
979
980
977
981
976
978
973
976
976
982
980
977
985
982
983
987
991
988
987
990
993
987
986
985
987
986
984
980
982
983
983
981
983
983
988
985
981
985
989
992
989
989
985
986
987
989
993
993
996
988
988
987
993
991
994
990
990
998
997
999
999
996
1001
997
997
998
995
995
990
991
993
991
994
998
994
997
996
1004
1002
1004
1007
1006
1004
1003
1001
1005
1006
1003
1004
1005
1005
1004
1003
1007
1010
1013
1014
1017
1019
1022
1026
1028
1029
1027
1024
1024
1026
1030
1029
1033
1032
1031
1033
1021
1028
1029
1027
1029
1031
1027
1030
1031
1037
1040
1039
1035
1031
1035
1033
1039
1042
1045
1046
1046
1047
1049
1050
1055
1056
1051
1050
1047
1046
1046
1050
1054
1054
1060
1060
1062
1063
1063
1060
1060
1053
1056
1056
1055
1050
1050
1047
1042
1047
1049
1052
1048
1047
1045
1043
1043
1039
1042
1043
1048
1052
1052
1050
1051
1050
1047
1043
1048
1046
1044
1047
1049
1046
1046
1041
1042
1044
1047
1046
1048
1042
1044
1037
1034
1036
1034
1035
1038
1036
1038
1035
1036
1034
1037
1036
1032
1037
1037
1039
1034
1030
1031
1042
1042
1047
1045
1046
1040
1038
1040
1039
1033
1033
1040
1041
1036
1032
1031
1037
1043
1037
1034
1040
1046
1044
1050
1058
1057
1056
1051
1047
1046
1049
1041
1043
1041
1043
1043
1047
1051
1049
1052
1053
1052
1055
1056
1051
1056
1059
1063
1062
1066
1065
1059
1058
1058
1058
1053
1051
1053
1051
1052
1052
1051
1054
1057
1052
1058
1064
1062
1061
1059
1060
1059
1058
1061
1060
1062
1055
1053
1054
1056
1057
1063
1064
1067
1061
1059
1062
1062
1064
1064
1067
1068
1065
1068
1071
1073
1075
1072
1070
1071
1070
1074
1072
1066
1066
1066
1064
1067
1071
1074
1070
1066
1066
1067
1068
1066
1065
1063
1068
1063
1062
1063
1064
1066
1066
1062
1066
1069
1067
1065
1062
1063
1061
1059
1058
1063
1063
1063
1065
1068
1067
1068
1069
1070
1067
1069
1070
1077
1076
1074
1071
1070
1068
1066
1065
1070
1072
1070
1071
1071
1074
1077
1073
1067
1069
1067
1066
1067
1067
1064
1068
1067
1066
1069
1071
1068
1072
1075
1078
1077
1077
1075
1080
1079
1076
1080
1076
1077
1077
1077
1080
1080
1080
1080
1075
1070
1071
1073
1075
1079
1082
1080
1081
1086
1089
1078
1081
1080
1082
1085
1084
1085
1088
1086
1086
1087
1086
1087
1086
1083
1083
1083
1083
1083
1082
1079
1080
1076
1079
1078
1079
1081
1083
1080
1076
1081
1079
1080
1087
1086
1091
1090
1081
1080
1083
1083
1090
1094
1094
1093
1092
1091
1093
1092
1096
1095
1097
1098
1098
1104
1102
1102
1102
1098
1099
1099
1102
1106
1101
1103
1102
1103
1111
1107
1104
1109
1104
1105
1103
1100
1099
1108
1107
1105
1111
1108
1107
1107
1106
1103
1101
1103
1097
1103
1101
1110
1112
1113
1112
1112
1117
1115
1112
1109
1109
1112
1112
1118
1115
1110
1109
1108
1112
1111
1111
1111
1107
1110
1113
1113
1113
1113
1112
1116
1116
1118
1120
1120
1117
1115
1117
1113
1110
1110
1106
1107
1108
1104
1111
1115
1110
1114
1115
1111
1111
1116
1116
1116
1118
1117
1117
1117
1116
1117
1114
1112
1116
1117
1118
1121
1123
1129
1128
1125
1124
1127
1125
1128
1124
1127
1123
1123
1129
1131
1127
1127
1128
1126
1126
1124
1125
1123
1116
1114
1109
1108
1109
1109
1107
1111
1119
1123
1121
1117
1118
1117
1114
1113
1116
1120
1118
1123
1122
1127
1126
1130
1135
1129
1133
1137
1132
1127
1125
1125
1113
1109
1108
1108
1112
1109
1114
1110
1113
1108
1104
1107
1108
1104
1103
1110
1107
1110
1113
1109
1109
1107
1108
1111
1113
1112
1110
1110
1113
1112
1110
1116
1120
1122
1119
1121
1124
1123
1123
1126
1132
1132
1129
1118
1117
1118
1125
1124
1126
1127
1131
1132
1131
1129
1132
1126
1130
1129
1125
1126
1124
1123
1126
1131
1130
1130
1135
1134
1133
1131
1129
1130
1131
1125
1119
1116
1118
1121
1118
1121
1124
1121
1122
1124
1127
1128
1125
1130
1133
1134
1133
1128
1128
1122
1121
1123
1124
1127
1125
1123
1123
1126
1119
1123
1124
1123
1120
1120
1117
1113
1116
1112
1113
1111
1112
1108
1111
1107
1102
1101
1104
1104
1104
1102
1105
1101
1100
1102
1103
1106
1103
1103
1103
1103
1101
1096
1094
1096
1102
1104
1106
1107
1106
1106
1107
1101
1106
1097
1096
1100
1106
1103
1104
1105
1104
1101
1099
1101
1098
1101
1100
1099
1096
1095
1093
1095
1094
1094
1089
1095
1095
1093
1097
1097
1097
1099
1099
1101
1097
1099
1101
1099
1103
1105
1104
1106
1110
1106
1103
1099
1101
1099
1099
1098
1098
1095
1089
1097
1099
1095
1094
1096
1099
1097
1094
1095
1098
1095
1091
1088
1090
1093
1098
1098
1103
1100
1098
1103
1100
1102
1106
1106
1106
1104
1106
1111
1105
1103
1096
1101
1109
1107
1106
1107
1106
1105
1109
1108
1108
1104
1106
1103
1106
1110
1109
1102
1104
1105
1103
1100
1099
1095
1098
1099
1100
1094
1094
1097
1097
1100
1097
1098
1100
1105
1108
1106
1103
1108
1106
1110
1110
1108
1111
1113
1114
1112
1110
1113
1111
1115
1108
1107
1109
1106
1103
1104
1104
1107
1105
1109
1105
1111
1108
1112
1112
1109
1114
1111
1105
1108
1107
1108
1110
1102
1106
1108
1105
1109
1103
1103
1102
1105
1106
1105
1106
1108
1102
1103
1104
1105
1103
1098
1100
1099
1105
1100
1101
1103
1108
1105
1104
1101
1101
1100
1097
1101
1104
1107
1110
1103
1100
1102
1106
1112
1113
1103
1105
1104
1109
1108
1109
1106
1109
1103
1108
1110
1107
1109
1109
1105
1107
1113
1109
1106
1113
1113
1116
1116
1115
1117
1114
1111
1113
1109
1106
1103
1097
1101
1100
1098
1097
1105
1107
1109
1109
1106
1108
1105
1107
1109
1111
1109
1106
1109
1108
1105
1104
1106
1105
1102
1104
1105
1102
1107
1107
1105
1109
1110
1111
1111
1110
1110
1104
1101
1102
1105
1104
1102
1099
1099
1103
1104
1107
1101
1097
1097
1101
1099
1101
1104
1108
1110
1108
1110
1109
1109
1107
1109
1105
1106
1105
1107
1113
1112
1116
1119
1115
1115
1112
1112
1112
1111
1109
1104
1101
1100
1097
1100
1099
1097
1096
1096
1096
1094
1098
1101
1097
1098
1101
1103
1098
1098
1099
1099
1100
1098
1100
1105
1107
1108
1107
1109
1111
1111
1113
1115
1116
1115
1117
1120
1116
1121
1123
1120
1120
1121
1124
1123
1121
1124
1126
1126
1131
1126
1124
1125
1120
1114
1113
1116
1116
1117
1118
1119
1122
1128
1123
1120
1126
1127
1126
1129
1127
1133
1131
1132
1132
1135
1135
1133
1133
1130
1134
1135
1137
1134
1128
1129
1136
1138
1135
1136
1133
1131
1134
1133
1133
1131
1134
1136
1135
1133
1136
1131
1126
1125
1125
1128
1124
1128
1127
1129
1125
1125
1120
1123
1125
1119
1123
1125
1121
1116
1116
1117
1122
1123
1120
1124
1123
1119
1115
1114
1115
1113
1110
1106
1107
1107
1110
1112
1109
1106
1105
1105
1107
1111
1107
1106
1105
1109
1111
1115
1111
1116
1113
1113
1106
1104
1103
1110
1114
1113
1109
1112
1106
1105
1106
1107
1107
1111
1108
1108
1108
1108
1107
1111
1114
1113
1113
1113
1110
1111
1116
1114
1117
1121
1123
1125
1120
1119
1118
1120
1118
1126
1123
1127
1122
1122
1118
1120
1123
1120
1120
1122
1117
1117
1120
1118
1119
1119
1122
1127
1129
1124
1119
1119
1119
1122
1120
1115
1114
1113
1119
1121
1121
1127
1128
1121
1125
1128
1126
1125
1127
1123
1123
1126
1127
1125
1128
1124
1121
1124
1123
1129
1127
1133
1128
1128
1125
1123
1124
1124
1124
1124
1123
1124
1119
1123
1124
1127
1121
1127
1127
1133
1138
1129
1129
1126
1123
1123
1128
1126
1125
1124
1129
1135
1134
1136
1137
1136
1135
1133
1134
1134
1131
1128
1125
1125
1126
1134
1132
1134
1136
1141
1138
1139
1139
1136
1132
1131
1131
1135
1139
1136
1139
1138
1144
1146
1144
1139
1133
1134
1137
1137
1136
1135
1135
1135
1137
1139
1146
1145
1151
1153
1150
1151
1154
1152
1159
1152
1151
1149
1153
1151
1147
1145
1152
1148
1148
1146
1143
1148
1143
1139
1149
1145
1150
1152
1152
1157
1159
1163
1161
1160
1157
1152
1151
1146
1148
1152
1151
1154
1159
1156
1157
1159
1163
1163
1161
1164
1166
1170
1166
1168
1175
1175
1163
1157
1155
1153
1154
1155
1156
1160
1161
1156
1154
1157
1160
1159
1158
1155
1154
1154
1154
1153
1150
1155
1154
1155
1157
1160
1159
1163
1161
1157
1158
1160
1163
1164
1158
1164
1167
1165
1166
1164
1164
1164
1164
1164
1165
1163
1155
1157
1158
1159
1164
1163
1168
1160
1163
1159
1159
1157
1160
1160
1163
1162
1159
1162
1164
1164
1166
1169
1165
1162
1162
1163
1169
1167
1161
1160
1150
1149
1148
1150
1150
1155
1152
1150
1150
1147
1149
1150
1155
1152
1155
1155
1159
1157
1154
1157
1160
1169
1167
1165
1163
1165
1167
1166
1170
1168
1166
1174
1175
1172
1169
1169
1165
1162
1165
1165
1160
1162
1158
1155
1153
1153
1142
1150
1154
1155
1151
1158
1153
1152
1152
1151
1150
1152
1149
1152
1153
1161
1157
1149
1150
1151
1149
1148
1146
1152
1154
1152
1155
1151
1152
1154
1159
1161
1159
1158
1162
1161
1163
1166
1165
1163
1161
1163
1162
1168
1167
1172
1170
1169
1167
1165
1167
1164
1165
1165
1164
1166
1164
1174
1167
1165
1165
1162
1163
1152
1155
1151
1152
1154
1150
1148
1151
1146
1149
1149
1148
1148
1152
1151
1146
1147
1146
1149
1148
1150
1152
1151
1150
1151
1145
1148
1153
1152
1153
1151
1152
1145
1154
1162
1160
1165
1160
1159
1160
1164
1170
1164
1171
1171
1169
1174
1170
1166
1164
1164
1165
1166
1163
1163
1159
1159
1158
1155
1153
1146
1149
1146
1146
1144
1142
1141
1144
1146
1147
1149
1148
1149
1154
1153
1157
1159
1162
1160
1163
1169
1167
1154
1154
1152
1143
1147
1145
1146
1151
1157
1152
1152
1149
1150
1156
1151
1150
1148
1147
1147
1146
1145
1144
1144
1148
1149
1149
1152
1155
1159
1166
1169
1165
1171
1168
1168
1170
1164
1161
1161
1153
1153
1152
1159
1163
1161
1156
1156
1158
1161
1163
1162
1161
1154
1150
1154
1159
1157
1160
1164
1160
1167
1164
1162
1165
1167
1169
1163
1161
1158
1164
1165
1163
1159
1159
1155
1158
1157
1157
1157
1161
1162
1157
1150
1151
1154
1155
1154
1155
1162
1160
1153
1155
1161
1158
1155
1152
1149
1153
1158
1164
1165
1168
1174
1168
1174
1172
1171
1174
1166
1167
1168
1164
1173
1165
1161
1162
1164
1163
1164
1165
1166
1162
1165
1168
1162
1160
1158
1158
1156
1161
1157
1155
1159
1160
1160
1157
1161
1161
1165
1161
1166
1165
1164
1163
1165
1167
1161
1158
1161
1161
1155
1153
1156
1157
1160
1166
1173
1176
1174
1169
1169
1169
1169
1169
1166
1165
1162
1160
1163
1168
1167
1173
1169
1173
1174
1178
1179
1179
1183
1184
1183
1180
1186
1189
1184
1185
1183
1182
1182
1180
1185
1186
1189
1193
1190
1191
1195
1195
1192
1194
1193
1196
1192
1193
1197
1194
1191
1187
1191
1190
1191
1186
1191
1190
1184
1186
1191
1185
1186
1188
1188
1189
1191
1191
1196
1197
1200
1210
1208
1212
1204
1205
1204
1203
1198
1199
1195
1193
1195
1195
1199
1198
1196
1200
1205
1210
1209
1208
1210
1203
1207
1208
1205
1206
1207
1212
1207
1207
1205
1203
1202
1197
1196
1197
1191
1188
1191
1192
1198
1203
1203
1201
1200
1204
1202
1198
1204
1204
1200
1194
1194
1192
1196
1193
1195
1204
1201
1200
1203
1199
1198
1203
1199
1199
1205
1209
1205
1211
1212
1210
1213
1212
1212
1212
1207
1207
1210
1211
1207
1208
1205
1208
1207
1209
1209
1211
1212
1213
1211
1212
1212
1212
1213
1215
1214
1210
1209
1207
1210
1209
1209
1208
1204
1202
1202
1203
1207
1208
1207
1205
1201
1206
1202
1202
1200
1195
1190
1196
1196
1202
1198
1195
1191
1193
1198
1200
1197
1194
1193
1191
1191
1187
1182
1177
1175
1187
1187
1183
1184
1183
1185
1184
1186
1185
1191
1191
1189
1189
1192
1195
1198
1191
1194
1194
1192
1189
1193
1195
1196
1190
1189
1190
1194
1192
1196
1195
1201
1206
1204
1201
1204
1200
1196
1197
1198
1207
1206
1207
1205
1204
1205
1206
1206
1207
1206
1207
1206
1208
1214
1218
1213
1215
1210
1214
1211
1218
1214
1213
1215
1218
1221
1224
1225
1221
1218
1220
1219
1222
1219
1221
1222
1221
1213
1209
1209
1211
1215
1211
1203
1201
1202
1204
1209
1209
1208
1209
1209
1210
1209
1206
1205
1205
1209
1203
1204
1201
1203
1199
1204
1203
1200
1201
1207
1201
1206
1204
1202
1206
1206
1200
1198
1197
1198
1200
1204
1208
1209
1213
1213
1211
1210
1208
1211
1210
1210
1207
1206
1207
1204
1202
1204
1201
1197
1197
1192
1194
1197
1209
1205
1200
1197
1194
1193
1194
1190
1201
1203
1203
1200
1201
1197
1198
1198
1193
1192
1194
1201
1200
1198
1190
1189
1186
1187
1188
1191
1187
1190
1193
1193
1198
1196
1198
1196
1196
1192
1200
1199
1200
1196
1192
1191
1191
1197
1199
1192
1189
1191
1195
1199
1194
1192
1190
1192
1188
1190
1191
1192
1191
1194
1191
1188
1188
1190
1187
1190
1190
1193
1195
1190
1194
1198
1199
1194
1197
1198
1200
1204
1208
1209
1210
1209
1204
1207
1214
1215
1213
1211
1212
1214
1214
1210
1212
1211
1206
1209
1209
1211
1212
1210
1211
1210
1211
1212
1211
1213
1215
1220
1223
1218
1217
1216
1218
1222
1223
1221
1220
1220
1218
1217
1216
1218
1216
1217
1220
1228
1224
1223
1218
1218
1217
1219
1227
1226
1217
1219
1219
1218
1223
1217
1222
1219
1219
1215
1212
1211
1210
1206
1208
1207
1208
1208
1203
1205
1207
1209
1210
1209
1211
1211
1207
1209
1204
1206
1207
1202
1205
1202
1199
1201
1206
1208
1203
1201
1205
1201
1197
1196
1196
1195
1196
1200
1200
1192
1192
1189
1191
1188
1192
1197
1198
1197
1197
1196
1196
1196
1199
1197
1196
1196
1197
1200
1205
1200
1199
1205
1203
1202
1199
1202
1196
1192
1195
1195
1192
1195
1199
1200
1202
1201
1199
1194
1194
1194
1191
1192
1190
1193
1192
1196
1192
1193
1193
1202
1206
1204
1207
1207
1202
1205
1203
1203
1201
1195
1196
1198
1199
1200
1203
1202
1205
1207
1210
1209
1209
1211
1208
1199
1194
1193
1195
1199
1204
1196
1198
1197
1198
1194
1192
1189
1188
1199
1197
1197
1196
1195
1195
1197
1197
1197
1197
1194
1195
1199
1204
1203
1203
1204
1206
1205
1199
1196
1196
1195
1192
1194
1197
1199
1197
1194
1194
1196
1194
1191
1193
1201
1200
1198
1197
1192
1186
1194
1193
1198
1197
1198
1199
1201
1208
1201
1198
1197
1198
1196
1198
1195
1194
1188
1186
1188
1191
1187
1192
1191
1195
1187
1188
1188
1186
1184
1178
1177
1175
1180
1181
1176
1176
1184
1182
1181
1180
1176
1175
1179
1179
1182
1181
1183
1184
1174
1177
1184
1187
1184
1192
1187
1191
1194
1186
1185
1182
1184
1188
1185
1185
1188
1191
1190
1189
1182
1180
1175
1175
1177
1177
1177
1177
1180
1175
1176
1174
1176
1177
1182
1181
1178
1178
1179
1176
1179
1179
1181
1175
1176
1176
1179
1175
1175
1180
1181
1178
1176
1176
1177
1181
1180
1183
1187
1191
1187
1188
1185
1184
1188
1187
1188
1190
1192
1187
1190
1191
1181
1182
1187
1185
1182
1178
1174
1174
1175
1175
1173
1174
1175
1178
1177
1178
1172
1168
1170
1170
1177
1176
1172
