0.00014655172413793104 0.00021482758620689656
300
298
294
287
285
284
279
278
278
280
278
276
276
274
273
270
270
269
270
269
265
267
267
266
264
263
265
265
264
262
264
264
265
266
266
262
262
262
261
261
259
259
258
260
262
261
260
259
260
258
257
257
256
257
257
255
257
257
258
258
262
260
259
258
258
257
256
255
254
254
255
257
258
258
257
257
256
256
257
257
258
258
258
257
257
254
254
255
255
255
255
255
255
255
254
256
255
254
254
254
255
255
255
255
255
255
255
254
253
256
257
257
257
257
255
254
254
254
254
254
254
254
255
254
254
255
255
258
259
259
261
261
259
259
256
258
256
254
253
253
253
254
254
254
255
254
254
254
253
255
255
256
255
255
255
254
253
253
251
252
252
254
250
250
250
250
250
250
248
250
251
253
251
251
251
251
251
251
250
250
250
249
251
253
253
254
252
252
251
251
251
253
253
252
252
251
252
252
252
251
250
249
250
248
247
247
249
249
250
249
248
248
246
248
248
248
248
248
247
245
245
245
244
244
244
243
246
245
246
246
246
246
246
246
246
245
246
245
244
245
244
242
242
243
243
243
243
246
246
247
246
246
246
245
245
245
246
246
246
246
244
246
244
244
243
244
246
245
245
243
239
239
239
239
240
240
241
239
240
240
242
241
241
239
238
241
239
239
240
240
239
238
238
235
234
234
234
235
233
234
233
235
233
234
234
234
234
233
233
232
232
233
233
232
231
232
233
234
233
232
232
233
232
233
233
232
232
233
234
234
234
234
234
233
233
233
232
231
231
231
231
232
232
233
233
235
232
233
231
230
230
229
229
230
229
229
228
229
229
229
230
229
228
230
231
231
233
231
231
228
227
228
228
229
231
230
230
230
229
231
231
231
230
230
230
230
232
231
231
231
229
226
226
226
227
227
227
227
226
226
226
227
227
228
227
225
226
228
227
226
226
225
226
227
225
224
224
224
224
224
225
225
226
225
225
224
224
225
224
224
224
224
225
225
226
225
225
225
225
228
226
226
226
226
226
228
228
229
228
227
226
226
226
225
225
224
224
224
226
226
226
225
225
225
225
224
223
223
224
226
225
224
222
222
222
222
221
220
220
221
221
221
220
220
222
223
221
221
221
221
221
221
221
221
221
220
221
221
220
220
221
222
221
221
220
222
222
222
223
222
221
221
222
222
221
222
222
224
224
223
220
221
222
222
221
221
222
222
222
222
222
222
221
222
224
224
224
223
221
221
221
221
222
222
222
222
222
223
222
222
221
223
224
223
223
223
224
224
224
223
222
223
223
224
225
224
223
223
223
222
224
225
226
226
221
221
220
221
222
221
220
221
220
220
219
219
219
220
221
221
221
221
222
220
218
219
219
218
219
219
218
218
218
218
217
217
217
217
217
217
218
218
218
218
218
218
218
217
218
218
218
218
218
219
218
219
220
216
216
215
215
215
216
216
216
216
216
216
219
217
217
216
216
217
217
217
217
216
215
216
217
217
215
215
215
215
215
215
217
216
217
217
217
216
216
216
216
216
217
215
215
215
217
217
216
217
216
216
217
216
217
218
218
218
217
215
216
215
215
217
215
215
214
216
215
216
216
217
219
219
219
218
215
215
215
214
216
216
217
219
219
217
217
216
217
217
217
216
216
217
216
216
216
215
215
215
217
217
218
218
218
217
217
218
218
217
216
216
215
215
215
214
214
214
214
214
214
214
215
214
214
214
214
214
214
214
214
214
213
214
215
217
215
214
214
216
213
213
213
213
214
214
213
213
212
212
212
212
212
212
211
212
212
212
215
217
218
217
215
213
214
217
216
215
215
214
213
212
211
213
213
214
215
213
213
213
216
216
212
212
212
211
211
212
212
210
210
210
210
210
210
210
210
210
210
210
211
212
212
212
213
213
213
212
211
213
213
213
214
212
211
211
211
211
212
212
212
213
213
211
210
210
210
210
210
212
212
211
213
214
215
213
214
214
213
212
211
209
208
209
210
209
210
209
209
210
209
209
209
209
209
209
209
209
210
210
209
209
209
209
209
210
210
208
209
209
210
210
211
210
209
209
209
209
210
210
210
211
210
211
210
212
211
209
210
210
210
209
208
209
209
209
209
209
209
210
210
211
211
212
210
209
209
209
210
210
211
211
211
212
212
212
211
211
211
210
210
210
211
212
211
212
211
211
212
211
210
211
211
211
211
213
212
212
212
212
213
211
208
208
208
209
208
209
211
212
213
213
211
210
210
210
210
207
208
210
210
212
212
214
214
212
211
208
206
206
206
206
206
206
206
207
208
206
206
207
207
207
207
207
207
206
206
206
206
205
205
205
205
207
207
206
206
204
204
204
207
205
206
208
208
208
207
206
206
205
206
208
209
207
206
206
205
204
205
206
206
207
206
206
206
207
207
206
206
207
207
207
207
207
207
206
207
208
211
211
209
209
208
209
209
207
209
209
208
208
208
211
210
210
208
207
207
207
206
206
206
208
207
207
207
207
207
207
207
207
207
206
206
206
207
206
207
207
207
207
206
206
207
207
207
207
208
208
208
208
207
207
208
207
206
206
207
208
208
207
208
206
208
210
209
209
207
208
209
205
205
207
209
207
206
206
206
206
206
206
207
207
207
207
206
207
207
207
207
207
208
207
207
206
206
207
206
206
206
207
207
207
206
206
209
209
209
207
208
206
206
205
206
206
206
205
205
204
204
206
205
205
206
205
206
207
207
208
207
208
208
208
208
208
207
207
208
208
209
208
207
210
210
210
211
206
205
203
204
206
205
204
203
204
204
204
204
205
204
203
203
202
201
201
202
202
201
202
202
202
202
204
203
201
202
202
205
205
206
206
205
203
203
202
202
202
202
201
201
203
202
203
201
201
201
201
199
200
200
200
201
201
202
202
203
203
203
204
204
202
202
203
202
203
203
202
202
201
200
200
201
200
200
201
201
201
201
200
200
200
201
202
201
200
200
199
199
199
199
200
200
200
200
200
200
201
199
199
199
199
200
200
200
199
199
199
199
198
198
201
200
200
200
200
199
199
198
198
199
198
198
198
199
200
200
199
199
199
201
200
199
199
200
200
200
200
200
201
202
199
199
196
198
195
195
195
195
195
196
195
195
197
197
197
197
196
197
197
196
195
195
195
195
194
194
194
195
193
194
194
194
195
196
197
195
193
193
194
195
195
196
197
198
198
197
197
197
194
194
194
194
195
195
195
193
193
193
194
195
194
194
196
195
196
196
195
193
193
194
193
193
193
193
195
195
195
197
194
194
195
195
193
193
194
192
192
192
192
193
193
193
193
193
193
193
195
195
197
194
195
196
195
195
193
193
193
193
192
192
192
191
191
191
191
191
192
192
192
192
192
191
191
191
191
192
192
193
193
194
193
193
192
192
192
192
192
192
193
193
192
192
191
190
191
191
192
192
192
193
192
192
192
193
193
192
191
192
191
192
192
192
192
193
192
192
193
193
193
194
196
196
197
198
197
196
195
195
195
195
194
194
194
194
194
193
193
194
195
195
196
195
195
194
192
193
194
193
193
192
193
193
192
191
191
191
190
190
190
190
190
191
191
189
191
191
192
192
191
191
191
191
191
191
192
192
191
191
191
190
190
191
192
192
190
189
190
189
189
189
188
189
189
191
190
191
189
189
189
189
189
190
189
190
192
191
189
189
189
190
189
191
190
189
189
190
190
191
190
189
189
188
188
188
188
188
189
190
189
189
188
188
189
189
190
189
190
190
188
188
189
189
191
190
189
192
192
193
193
191
191
189
189
187
188
189
187
188
188
188
188
189
187
187
188
188
187
188
188
189
190
189
189
187
187
187
187
187
187
188
188
188
188
189
189
187
188
187
187
187
188
188
188
188
189
189
190
189
191
190
191
188
188
187
186
188
189
190
189
189
189
186
186
185
185
184
184
185
183
183
184
184
186
187
187
188
185
185
184
184
184
185
185
184
182
183
183
183
183
182
183
183
184
184
184
185
184
185
185
185
184
183
183
184
184
184
184
183
183
185
185
185
185
185
186
187
185
186
186
186
184
185
185
184
184
184
185
184
184
184
183
182
183
183
182
182
182
182
183
183
183
183
183
183
183
184
183
183
183
183
183
180
180
180
180
180
180
181
181
182
182
183
184
185
184
184
183
183
185
183
184
184
182
182
181
181
181
184
185
185
184
184
183
182
183
183
181
181
182
182
182
183
183
183
183
184
183
182
181
180
180
180
180
181
182
181
180
180
180
181
181
181
181
181
181
182
183
183
184
183
183
182
182
182
183
183
183
182
182
182
182
180
180
180
181
181
180
180
180
179
179
179
179
179
179
180
180
179
178
178
179
179
179
180
181
181
181
181
181
183
181
180
181
179
178
179
181
180
181
180
179
180
180
180
180
178
178
179
179
179
178
179
180
180
179
178
179
180
180
181
182
182
181
180
181
181
180
179
179
178
179
179
179
180
180
180
181
181
181
181
180
180
182
183
182
180
179
180
180
179
179
180
179
179
179
180
178
180
180
180
180
180
180
180
181
181
179
179
177
177
177
177
178
178
179
179
181
184
181
182
181
184
183
181
182
183
183
183
180
178
178
178
178
178
178
178
178
177
177
177
176
175
175
177
176
177
176
176
177
176
177
176
176
176
177
177
177
178
178
178
178
178
178
178
178
178
177
177
177
177
176
177
177
176
176
176
176
175
175
176
177
178
176
177
177
176
176
176
178
177
182
180
180
180
180
181
181
181
182
179
176
176
176
175
175
176
177
178
178
179
177
177
176
176
176
176
175
175
175
176
177
177
175
177
176
176
176
175
175
176
175
176
176
175
175
175
175
175
176
176
176
176
176
175
175
178
178
178
178
177
175
175
174
174
174
174
174
174
174
174
174
176
176
178
177
176
176
175
175
174
174
175
177
177
175
175
176
176
176
177
179
179
177
177
178
178
177
174
174
175
176
176
178
176
175
175
175
177
177
176
176
176
176
178
177
180
177
176
176
175
175
175
173
172
173
173
173
172
172
172
173
173
172
173
173
173
173
174
174
174
175
174
174
174
174
174
175
176
174
175
176
177
178
176
175
175
175
174
174
174
174
174
173
173
173
174
175
176
175
172
172
172
172
173
173
173
173
173
173
172
173
173
174
173
173
174
173
173
172
172
172
172
172
172
172
172
172
172
172
173
173
173
172
173
173
173
173
173
173
173
174
174
174
175
173
172
172
172
172
172
172
172
172
173
173
174
174
175
174
174
173
173
173
173
174
173
173
174
174
174
174
174
174
174
174
173
174
174
174
175
175
174
173
173
172
173
172
172
172
173
174
174
174
173
174
175
176
176
176
177
177
175
176
175
174
175
176
175
174
174
173
175
174
176
175
173
173
171
172
171
172
171
172
171
173
171
171
170
170
172
171
171
171
171
170
170
172
172
172
171
170
170
172
169
170
170
172
171
171
170
170
171
171
171
171
171
171
174
174
176
175
174
174
174
174
175
173
174
173
170
169
169
169
169
169
169
169
169
170
170
171
171
171
170
170
170
171
171
169
169
169
169
171
170
170
170
170
170
170
170
171
170
171
171
172
173
172
172
172
171
171
172
171
170
170
170
170
170
171
171
172
172
170
170
170
170
170
170
170
171
171
171
170
171
170
170
172
172
172
173
171
171
173
171
171
169
169
168
168
169
168
168
168
169
172
170
169
169
169
170
171
170
168
167
166
166
167
167
165
165
165
165
165
163
164
167
167
165
165
164
164
164
164
164
164
164
164
166
167
167
167
167
166
166
166
166
169
171
168
166
165
165
165
165
164
164
164
164
164
165
165
164
164
164
164
164
163
165
166
167
167
166
165
165
165
165
165
166
166
164
163
163
164
164
164
163
163
164
164
164
164
164
164
164
165
165
165
166
164
164
165
165
165
166
166
165
164
164
164
164
164
164
165
165
166
165
165
165
165
165
165
164
164
165
164
164
164
164
164
162
163
164
163
165
164
162
163
164
164
165
165
165
164
164
163
163
163
166
166
164
164
164
165
165
165
165
165
164
163
163
165
165
165
164
164
163
163
163
163
162
162
162
162
163
163
165
165
165
165
163
162
163
163
163
164
163
163
164
165
165
165
163
163
163
163
164
164
163
163
163
163
162
163
163
163
161
162
163
163
162
162
163
163
163
164
163
163
164
165
165
165
163
163
165
165
164
165
165
165
164
163
162
162
161
161
161
161
162
162
161
161
162
162
162
162
162
161
161
160
160
161
161
161
162
161
161
161
161
160
160
161
159
159
159
159
159
159
159
159
160
160
160
161
163
163
162
162
159
160
161
160
160
160
161
163
161
160
160
159
160
162
162
162
161
159
160
158
159
159
159
160
159
160
160
159
159
160
160
160
161
161
164
163
162
160
159
160
160
159
161
161
161
160
160
160
159
158
158
158
159
159
160
161
162
163
161
159
159
160
160
159
159
159
160
159
157
158
158
158
158
157
160
157
156
156
157
157
157
158
159
159
158
157
157
155
156
155
155
155
156
155
154
155
157
156
156
156
155
155
156
156
155
155
156
156
157
156
156
160
158
158
159
159
160
160
159
159
157
156
157
155
155
155
156
157
158
158
157
156
156
156
156
156
156
156
154
154
155
155
155
155
155
155
153
155
155
155
154
154
154
153
153
153
153
153
153
153
153
153
153
154
153
153
153
153
153
154
154
153
153
153
153
153
153
153
154
155
155
155
155
154
154
154
154
155
154
154
154
154
154
154
154
154
154
155
154
154
154
153
153
154
154
154
154
154
155
155
155
154
154
155
155
155
155
154
153
153
154
154
154
154
154
153
152
153
153
152
153
153
153
153
153
152
152
152
152
152
153
153
154
154
154
155
155
153
154
153
153
154
154
154
154
154
155
153
153
152
151
151
151
151
151
151
151
151
151
151
151
153
154
155
154
154
155
153
153
153
152
151
152
152
152
152
151
151
151
151
151
151
151
151
151
152
153
154
153
152
152
152
152
152
153
152
152
152
152
151
151
151
152
152
152
152
151
151
152
154
154
155
153
153
153
153
153
154
155
154
154
154
153
153
153
154
155
153
152
152
152
152
151
150
150
153
152
152
154
154
153
152
151
151
151
151
151
151
151
151
151
152
152
154
152
152
151
151
151
152
152
152
152
151
151
151
151
152
151
152
152
153
153
152
153
154
153
152
153
152
152
152
152
151
152
152
153
153
154
153
153
153
153
153
153
153
151
151
151
151
151
151
151
153
152
152
152
151
152
152
152
152
151
153
152
152
152
152
152
152
152
153
151
151
151
151
151
151
152
152
153
153
155
155
152
152
150
150
150
150
150
150
150
151
152
151
150
148
151
152
149
149
148
148
149
150
150
149
149
149
147
148
148
147
148
148
148
148
147
147
148
148
149
148
148
146
146
146
146
146
146
146
146
146
146
146
146
146
147
147
147
147
147
148
148
148
148
148
149
147
150
151
149
148
148
148
148
149
147
149
149
148
147
147
148
148
148
148
148
148
148
148
148
149
149
149
148
148
148
148
148
147
146
146
146
146
148
149
147
146
148
146
146
146
146
146
145
145
147
147
146
148
146
146
146
146
147
146
145
145
145
145
145
145
145
145
145
146
146
145
145
145
145
145
146
147
147
146
145
145
146
146
146
146
145
145
146
146
145
145
145
145
145
145
145
145
146
147
146
146
146
147
147
147
145
145
146
145
145
146
146
146
148
148
150
150
150
147
146
146
145
144
146
145
146
146
147
147
146
147
147
147
147
147
147
147
148
148
148
148
148
148
148
148
148
148
147
146
146
147
148
146
145
146
146
148
150
149
149
148
148
147
147
147
149
145
145
145
146
149
150
151
150
148
147
147
147
147
147
147
147
147
147
146
146
146
146
146
146
147
147
147
147
145
145
147
148
146
148
146
145
145
145
144
145
145
145
146
147
147
147
146
145
145
145
145
144
144
144
144
143
144
143
143
144
143
143
143
144
144
143
144
145
144
144
143
142
142
143
142
142
142
142
142
142
143
143
144
145
145
145
145
145
145
144
143
143
143
144
144
143
145
145
143
143
143
142
142
142
143
144
142
142
142
143
143
142
142
142
142
142
143
142
142
142
142
143
143
143
144
144
144
144
144
144
144
146
147
147
144
145
145
145
145
145
143
142
142
142
142
142
143
143
143
143
143
144
144
144
145
145
146
145
145
147
145
146
147
148
146
144
144
144
143
143
143
143
144
143
143
142
142
142
143
144
143
143
142
142
141
141
141
141
143
143
143
143
143
142
143
143
144
144
144
142
142
142
143
143
145
145
143
143
143
143
143
144
144
144
145
145
143
141
142
142
142
143
143
143
142
142
142
141
141
142
142
143
143
143
142
141
141
141
141
141
141
142
142
142
143
145
144
144
142
142
142
142
143
143
143
143
141
141
142
142
143
143
143
142
142
143
143
143
142
141
141
141
141
141
141
141
141
141
141
141
142
142
143
142
143
143
141
141
141
142
141
141
141
142
141
141
141
142
143
142
142
141
143
143
143
141
141
141
143
140
140
140
139
139
139
140
140
139
139
139
139
139
139
139
139
141
140
141
142
142
141
141
143
138
137
138
137
136
136
138
138
137
138
136
136
137
137
137
138
139
139
137
139
138
139
137
135
135
135
135
136
136
136
136
136
137
135
135
135
135
136
136
136
136
136
136
136
136
135
135
135
136
136
136
136
136
136
137
136
137
137
136
136
136
136
137
136
136
136
137
136
135
135
135
135
135
135
135
135
135
135
135
135
136
136
136
138
138
137
137
136
136
136
136
136
136
137
137
136
137
137
137
136
136
136
136
136
136
135
135
135
136
138
137
137
138
138
136
138
139
139
140
139
138
137
136
137
135
135
134
134
135
136
136
136
136
136
136
136
136
135
136
136
136
135
135
135
134
134
134
135
134
135
135
134
134
134
134
135
135
135
136
137
137
137
137
137
138
139
138
137
136
136
136
138
138
138
138
139
139
138
138
137
137
137
137
137
136
137
137
137
137
137
137
137
136
136
137
137
136
136
135
135
135
136
136
135
135
137
137
137
137
135
135
135
135
135
135
138
137
138
138
138
136
136
136
135
135
134
135
135
135
134
133
134
134
134
133
133
134
135
136
136
136
134
134
134
135
135
133
133
133
135
136
136
133
133
131
131
131
131
131
131
131
131
131
131
131
131
131
131
131
131
131
132
132
132
132
132
132
131
131
131
133
133
131
131
130
130
130
131
132
133
132
132
132
133
132
132
131
131
131
132
131
132
131
131
133
132
132
131
132
131
132
131
131
131
130
130
130
130
130
130
130
130
130
131
131
132
131
131
131
131
131
131
131
132
131
131
131
132
131
131
131
131
131
131
132
132
132
133
132
131
131
130
130
131
132
132
131
131
132
131
131
132
132
131
132
133
132
131
132
131
132
132
132
132
132
132
133
132
131
131
133
134
136
136
134
135
135
134
130
130
130
130
131
132
133
134
133
132
132
131
131
130
130
130
130
130
130
130
129
130
130
130
131
132
131
129
130
129
130
130
129
129
129
130
129
130
129
128
128
128
128
128
128
127
128
127
127
128
128
128
128
128
128
127
128
129
129
129
129
129
129
128
129
128
129
129
130
130
129
129
128
128
127
127
128
128
128
128
127
127
127
127
127
127
127
127
127
127
127
127
128
128
128
128
126
126
127
127
129
128
128
127
127
127
127
129
127
127
127
128
127
127
129
128
128
127
128
128
130
129
129
129
127
127
127
127
128
129
128
128
127
127
128
128
129
128
128
128
129
129
128
128
128
128
126
126
126
126
125
125
125
126
127
127
125
124
124
124
124
124
125
125
126
127
127
125
124
124
124
125
124
124
124
124
124
125
125
125
125
124
123
123
123
123
123
123
123
123
123
124
124
125
126
126
126
126
126
126
126
125
124
123
123
123
124
123
122
122
124
124
124
124
124
124
124
123
124
123
122
123
122
122
122
123
123
122
122
122
123
123
125
125
125
124
124
123
123
123
123
123
123
123
124
123
124
124
124
122
121
122
122
122
122
123
122
122
122
122
122
123
123
122
123
123
124
124
124
123
123
124
124
123
123
123
123
123
123
123
122
122
122
122
122
122
122
122
122
122
122
122
122
122
123
124
124
125
124
124
124
124
123
124
124
123
124
124
124
125
123
123
121
121
122
122
123
122
123
123
123
124
124
123
124
125
126
125
122
122
122
122
123
122
121
123
123
124
124
124
123
123
123
125
124
123
123
122
122
122
122
122
122
121
121
121
122
121
121
121
121
121
121
121
121
121
121
121
121
122
123
123
123
123
123
123
123
121
121
122
122
122
122
123
121
120
120
120
120
120
120
120
119
119
119
119
119
119
119
119
119
119
119
119
120
123
123
123
124
122
122
121
120
120
120
119
119
119
120
121
121
121
121
121
121
121
122
122
121
121
121
121
121
120
121
121
121
121
121
120
120
120
120
120
122
122
123
123
123
123
123
123
123
123
122
121
122
121
121
123
122
121
121
120
121
121
121
121
121
121
121
120
122
121
120
120
120
120
120
120
120
120
120
120
120
121
122
121
123
123
123
123
122
123
123
122
121
121
121
122
121
121
121
121
121
121
122
122
123
123
124
124
124
122
122
123
121
121
122
122
120
121
121
121
123
122
122
121
120
122
122
122
123
122
121
122
122
123
124
123
122
122
121
121
121
121
120
120
120
120
120
120
120
119
119
119
120
120
119
120
120
119
119
119
119
120
120
118
118
118
118
119
119
120
119
119
119
119
119
118
118
118
118
118
118
119
118
119
120
120
120
119
119
119
119
119
119
118
118
118
118
121
121
119
118
117
117
117
117
117
117
117
118
118
119
119
119
118
118
118
118
118
117
117
117
117
117
117
117
117
117
117
118
121
121
120
120
122
122
121
122
121
122
121
120
120
121
121
120
119
120
120
122
121
118
118
118
118
118
118
118
117
117
117
117
118
118
118
118
119
119
119
118
119
119
119
119
117
117
118
118
119
119
119
119
119
118
118
118
119
119
120
120
119
118
119
119
119
119
118
118
117
117
118
117
117
117
117
117
118
119
120
120
120
119
118
118
119
119
119
117
118
118
118
117
117
117
117
117
117
117
117
118
118
118
118
117
117
118
117
117
117
117
117
117
117
117
119
118
117
117
117
117
117
117
117
117
117
117
117
117
117
117
117
117
117
117
119
118
118
118
118
118
118
118
118
118
119
119
119
120
120
121
121
121
121
121
120
120
120
120
117
117
118
117
117
117
117
116
118
118
118
118
118
118
117
117
116
117
117
116
118
118
118
118
118
119
118
117
117
117
117
117
117
117
118
117
117
117
117
116
116
