0.00038551724137931035 0.0006927586206896553
300
297
292
282
278
275
271
263
263
262
260
256
254
257
256
254
252
250
248
245
243
242
239
238
235
235
233
232
231
228
227
228
227
225
224
224
223
222
222
221
221
220
220
220
221
221
221
223
221
221
222
221
220
220
220
218
219
219
219
218
221
221
225
225
228
227
227
228
225
225
224
221
220
221
221
221
222
223
224
225
225
226
226
225
226
225
223
223
223
219
220
221
221
220
219
222
220
220
222
222
223
224
226
226
225
225
225
221
219
219
221
221
222
220
219
219
217
217
219
217
217
218
218
218
219
219
218
219
217
217
219
218
218
218
218
219
220
220
220
219
218
220
219
220
222
222
222
221
223
221
221
223
221
220
218
218
216
216
214
214
215
215
215
216
216
216
217
217
219
221
221
223
224
223
224
223
223
221
222
220
223
227
228
228
227
226
223
221
222
222
220
219
217
217
218
217
217
218
220
219
218
219
215
215
214
213
214
213
213
214
213
213
213
213
215
215
216
217
216
215
218
216
217
216
216
216
218
217
217
219
219
219
220
217
218
217
217
216
219
218
219
216
216
216
216
215
216
212
216
214
215
214
214
214
214
214
214
214
215
216
218
215
217
216
218
218
218
217
218
217
218
216
216
216
216
218
219
215
214
215
217
215
216
216
217
216
212
211
209
208
208
210
211
213
211
209
208
208
208
208
207
207
208
208
208
209
209
209
211
210
211
210
209
209
210
208
208
208
209
208
207
207
205
203
205
207
206
206
206
207
207
205
206
209
208
207
208
207
206
206
206
206
207
206
204
204
203
203
204
205
205
205
204
206
208
208
209
212
212
212
211
212
214
214
215
212
211
212
212
211
210
211
210
207
206
206
206
206
205
204
203
203
203
203
203
202
202
203
205
205
205
202
202
203
203
205
205
206
207
208
209
207
207
204
204
203
204
205
204
205
205
205
206
206
205
204
204
203
204
205
205
208
207
209
209
207
208
208
206
207
208
206
206
208
208
207
206
205
204
202
202
206
206
204
203
202
204
204
206
204
202
203
204
204
205
204
205
206
206
205
203
204
204
204
204
205
204
202
203
204
204
207
207
206
207
204
204
204
201
199
200
204
203
203
203
201
202
203
201
202
202
202
202
203
202
202
204
203
203
200
202
202
203
203
203
203
203
205
206
202
205
203
201
200
199
199
199
198
197
198
198
200
199
199
200
201
200
202
203
203
202
202
202
203
204
202
203
204
205
205
205
204
203
202
199
197
198
197
197
197
197
198
198
197
199
198
199
198
198
199
199
197
200
203
204
204
204
205
204
209
208
206
204
205
204
203
203
203
203
202
203
205
203
203
202
201
203
202
202
202
203
202
200
200
198
195
197
197
196
196
197
197
196
196
196
198
197
197
197
198
199
199
199
200
200
200
201
201
200
199
198
198
199
199
200
198
199
200
201
201
198
197
197
198
197
198
199
196
197
198
199
198
197
197
197
199
200
202
203
202
200
199
199
199
199
198
196
197
197
195
196
197
197
196
197
198
199
199
201
200
200
199
199
198
201
200
198
197
195
195
195
194
192
191
195
195
194
192
194
196
193
193
192
194
195
195
197
198
191
191
192
193
194
198
198
196
197
197
197
196
195
198
196
195
191
190
190
189
190
190
189
189
190
189
189
186
186
186
186
188
189
189
190
190
187
188
190
190
190
190
191
193
193
194
194
194
196
194
193
192
194
192
190
189
188
188
189
189
188
188
187
187
187
187
188
188
188
189
189
190
191
189
190
189
190
190
192
193
194
194
195
193
194
194
194
193
192
193
193
193
194
193
193
194
195
193
192
195
193
193
192
194
193
193
193
194
194
194
193
192
191
191
191
189
190
190
188
188
189
190
190
189
187
187
187
186
188
186
186
186
186
190
187
186
185
185
185
185
184
185
186
186
187
188
189
189
191
190
191
189
189
190
190
190
191
191
190
190
191
189
189
189
188
188
190
187
187
190
189
189
187
185
187
184
185
186
186
186
186
184
184
185
185
187
187
184
184
184
185
184
184
186
184
185
185
183
183
184
186
187
189
189
186
186
188
187
186
186
183
184
184
184
185
186
185
182
183
183
181
182
183
183
183
183
184
184
183
182
182
184
183
183
182
182
182
183
184
186
186
184
184
183
181
180
180
182
182
182
181
181
182
183
183
183
183
186
185
183
182
183
183
183
183
185
185
186
187
186
187
188
190
190
190
189
191
191
189
187
186
185
187
185
188
187
187
187
186
185
184
183
183
184
185
185
183
183
183
183
183
185
186
185
185
183
183
183
181
181
184
184
183
183
183
183
183
184
183
182
186
185
185
186
186
185
184
184
182
183
181
182
181
180
180
178
179
181
183
182
182
181
180
182
182
180
180
181
182
181
180
179
179
180
178
178
178
179
179
178
176
176
177
179
179
180
180
179
179
179
180
181
182
183
185
184
182
181
183
181
181
181
181
179
179
180
181
182
181
182
182
182
182
182
181
179
181
180
182
183
184
182
183
182
181
182
181
181
182
182
181
182
184
185
185
187
188
186
185
187
184
183
184
183
184
183
183
182
181
180
179
180
179
179
177
176
175
176
177
178
178
178
178
179
178
178
178
179
178
179
177
176
178
176
177
178
179
179
179
179
179
179
177
177
178
176
175
175
174
175
175
173
173
173
173
173
173
173
174
174
175
176
175
175
176
176
175
176
175
176
175
175
176
175
176
174
175
176
176
175
173
173
174
174
174
172
172
174
175
174
173
174
173
172
173
172
172
171
171
171
171
171
171
173
174
173
175
175
172
172
172
175
175
176
177
177
177
176
175
178
177
177
178
175
175
176
174
172
172
171
171
172
171
171
173
174
170
169
169
170
171
171
170
169
169
169
169
168
169
170
172
172
173
174
174
173
173
171
170
171
168
168
169
169
170
171
172
169
169
169
169
169
170
171
172
173
171
171
170
169
168
168
170
169
168
168
168
167
168
165
165
168
168
168
169
170
168
165
167
167
168
168
170
171
170
168
168
168
169
169
168
167
168
169
169
168
167
169
170
171
170
172
171
168
168
168
168
168
168
168
169
170
168
168
167
167
167
166
166
165
165
166
166
165
165
164
167
167
167
169
169
169
167
165
165
165
165
166
166
166
168
167
167
168
166
166
164
166
165
166
166
166
167
167
166
164
165
165
165
166
167
167
167
168
166
167
167
166
167
168
167
167
167
166
169
168
167
167
167
167
168
171
171
168
168
165
163
163
163
167
167
167
167
165
164
164
164
166
165
165
164
165
166
163
162
162
162
162
160
160
160
162
161
161
162
162
162
162
162
161
161
160
160
160
161
162
162
163
163
162
164
165
165
165
165
164
164
164
165
165
161
160
159
159
160
162
162
163
163
164
164
165
164
164
164
164
163
163
163
163
160
161
161
162
162
163
163
163
163
164
163
163
164
162
161
161
159
160
159
161
161
162
163
162
162
162
162
162
163
161
164
164
164
164
164
164
166
165
165
168
169
165
166
166
164
165
167
168
168
169
170
169
170
167
167
168
168
167
168
167
166
166
164
164
163
165
164
165
164
165
165
167
168
167
168
168
171
170
168
168
166
165
166
165
163
164
164
164
164
163
163
161
161
162
162
161
160
162
162
164
163
163
162
163
163
163
163
165
166
164
164
163
165
165
165
167
168
166
164
166
164
163
161
161
162
161
163
161
161
162
163
163
161
161
161
161
160
158
158
160
161
162
162
162
161
161
162
160
159
160
160
160
160
161
162
161
162
160
160
160
161
161
161
163
165
165
166
167
167
166
166
167
165
164
165
164
162
163
164
167
166
166
166
167
167
166
163
165
165
165
163
165
162
162
163
164
164
163
162
161
161
161
162
162
163
162
162
161
161
161
161
160
160
162
162
164
163
163
162
162
164
164
165
165
167
167
167
168
167
167
165
165
164
165
163
163
162
160
160
160
159
159
157
158
156
157
156
157
157
157
156
159
159
157
156
156
155
155
156
156
157
158
155
154
153
155
153
153
153
155
155
154
154
154
153
153
154
155
155
156
154
152
151
151
152
154
155
154
154
154
154
153
153
153
154
154
154
154
154
155
155
155
153
155
157
157
159
158
156
156
156
156
158
159
160
159
158
158
159
155
155
154
154
154
154
154
154
155
155
155
155
156
156
155
157
155
156
157
157
156
156
156
158
158
157
158
158
157
157
157
156
154
157
158
157
157
157
157
157
156
155
154
153
153
152
153
153
153
153
152
152
153
152
152
151
152
152
152
153
154
153
154
154
155
155
156
155
156
156
156
157
158
156
156
157
157
156
156
158
159
159
159
158
158
158
159
158
158
157
156
157
154
154
155
154
153
153
152
152
152
152
152
152
151
151
152
153
153
152
152
152
152
152
152
152
152
152
152
153
153
154
156
155
156
155
155
156
155
154
155
155
155
155
155
156
154
154
154
154
155
155
156
156
156
157
158
157
157
157
156
156
156
156
156
155
154
156
156
156
155
156
153
152
151
152
152
151
152
152
153
153
152
152
152
152
154
153
153
153
154
155
156
156
156
154
154
155
157
157
156
156
154
153
153
155
155
155
155
156
156
155
157
157
158
159
161
161
161
161
161
160
162
159
159
159
157
158
157
156
156
156
157
158
155
154
154
155
155
155
156
157
155
155
157
158
158
157
158
157
157
158
160
160
160
161
158
157
158
158
159
158
159
160
160
162
162
159
163
162
163
161
162
160
160
160
159
160
157
156
158
158
158
156
156
157
159
160
160
158
158
155
156
156
157
156
156
154
154
154
153
153
153
153
153
152
151
153
152
151
151
149
150
150
151
151
151
152
153
153
153
154
154
154
153
155
156
156
156
156
155
156
156
158
160
160
160
163
162
157
156
155
157
157
154
154
156
157
156
156
155
154
154
156
152
153
152
150
149
150
150
150
152
155
157
157
157
157
156
155
155
154
151
150
151
151
153
152
151
151
152
154
153
152
152
153
153
152
153
150
149
148
148
148
149
148
148
149
150
151
151
151
151
152
152
151
151
151
153
152
151
150
150
151
152
152
153
154
154
153
152
151
150
150
151
152
153
152
152
152
151
152
152
150
150
151
151
153
151
150
152
154
154
155
156
155
156
156
154
153
154
154
156
156
155
155
155
156
156
157
156
155
152
151
149
148
149
149
148
148
148
149
147
148
149
149
149
149
149
151
154
153
152
152
151
150
149
151
151
151
151
151
151
150
151
151
149
148
149
148
149
150
150
150
151
153
151
150
150
151
151
150
152
152
151
152
150
148
147
147
148
148
148
150
149
150
149
150
150
150
150
150
150
150
148
148
148
148
148
149
151
151
151
151
150
149
147
147
149
148
148
147
147
147
147
147
148
149
148
149
149
150
148
148
149
150
150
150
149
148
148
147
147
148
148
150
151
151
152
152
152
152
153
153
155
155
152
151
151
152
155
155
156
153
153
151
151
150
150
150
151
151
150
149
150
151
150
147
147
146
147
149
147
147
145
145
146
146
147
144
144
145
144
144
146
144
144
144
146
146
144
144
144
144
142
142
142
142
141
141
142
142
143
143
144
143
144
143
143
143
143
144
146
146
146
147
146
146
145
144
144
144
145
145
143
142
141
141
141
141
139
138
139
139
138
138
137
138
138
140
139
140
140
140
142
141
142
142
143
143
143
142
142
142
142
141
140
141
141
143
143
142
142
141
141
140
140
140
139
139
138
139
140
140
140
141
140
139
138
138
137
138
139
138
138
138
138
138
139
139
140
138
138
138
138
140
140
139
140
141
140
140
138
138
139
139
138
138
139
139
139
139
139
137
139
140
140
138
139
138
138
138
138
141
140
140
140
139
139
141
140
139
140
141
143
144
144
142
141
142
143
143
144
143
143
141
142
142
141
141
144
144
145
145
145
145
144
144
143
143
143
143
143
144
143
142
140
140
139
138
139
141
141
143
143
142
141
142
142
142
144
142
143
143
142
142
141
141
141
142
140
139
138
138
137
138
137
139
139
139
139
138
139
139
140
142
142
142
141
140
140
142
140
141
142
140
140
140
140
140
142
141
142
142
142
141
141
141
141
141
141
143
142
143
144
144
143
141
140
141
141
141
141
140
138
136
136
137
137
137
137
137
137
137
136
137
138
134
134
134
135
135
135
135
136
137
137
137
137
137
137
136
136
136
137
138
139
139
139
138
140
140
138
140
141
141
141
140
140
140
140
139
140
139
136
135
133
133
133
135
135
135
135
134
135
135
135
135
136
136
135
136
136
136
138
137
138
136
137
136
136
137
137
138
137
138
137
137
137
137
137
137
137
136
134
135
135
134
133
134
134
134
135
134
135
134
134
134
135
135
134
134
134
134
133
132
132
131
131
132
132
133
133
133
133
133
133
134
132
132
133
133
134
134
135
136
136
136
136
136
138
137
137
137
140
138
138
139
138
139
141
140
140
140
139
138
137
137
136
136
136
138
136
136
136
136
136
136
136
136
137
138
137
137
136
136
136
136
136
136
135
135
135
134
136
134
134
135
136
136
137
134
134
133
133
134
135
135
136
138
138
138
138
139
139
139
139
140
139
139
139
138
137
138
137
137
138
135
135
136
136
134
134
133
132
132
132
132
132
131
131
132
132
134
136
136
135
136
135
136
136
135
135
135
135
137
137
137
136
135
135
135
134
135
135
135
136
138
138
136
136
135
133
133
133
133
133
134
135
134
136
140
138
139
137
137
137
138
139
140
140
140
139
138
137
137
135
135
133
133
133
132
132
132
132
132
131
133
133
133
135
136
137
136
135
134
133
132
130
130
130
130
131
131
131
133
132
133
132
132
134
134
135
134
132
133
132
132
132
132
134
135
135
134
134
135
133
133
133
133
133
133
133
133
133
132
132
131
131
131
131
131
133
133
133
132
132
132
133
132
131
131
130
131
131
132
132
132
132
133
134
133
134
135
136
136
138
138
138
138
138
136
137
136
135
135
134
134
133
132
132
133
134
135
135
135
135
135
134
136
136
136
135
133
133
133
133
134
134
134
132
133
134
134
134
133
134
134
134
135
133
133
133
133
133
133
133
133
132
133
134
135
134
134
134
137
137
136
134
135
133
135
136
137
137
136
134
135
135
135
135
134
135
135
134
134
133
134
133
132
132
132
132
132
132
132
132
132
130
131
131
131
131
131
131
132
132
132
132
134
134
136
135
134
132
132
133
134
134
134
135
134
133
134
137
136
136
137
137
136
135
135
134
133
133
134
134
134
133
133
132
131
133
133
134
135
136
137
135
135
136
136
138
138
138
138
137
137
137
137
138
138
139
139
139
137
137
138
137
137
138
137
137
137
136
136
135
136
134
136
137
137
138
138
137
137
138
138
136
137
137
136
136
136
136
134
134
134
132
132
133
132
131
130
130
130
131
132
132
131
131
131
131
131
133
134
134
133
133
133
133
133
133
133
133
132
133
133
133
133
133
133
134
135
134
135
135
135
135
135
134
133
129
130
130
130
130
130
131
133
132
132
132
133
134
135
134
135
135
134
133
133
133
133
133
133
132
132
131
130
130
131
131
130
131
131
131
131
131
134
137
136
138
137
137
136
136
135
135
137
136
135
136
137
138
133
132
131
131
132
133
134
133
134
131
131
131
131
130
129
129
129
131
132
132
133
132
131
133
134
135
132
132
130
130
130
129
128
128
127
127
127
128
129
129
128
127
127
129
127
130
130
132
134
134
132
132
132
132
131
131
132
130
131
133
130
130
130
131
131
131
132
132
133
133
129
130
130
131
131
132
130
130
131
132
133
131
132
133
133
133
133
131
131
129
129
128
128
129
130
130
130
130
130
130
130
131
129
129
128
128
128
128
128
128
128
128
129
129
128
129
130
130
130
131
131
134
135
133
133
133
136
135
134
133
132
132
132
131
131
131
131
131
130
129
129
129
130
130
132
131
131
129
128
129
129
128
128
129
130
129
129
128
129
131
130
130
130
131
130
130
127
127
127
127
127
127
127
127
128
129
129
129
130
130
131
131
130
129
129
130
131
131
133
134
133
133
132
133
134
132
131
130
130
130
132
133
133
133
133
135
135
136
136
136
136
137
137
133
132
132
132
135
136
137
137
137
135
133
133
130
130
129
129
130
131
129
131
130
130
129
130
130
133
132
131
131
130
129
128
128
130
130
130
130
130
131
130
127
127
127
127
127
129
131
132
132
134
136
138
136
135
132
132
132
132
132
132
132
128
129
130
129
128
127
128
127
127
127
128
127
129
129
128
128
129
130
131
132
131
130
127
127
127
127
128
128
128
130
130
130
129
128
129
129
128
128
128
128
128
127
126
126
126
126
125
125
126
126
127
126
126
127
127
127
126
126
125
124
124
125
123
124
124
126
124
122
122
122
122
123
123
123
124
124
124
124
124
122
122
122
120
119
119
120
122
122
123
125
124
125
125
125
126
126
127
127
127
126
128
129
128
128
130
132
132
132
130
129
129
128
128
127
127
126
126
127
127
127
128
128
127
126
126
127
126
126
126
125
125
125
126
126
127
127
126
126
126
127
127
127
127
128
126
128
128
129
130
130
131
132
132
133
133
133
134
132
132
132
130
130
130
130
130
130
128
127
127
126
125
124
124
126
126
125
124
123
124
122
123
123
124
125
126
126
126
126
125
127
126
127
127
126
125
125
126
126
127
127
126
124
124
124
123
124
123
123
123
122
122
122
122
123
123
123
125
126
127
128
128
127
128
126
127
127
128
126
127
125
124
124
124
124
123
123
123
123
123
122
121
121
121
122
123
123
123
123
124
128
128
126
128
128
125
126
126
126
125
125
124
124
124
124
123
123
123
123
125
125
127
129
130
131
131
131
128
128
128
127
127
127
126
126
126
126
126
124
124
124
124
124
124
126
126
126
126
126
126
126
126
127
127
127
128
127
125
125
124
124
125
125
125
126
125
126
126
127
128
128
128
127
128
127
127
126
125
125
125
122
123
124
125
125
124
124
124
124
127
127
127
127
127
127
127
127
127
126
126
125
126
126
124
126
126
126
126
124
124
124
124
124
125
127
126
126
126
128
126
127
127
127
128
129
129
129
130
129
131
130
130
129
127
128
126
125
124
124
125
126
125
126
126
124
125
125
124
124
125
125
124
123
123
122
123
123
123
123
123
123
124
124
125
125
125
125
125
126
125
124
125
123
123
123
122
123
123
123
123
123
123
123
123
124
124
127
125
124
125
124
124
125
125
124
124
124
124
123
124
123
123
123
124
124
124
123
122
122
123
122
122
122
123
123
122
121
122
123
124
124
124
124
126
126
124
124
124
124
122
122
123
123
123
122
123
123
123
123
125
126
126
125
125
124
125
126
126
127
127
125
127
126
127
127
125
124
124
124
125
126
126
126
123
122
122
123
124
126
126
125
126
127
125
121
121
121
121
121
122
121
121
121
120
121
121
120
120
121
121
121
122
122
122
122
121
121
121
121
121
121
121
121
121
121
121
121
121
121
122
122
122
123
123
123
124
126
128
126
127
126
125
126
126
126
127
127
126
125
124
124
125
124
125
124
124
123
124
125
125
127
128
129
129
127
128
125
126
126
125
124
124
124
124
125
125
124
125
125
126
126
127
124
123
123
122
121
121
121
122
122
122
122
122
121
121
120
121
122
123
125
124
124
122
122
122
122
122
124
124
124
126
126
125
125
125
124
123
124
124
124
125
126
126
125
127
128
126
125
125
125
124
123
123
123
123
123
122
121
121
119
119
118
118
119
120
119
119
120
121
120
119
120
120
119
118
118
117
118
119
121
121
121
121
121
121
121
121
121
122
122
121
121
120
120
122
122
122
122
124
124
124
123
122
121
121
122
122
123
123
124
123
123
123
123
122
122
123
122
122
122
122
122
121
122
121
121
121
121
121
121
121
121
122
122
124
124
124
124
125
124
125
126
127
126
127
126
125
126
125
125
125
123
125
124
123
123
123
122
121
121
122
121
121
120
119
119
118
118
118
118
118
118
118
119
119
119
119
119
119
120
120
120
120
121
121
121
121
121
121
121
120
118
119
119
119
120
120
120
120
121
120
119
119
120
120
118
118
118
119
119
119
119
120
121
119
120
119
119
119
119
119
119
118
118
119
120
120
119
119
118
120
119
120
120
122
122
122
122
122
123
122
123
122
120
121
121
122
122
122
125
126
125
127
126
123
123
122
122
122
120
119
117
118
119
120
120
121
120
119
119
119
119
121
122
121
121
121
122
120
121
120
120
121
122
121
121
123
124
123
122
122
120
119
119
119
119
119
118
118
117
118
119
119
119
120
120
120
121
121
122
122
121
121
121
121
120
120
119
119
119
120
120
122
121
120
118
119
119
120
118
119
119
119
118
118
117
118
119
119
119
119
120
120
120
120
120
120
120
119
119
119
118
119
119
119
119
119
119
118
118
120
120
117
117
118
118
119
118
117
119
119
119
119
119
118
118
118
121
121
120
118
119
120
120
119
118
118
118
117
116
116
117
117
117
117
117
119
119
119
118
118
118
118
118
120
120
121
120
121
121
122
122
123
122
119
119
119
118
121
123
124
123
123
123
122
124
124
126
126
124
125
127
127
127
128
127
123
123
123
121
120
121
121
120
121
120
121
122
122
122
121
120
119
118
117
117
118
119
119
119
117
117
114
116
116
115
115
115
115
116
116
116
115
116
114
114
115
115
117
119
118
118
119
118
117
117
118
118
117
118
120
120
120
119
119
117
116
118
118
116
117
117
117
117
117
117
116
114
114
114
115
115
115
114
114
114
115
115
116
116
116
117
117
117
117
118
119
119
117
116
116
117
119
119
117
116
115
115
115
115
117
118
118
118
119
117
116
115
115
115
115
116
116
117
117
118
118
117
116
118
119
119
120
120
121
121
121
121
121
121
117
115
115
115
115
114
114
114
116
116
117
116
116
117
115
115
115
115
115
115
115
116
116
116
116
116
115
115
116
115
114
115
114
114
115
115
116
117
117
119
120
120
119
118
118
118
117
118
118
118
118
118
117
117
119
119
119
122
122
122
121
121
122
122
118
117
116
117
117
117
117
116
115
114
115
115
115
116
115
114
115
115
116
116
117
117
117
117
117
117
117
116
116
116
116
116
116
115
116
115
115
116
115
115
116
116
115
116
116
116
116
116
116
116
116
115
114
113
114
115
115
114
114
114
112
112
112
113
113
112
112
112
112
112
111
111
111
111
114
114
114
114
114
114
113
112
112
112
112
113
113
115
116
114
114
115
116
117
116
116
116
116
116
114
114
115
115
115
116
116
115
116
116
115
117
117
117
117
117
118
118
118
117
117
116
115
115
115
115
116
116
116
116
116
