0.001 0.00021482758620689656
300
297
292
289
287
289
288
286
286
283
283
285
284
285
284
286
284
285
286
286
289
288
289
289
288
288
287
289
287
288
290
292
293
294
297
297
300
302
303
301
302
302
300
300
299
301
299
298
300
300
301
301
302
304
306
307
310
311
308
308
306
307
307
307
307
308
307
308
309
309
312
311
312
313
314
313
313
313
315
315
318
316
321
323
323
322
325
327
327
331
328
329
329
328
328
329
330
334
335
333
336
338
338
338
337
338
338
339
337
340
342
343
343
344
343
343
346
348
350
351
353
355
355
355
356
357
358
358
358
358
356
356
358
361
362
360
358
357
357
361
361
361
363
364
365
363
364
362
359
360
362
361
363
364
367
368
370
370
372
373
372
371
371
372
372
372
373
371
371
372
374
376
378
379
377
375
377
379
378
381
382
378
379
381
383
382
383
384
386
388
387
387
387
387
387
388
387
387
386
385
386
387
386
388
390
388
390
390
389
392
391
391
394
395
395
397
396
399
399
399
399
399
402
400
399
400
400
401
401
401
402
403
405
405
406
406
407
406
408
407
406
406
406
410
413
412
415
416
416
416
417
418
417
418
420
420
423
423
422
423
426
427
424
428
426
427
429
427
428
430
428
432
433
434
435
433
433
431
430
430
432
433
435
439
438
437
436
434
437
439
440
439
442
443
445
446
446
444
447
444
445
445
443
446
445
444
443
444
448
446
448
447
449
450
449
451
452
452
452
453
453
452
452
453
453
458
460
456
455
455
454
455
456
459
461
464
463
463
462
465
462
463
465
466
471
472
469
469
469
471
473
476
475
477
478
478
476
475
477
475
478
481
482
482
481
482
479
480
481
479
480
481
483
484
484
486
488
487
487
487
491
489
492
497
495
498
500
501
501
502
504
505
504
504
505
504
504
503
501
503
504
504
507
506
507
508
512
516
517
516
515
515
518
518
518
522
521
522
518
516
517
521
522
519
522
520
519
516
518
522
522
524
523
521
520
521
520
521
523
524
524
526
528
529
532
529
531
531
532
533
534
537
537
537
538
540
541
541
539
538
541
539
543
545
548
547
542
541
542
543
542
546
547
546
545
541
542
539
538
541
545
546
550
553
552
553
557
553
553
555
555
554
554
555
557
559
561
559
561
558
557
557
560
557
561
560
561
562
558
556
558
563
562
563
563
558
559
558
556
557
553
552
554
553
555
562
560
558
563
565
568
568
564
561
565
565
562
566
567
562
563
562
563
563
563
567
571
573
574
572
571
569
568
572
576
579
580
576
575
577
582
583
580
581
580
581
581
581
582
585
586
581
580
583
582
582
583
583
581
583
584
582
583
580
582
581
581
583
586
585
584
586
585
586
591
594
594
592
591
590
591
590
594
597
593
595
594
596
599
604
602
606
603
602
602
605
601
601
600
601
602
603
605
608
610
613
610
612
614
616
618
618
620
621
619
620
618
618
616
612
613
616
619
616
612
612
612
611
616
616
613
613
617
613
611
614
617
617
617
615
609
608
609
609
614
610
609
612
614
612
611
614
616
616
616
613
612
615
617
615
619
616
616
620
618
621
618
616
615
612
614
613
618
618
621
620
620
620
619
621
620
620
620
622
622
618
617
618
620
623
625
623
623
624
624
626
625
627
632
632
634
637
636
633
637
635
635
638
635
638
636
637
637
641
639
640
638
640
646
647
649
646
649
650
654
652
653
651
648
653
649
649
652
652
650
654
651
649
646
648
655
652
652
650
650
650
644
646
647
649
649
649
652
650
651
654
655
655
652
647
647
649
649
651
648
647
647
649
646
645
647
647
648
650
651
651
657
654
658
657
662
665
661
659
660
662
663
670
664
661
663
661
662
666
666
668
669
671
674
667
665
663
665
662
664
662
662
664
663
662
662
666
666
669
670
671
675
671
674
675
676
675
673
675
674
676
677
677
678
677
676
678
678
677
677
679
678
676
677
684
685
687
689
689
688
686
690
694
695
693
693
695
702
701
701
702
700
694
699
697
699
702
705
699
700
701
707
708
708
702
699
703
706
702
700
699
697
695
695
692
692
692
686
687
688
691
694
694
693
692
694
698
697
697
699
703
700
698
696
696
695
696
695
696
703
701
700
694
696
691
693
695
701
697
700
698
700
700
700
702
701
703
701
699
700
703
705
706
705
703
698
701
697
698
698
704
703
706
705
707
707
708
709
709
710
714
709
710
712
711
716
717
720
720
721
720
719
718
718
718
720
718
719
720
724
723
723
720
718
715
717
719
720
720
721
720
720
715
714
713
713
714
715
713
714
715
716
715
723
728
725
728
726
721
716
717
717
721
725
725
723
723
723
724
723
728
728
727
728
728
727
730
727
725
725
721
723
721
723
723
725
725
726
727
724
723
724
722
726
726
726
727
726
726
725
728
730
730
732
733
730
733
734
733
732
727
730
727
730
729
726
726
723
725
723
726
727
728
731
730
731
733
729
726
732
731
732
729
731
734
734
736
734
734
734
736
739
740
740
738
738
740
741
736
739
740
743
743
747
746
745
749
747
750
756
759
755
754
749
751
747
746
749
746
746
748
746
744
746
744
743
746
749
752
755
751
755
758
757
754
754
754
753
756
755
756
759
759
761
756
756
756
754
758
760
759
763
766
763
767
766
766
763
762
762
762
767
770
768
766
762
759
763
767
768
770
770
767
765
763
766
767
765
765
767
767
766
766
768
766
761
762
763
761
762
763
765
766
762
764
767
767
764
763
763
763
762
770
772
773
770
768
772
774
774
770
771
772
775
782
781
783
783
783
784
785
788
786
784
783
781
779
779
781
780
781
785
786
786
782
783
783
785
786
787
786
784
781
778
777
776
777
779
779
778
781
783
779
778
780
780
783
786
786
784
787
785
785
783
785
783
782
787
789
792
785
786
786
787
786
787
785
788
780
778
782
781
782
789
790
790
798
795
794
794
797
797
797
797
797
795
795
797
794
790
791
791
788
788
794
803
806
808
806
804
804
797
800
803
802
805
803
803
807
810
813
811
812
814
810
807
808
808
816
811
813
811
813
809
815
810
813
813
812
810
809
809
810
815
816
819
820
822
821
817
817
818
815
813
812
814
817
818
820
822
824
823
824
824
820
817
817
816
823
826
827
827
824
826
823
823
822
818
819
820
820
822
823
824
827
827
826
827
827
829
833
833
838
838
840
842
843
844
840
836
839
840
841
843
840
842
846
846
846
843
843
843
843
843
843
847
844
846
852
852
850
849
848
845
844
843
844
844
846
849
850
851
848
851
849
844
845
845
846
847
845
844
839
842
836
838
842
844
845
843
851
855
855
852
851
849
850
852
848
848
844
844
847
851
853
852
848
846
849
850
850
850
845
847
850
854
851
851
854
850
850
850
859
861
863
862
858
853
850
847
845
845
849
852
853
854
852
853
857
856
857
860
857
860
864
861
861
863
867
865
867
872
872
874
875
877
883
882
878
878
882
884
885
889
892
891
891
891
890
889
881
889
887
886
886
887
889
892
892
893
895
893
893
894
889
889
890
896
895
896
888
885
884
884
882
885
883
879
878
874
876
881
883
883
884
887
887
883
883
886
887
887
885
886
888
891
891
888
880
875
874
878
879
881
885
885
884
886
885
888
882
883
885
891
891
896
895
894
888
889
891
900
899
899
898
898
896
895
894
896
903
904
901
898
900
907
911
907
903
903
900
901
900
903
909
908
910
902
907
910
907
908
905
911
913
915
912
908
911
911
907
905
910
911
910
910
915
914
911
911
913
912
911
911
911
914
919
915
915
910
907
907
908
906
905
907
907
905
911
913
917
913
909
913
914
911
914
914
911
910
911
912
915
913
910
910
907
907
905
905
905
903
900
901
904
903
903
908
907
909
909
912
916
914
911
913
917
916
918
918
920
919
920
919
916
915
917
917
919
923
924
925
925
924
922
923
917
919
925
925
924
925
925
926
923
922
922
922
920
916
918
916
920
918
917
915
916
917
914
910
917
921
921
920
918
919
920
918
922
926
929
927
927
923
927
931
929
927
929
927
926
920
918
918
917
923
924
928
929
932
930
935
937
938
932
936
938
938
935
933
931
928
927
928
925
928
929
930
929
928
927
924
925
927
930
932
935
930
929
930
927
928
930
928
933
937
935
937
936
937
942
941
939
942
938
939
937
937
941
941
941
939
946
949
953
948
953
957
953
953
947
947
949
945
948
953
950
950
949
946
942
943
945
942
942
945
947
941
943
941
943
947
949
953
953
957
954
950
949
950
957
959
958
958
960
956
956
958
959
960
959
962
959
962
960
964
967
971
970
970
973
977
974
979
979
979
977
980
976
970
968
967
968
961
966
966
965
961
965
967
966
967
967
969
965
965
962
962
962
966
967
967
965
967
966
965
962
962
960
961
964
964
968
965
965
963
962
962
960
958
959
961
960
960
960
961
964
960
962
964
963
966
966
965
966
966
967
969
970
971
975
976
979
976
977
979
983
984
982
983
980
984
987
989
984
986
989
988
986
986
991
993
990
994
996
1000
1001
996
994
993
995
995
994
994
990
992
989
985
988
988
986
986
978
979
978
981
981
978
977
973
972
973
975
975
981
983
987
987
990
992
992
992
992
989
992
989
993
994
992
987
987
991
996
995
1001
1003
996
998
1007
1006
1009
1002
998
1005
1006
1010
1011
1007
1005
1004
1006
1008
1009
1009
999
999
994
995
994
996
998
998
999
1003
999
996
995
992
992
990
989
989
990
992
996
993
998
1000
1000
999
1002
1001
999
998
1003
1004
1001
1001
1003
999
999
999
996
999
999
1002
999
999
995
994
995
998
1001
1002
999
994
997
1000
997
1000
1001
1001
1002
1000
1000
996
996
996
993
1001
1000
1005
1003
995
997
1000
996
997
997
993
994
995
996
997
1001
1004
1004
1002
1000
1001
999
1002
1006
1010
1013
1010
1010
1010
1018
1023
1021
1021
1024
1021
1020
1019
1016
1012
1014
1020
1021
1022
1021
1022
1019
1015
1012
1012
1009
1011
1010
1012
1007
1008
1008
1009
1009
1009
1010
1013
1013
1011
1015
1014
1013
1007
1014
1011
1012
1012
1013
1010
1010
1010
1010
1014
1010
1007
1008
1013
1012
1014
1014
1015
1017
1010
1010
1014
1010
1008
1010
1011
1011
1010
1011
1008
1011
1010
1008
1010
1011
1007
1008
1009
1005
1004
1005
1003
1010
1009
1008
1004
1006
1010
1014
1010
1011
1013
1014
1012
1010
1009
1012
1009
1006
1007
1003
1001
998
996
996
996
997
1004
1002
1010
1014
1013
1017
1014
1017
1012
1014
1019
1013
1013
1012
1013
1016
1012
1010
1010
1009
1011
1007
1006
1003
1001
1002
1006
1004
1001
1003
1001
1003
1006
1007
1009
1014
1012
1007
1006
1003
999
1003
1003
1004
1012
1011
1011
1014
1011
1007
1009
1012
1017
1017
1019
1017
1017
1015
1015
1015
1012
1015
1015
1017
1019
1024
1021
1028
1031
1033
1031
1034
1037
1035
1032
1035
1038
1039
1034
1034
1031
1029
1028
1033
1030
1028
1032
1035
1034
1030
1030
1030
1031
1032
1035
1036
1033
1032
1030
1038
1039
1039
1037
1042
1042
1037
1037
1034
1031
1033
1026
1026
1024
1017
1020
1020
1023
1023
1024
1022
1025
1026
1032
1031
1029
1030
1035
1039
1041
1043
1036
1039
1036
1034
1033
1036
1029
1033
1034
1037
1028
1032
1030
1029
1029
1024
1024
1018
1016
1017
1015
1010
1013
1017
1019
1021
1024
1023
1022
1022
1026
1023
1021
1022
1021
1024
1022
1018
1016
1017
1011
1007
1008
1010
1014
1013
1015
1015
1018
1013
1014
1013
1011
1009
1013
1011
1011
1010
1009
1014
1016
1020
1020
1015
1014
1014
1020
1023
1021
1024
1026
1024
1025
1025
1025
1025
1031
1036
1033
1029
1030
1029
1027
1026
1029
1029
1025
1027
1030
1029
1028
1030
1026
1030
1034
1034
1036
1032
1031
1033
1032
1030
1026
1028
1029
1035
1029
1030
1033
1029
1028
1029
1029
1032
1038
1038
1037
1037
1037
1029
1029
1033
1033
1033
1035
1032
1032
1034
1034
1030
1029
1033
1035
1032
1033
1040
1042
1035
1042
1042
1041
1037
1033
1036
1039
1034
1032
1035
1037
1042
1040
1040
1038
1037
1037
1037
1035
1040
1037
1038
1037
1033
1034
1030
1025
1024
1023
1024
1026
1023
1024
1024
1024
1023
1028
1030
1027
1030
1025
1026
1030
1029
1024
1023
1026
1022
1021
1021
1024
1021
1021
1015
1014
1011
1017
1021
1025
1023
1023
1022
1019
1019
1023
1016
1017
1018
1025
1023
1023
1025
1030
1026
1025
1028
1030
1034
1035
1027
1025
1025
1026
1026
1028
1022
1018
1017
1018
1017
1021
1021
1023
1021
1020
1019
1021
1020
1018
1015
1017
1019
1021
1020
1015
1015
1016
1016
1018
1016
1015
1015
1008
1013
1010
1009
1014
1018
1016
1017
1017
1018
1020
1018
1017
1013
1016
1010
1007
1006
1012
1010
1013
1014
1014
1013
1015
1016
1011
1011
1010
1008
1010
1009
1010
1008
1011
1010
1015
1016
1015
1018
1018
1017
1013
1011
1009
1008
1005
1005
1002
999
999
998
993
993
993
995
992
987
989
993
997
1002
1006
1004
1000
999
998
1006
1004
1005
1003
1004
1004
1009
1006
1005
1007
1010
1005
1003
1008
1010
1012
1013
1011
1012
1015
1020
1021
1024
1016
1015
1017
1022
1025
1029
1029
1031
1027
1031
1030
1031
1030
1028
1024
1023
1026
1026
1025
1025
1030
1029
1029
1027
1027
1030
1031
1028
1026
1026
1025
1032
1024
1020
1020
1018
1018
1018
1016
1014
1013
1018
1017
1015
1020
1015
1020
1019
1017
1016
1014
1015
1014
1012
1009
1008
1010
1012
1013
1012
1012
1012
1014
1007
1011
1011
1008
1006
1005
1006
1011
1014
1016
1010
1009
1010
1014
1012
1012
1013
1011
1012
1015
1017
1018
1020
1020
1022
1019
1016
1020
1019
1018
1017
1020
1017
1013
1009
1012
1015
1016
1014
1019
1016
1017
1017
1015
1013
1007
1009
1007
1003
1005
1006
1006
1003
1001
1002
999
999
1002
1005
1003
1005
1004
1007
1005
1005
1007
1009
1009
1011
1012
1011
1011
1013
1013
1010
1014
1016
1017
1023
1020
1018
1013
1011
1010
1013
1011
1014
1013
1017
1017
1014
1018
1022
1021
1019
1020
1023
1024
1022
1018
1021
1020
1016
1016
1013
1010
1012
1016
1015
1015
1018
1015
1013
1014
1017
1015
1015
1018
1019
1018
1012
1014
1011
1013
1014
1018
1017
1013
1012
1012
1012
1009
1008
1008
1007
1010
1010
1012
1013
1005
1001
1001
1003
1005
1008
1011
1009
1008
1007
1007
1008
1007
1002
1000
1001
1000
1002
997
994
999
998
995
989
989
987
984
981
982
985
982
976
975
980
981
984
981
984
979
975
978
981
985
984
987
987
991
994
994
994
990
992
994
991
992
989
992
992
987
984
984
984
989
988
993
998
997
987
995
994
993
995
988
987
994
994
997
1000
1003
1004
1002
999
1000
1001
1003
999
1000
1002
1006
1006
1006
1006
1004
1003
1006
1001
1002
998
1002
999
1002
1004
1003
999
1004
1007
1005
1008
1008
1007
1009
1009
1009
1009
1008
1005
1007
1006
1004
1007
1007
1004
1005
1005
1003
1006
1004
1001
1000
1004
1004
1005
1006
1005
1014
1017
1010
1005
1005
1007
1009
1005
1009
1008
1010
1010
1009
1011
1016
1021
1015
1012
1004
1004
1006
1008
1004
1009
1009
1009
1005
1005
1004
1006
1008
1013
1010
1012
1007
1005
1010
1010
1011
1013
1015
1018
1017
1018
1013
1012
1019
1016
1013
1014
1012
1014
1015
1013
1012
1014
1014
1012
1017
1017
1018
1017
1019
1019
1023
1025
1024
1027
1026
1027
1029
1032
1037
1038
1038
1034
1031
1027
1028
1024
1021
1018
1017
1021
1021
1020
1023
1027
1030
1030
1034
1030
1032
1030
1034
1028
1032
1029
1024
1028
1030
1029
1028
1029
1028
1027
1024
1027
1027
1030
1034
1033
1033
1031
1038
1038
1036
1035
1036
1033
1032
1033
1034
1036
1041
1038
1037
1039
1036
1032
1030
1034
1033
1031
1030
1034
1035
1034
1029
1032
1038
1036
1040
1041
1037
1037
1039
1038
1040
1042
1035
1034
1037
1029
1030
1034
1030
1031
1029
1027
1029
1024
1025
1026
1028
1025
1025
1025
1032
1032
1027
1027
1023
1023
1026
1027
1026
1024
1021
1019
1024
1022
1027
1029
1025
1028
1026
1026
1027
1026
1024
1027
1029
1027
1026
1030
1033
1033
1034
1035
1032
1028
1031
1032
1030
1030
1037
1041
1035
1033
1028
1034
1035
1033
1032
1035
1033
1035
1033
1034
1042
1039
1033
1028
1026
1028
1034
1033
1032
1033
1033
1034
1033
1035
1032
1029
1031
1033
1024
1021
1023
1025
1026
1021
1023
1028
1036
1036
1033
1034
1039
1037
1037
1038
1043
1049
1041
1037
1037
1038
1029
1030
1029
1027
1025
1024
1024
1022
1028
1022
1031
1035
1035
1036
1036
1030
1034
1034
1035
1032
1033
1038
1038
1040
1038
1046
1050
1052
1052
1048
1046
1048
1047
1045
1046
1048
1050
1049
1051
1050
1046
1049
1051
1050
1049
1051
1049
1043
1047
1053
1052
1056
1058
1055
1055
1059
1061
1059
1059
1056
1054
1054
1050
1052
1051
1050
1053
1048
1045
1046
1050
1054
1057
1056
1056
1058
1061
1063
1065
1065
1070
1069
1071
1077
1073
1067
1065
1066
1071
1067
1064
1068
1067
1060
1065
1064
1064
1064
1065
1062
1061
1059
1052
1059
1060
1061
1059
1059
1056
1054
1058
1061
1062
1064
1065
1068
1069
1073
1070
1071
1068
1067
1066
1060
1064
1072
1071
1067
1065
1066
1069
1065
1066
1066
1070
1069
1074
1075
1075
1079
1077
1083
1088
1088
1085
1082
1085
1086
1086
1084
1081
1080
1081
1082
1082
1075
1074
1069
1068
1070
1076
1079
1074
1071
1070
1072
1068
1068
1066
1064
1064
1068
1066
1067
1068
1060
1055
1057
1060
1059
1057
1058
1056
1058
1061
1061
1060
1060
1062
1054
1060
1059
1066
1067
1072
1072
1066
1063
1062
1062
1059
1059
1064
1067
1069
1063
1061
1060
1056
1061
1062
1066
1068
1065
1064
1067
1069
1070
1070
1067
1072
1076
1077
1077
1078
1082
1080
1084
1081
1071
1074
1077
1076
1075
1075
1070
1069
1067
1069
1070
1070
1072
1078
1079
1076
1076
1080
1077
1079
1079
1080
1081
1075
1078
1075
1072
1073
1071
1074
1074
1073
1073
1074
1074
1073
1075
1076
1077
1072
1076
1072
1069
1070
1070
1076
1075
1073
1075
1076
1071
1074
1080
1083
1078
1078
1080
1087
1090
1087
1085
1086
1094
1090
1086
1081
1082
1080
1082
1072
1072
1072
1071
1074
1077
1077
1074
1074
1071
1071
1074
1079
1077
1075
1072
1069
1067
1064
1061
1064
1063
1062
1065
1060
1058
1064
1060
1062
1061
1054
1057
1059
1055
1049
1052
1052
1054
1056
1057
1057
1063
1070
1072
1074
1076
1075
1069
1066
1072
1071
1068
1066
1066
1068
1066
1062
1060
1065
1069
1070
1070
1072
1071
1066
1068
1067
1064
1059
1057
1062
1072
1069
1068
1066
1068
1067
1072
1072
1074
1072
1068
1064
1069
1071
1068
1067
1067
1064
1062
1066
1063
1063
1071
1070
1066
1067
1070
1074
1070
1073
1070
1071
1071
1074
1079
1074
1070
1065
1065
1060
1062
1067
1069
1069
1066
1069
1066
1070
1067
1061
1067
1060
1059
1058
1058
1061
1063
1066
1068
1068
1066
1064
1068
1074
1070
1066
1072
1073
1074
1069
1070
1073
1074
1074
1076
1076
1076
1076
1075
1074
1075
1075
1074
1077
1079
1078
1073
1071
1076
1079
1075
1077
1079
1078
1073
1071
1070
1069
1069
1070
1069
1070
1068
1066
1067
1068
1070
1074
1075
1081
1081
1079
1076
1075
1067
1064
1066
1070
1067
1068
1070
1076
1075
1074
1070
1071
1071
1067
1071
1069
1074
1072
1078
1079
1077
1079
1079
1078
1074
1072
1071
1070
1069
1069
1071
1069
1066
1065
1064
1068
1071
1076
1077
1080
1080
1079
1078
1083
1086
1085
1083
1084
1088
1089
1084
1089
1088
1090
1087
1081
1086
1085
1083
1082
1083
1081
1075
1078
1077
1075
1075
1077
1076
1078
1077
1079
1080
1077
1081
1082
1080
1083
1082
1090
1086
1087
1090
1092
1093
1097
1092
1095
1097
1093
1089
1093
1098
1104
1105
1104
1102
1103
1103
1109
1109
1113
1111
1106
1107
1102
1101
1095
1089
1092
1090
1088
1091
1098
1091
1086
1084
1088
1085
1091
1096
1095
1101
1098
1099
1093
1087
1092
1085
1083
1082
1082
1084
1088
1089
1081
1082
1082
1082
1087
1080
1077
1079
1075
1075
1076
1077
1075
1073
1073
1077
1076
1076
1078
1078
1080
1082
1085
1084
1082
1081
1083
1086
1080
1080
1078
1080
1084
1090
1096
1095
1095
1094
1095
1091
1088
1092
1087
1082
1083
1079
1081
1090
1094
1094
1091
1091
1093
1090
1089
1089
1091
1090
1089
1085
1090
1085
1086
1084
1081
1088
1091
1087
1084
1080
1083
1078
1082
1084
1084
1091
1094
1091
1088
1086
1092
1090
1091
1090
1085
1087
1081
1089
1089
1091
1085
1086
1088
1087
1085
1088
1088
1090
1095
1095
1093
1098
1098
1094
1093
1093
1097
1098
1099
1103
1100
1096
1096
1099
1095
1092
1091
1091
1094
1092
1093
1092
1089
1090
1088
1090
1085
1087
1091
1095
1093
1099
1098
1103
1104
1102
1096
1097
1101
1102
1104
1098
1102
1103
1097
1096
1096
1100
1100
1103
1104
1098
1097
1098
1104
1101
1098
1100
1097
1097
1096
1095
1095
1094
1099
1100
1105
1109
1105
1108
1112
1111
1115
1113
1116
1116
1113
1111
1112
1111
1107
1104
1109
1111
1110
1114
1112
1111
1113
1110
1107
1107
1109
1107
1107
1107
1107
1108
1112
1111
1110
1117
1115
1120
1116
1112
1115
1112
1105
1108
1111
1110
1113
1113
1109
1106
1105
1104
1112
1112
1116
1119
1109
1110
1108
1107
1106
1106
1107
1108
1107
1107
1107
1108
1105
1099
1096
1097
1101
1109
1105
1104
1108
1110
1114
1119
1118
1114
1110
1106
1111
1110
1109
1106
1106
1105
1106
1101
1099
1104
1104
1102
1105
1099
1102
1101
1103
1106
1109
1115
1113
1112
1112
1114
1118
1118
1118
1117
1125
1125
1130
1128
1123
1123
1123
1119
1119
1121
1120
1115
1111
1108
1109
1106
1105
1108
1111
1110
1113
1107
1110
1111
1105
1107
1108
1103
1102
1105
1105
1101
1103
1101
1100
1101
1103
1098
1100
1096
1096
1099
1093
1095
1095
1099
1096
1098
1100
1106
1110
1113
1111
1110
1109
1106
1105
1103
1103
1110
1109
1115
1115
1112
1111
1108
1112
1114
1106
1107
1104
1107
1104
1109
1112
1111
1108
1112
1111
1111
1108
1111
1109
1112
1109
1106
1110
1109
1108
1106
1107
1103
1105
1104
1098
1101
1105
1104
1106
1110
1109
1111
1111
1113
1116
1113
1114
1111
1110
1109
1115
1115
1117
1114
1118
1119
1125
1128
1127
1127
1128
1127
1132
1131
1130
1130
1127
1120
1121
1127
1121
1122
1127
1129
1134
1133
1133
1125
1130
1127
1124
1123
1124
1127
1126
1126
1128
1127
1125
1127
1130
1132
1129
1128
1124
1124
1122
1125
1126
1128
1122
1117
1116
1120
1121
1122
1125
1122
1119
1115
1124
1123
1126
1126
1121
1120
1121
1123
1121
1120
1121
1122
1127
1122
1126
1129
1130
1135
1134
1138
1139
1143
1145
1138
1136
1135
1132
1129
1127
1129
1128
1127
1126
1122
1122
1122
1124
1122
1130
1131
1131
1135
1133
1133
1133
1132
1130
1131
1134
1136
1126
1129
1123
1124
1120
1119
1118
1113
1116
1116
1118
1115
1117
1112
1112
1109
1109
1111
1117
1115
1116
1118
1115
1116
1116
1117
1107
1103
1100
1102
1108
1106
1104
1107
1110
1112
1109
1112
1109
1109
1108
1110
1112
1115
1114
1114
1111
1109
1109
1108
1107
1111
1106
1106
1105
1106
1107
1106
1104
1107
1104
1111
1112
1116
1112
1112
1109
1115
1115
1111
1111
1112
1108
1105
1108
1107
1110
1109
1108
1108
1107
1108
1110
1112
1109
1107
1111
1109
1113
1114
1110
1112
1114
1115
1111
1112
1113
1116
1115
1118
1114
1112
1113
1109
1108
1113
1110
1114
1114
1114
1114
1114
1109
1111
1110
1114
1119
1117
1121
1120
1119
1119
1119
1123
1125
1121
1119
1116
1113
1113
1108
1104
1106
1109
1111
1107
1100
1099
1098
1101
1100
1100
1101
1100
1105
1108
1106
1107
1105
1106
1103
1100
1102
1103
1107
1109
1108
1111
1106
1109
1115
1116
1121
1122
1124
1123
1126
1128
1126
1123
1126
1124
1126
1123
1119
1124
1123
1118
1121
1121
1122
1124
1123
1123
1118
1119
1118
1127
1131
1132
1121
1119
1120
1119
1122
1122
1122
1118
1120
1122
1126
1124
1122
1123
1124
1123
1127
1125
1122
1119
1117
1118
1124
1126
1124
1126
1125
1123
1121
1120
1122
1123
1128
1123
1130
1132
1130
1133
1139
1133
1140
1134
1132
1127
1121
1123
1123
1119
1121
1120
1114
1119
1125
1128
1130
1135
1129
1127
1133
1128
1134
1131
1135
1130
1131
1126
1124
1124
1120
1122
1125
1125
1120
1120
1118
1120
1119
1114
1113
1116
1123
1126
1129
1134
1131
1125
1124
1125
1126
1118
1118
1119
1112
1110
1111
1106
1109
1111
1113
1112
1113
1115
1115
1114
1117
1120
1122
1126
1131
1138
1131
1127
1123
1122
1123
1122
1122
1122
1121
1126
1125
1129
1125
1127
1128
1133
1136
1142
1143
1140
1138
1139
1137
1137
1136
1139
1143
1144
1144
1142
1136
1137
1137
1134
1132
1132
1133
1138
1136
1140
1143
1143
1146
1147
1141
1144
1140
1143
1149
1147
1146
1144
1140
1141
1143
1147
1144
1144
1140
1145
1140
1140
1143
1144
1143
1143
1146
1148
1146
1148
1143
1140
1142
1136
1138
1141
1143
1141
1149
1145
1142
1145
1136
1134
1132
1125
1127
1127
1131
1131
1131
1132
1141
1146
1145
1146
1144
1143
1144
1141
1140
1138
1145
1146
1148
1143
1146
1143
1139
1141
1143
1145
1146
1143
1138
1134
1135
1134
1134
1129
1132
1129
1128
1131
1132
1132
1134
1128
1126
1123
1128
1135
1135
1135
1130
1135
1139
1139
1146
1150
1149
1144
1142
1145
1144
1136
1138
1133
1136
1135
1136
1136
1132
1133
1123
1125
1131
1139
1139
1132
1126
1126
1130
1128
1124
1129
1128
1127
1126
1129
1128
1129
1124
1121
1125
1127
1131
1133
1137
1136
1137
1138
1131
1123
1121
1120
1123
1115
1114
1116
1113
1112
1114
1111
1111
1112
1120
1123
1125
1126
1128
1124
1129
1127
1129
1123
1121
1125
1125
1126
1125
1125
1122
1116
1119
1123
1121
1127
1123
1125
1130
1130
1128
1127
1126
1127
1126
1126
1128
1126
1127
1129
1132
1128
1136
1136
1138
1141
1140
1138
1137
1136
1136
1130
1133
1136
1137
1133
1127
1126
1123
1124
1121
1119
1124
1128
1127
1127
1125
1123
