0.0005220689655172415 0.000863448275862069
300
293
289
286
283
281
276
271
266
262
259
257
254
253
251
252
253
250
252
249
248
248
248
247
244
243
242
243
244
242
243
241
240
237
236
237
238
238
238
238
238
237
235
233
233
234
234
235
234
230
229
232
229
228
224
225
225
225
225
224
225
225
224
221
220
218
218
218
218
221
223
224
222
219
221
222
223
222
223
223
220
219
217
217
218
218
219
217
218
217
218
215
213
211
210
213
214
216
215
213
212
212
212
213
213
213
213
215
215
213
212
209
208
208
207
206
206
205
206
205
205
202
203
203
204
204
202
203
203
203
202
202
202
199
199
199
200
201
199
200
200
199
201
201
201
201
200
202
202
204
204
206
201
200
198
197
197
196
198
199
201
202
201
201
203
201
202
202
200
200
202
204
205
207
207
206
205
206
206
206
205
207
208
209
206
205
204
204
201
201
202
202
201
199
203
202
200
198
198
198
197
196
198
199
198
199
199
199
201
201
204
204
203
202
201
198
198
200
198
197
195
194
194
194
193
193
194
196
196
195
193
193
194
195
194
196
197
197
196
196
198
199
198
197
195
193
193
194
195
195
193
193
193
194
194
193
194
194
194
191
192
193
194
193
192
192
192
192
191
192
189
189
189
187
186
188
188
190
189
193
192
193
193
194
192
192
193
192
192
194
192
190
190
193
195
193
192
192
193
192
192
191
192
192
194
195
195
197
196
196
196
198
198
197
196
195
194
193
193
192
191
191
193
192
193
192
194
192
192
194
194
194
193
194
194
194
193
193
195
194
194
194
193
192
192
191
189
189
189
188
189
188
188
187
187
187
190
192
192
193
192
194
195
196
197
199
197
196
192
193
194
193
196
195
194
195
195
193
189
190
192
192
193
192
192
190
190
191
191
190
189
188
189
189
188
189
187
187
186
187
188
189
189
188
188
188
188
190
190
190
189
189
189
188
189
189
189
188
188
187
187
188
188
189
189
187
184
184
182
180
180
180
181
181
180
180
180
178
180
182
184
185
184
184
182
181
181
181
181
184
184
183
186
185
186
184
184
183
183
181
181
181
181
181
182
182
182
182
180
177
179
179
179
179
178
178
177
179
181
180
180
180
179
181
181
181
182
182
182
181
182
183
182
179
179
179
178
177
176
175
176
175
176
178
178
180
181
180
179
177
178
178
178
179
176
177
176
176
176
177
180
180
182
181
181
182
181
180
180
180
179
180
182
179
178
180
182
180
179
179
180
177
177
175
177
176
177
178
179
180
179
179
177
173
173
173
171
170
170
172
172
173
172
172
172
171
172
173
173
171
172
173
174
174
176
176
175
175
177
180
182
182
182
181
182
179
179
179
177
178
177
177
176
179
179
178
179
174
176
177
175
175
176
174
174
172
170
170
170
171
174
173
172
172
172
172
173
174
175
176
177
178
178
178
178
177
177
178
177
176
177
178
177
177
178
178
176
174
172
172
172
172
172
173
172
172
171
170
172
172
171
172
172
172
172
172
172
172
173
173
171
171
171
171
172
174
173
174
175
175
176
176
175
173
174
172
171
169
169
172
173
172
172
170
169
168
169
170
170
170
169
170
170
170
170
169
166
165
166
166
167
168
167
168
168
168
168
167
168
170
169
169
171
171
172
174
172
172
172
174
171
169
171
171
173
174
175
174
173
174
174
176
175
174
176
175
176
174
174
174
173
174
173
176
177
177
176
175
175
174
175
177
180
178
178
178
176
175
177
177
175
176
175
174
175
175
173
172
172
173
174
176
177
177
179
179
184
182
183
182
181
176
175
176
177
176
174
174
172
172
173
172
172
173
173
172
172
172
171
170
170
169
168
168
168
169
171
171
171
172
170
170
169
168
169
168
168
169
169
170
171
170
170
171
170
169
169
169
170
169
170
170
170
170
171
173
172
170
169
170
169
169
169
169
169
170
172
171
171
171
171
171
171
172
172
173
173
173
172
171
170
170
171
171
172
173
170
171
171
169
170
169
169
166
167
169
170
172
172
171
171
171
171
170
169
169
169
168
168
167
168
168
168
168
168
167
168
168
170
170
171
170
171
172
172
173
173
172
174
172
170
171
171
169
167
166
167
168
168
167
166
166
166
166
166
164
164
165
165
165
163
163
163
162
162
163
162
162
163
162
162
164
164
166
166
168
168
168
169
169
170
170
171
170
171
168
167
167
169
169
170
171
171
172
172
173
173
172
172
171
170
170
170
170
170
168
168
169
169
170
171
171
171
171
173
173
174
174
174
172
172
173
172
172
172
170
172
171
170
169
169
169
169
169
172
172
171
171
170
170
169
170
171
171
170
170
172
172
173
173
173
170
170
170
171
171
172
172
170
170
170
170
171
172
171
171
170
168
169
168
168
167
168
168
168
169
169
171
171
172
175
174
174
173
173
175
174
174
173
172
170
170
170
170
168
168
168
171
169
172
172
171
171
169
168
167
168
168
173
174
173
170
169
168
167
168
167
167
167
170
169
170
170
171
171
173
174
174
167
166
168
168
167
171
169
167
169
169
167
166
167
165
165
164
165
164
164
163
162
163
164
164
163
164
164
165
165
165
165
167
165
163
162
163
162
164
162
162
161
159
158
155
155
157
156
158
158
157
158
160
160
160
160
160
158
159
158
158
161
163
163
161
160
160
160
160
161
162
163
164
165
162
163
164
165
167
166
166
166
165
165
165
163
165
164
163
164
161
160
160
159
158
158
157
157
157
156
157
158
157
158
157
157
156
156
157
156
155
155
155
155
156
155
156
156
156
157
157
157
157
156
156
156
159
161
161
160
159
160
160
159
159
157
156
156
156
156
155
155
156
154
154
152
152
152
151
152
152
152
152
153
154
155
155
156
157
158
158
160
162
162
161
159
159
160
158
157
159
162
160
160
160
160
160
159
157
158
158
158
157
157
159
158
160
160
156
158
158
157
157
156
155
154
154
153
153
154
155
155
155
156
156
158
159
158
159
160
160
160
158
157
156
156
156
156
157
156
156
156
155
155
155
154
154
153
152
153
153
155
153
153
154
152
154
154
156
156
155
156
155
155
155
155
155
156
156
157
157
158
156
158
157
157
157
157
157
158
159
159
158
158
158
157
159
159
158
158
159
158
161
161
160
160
159
160
160
160
159
157
156
156
157
157
157
156
156
159
158
158
158
159
160
161
160
160
160
161
159
160
158
158
158
158
158
159
159
160
161
163
163
165
167
165
166
165
164
164
166
164
164
163
162
163
163
163
164
163
162
162
158
157
155
155
154
154
153
154
152
152
156
156
155
155
154
154
153
152
152
152
153
153
153
153
154
154
155
157
158
158
158
157
159
158
159
159
160
160
159
160
159
160
159
159
161
160
163
163
163
165
165
163
161
160
158
159
159
158
158
158
160
160
161
161
161
163
164
164
161
160
161
160
160
161
161
161
164
164
165
164
164
166
166
164
163
164
163
162
161
160
161
162
162
162
161
161
157
157
157
155
155
156
156
157
159
158
159
161
160
159
158
157
157
156
156
156
157
157
158
157
154
157
156
154
155
156
156
155
154
153
152
152
151
151
151
151
151
154
155
156
157
156
156
155
155
154
153
155
156
157
157
157
158
159
159
160
158
157
157
159
157
155
155
156
158
157
158
159
159
160
157
155
154
152
152
152
152
152
152
152
153
152
152
153
153
153
154
154
154
154
155
154
155
156
159
158
157
158
158
156
156
155
156
154
156
156
155
153
154
154
154
152
152
155
155
150
150
150
150
151
150
150
150
150
149
149
148
148
149
150
150
150
150
150
150
151
149
149
149
149
149
148
149
149
149
150
149
149
148
147
147
147
147
148
150
150
149
148
148
148
151
153
154
156
157
156
155
157
155
155
155
155
155
155
155
156
156
156
154
156
157
155
155
155
154
153
151
150
150
151
152
151
150
151
150
148
149
148
149
149
149
150
153
152
153
152
152
153
152
152
152
153
151
152
150
151
152
152
152
152
153
152
152
153
152
152
151
151
152
152
153
153
154
153
155
155
155
156
155
155
154
154
156
155
155
155
156
157
157
154
155
156
157
154
153
152
153
153
153
155
155
156
156
157
158
158
156
157
157
155
154
154
155
155
155
153
153
154
154
154
155
155
155
155
153
154
153
153
154
153
153
153
153
153
152
153
152
152
153
154
154
155
155
155
154
153
153
154
154
155
155
155
157
157
156
156
157
156
156
156
158
157
157
156
156
155
153
154
155
154
154
153
154
155
156
154
154
154
154
154
153
153
153
153
155
155
155
155
154
153
154
155
156
156
156
155
154
158
154
155
155
157
157
157
157
157
157
158
158
158
158
157
156
157
155
156
156
156
156
155
154
157
158
159
159
159
158
157
156
154
150
148
145
145
146
145
145
145
145
144
144
145
146
146
147
146
147
147
149
146
147
148
150
148
148
148
149
149
149
148
149
150
149
148
149
149
149
149
150
149
149
149
149
151
151
150
149
147
149
150
152
151
153
152
151
152
151
152
151
151
153
154
153
151
151
151
151
152
153
153
151
152
152
151
151
149
149
150
150
152
154
154
155
155
154
153
152
151
152
151
150
149
148
149
148
149
149
149
150
151
150
152
153
153
152
151
150
150
151
152
150
150
150
150
149
148
149
149
149
148
148
148
148
147
148
149
148
148
147
149
150
152
153
152
152
151
149
147
147
146
146
145
146
145
146
148
147
145
144
144
144
144
144
144
143
146
149
145
146
145
144
143
143
143
143
145
144
144
144
145
146
145
146
143
145
145
144
145
145
145
145
146
146
146
146
146
146
144
144
143
145
147
146
147
144
142
141
141
142
144
144
143
145
146
146
145
146
146
146
147
147
146
143
143
142
142
142
142
142
142
142
145
146
146
147
146
147
147
146
147
148
147
145
143
144
145
148
148
149
149
148
148
148
146
146
147
147
147
148
148
146
147
147
144
145
144
145
146
146
145
145
144
145
145
144
146
147
146
146
147
147
146
146
145
143
144
144
144
144
144
144
147
147
146
145
146
146
147
147
147
148
148
148
149
148
150
146
145
145
147
146
146
147
146
147
147
145
145
146
147
147
146
146
145
146
145
146
146
146
146
146
146
147
149
148
150
149
150
151
152
151
150
151
150
148
146
146
145
145
146
148
147
149
149
149
148
145
145
144
144
144
144
144
143
146
145
145
144
145
146
146
147
147
146
146
146
146
143
143
142
142
141
141
141
141
139
140
139
139
140
140
141
142
142
142
143
145
144
141
140
139
139
138
139
139
139
141
141
141
142
141
140
139
140
139
140
140
141
141
142
141
141
142
141
141
141
142
142
142
144
145
145
142
142
142
141
140
139
139
140
141
141
142
140
140
139
140
140
141
139
140
139
141
142
141
140
142
141
142
140
140
138
139
139
141
140
140
140
139
139
139
140
141
141
141
141
142
143
143
142
140
142
143
144
142
142
142
141
141
142
141
141
139
139
139
139
140
140
139
139
139
138
137
137
137
137
137
137
138
138
139
140
139
139
140
140
140
142
143
143
142
142
141
143
143
142
142
144
142
138
138
138
138
137
138
139
136
134
134
134
135
136
138
138
138
138
137
138
138
140
141
142
142
141
142
143
143
144
144
143
141
141
141
140
141
140
140
138
138
138
139
139
141
141
138
138
139
139
139
139
141
142
142
141
141
142
142
141
141
139
139
139
139
139
139
141
140
140
140
141
142
142
142
139
139
139
139
141
140
142
141
142
141
143
141
140
141
139
139
139
138
137
137
139
139
139
139
138
140
139
139
140
140
141
141
141
140
139
137
139
138
139
140
139
138
138
137
135
135
136
135
135
136
137
139
140
140
139
140
141
139
139
138
138
138
137
137
136
137
138
140
140
139
138
136
136
136
135
135
135
136
136
137
137
137
137
137
140
140
138
139
138
138
135
136
136
136
135
135
134
134
134
133
133
133
133
133
133
134
134
134
135
135
135
135
136
137
138
140
140
140
138
138
139
138
138
138
139
138
137
136
135
135
137
137
136
136
137
137
138
138
137
136
138
139
139
140
142
139
138
140
138
138
138
138
136
136
138
136
136
136
136
136
137
140
140
140
141
140
140
140
140
139
139
139
139
139
141
140
139
138
136
136
136
137
137
138
138
138
139
142
142
142
142
142
142
141
140
138
138
139
139
138
137
136
136
137
137
137
138
138
139
138
138
138
138
138
138
138
139
138
138
136
137
137
137
136
134
133
134
134
134
134
136
134
134
136
136
136
137
138
138
139
140
139
138
138
134
134
134
134
136
137
138
137
137
136
136
135
135
135
134
135
135
135
134
134
133
131
131
131
132
131
131
131
132
133
133
134
134
134
134
133
134
134
133
133
133
134
133
133
134
135
135
136
135
136
136
137
138
139
138
137
138
138
136
136
135
135
136
136
135
135
136
138
137
137
138
138
138
138
138
136
136
135
136
135
138
137
135
136
135
136
137
137
139
138
136
138
138
140
139
139
138
139
140
140
140
142
141
142
139
139
140
137
136
136
136
136
134
133
133
134
131
132
132
130
131
130
130
130
130
129
129
129
129
130
131
131
132
135
134
133
133
133
132
131
131
131
131
133
131
131
131
133
134
135
134
134
134
134
134
135
136
135
135
135
133
132
132
132
131
132
132
132
134
134
135
135
134
133
131
131
131
130
131
131
130
132
131
130
130
130
130
130
132
134
134
136
138
136
134
136
136
133
134
133
133
133
133
134
134
133
131
132
134
133
131
132
134
133
131
133
130
130
131
131
133
133
132
132
132
132
132
132
131
133
134
133
131
130
134
132
133
133
133
134
135
134
134
133
134
134
134
134
134
136
136
136
135
132
133
134
136
135
133
133
132
130
131
132
131
131
132
132
133
134
133
133
132
131
132
133
131
133
134
134
133
134
134
132
132
134
134
134
133
134
134
133
134
134
134
133
132
131
132
133
132
133
134
134
132
132
132
130
129
130
132
133
133
133
133
133
133
131
130
128
127
129
131
130
130
130
131
131
132
132
132
132
132
131
129
129
131
130
131
130
129
128
127
128
128
129
129
130
130
130
133
133
129
128
128
129
128
128
128
129
129
128
128
130
129
128
128
126
126
126
126
126
127
126
126
126
126
126
127
127
128
127
127
126
126
126
127
128
127
129
130
128
127
127
127
127
128
128
127
128
128
129
130
130
129
129
129
127
125
125
125
125
124
124
125
125
125
124
125
124
124
124
125
125
126
127
129
130
129
131
129
130
131
130
130
131
131
131
130
130
129
129
130
129
128
128
128
128
129
130
131
131
134
133
133
133
133
132
133
133
133
131
130
131
134
132
132
131
131
131
128
129
129
130
130
131
130
130
129
129
129
129
129
129
129
129
129
129
128
128
128
128
126
126
127
128
129
128
126
126
126
125
124
121
122
122
124
123
123
123
124
125
125
126
124
123
123
123
125
126
126
125
129
128
128
128
127
126
125
122
121
122
122
122
122
123
123
123
124
124
124
125
125
125
126
124
124
124
123
123
122
121
120
119
120
120
120
121
123
124
123
123
123
123
122
121
121
122
124
124
122
124
125
126
127
128
128
127
128
126
126
126
127
128
128
127
127
126
124
123
122
121
120
121
120
121
121
121
121
121
122
122
124
123
122
123
122
122
121
121
120
120
120
120
120
120
120
120
122
122
123
123
122
122
122
124
123
123
124
123
122
122
122
124
123
124
124
124
123
124
124
124
124
124
123
125
125
123
124
125
125
126
126
126
126
127
125
125
123
123
123
123
123
123
124
123
121
122
122
123
123
123
123
124
125
127
126
125
124
124
125
126
124
126
125
125
124
124
124
124
125
125
125
124
126
126
124
124
123
122
120
121
119
119
117
119
120
120
120
122
121
122
123
123
122
122
122
121
121
121
121
120
120
120
119
117
115
115
115
116
116
117
116
116
116
115
115
115
115
115
115
114
117
116
116
117
118
117
116
116
116
119
120
120
120
117
116
116
115
114
114
114
114
114
114
114
114
114
114
114
114
115
115
116
116
116
116
116
117
117
117
117
116
117
116
116
116
117
118
118
117
117
117
117
117
117
117
117
117
116
116
116
116
116
115
115
115
115
115
115
115
115
114
114
115
115
115
115
115
117
117
117
115
115
115
115
115
116
117
117
117
117
117
117
115
115
115
114
114
115
115
114
115
116
117
117
117
116
116
117
118
118
118
119
119
119
120
119
119
117
116
116
116
116
116
118
117
118
118
116
116
117
117
117
116
115
115
115
116
115
115
115
114
115
115
115
116
116
116
115
114
114
114
113
113
113
113
113
115
116
116
118
118
118
118
118
116
116
117
118
119
117
117
117
118
117
117
117
118
119
119
119
119
118
119
121
121
117
117
116
114
114
115
117
117
117
117
116
117
118
116
117
118
118
117
116
116
116
116
116
116
115
114
115
116
116
117
116
116
115
115
116
115
114
113
113
112
113
113
113
113
113
113
113
114
113
114
114
114
115
115
116
116
116
117
116
116
120
118
117
117
116
115
115
115
115
116
117
118
118
119
119
119
116
116
116
117
118
117
117
117
117
116
116
116
116
117
117
119
122
124
124
122
119
119
118
118
118
118
118
118
118
119
119
120
120
121
121
121
119
119
119
117
116
117
116
115
116
116
116
117
118
118
119
119
119
120
118
118
118
116
116
118
117
117
117
117
120
123
123
123
124
125
124
123
121
120
118
117
117
118
119
116
116
116
116
117
117
117
118
116
117
119
118
116
115
115
116
116
114
115
114
114
114
115
115
115
114
113
113
114
113
114
114
113
112
111
111
112
114
116
115
116
116
115
116
114
116
116
117
117
115
115
113
112
114
116
117
116
117
117
117
118
118
117
117
120
120
117
118
118
117
115
115
115
114
114
115
114
114
114
114
113
113
114
115
114
115
115
114
113
112
112
112
113
113
113
112
113
111
112
113
113
113
113
113
111
111
111
113
113
112
113
113
115
115
116
117
116
113
114
114
113
113
113
112
112
112
112
112
112
111
112
113
113
113
113
114
114
114
111
113
113
114
114
114
115
116
114
114
115
113
113
113
115
115
115
113
113
114
116
118
118
118
116
116
115
114
114
114
115
115
116
116
116
116
116
115
116
117
116
114
112
112
111
111
111
111
112
111
111
112
113
113
113
113
114
115
116
118
118
117
119
116
115
114
115
113
113
111
112
113
113
113
113
115
115
115
113
110
110
110
110
109
109
109
109
110
109
109
109
108
108
109
109
110
111
111
110
110
110
111
111
110
111
113
114
115
116
117
118
116
116
117
117
116
116
117
117
118
119
117
114
114
113
113
114
114
116
116
117
116
115
115
116
116
115
115
115
115
115
112
111
112
114
113
112
112
112
110
110
111
110
111
113
113
112
111
112
111
111
109
109
109
107
107
107
107
108
108
108
108
108
108
108
109
110
112
111
110
111
111
111
112
114
114
113
112
111
111
112
112
113
113
112
112
113
113
111
111
110
111
112
113
113
112
112
113
113
113
112
112
112
113
113
113
113
113
115
113
115
115
114
113
110
109
109
109
109
109
109
110
111
111
112
112
112
112
111
112
111
111
111
112
111
111
110
110
110
111
110
111
111
111
111
112
114
114
113
112
110
110
112
112
113
113
112
112
113
115
116
114
113
114
113
112
112
113
113
114
113
113
112
112
112
112
112
111
112
112
113
113
116
114
113
113
114
113
113
113
113
114
115
115
116
115
115
116
118
120
118
117
117
117
117
116
117
116
114
117
116
116
115
115
115
115
113
115
113
113
113
112
113
114
114
114
113
113
112
112
113
113
113
113
112
112
112
113
114
114
112
111
111
111
113
113
112
111
111
110
111
112
113
114
111
111
112
111
108
108
109
109
110
110
110
109
110
111
111
110
110
110
110
110
110
108
109
109
109
111
111
113
112
114
115
114
113
114
112
114
112
113
113
114
114
114
114
113
113
113
112
112
115
116
117
116
117
117
118
118
116
115
115
113
112
112
111
110
110
111
111
110
110
110
109
109
109
109
112
111
111
110
113
113
113
113
112
112
110
111
110
111
112
113
112
111
111
112
113
109
110
109
108
108
109
109
108
109
111
111
111
111
110
108
108
107
108
108
106
106
106
107
107
108
108
107
107
107
107
107
109
110
110
110
110
110
108
108
108
110
107
107
109
109
109
109
110
110
111
111
112
111
111
112
112
111
111
110
110
110
110
109
111
110
111
110
110
110
111
112
113
113
111
110
111
110
110
110
110
111
112
112
112
112
113
112
112
112
110
110
111
111
111
111
111
111
111
111
111
110
109
109
107
106
106
107
107
107
108
108
111
111
111
111
111
110
110
111
111
109
111
111
111
110
111
111
111
110
110
111
109
107
108
108
107
106
106
107
107
108
109
109
109
111
112
111
109
109
110
112
112
112
111
109
109
109
111
108
108
108
109
109
108
108
107
108
108
108
109
108
108
108
108
109
109
109
109
110
109
109
109
108
108
108
107
107
108
110
111
112
109
110
110
110
111
110
109
108
108
108
108
107
106
107
107
107
106
106
106
106
108
106
107
107
106
106
107
106
105
105
106
106
108
106
107
108
108
107
107
109
109
108
109
108
109
109
108
108
109
110
111
110
109
108
107
108
109
109
110
111
112
110
109
109
109
109
108
108
110
111
111
112
110
110
110
110
111
112
111
112
112
112
112
112
111
111
112
110
110
111
111
110
110
109
109
109
109
109
111
111
112
112
112
113
112
112
111
109
109
111
110
111
111
111
111
111
112
113
110
110
112
111
111
109
108
107
108
109
109
110
109
110
110
110
110
109
109
109
109
111
111
109
109
107
108
108
108
108
107
108
107
108
108
108
106
106
106
106
107
107
107
107
109
109
109
108
109
109
108
107
106
106
106
108
108
109
109
109
110
109
110
112
110
110
111
110
111
112
113
111
112
111
113
112
112
111
111
110
110
110
109
109
109
109
108
108
107
107
106
106
106
106
105
105
105
104
105
105
105
104
105
105
105
105
106
105
104
104
105
105
105
105
105
106
108
107
107
107
107
107
107
107
108
110
110
110
110
110
111
109
108
109
109
108
109
110
108
107
108
108
110
108
109
108
108
108
108
109
110
110
111
109
108
108
108
108
108
108
108
108
107
107
106
106
106
106
106
107
108
107
108
107
107
107
107
107
107
106
106
106
107
108
108
109
109
109
109
108
108
108
108
108
106
106
106
105
106
106
106
107
107
107
107
108
108
108
108
108
107
107
107
107
107
106
105
104
105
107
107
107
107
106
105
105
106
107
107
107
112
110
110
111
111
110
110
108
107
108
108
109
109
109
109
109
109
107
109
109
107
105
104
104
105
105
