0.0005562068965517242 0.0005220689655172415
300
294
295
289
281
278
272
270
268
267
267
264
262
260
259
256
256
253
252
252
249
249
248
248
248
248
248
250
250
247
249
251
253
254
254
255
255
254
256
255
253
253
254
253
254
254
253
251
253
252
251
252
252
252
249
247
243
241
242
240
241
240
240
239
239
237
233
234
235
236
235
236
234
235
235
237
239
239
237
238
237
233
234
236
234
236
236
234
235
237
233
231
230
229
230
230
231
230
229
228
227
228
229
229
231
231
230
227
227
227
226
225
225
224
227
228
224
224
225
226
228
228
227
226
229
231
231
233
231
228
228
230
231
231
230
231
232
231
232
233
233
233
232
233
230
231
230
231
230
229
229
231
231
230
231
227
225
224
224
225
226
226
226
225
224
225
224
223
223
222
222
221
222
219
219
219
223
223
224
223
223
221
221
222
222
223
224
226
225
225
224
225
226
225
226
225
224
226
228
230
230
231
229
228
229
229
230
229
229
228
230
228
229
228
228
228
229
228
229
228
229
228
230
229
229
230
229
229
228
228
227
225
224
222
222
220
220
219
219
219
220
218
218
219
219
219
221
223
222
222
222
221
222
221
222
225
226
225
226
221
221
221
220
218
219
218
217
217
217
217
218
218
217
217
217
218
219
222
224
223
223
224
226
227
226
226
228
228
230
228
226
228
228
226
226
226
224
225
226
224
225
225
225
226
227
225
227
227
227
225
224
222
221
221
221
221
222
222
222
224
223
222
221
223
222
225
224
223
222
221
220
221
222
223
222
223
224
228
227
227
228
230
228
229
227
224
225
227
226
225
227
228
225
224
223
222
223
223
221
220
220
220
219
219
220
222
225
225
226
223
221
218
217
218
217
219
218
219
220
221
220
221
221
220
220
220
219
218
218
218
217
219
219
220
219
220
217
215
214
213
213
213
214
214
215
215
214
215
217
216
217
217
213
213
214
212
212
214
215
216
213
212
210
212
211
212
211
210
210
209
209
209
207
208
210
211
212
212
213
212
212
211
212
210
210
211
210
210
210
211
210
211
210
210
209
209
210
209
211
212
211
209
210
210
211
210
212
213
213
213
212
210
210
211
213
211
211
211
211
215
213
212
212
211
211
212
212
213
213
213
211
211
212
214
214
217
218
219
216
214
216
216
217
215
216
213
213
213
213
213
214
215
214
213
212
209
209
208
207
208
211
213
213
213
212
211
211
212
211
211
210
208
210
211
210
210
209
209
209
208
208
210
210
210
210
209
209
210
209
208
208
208
207
205
203
203
203
202
202
203
204
203
203
204
204
205
208
206
206
207
207
205
205
204
205
204
201
201
203
204
204
206
205
204
204
204
202
204
201
201
202
202
203
203
204
205
204
205
206
205
204
201
201
201
201
202
201
204
204
202
202
203
202
203
203
203
204
204
204
205
204
203
203
202
202
203
205
205
205
205
206
208
208
208
205
204
204
205
204
201
201
202
202
201
202
202
204
206
205
205
204
203
200
201
201
201
200
200
199
200
200
200
200
201
200
199
200
202
202
199
201
199
199
197
196
196
195
196
197
199
201
202
198
197
196
198
200
199
199
198
198
198
198
198
198
199
197
197
197
197
198
198
198
198
197
196
198
201
202
201
201
201
200
201
199
199
201
202
202
201
202
203
205
205
202
201
202
201
201
201
199
200
202
200
200
200
200
202
201
200
199
198
198
197
197
198
199
198
199
197
197
199
200
200
200
199
199
197
197
196
195
197
196
197
195
195
196
194
193
194
195
195
196
197
196
196
198
198
199
198
197
196
196
196
196
198
197
196
196
196
196
195
193
193
192
192
193
192
193
195
194
194
194
194
196
196
196
198
198
198
197
195
194
194
194
198
198
199
198
201
201
200
199
198
195
195
196
196
197
198
197
196
198
198
199
201
201
200
200
199
198
197
198
197
196
197
197
197
196
196
196
196
195
198
198
198
198
196
194
194
194
192
192
195
195
199
197
196
197
198
197
196
195
194
194
195
196
196
198
197
196
196
197
197
197
197
196
195
194
194
194
195
195
196
200
203
201
200
199
198
197
198
197
197
197
196
196
194
194
195
196
196
196
195
196
195
197
196
197
197
198
198
198
200
201
201
199
199
198
198
198
199
198
196
198
198
198
197
196
197
196
199
201
201
202
203
204
202
201
200
200
202
203
203
201
199
199
200
201
201
197
197
195
196
195
196
196
195
196
195
194
195
196
196
195
195
194
193
194
194
192
193
195
196
198
197
198
198
198
196
197
198
198
199
201
203
203
202
202
201
201
200
201
202
204
203
201
201
201
200
198
197
194
197
197
197
198
198
198
198
199
198
197
195
197
198
198
195
194
195
196
194
193
194
192
190
191
191
191
193
193
193
192
192
192
192
191
194
198
198
198
199
200
200
199
198
198
198
197
196
194
193
193
192
193
193
191
191
190
190
190
190
190
190
190
189
190
190
190
191
190
191
191
190
189
190
190
191
191
192
192
191
196
197
198
200
196
196
195
198
195
197
200
199
199
199
198
198
200
203
203
200
197
198
199
197
198
196
195
196
197
197
195
197
195
194
194
193
193
191
190
189
190
188
188
189
189
189
191
190
190
191
191
188
190
189
189
189
187
186
185
185
186
186
186
186
186
186
187
186
184
185
186
187
187
188
190
191
189
188
189
189
190
189
191
191
193
192
192
190
190
191
192
192
193
195
194
193
190
190
190
190
191
191
192
192
193
190
190
188
187
187
187
189
190
191
192
191
191
191
191
191
191
191
192
194
192
192
192
191
190
190
188
188
187
188
190
190
191
192
191
192
189
188
188
186
186
188
189
189
192
190
191
190
192
192
193
194
195
194
194
194
191
193
191
192
191
192
190
192
191
192
190
188
188
186
187
186
187
185
186
187
188
189
187
187
187
188
192
191
192
190
189
189
190
191
191
193
192
190
191
192
191
191
189
189
189
189
189
190
191
190
191
193
192
192
190
191
191
188
189
190
189
191
190
190
189
188
188
187
185
184
184
184
184
184
185
185
186
186
188
188
187
188
189
186
186
186
184
187
188
187
189
190
190
191
191
190
190
191
190
191
191
189
190
188
186
185
185
183
183
184
184
183
184
182
182
182
179
179
179
179
178
178
180
181
181
183
183
180
178
178
177
177
177
177
177
177
177
179
179
178
180
181
182
182
183
183
182
183
183
183
184
185
185
187
187
187
186
186
186
185
185
185
185
184
186
187
190
188
188
187
187
187
187
188
188
186
186
184
182
182
181
180
181
181
181
183
180
178
178
176
177
177
177
178
177
177
178
177
177
176
177
175
175
175
176
176
176
174
176
176
175
173
174
174
179
177
178
179
179
179
180
180
179
179
178
178
176
178
176
177
177
176
177
176
176
174
175
174
175
175
176
175
175
177
178
178
177
175
175
180
179
180
178
179
180
182
182
181
179
180
179
182
182
181
182
181
181
182
182
183
183
181
181
181
180
181
183
183
182
183
183
184
183
185
183
181
180
179
177
177
177
177
178
178
176
176
175
175
174
174
173
174
175
174
173
172
172
172
173
173
173
174
173
173
173
172
171
170
172
172
172
175
174
174
173
174
175
173
173
173
174
174
174
174
175
174
173
173
174
173
174
175
178
178
177
178
177
176
180
181
181
180
178
178
178
178
178
179
180
179
178
176
177
174
175
174
174
173
173
172
172
172
171
172
172
170
171
171
171
172
172
172
173
175
174
176
176
177
176
176
176
176
175
175
176
175
176
177
178
179
180
180
179
180
178
178
177
180
179
178
179
177
178
178
177
178
177
177
177
177
177
177
177
177
177
175
175
178
177
179
178
179
179
181
179
178
178
180
178
177
179
179
179
177
179
179
178
176
177
176
177
177
176
178
176
176
176
179
180
179
179
178
178
179
179
179
179
178
176
174
175
172
171
171
171
171
171
171
172
171
173
173
173
174
173
173
173
172
171
171
172
174
173
172
172
170
170
170
170
169
170
170
170
170
170
171
170
169
170
171
170
171
173
172
172
170
171
172
174
174
175
174
175
172
173
172
172
171
172
172
172
172
172
171
171
172
172
173
172
172
173
173
173
176
177
177
176
176
176
177
176
173
173
171
171
172
172
172
172
174
175
176
176
173
172
175
176
174
174
174
173
173
173
174
176
175
176
175
173
172
173
174
175
176
176
178
179
180
178
177
178
176
177
179
175
174
175
175
174
175
174
175
173
172
169
168
170
168
168
168
168
169
169
168
168
167
167
169
168
168
171
172
171
173
173
173
173
175
173
172
172
172
170
170
171
170
170
170
170
170
169
171
171
171
171
171
173
174
174
175
178
177
175
175
174
173
173
174
174
172
170
170
169
169
168
166
166
167
168
170
170
172
174
171
170
169
170
169
169
168
167
166
166
166
166
167
167
168
169
170
169
169
169
171
173
171
170
171
169
168
167
165
164
164
164
164
164
163
163
161
162
161
162
165
165
167
167
167
165
164
163
163
162
164
165
164
165
165
165
166
165
165
163
165
164
164
163
163
162
162
163
163
163
165
165
166
167
169
170
168
167
167
168
168
168
170
171
170
172
174
175
174
173
170
168
167
165
164
164
163
163
163
162
161
161
160
159
159
161
162
162
163
163
163
163
164
163
163
162
161
162
162
161
162
161
161
159
158
156
158
158
159
158
158
157
157
156
156
155
156
157
158
158
159
160
158
157
156
155
154
155
156
157
157
158
158
158
160
157
158
158
156
156
156
155
155
156
155
154
154
155
156
155
154
153
153
152
152
152
153
153
153
154
152
153
153
153
154
154
155
156
156
157
156
154
154
153
154
154
154
154
156
156
156
156
155
154
157
157
158
157
157
157
158
157
156
157
156
154
154
154
154
155
155
156
157
156
157
157
158
158
159
160
160
160
159
160
159
160
159
160
160
160
163
163
163
165
166
165
162
161
160
160
158
159
160
158
158
158
158
159
158
158
159
159
159
158
158
159
156
155
155
155
155
156
156
153
154
154
154
154
154
155
156
156
154
153
154
155
155
155
156
156
156
156
157
156
156
155
156
157
158
156
157
159
158
157
157
156
156
157
155
156
155
154
152
152
151
151
151
153
151
150
150
150
150
150
151
152
151
150
151
150
149
149
151
151
150
149
151
151
151
151
153
154
154
153
152
152
153
152
152
151
150
149
150
151
151
152
151
151
151
151
150
151
152
152
152
152
152
153
153
151
150
151
151
153
150
151
151
153
152
151
150
150
150
151
151
151
152
152
153
153
153
154
154
155
155
156
155
155
155
156
154
151
151
151
151
150
150
150
148
148
148
149
148
148
149
148
148
148
148
148
149
147
149
151
151
151
151
151
151
150
150
151
151
151
151
151
151
150
151
152
153
152
151
152
152
154
155
155
153
153
153
153
152
152
150
151
152
154
153
151
151
151
151
151
151
151
151
151
150
150
150
150
150
150
150
150
150
151
151
151
150
150
151
153
154
150
153
154
155
155
155
155
155
155
154
153
153
153
152
151
153
154
154
154
152
151
151
152
153
152
151
153
153
156
156
156
156
154
155
157
157
159
157
157
155
155
154
153
152
153
152
152
152
153
152
155
154
154
154
155
155
155
152
152
152
153
153
151
152
151
151
153
154
155
154
154
152
152
153
152
153
153
152
151
150
150
151
153
153
153
153
154
152
152
152
153
152
152
151
150
151
152
151
150
150
149
150
150
150
149
148
149
148
148
150
149
150
150
150
149
149
149
149
148
150
150
150
150
151
152
152
152
151
151
150
150
151
151
151
151
153
152
148
148
148
149
149
149
150
151
150
150
149
149
149
149
150
150
151
151
151
153
152
152
151
152
152
152
152
151
152
152
153
154
156
155
155
155
155
156
154
154
154
154
153
154
157
155
155
156
155
154
152
152
152
149
147
149
150
151
149
150
149
149
149
149
150
150
149
149
150
151
150
150
150
150
150
154
153
151
150
152
153
152
152
151
152
152
153
151
150
150
150
150
149
148
148
148
148
148
149
150
149
150
150
149
150
150
150
149
149
149
150
150
149
149
149
148
149
150
151
151
152
152
150
151
150
150
150
149
150
153
152
150
149
149
149
149
151
152
154
155
152
152
152
152
150
148
148
148
147
148
148
149
148
149
148
149
150
151
152
152
151
149
149
149
147
147
147
146
148
147
147
148
147
146
144
143
143
143
143
143
142
143
143
141
142
142
143
142
142
142
143
141
142
143
144
143
142
141
142
141
141
141
141
141
142
142
142
143
143
143
144
146
144
142
142
143
143
143
143
142
142
142
142
143
144
144
144
144
143
145
144
144
144
143
144
144
144
144
143
143
142
142
143
143
141
141
142
142
143
142
141
141
142
142
144
144
141
140
141
141
141
142
142
141
142
143
141
142
142
142
143
144
144
144
144
142
142
141
141
140
140
141
141
141
141
140
140
139
139
140
140
140
141
141
141
142
144
145
144
144
144
143
142
142
141
143
142
142
143
143
143
143
142
141
141
142
141
140
142
144
144
145
147
147
145
145
145
145
144
145
147
147
149
149
150
151
152
153
152
147
148
147
146
146
146
145
145
144
144
144
144
144
145
145
145
146
145
145
146
147
147
147
147
147
147
148
146
143
145
145
145
145
143
143
144
144
145
145
145
146
146
148
148
148
148
148
148
148
148
148
149
150
151
150
151
151
149
149
149
149
151
152
151
150
149
150
150
149
148
148
146
147
147
147
147
148
148
146
146
145
147
148
145
146
146
147
148
149
149
148
149
149
149
149
149
151
152
155
153
152
150
150
149
147
148
147
147
143
144
145
146
145
147
148
147
149
148
147
146
145
145
145
148
146
146
148
147
147
148
145
145
147
147
147
148
148
148
148
148
148
147
148
149
149
149
146
147
148
148
149
150
150
149
149
149
150
149
150
150
149
150
149
149
148
150
151
152
150
153
152
152
150
151
148
148
149
148
149
148
148
146
146
146
146
146
145
144
144
145
145
147
147
150
148
148
149
148
147
146
144
144
146
146
146
147
147
145
144
144
146
147
146
144
143
144
143
143
142
142
142
143
144
143
143
145
145
147
147
147
148
148
149
148
148
151
152
151
149
146
145
143
144
144
143
143
144
143
143
145
145
146
147
146
146
146
145
145
145
145
145
146
147
144
145
144
143
144
143
143
143
143
145
145
146
143
142
144
142
142
142
142
143
142
142
143
142
143
143
144
143
143
144
143
142
142
142
143
142
144
144
145
145
146
145
145
142
143
145
143
143
142
141
143
143
143
143
142
142
142
143
143
143
141
140
139
139
139
139
139
139
139
140
139
139
139
139
140
141
142
143
140
140
141
142
142
141
141
141
141
139
140
143
143
144
143
143
143
144
142
143
143
142
142
141
141
142
141
144
145
144
145
143
145
143
142
142
144
143
142
142
144
144
144
143
143
145
146
146
143
142
141
141
141
141
141
142
142
141
139
139
138
139
139
140
140
139
139
139
139
138
138
137
138
138
139
140
140
139
140
140
139
139
139
140
142
143
143
142
142
141
142
142
142
143
144
145
143
143
143
143
143
141
143
141
142
141
141
141
140
143
144
144
145
145
144
144
144
142
143
141
142
143
143
145
144
144
144
143
143
143
143
142
141
142
144
142
141
140
141
139
139
139
140
141
138
139
140
140
142
142
142
142
142
142
141
142
142
141
141
141
141
142
143
143
142
142
142
143
141
142
141
140
139
139
139
139
139
139
139
140
140
142
142
142
143
144
146
145
143
143
142
142
143
141
140
140
139
138
137
136
136
134
133
134
135
136
136
136
136
137
136
136
136
136
137
135
134
134
135
135
135
137
137
139
139
140
139
137
136
137
134
135
136
136
138
139
137
138
136
137
137
135
134
135
137
137
136
135
133
135
135
135
134
133
134
137
140
139
139
138
139
139
137
138
139
139
138
137
137
137
136
136
135
135
136
137
138
136
135
138
139
137
136
136
136
137
138
137
136
135
133
131
132
133
133
132
131
131
130
130
130
129
130
130
131
132
131
131
132
132
133
131
130
130
129
130
134
133
135
135
134
134
134
134
136
136
136
137
137
138
138
138
139
141
140
138
136
136
135
136
134
134
134
134
133
134
137
136
137
136
135
135
133
133
134
135
134
135
135
137
136
135
134
136
135
133
135
130
131
133
133
133
134
135
135
136
135
135
138
139
139
140
141
139
140
137
137
137
137
135
135
135
136
136
137
135
138
137
136
136
136
134
133
133
133
132
133
133
134
135
135
135
137
137
136
135
135
133
134
134
135
134
134
133
132
133
135
131
131
130
130
130
131
132
133
134
134
133
131
131
131
131
131
131
130
129
130
128
129
128
129
130
130
130
130
129
129
130
128
128
127
127
127
127
127
127
130
130
131
129
127
127
127
127
126
126
126
126
125
125
125
127
128
127
125
126
126
125
125
125
125
126
125
126
126
129
131
130
130
130
129
128
128
127
128
129
129
131
129
130
130
131
133
133
133
133
132
132
131
130
130
130
127
127
127
127
128
128
129
129
129
129
129
130
130
132
132
130
130
132
133
132
130
130
131
132
131
132
130
128
129
130
129
129
131
132
131
130
132
132
132
132
131
129
129
128
128
129
128
127
127
127
127
127
127
127
127
126
125
125
125
125
125
126
126
126
126
126
127
127
128
127
128
128
128
128
129
130
129
130
131
131
133
133
131
133
134
133
132
132
131
130
130
130
130
130
130
128
130
130
130
130
130
130
130
132
134
132
132
134
134
133
136
137
137
136
133
132
132
132
133
135
136
136
135
133
132
132
132
133
132
131
130
130
130
130
130
130
128
127
127
127
128
128
127
127
127
127
127
127
127
125
125
124
125
127
126
128
129
130
131
132
131
130
130
129
129
129
130
132
132
130
129
130
130
130
129
128
127
127
128
128
127
127
127
127
128
129
128
129
129
129
127
127
126
126
126
126
127
128
128
130
131
132
134
132
133
133
133
132
133
132
131
131
130
131
131
130
128
128
128
128
128
128
127
125
125
126
125
124
123
122
122
123
123
122
122
122
123
124
124
124
123
123
123
123
124
124
124
125
125
125
125
125
126
126
127
127
127
127
127
128
126
126
126
123
123
123
124
124
124
124
125
125
124
123
124
124
124
124
124
124
124
124
125
125
125
126
126
126
124
125
125
124
124
124
124
124
123
122
121
122
122
121
122
122
122
122
122
124
124
124
124
124
124
124
122
122
123
124
125
125
124
122
122
123
124
124
124
124
125
126
126
126
126
126
127
128
128
128
128
127
127
127
129
129
127
126
126
128
129
130
128
127
128
128
128
128
127
127
127
127
127
129
130
130
126
125
126
125
125
125
126
126
127
126
126
124
124
124
125
125
125
125
124
124
124
126
125
125
125
126
125
126
126
126
125
125
125
123
123
123
123
125
125
127
127
128
129
126
127
129
129
129
128
126
129
126
126
126
125
124
123
123
123
122
122
121
122
122
124
123
124
123
123
122
121
120
121
121
121
122
122
123
123
124
124
122
123
123
124
123
122
123
120
120
120
121
121
122
122
122
122
122
121
119
119
120
121
122
122
122
124
123
123
125
125
127
126
125
126
125
125
123
123
123
124
123
123
122
123
124
124
124
124
124
122
123
124
125
128
126
125
124
125
124
124
124
124
124
125
125
125
124
124
125
127
129
127
127
128
131
130
130
130
132
132
129
129
130
127
128
129
128
129
130
129
128
127
125
124
124
124
124
123
123
122
122
122
122
122
122
122
123
122
121
121
121
122
122
121
122
122
123
122
121
122
121
121
122
121
121
121
121
123
123
122
122
124
123
122
121
120
121
122
122
123
122
121
123
124
123
123
123
124
126
126
124
125
124
122
121
120
122
121
121
122
121
122
122
123
123
123
124
125
122
120
120
120
120
120
119
120
119
119
119
120
119
119
121
121
122
121
121
121
122
123
124
124
124
124
124
122
121
121
121
121
120
120
120
120
120
120
119
118
120
121
121
122
120
121
119
120
120
121
121
121
122
122
122
122
123
122
122
120
120
121
122
122
121
120
120
120
120
119
119
119
120
121
121
121
121
122
121
121
121
121
122
122
122
122
124
126
126
128
127
127
126
126
124
124
122
123
122
120
121
121
122
122
122
122
122
122
123
124
124
122
121
123
123
121
121
121
121
121
121
121
122
123
122
122
122
122
123
123
124
124
123
123
123
122
123
122
122
121
120
119
120
121
123
123
123
123
122
123
121
121
121
121
122
122
122
122
124
123
121
121
121
120
120
120
120
120
121
121
122
121
122
122
124
123
121
122
123
123
120
121
121
122
121
121
121
119
121
120
119
121
120
119
119
119
119
119
118
118
118
119
118
120
121
120
120
119
119
119
119
118
117
118
117
117
119
120
120
118
118
118
118
118
119
118
119
118
119
117
116
116
118
119
120
121
120
122
124
125
125
122
121
121
121
121
118
118
115
116
115
115
116
116
116
117
116
116
116
116
117
114
113
113
113
114
116
115
114
114
115
115
116
117
118
119
119
120
120
119
119
120
119
119
120
119
118
118
117
117
117
119
117
117
117
117
117
116
118
117
117
117
117
115
116
117
118
119
118
119
119
119
120
120
120
119
120
120
119
119
121
118
117
118
119
122
122
122
123
123
123
124
124
125
120
119
118
117
116
118
117
115
115
118
118
119
119
118
117
116
118
118
118
119
119
122
120
119
120
119
119
119
119
118
117
118
118
119
118
117
117
117
118
114
114
114
113
113
113
114
114
115
116
115
114
113
112
112
112
112
112
112
112
112
113
112
112
111
112
113
113
112
111
111
111
111
112
113
114
114
112
111
111
113
113
114
112
114
114
114
115
115
117
117
117
118
118
118
118
117
116
116
117
118
118
120
121
121
121
121
120
121
122
122
124
123
121
124
123
124
122
122
122
122
121
121
119
120
119
119
119
120
121
121
122
121
120
120
121
122
121
121
121
120
119
119
119
119
119
120
120
120
122
122
121
121
120
119
120
120
120
120
119
119
122
121
119
118
120
121
123
123
122
121
121
121
121
121
118
120
120
119
119
119
120
120
121
120
120
122
122
122
122
122
122
121
122
122
119
119
119
119
119
119
119
119
119
119
118
118
116
115
115
115
115
114
114
116
118
116
112
114
113
112
113
113
114
112
113
115
113
113
115
114
113
113
116
114
114
114
115
115
115
115
115
114
114
116
116
114
111
111
111
111
113
113
112
113
113
113
113
114
114
114
114
115
116
115
112
113
113
112
113
114
114
114
115
115
115
115
115
114
114
113
113
113
114
117
116
116
115
115
118
118
118
115
114
114
115
116
115
113
116
116
116
117
117
118
