0.0001124137931034483 0.0004537931034482759
300
298
293
291
290
287
286
284
282
282
281
281
281
282
277
277
275
273
273
272
272
271
272
272
270
271
271
271
271
271
271
271
273
273
273
273
272
272
272
272
273
272
272
273
272
273
275
274
273
273
273
272
272
273
271
271
270
269
271
272
272
267
267
267
268
269
269
269
269
269
269
268
268
268
268
269
269
269
269
268
267
268
268
268
268
268
268
267
268
268
268
267
268
269
270
270
268
269
269
268
268
267
267
267
266
266
266
266
266
266
267
266
267
267
266
267
266
266
265
266
266
265
265
262
263
263
263
262
263
263
263
264
265
265
264
266
265
267
266
266
264
262
261
261
262
264
262
262
262
262
262
262
261
261
260
260
260
261
261
261
261
260
260
261
261
262
262
262
262
262
262
261
261
261
261
260
260
260
260
261
262
262
262
260
262
262
265
263
263
263
262
262
262
262
262
261
260
260
260
260
260
261
263
262
261
261
260
261
261
261
261
266
265
264
263
262
259
259
259
259
261
262
262
264
262
262
264
263
259
259
259
259
259
259
261
261
262
262
262
261
263
263
262
260
260
260
259
260
260
260
261
260
260
260
260
258
257
257
257
258
259
259
259
258
258
259
259
259
260
259
259
259
259
259
260
260
259
259
259
260
260
260
260
260
260
260
260
259
259
258
258
258
258
258
257
257
259
259
259
258
257
257
257
257
258
257
257
258
258
258
258
258
259
259
259
258
258
259
258
258
258
258
258
259
260
259
259
261
260
260
258
258
258
258
258
259
259
259
259
259
259
259
260
260
260
260
261
261
262
261
262
262
261
261
260
260
261
261
260
260
260
260
261
259
259
258
258
258
258
258
258
259
259
260
260
260
260
261
259
259
258
258
258
258
258
259
260
260
260
259
260
261
262
262
262
259
259
258
259
259
259
259
259
259
262
261
261
259
259
260
258
258
258
257
257
257
258
257
258
257
257
257
258
259
260
260
260
261
261
262
261
261
260
259
260
259
260
259
258
259
259
259
259
258
259
260
260
260
260
261
260
259
259
258
258
258
257
256
257
255
255
255
255
256
256
256
258
257
258
257
257
259
259
258
258
258
259
259
259
259
259
259
259
259
259
259
259
259
259
259
258
259
259
259
259
259
261
262
260
259
259
258
259
257
256
256
255
255
255
255
255
255
255
255
255
255
255
255
255
255
255
257
259
259
259
259
257
256
256
257
257
258
258
258
257
257
257
257
258
258
257
257
257
258
258
257
257
257
257
258
257
256
257
259
259
257
258
258
258
258
258
258
258
257
257
258
259
259
259
259
259
260
261
262
258
257
257
257
257
255
255
256
256
256
256
257
256
256
256
256
256
256
256
257
257
257
257
257
257
257
256
256
257
257
257
256
255
256
256
255
256
256
256
256
256
256
254
254
254
254
254
254
255
255
256
257
257
257
256
256
256
255
255
256
256
256
255
255
254
254
255
254
253
254
252
253
253
252
252
253
253
253
253
252
252
252
252
252
252
252
252
252
252
252
252
253
253
254
253
254
255
257
257
254
253
253
253
252
252
253
252
252
253
253
255
255
254
254
254
254
253
253
253
253
253
253
253
253
254
255
255
255
253
253
254
253
253
254
256
254
254
254
253
252
253
253
253
254
254
255
254
254
254
254
254
255
255
254
253
253
252
253
253
253
255
255
255
256
254
254
253
254
253
253
254
253
253
253
254
253
253
253
254
253
253
252
252
253
254
254
254
255
256
256
258
258
257
257
257
255
255
256
257
258
256
256
256
255
254
255
256
256
256
256
255
253
253
253
252
252
252
254
253
252
252
252
252
252
252
252
253
254
254
253
253
253
254
254
253
253
253
253
253
253
254
254
254
253
252
252
252
252
253
253
253
253
251
252
254
254
254
254
253
253
254
255
255
255
255
255
254
254
254
254
255
258
259
260
259
258
258
258
257
257
257
257
257
256
256
255
255
256
257
256
257
257
255
255
254
255
255
255
256
256
255
255
256
257
255
256
255
256
258
257
257
258
258
257
256
256
255
254
254
254
255
255
255
256
253
253
254
255
255
255
255
256
254
254
254
252
253
253
253
252
251
253
254
254
255
256
256
254
254
255
255
254
254
254
254
253
253
253
251
252
253
253
254
255
256
253
254
253
253
251
251
250
250
252
252
252
251
250
250
249
249
250
250
251
252
252
252
252
251
251
252
252
251
250
250
250
250
249
249
249
249
249
248
249
249
248
248
248
248
249
249
250
251
251
252
252
251
252
252
252
252
252
251
252
252
251
250
250
250
251
251
252
253
254
254
254
253
255
255
256
254
254
254
255
257
257
256
254
253
251
253
253
251
252
251
251
251
251
251
251
250
252
252
250
250
250
248
247
251
251
249
247
250
250
251
251
251
251
252
252
251
250
248
248
247
248
248
248
248
248
248
249
249
248
248
247
246
246
247
246
248
248
248
247
247
247
247
247
248
248
248
249
248
248
248
249
249
249
250
250
248
248
252
250
250
251
251
251
250
250
249
249
248
248
248
248
249
249
249
248
246
247
247
247
248
249
247
248
248
245
244
244
244
245
245
245
245
243
243
244
244
243
244
244
244
245
245
245
247
246
246
246
244
244
245
244
243
243
243
244
244
244
244
243
244
245
245
246
247
246
246
246
246
245
245
246
247
247
248
247
247
246
246
247
246
246
246
245
246
245
245
245
245
245
245
245
245
245
247
247
247
247
244
243
243
243
243
243
244
243
243
243
243
244
245
245
246
248
248
247
246
246
245
245
245
245
245
244
244
244
244
244
243
243
243
244
245
244
244
245
244
243
243
243
243
244
243
242
244
246
246
246
246
243
243
243
243
243
243
243
243
243
243
242
242
243
244
242
242
242
242
242
243
243
243
244
245
245
245
244
244
243
243
241
241
242
242
243
243
243
243
243
242
242
242
243
243
244
246
244
246
247
247
246
245
245
245
243
243
243
242
241
241
241
241
241
242
241
241
241
242
242
242
242
242
241
241
241
241
242
242
243
242
242
242
242
243
244
245
244
244
242
242
243
243
243
243
242
242
243
243
243
243
243
243
244
244
242
241
241
242
242
242
242
243
243
243
244
245
245
244
241
243
242
241
242
242
243
243
243
243
243
242
242
243
243
244
243
243
244
245
244
243
243
243
243
242
241
241
242
242
242
240
240
240
240
240
240
240
240
242
242
241
241
241
241
241
241
241
241
238
239
239
240
240
240
240
241
241
242
243
243
240
240
237
237
238
238
236
237
235
236
236
236
236
236
236
236
236
236
236
239
238
238
238
237
237
236
237
238
239
238
238
239
239
238
237
237
238
238
238
237
237
237
237
237
237
238
239
238
237
237
236
236
237
236
236
236
236
238
238
238
238
238
238
236
236
236
236
236
237
237
237
237
237
237
236
236
236
236
237
238
238
238
240
239
238
238
238
238
238
238
238
239
240
240
240
240
240
240
240
237
236
236
236
236
237
238
238
238
237
238
237
237
234
234
234
234
234
234
234
234
234
233
234
233
234
234
235
235
236
236
235
235
236
235
237
235
235
235
234
234
235
235
235
235
235
234
234
234
232
232
232
232
232
233
233
233
233
233
233
233
233
233
234
234
234
234
234
234
234
234
235
236
237
235
233
232
232
231
231
231
231
231
231
231
231
231
231
231
232
231
230
230
230
230
230
230
230
230
232
232
232
233
234
233
233
233
232
232
232
231
232
231
230
230
231
231
230
230
230
231
230
230
231
231
231
232
234
233
233
232
230
230
230
230
230
231
230
231
232
234
234
232
231
231
231
231
232
232
232
233
234
234
233
233
232
233
234
233
233
232
231
231
231
229
230
230
230
230
230
229
229
229
229
229
229
229
229
229
229
230
230
230
230
230
230
231
232
230
230
229
229
227
227
227
227
227
227
228
228
226
226
226
227
227
226
226
227
228
228
229
229
227
227
227
227
228
228
225
227
227
226
226
226
226
225
225
225
226
227
227
228
228
228
228
228
228
227
227
227
228
229
229
229
230
231
231
231
229
229
228
228
229
227
227
227
228
228
228
228
227
227
227
227
227
226
226
225
225
225
225
224
225
225
225
225
225
225
225
225
225
225
225
225
225
225
226
226
226
225
225
225
225
225
225
224
224
225
224
226
226
226
226
226
227
227
226
226
227
227
229
227
227
227
228
228
226
227
227
227
227
227
227
227
227
226
226
226
226
227
227
227
228
228
229
230
229
229
229
229
228
227
228
229
226
227
227
227
226
227
227
226
226
226
227
227
227
228
227
225
226
228
229
230
229
230
229
228
228
228
228
229
230
229
230
228
228
226
226
226
225
225
226
227
225
225
225
225
225
225
225
225
225
225
224
224
224
224
225
225
224
224
223
224
224
225
225
224
224
224
224
224
225
225
225
226
226
226
226
225
224
223
223
223
223
223
225
223
223
223
222
222
224
225
224
224
223
223
223
223
223
222
222
225
225
226
226
226
226
226
226
226
226
225
223
223
224
224
224
223
222
222
222
222
222
222
222
222
221
221
221
221
222
222
222
223
222
221
221
221
222
222
222
222
221
221
222
222
222
222
221
222
223
223
223
223
223
224
224
225
225
226
227
228
226
227
228
228
227
228
226
226
226
227
226
226
225
224
223
223
224
224
224
223
224
225
224
224
223
223
224
223
223
222
221
222
223
222
222
223
223
222
222
223
223
222
222
221
221
222
222
223
222
221
222
223
225
226
226
227
226
224
224
224
224
225
225
224
224
223
223
223
223
224
224
224
224
223
223
223
224
223
222
222
223
224
223
223
223
223
223
224
225
225
226
224
224
224
223
224
224
225
225
224
223
224
224
223
223
222
222
222
222
222
222
221
221
221
221
223
224
224
224
224
224
225
224
225
225
225
224
224
223
223
223
225
226
226
226
225
226
227
226
226
226
224
224
225
224
222
222
222
222
223
224
223
223
223
223
225
225
225
225
225
225
225
225
224
222
222
222
223
223
222
222
220
220
221
221
221
221
221
221
221
223
223
223
223
223
223
224
223
223
223
223
221
221
221
220
220
220
220
220
219
219
219
219
219
219
219
219
219
219
219
219
219
219
219
219
219
219
219
220
222
222
223
225
225
221
220
219
218
218
218
218
218
218
219
221
220
221
221
220
221
221
221
221
221
221
220
220
220
219
219
219
219
219
219
219
221
221
223
222
222
222
221
221
221
221
219
219
219
219
219
220
219
218
218
219
219
219
219
220
220
221
221
221
221
221
221
221
220
220
220
220
220
220
219
220
220
220
218
218
218
219
219
219
219
220
220
221
219
220
220
220
221
219
220
220
220
221
221
220
221
221
222
223
222
221
222
222
222
223
222
222
224
225
225
222
222
222
222
222
222
223
222
221
220
220
219
219
219
219
220
220
220
220
219
219
220
219
219
219
219
220
220
221
221
221
221
221
222
222
221
221
222
221
222
222
222
222
224
224
222
221
222
223
222
222
223
222
221
221
221
219
219
219
219
220
220
218
217
217
217
217
218
218
218
217
217
217
217
217
217
217
217
218
218
218
218
218
219
218
218
218
218
219
220
218
219
218
216
216
217
217
217
217
216
216
216
216
216
216
216
216
216
216
216
216
216
216
217
217
217
217
218
218
218
218
218
219
219
219
219
217
217
217
217
217
217
216
217
215
214
215
214
213
214
215
215
215
214
215
215
216
215
215
216
216
216
216
215
217
217
217
217
217
218
217
218
217
217
216
215
215
215
214
214
214
214
214
214
214
214
214
214
214
214
214
214
215
215
215
215
215
216
216
215
215
214
215
215
215
215
215
214
213
214
214
214
214
217
216
216
215
215
214
214
214
213
213
213
213
213
213
213
213
214
214
214
214
214
215
215
215
216
214
213
213
213
213
213
213
213
214
214
214
215
215
214
215
213
214
214
213
213
213
213
214
214
214
213
213
214
214
213
213
212
213
213
213
213
214
215
214
214
213
212
212
212
212
212
212
212
212
212
212
213
214
214
214
214
213
212
212
212
212
212
212
212
212
212
212
212
212
213
213
213
214
214
215
215
215
214
214
213
212
212
211
212
212
212
212
212
212
212
212
212
212
212
212
212
213
214
214
214
215
214
213
213
213
213
213
214
213
213
213
213
214
214
214
214
214
214
214
212
212
212
212
211
211
211
211
211
210
210
210
210
211
210
211
210
210
210
211
210
211
211
212
212
212
212
212
212
212
212
211
211
211
212
213
213
212
212
212
211
211
210
210
210
211
212
214
213
213
213
214
214
214
214
215
214
215
215
214
213
213
213
213
212
212
212
212
212
212
212
211
210
209
210
210
210
210
211
210
210
212
212
212
212
211
210
210
210
209
209
209
209
209
209
209
209
209
209
209
209
208
208
209
210
211
211
211
211
211
211
211
208
208
208
208
209
209
209
210
209
209
209
210
209
208
208
209
209
209
210
210
210
210
208
209
209
208
208
208
208
208
208
208
209
210
209
209
210
209
209
209
209
208
207
207
207
207
207
207
208
208
207
207
207
208
208
208
208
208
208
208
208
208
208
208
208
209
210
209
209
209
209
209
210
210
210
210
209
210
210
210
210
209
209
209
209
208
207
208
209
209
210
209
209
211
212
212
212
212
210
211
210
209
209
209
208
207
207
207
207
207
207
206
207
207
206
206
207
205
205
205
205
205
205
205
205
205
205
205
205
206
207
207
207
208
207
208
209
208
208
205
205
204
204
204
204
204
205
205
206
206
207
206
205
205
205
206
205
205
206
205
205
205
206
206
203
203
203
203
203
203
204
204
205
206
208
210
208
208
208
208
209
206
206
206
205
205
205
203
203
204
204
204
205
204
204
205
205
206
206
205
205
207
207
206
206
209
209
208
207
209
210
207
205
203
203
204
205
206
206
205
205
205
206
204
204
204
203
203
203
203
203
204
205
206
206
206
206
206
206
205
205
205
204
204
204
204
204
203
202
202
202
203
204
205
206
207
206
205
205
206
206
205
205
204
204
205
205
203
203
203
204
204
204
205
205
205
205
205
205
205
205
206
206
206
205
206
207
207
206
205
205
205
205
203
203
203
204
206
205
205
203
203
204
205
206
204
204
204
204
205
204
204
202
202
203
203
201
202
202
203
203
203
202
202
202
203
203
201
202
202
202
202
202
201
201
201
201
203
202
202
202
202
203
204
204
203
203
203
203
204
203
205
206
204
205
206
205
204
204
204
203
203
204
204
203
203
203
202
202
202
202
204
205
205
206
206
207
206
205
205
206
206
206
206
206
206
204
204
202
202
202
204
204
204
204
203
202
202
201
201
202
202
203
203
203
203
203
203
203
201
201
201
201
201
201
201
201
201
201
202
202
201
201
202
202
202
201
201
201
202
204
204
205
204
204
203
202
202
202
202
202
202
202
202
202
202
201
201
201
202
201
201
202
202
202
202
200
200
200
200
200
200
200
201
201
202
201
201
201
201
202
202
202
203
206
205
205
205
204
205
205
203
203
202
202
204
204
203
203
203
203
203
203
203
204
202
202
202
202
202
201
201
202
202
202
202
202
202
201
200
200
200
200
200
200
200
200
201
201
201
202
203
203
205
203
203
203
202
201
201
202
202
202
202
202
201
201
201
201
202
203
203
203
203
203
204
204
202
203
204
204
204
204
204
205
205
203
203
203
202
202
203
202
202
202
202
202
203
201
201
202
204
203
204
205
205
204
204
204
203
203
203
203
203
204
203
203
203
202
203
203
203
202
203
203
203
203
203
202
202
202
202
203
202
202
201
201
201
201
201
202
202
201
201
201
201
201
202
202
202
202
202
202
203
203
203
203
201
201
201
201
201
201
202
202
202
202
202
201
201
201
201
201
201
201
201
201
202
202
201
202
202
201
201
201
201
201
201
201
201
202
202
203
204
203
204
203
202
202
201
201
201
201
201
203
203
203
203
203
203
203
203
203
203
203
204
205
205
206
207
207
207
210
207
207
206
208
206
206
206
203
202
202
202
202
200
200
200
201
201
201
199
199
199
199
199
199
199
200
200
200
200
199
199
199
199
199
199
199
199
199
199
200
200
200
200
201
201
202
202
202
200
200
200
201
200
200
200
199
199
199
199
201
202
201
202
200
200
199
199
199
198
199
200
199
199
201
201
201
201
200
200
200
201
200
200
199
199
198
198
199
199
199
199
199
199
199
199
199
199
199
199
199
200
201
201
201
203
202
201
201
201
201
200
200
200
201
201
201
201
201
201
200
200
200
201
199
199
198
198
199
200
199
199
197
197
198
199
199
199
199
199
199
199
199
199
200
200
201
202
199
200
200
200
200
200
200
199
199
198
198
197
197
197
197
198
198
198
199
199
198
199
198
197
197
198
198
198
198
198
198
198
198
198
198
198
198
199
199
200
198
198
197
196
197
197
197
197
198
199
199
199
198
198
199
199
201
199
198
198
198
199
198
198
198
198
198
198
197
197
197
196
196
196
196
196
197
198
198
199
198
199
199
200
199
200
200
201
201
200
200
200
200
200
200
201
200
199
200
199
199
198
198
200
201
199
199
200
199
199
199
199
198
199
199
198
199
198
196
196
195
194
194
194
194
194
196
196
196
196
197
197
197
198
198
196
197
197
197
195
196
196
195
195
195
196
197
197
198
199
198
196
196
196
197
197
196
196
196
196
196
195
195
195
196
195
195
194
194
194
194
195
195
195
195
195
195
196
196
196
196
196
195
195
195
195
198
197
197
196
196
196
196
196
197
194
195
195
195
195
195
196
196
195
194
195
195
195
196
196
195
195
197
197
197
196
196
195
196
196
196
196
196
196
196
197
196
196
194
194
194
194
194
194
194
195
195
196
196
196
196
196
196
196
196
196
198
196
196
195
196
196
197
197
197
197
198
198
198
197
197
197
196
197
195
195
195
195
195
195
195
194
194
194
194
195
196
197
196
196
196
197
197
198
198
198
197
197
197
198
199
198
197
197
197
199
199
199
197
196
196
196
196
196
196
196
196
196
195
195
196
196
196
195
195
194
193
193
194
197
198
199
198
198
196
195
195
195
195
196
194
194
194
194
195
195
195
197
197
197
197
196
196
194
194
195
195
195
195
195
194
195
194
194
194
194
195
196
197
196
195
194
195
194
194
194
194
193
193
193
193
194
195
195
194
193
193
192
192
192
194
194
194
194
194
194
194
194
193
193
193
193
193
193
193
194
194
192
192
192
192
192
192
192
192
192
193
193
193
192
194
195
194
193
192
192
192
192
194
194
194
193
193
193
193
194
193
195
195
195
195
195
197
197
197
197
197
197
197
196
196
196
196
197
197
197
196
196
196
197
197
197
197
198
199
200
199
199
198
198
198
197
196
196
195
193
193
194
194
194
195
194
193
192
192
193
193
194
193
193
194
194
196
195
195
196
196
196
195
195
195
195
194
195
195
193
193
193
193
195
195
196
197
196
196
196
194
196
196
194
194
194
194
194
194
193
194
194
193
192
192
193
193
192
193
192
193
193
193
193
193
191
191
191
191
191
191
192
192
192
193
192
192
192
192
191
192
191
189
190
190
190
190
190
190
190
190
190
190
192
192
191
191
191
190
190
190
189
189
189
189
189
189
188
189
189
189
189
188
188
188
188
189
189
188
188
188
188
189
190
190
192
192
192
192
192
191
191
190
190
191
191
190
190
189
189
189
189
189
188
188
188
188
188
188
188
188
189
188
188
188
188
188
188
190
190
190
190
190
189
189
190
190
190
190
191
189
188
188
188
188
188
188
188
187
187
187
188
187
188
188
187
187
187
187
187
188
188
187
187
187
187
187
187
187
187
187
187
187
187
187
187
187
187
187
188
187
188
188
188
188
188
188
188
189
189
189
189
190
189
190
191
191
191
191
191
191
191
190
191
191
190
191
192
191
191
189
190
189
189
189
189
189
190
190
190
190
189
190
190
190
189
189
189
189
189
189
189
191
190
189
190
190
189
189
189
189
189
189
189
189
190
191
191
190
191
191
192
192
191
191
189
189
189
189
189
188
188
188
188
189
190
189
189
190
190
190
189
190
190
191
191
190
189
188
188
188
189
189
189
189
189
189
189
189
188
188
188
187
187
187
187
188
188
188
187
188
188
187
187
188
188
189
188
190
190
190
191
190
189
189
188
188
188
190
190
190
189
189
191
191
190
190
190
190
190
190
191
190
191
191
192
192
192
193
190
188
187
187
188
187
187
187
189
190
190
190
190
191
191
192
188
187
187
187
187
187
188
189
189
189
189
187
187
188
188
188
187
187
187
187
187
187
187
188
188
187
186
186
187
187
187
187
187
188
188
189
188
188
187
187
188
187
187
187
187
187
187
186
186
186
186
187
187
187
187
186
187
187
188
188
189
190
189
189
189
189
189
189
190
188
188
187
188
188
189
188
188
187
186
186
185
185
185
185
185
185
185
186
185
185
186
186
186
187
187
187
186
187
187
187
187
187
187
187
187
186
186
186
187
186
187
187
187
187
187
186
186
186
186
186
186
186
186
187
187
186
186
187
187
186
186
187
187
186
187
188
186
185
185
186
186
187
187
188
188
188
188
187
188
189
188
189
190
190
188
189
188
186
185
185
186
185
185
184
184
183
183
183
183
183
183
184
183
183
184
184
183
184
184
184
184
184
184
185
185
185
184
184
185
185
185
185
185
185
185
185
186
187
187
186
184
184
184
184
184
185
185
185
186
187
187
185
185
185
185
186
187
186
186
186
185
187
186
186
186
184
185
185
184
184
184
182
184
184
182
182
181
182
182
183
183
184
184
183
183
183
183
183
183
184
184
184
184
183
183
182
181
181
181
181
181
181
181
181
181
181
182
182
181
182
182
182
183
186
185
185
185
186
184
182
182
181
181
182
182
182
181
181
181
181
181
182
182
182
183
183
183
181
181
181
182
183
183
183
183
183
182
182
182
181
181
181
181
181
181
181
181
181
181
182
182
182
183
183
184
184
184
183
184
184
183
183
183
183
184
182
182
182
182
183
183
183
183
182
182
183
183
182
182
182
181
181
181
181
181
181
181
181
181
181
181
182
182
181
181
181
181
182
182
182
182
182
182
183
183
183
182
181
181
181
181
181
182
183
182
181
182
181
180
181
181
181
181
180
180
181
182
182
181
181
181
179
179
181
180
180
179
179
179
179
179
180
179
178
178
178
178
178
178
178
178
178
178
178
178
178
179
179
179
179
179
178
178
178
178
178
179
178
178
178
178
178
178
179
180
180
180
182
181
181
181
180
180
179
179
179
179
179
179
180
180
179
179
180
180
179
179
179
180
181
181
180
180
180
182
182
181
180
179
179
180
180
180
179
179
177
178
