0.0008293103448275862 0.00038551724137931035
300
296
291
288
286
284
285
279
277
273
274
272
273
271
268
267
265
264
264
264
262
264
265
265
265
266
266
267
265
265
263
259
259
260
259
263
263
262
264
262
262
260
259
262
262
264
264
262
264
268
268
268
267
265
261
260
261
261
260
261
258
260
259
260
259
259
258
260
259
258
257
256
256
262
263
262
263
261
261
259
257
258
256
257
255
255
257
256
257
259
259
258
257
258
258
258
261
263
262
262
263
264
264
265
265
266
267
267
267
267
268
271
270
268
266
267
267
267
266
267
267
272
270
269
267
265
264
262
264
265
263
266
266
265
266
266
265
265
266
267
267
269
267
269
269
268
269
268
267
267
268
265
264
264
266
265
266
267
268
268
268
267
264
263
263
263
262
260
260
260
261
261
263
264
266
266
263
263
264
267
268
270
269
269
270
268
268
268
266
262
263
264
265
265
262
263
263
265
268
270
268
268
266
267
265
264
263
263
262
262
264
265
264
264
263
264
265
262
264
265
265
265
266
263
265
265
264
264
265
265
264
263
262
262
260
260
260
259
260
263
262
262
264
264
264
264
265
266
266
267
269
269
268
268
267
268
266
267
267
267
266
268
269
270
269
271
272
272
274
274
274
273
272
274
277
279
279
277
276
276
274
275
273
273
273
272
273
270
271
272
274
274
274
276
278
280
281
279
276
276
274
273
273
272
273
274
272
273
273
271
273
271
269
268
266
265
264
266
267
267
267
267
267
266
267
265
266
269
271
269
270
268
270
266
265
262
264
265
265
266
267
266
266
266
266
267
268
267
266
268
268
267
264
265
265
266
268
266
264
263
264
264
265
264
265
265
266
265
263
262
263
263
264
264
265
264
263
263
264
264
263
265
264
264
266
266
266
267
269
269
268
266
265
265
263
264
263
262
261
262
262
262
261
262
265
266
266
269
269
273
272
268
267
266
269
265
265
267
269
270
271
273
271
273
275
279
278
279
276
277
277
277
276
273
274
276
277
276
278
277
278
278
277
279
278
278
278
278
279
280
280
281
284
281
283
282
281
281
281
279
282
281
282
281
287
289
287
288
287
285
285
284
283
283
284
282
282
283
285
288
290
289
288
286
286
285
290
290
290
288
288
286
285
283
281
279
278
277
279
276
277
277
278
278
279
278
277
279
279
279
281
281
280
281
279
277
280
279
278
276
276
276
276
278
277
278
280
279
280
280
281
279
279
281
282
283
281
284
286
285
282
282
282
280
278
276
276
277
278
275
276
277
276
276
275
273
273
274
273
274
276
274
274
273
273
274
276
277
277
279
280
283
283
283
285
283
286
289
286
287
286
285
284
286
284
284
283
282
283
283
282
283
285
288
289
290
287
288
288
288
288
289
291
290
293
291
293
292
291
290
289
292
291
291
293
294
293
291
291
292
293
293
292
292
293
294
293
292
292
291
290
290
290
290
291
293
292
294
294
294
293
293
293
294
293
295
293
293
297
293
293
291
293
289
288
288
288
289
293
294
296
295
296
297
296
298
296
297
297
291
290
288
289
287
290
292
289
290
292
294
296
295
295
294
296
297
297
296
298
297
297
297
297
296
297
298
299
299
297
298
297
294
291
292
292
292
294
294
295
293
295
292
294
295
296
296
298
300
300
300
302
302
304
302
301
298
299
301
301
303
302
300
299
302
302
303
307
311
308
308
310
310
307
308
305
306
307
306
306
307
307
306
310
309
306
306
307
307
308
306
306
306
305
306
305
305
306
305
304
303
302
301
300
301
300
299
299
300
302
301
303
306
308
310
311
311
310
310
309
309
310
308
307
305
301
302
305
303
301
300
301
302
297
298
297
298
299
300
300
297
296
295
298
294
295
295
297
297
295
291
292
290
289
289
288
290
296
295
294
294
295
299
297
297
297
298
297
295
294
294
295
294
293
293
292
292
292
292
291
292
295
295
294
291
291
291
292
292
292
293
294
293
293
294
293
294
293
295
294
295
295
294
294
295
297
297
295
294
294
294
296
296
297
295
291
290
289
293
293
292
291
290
290
290
289
289
288
289
289
291
292
291
290
293
292
291
294
296
295
295
295
298
296
296
295
294
295
296
296
296
296
296
297
296
297
296
294
295
297
297
297
298
298
298
298
300
301
297
297
298
301
299
299
300
301
302
301
302
304
305
303
301
303
301
301
301
300
299
303
302
304
305
306
306
305
307
307
308
306
304
305
303
303
305
304
305
305
305
308
306
308
306
306
303
303
303
305
305
305
301
302
302
305
305
305
305
307
306
304
304
303
303
303
302
303
302
303
305
307
304
304
306
304
305
305
307
308
306
307
309
309
310
310
308
309
308
306
307
308
310
311
309
309
309
309
309
311
310
311
312
310
311
311
309
310
312
311
312
311
310
307
307
309
309
308
308
309
309
309
313
314
313
311
308
305
303
302
300
300
303
305
304
303
302
303
305
307
307
306
308
308
306
305
307
307
307
306
306
306
305
306
309
307
307
308
310
311
310
308
309
307
307
307
309
309
310
313
313
314
315
314
315
313
314
316
318
317
316
317
316
314
315
317
317
316
316
316
314
316
316
316
319
318
314
313
313
315
317
314
316
316
312
311
313
312
311
313
312
312
313
312
309
306
306
305
305
308
310
310
310
309
309
312
312
311
309
310
310
312
313
314
316
313
314
314
316
315
316
317
318
318
319
320
319
319
319
315
319
319
320
322
322
318
317
316
316
317
319
320
320
320
319
320
321
322
318
317
319
317
317
318
319
318
319
324
321
321
319
317
315
315
316
315
317
316
318
318
318
318
319
318
318
317
321
320
320
321
323
323
324
325
326
328
330
328
326
327
328
328
326
325
326
328
328
329
327
327
327
330
328
327
325
322
323
323
319
319
319
318
317
316
315
315
314
313
313
314
313
314
316
316
316
315
316
316
317
317
317
315
314
317
315
315
316
315
313
313
314
313
313
314
313
313
312
313
315
317
314
313
316
315
315
317
318
318
320
320
321
321
322
321
323
323
329
325
325
324
325
320
322
322
320
320
320
320
321
319
318
319
319
318
316
316
320
315
316
315
314
316
314
316
315
315
313
315
315
314
314
311
311
311
311
313
314
313
314
319
320
321
318
318
320
320
321
319
320
320
320
320
316
315
315
318
316
314
317
319
320
318
316
316
315
315
314
314
318
317
316
315
316
319
321
318
316
317
315
316
316
317
313
314
317
316
315
314
314
316
315
317
317
316
316
315
315
315
314
313
314
314
316
315
316
315
314
314
316
316
317
318
319
317
317
318
320
319
319
318
317
318
318
317
317
317
317
322
323
324
324
322
323
325
324
327
332
335
334
336
337
337
336
336
334
333
331
332
333
329
329
330
329
329
332
334
334
337
336
335
337
335
334
332
331
330
333
333
333
331
330
330
331
331
332
330
331
330
331
331
329
329
328
327
326
326
326
327
328
328
327
331
330
327
327
325
323
323
325
326
326
327
325
327
325
323
325
325
328
328
327
330
330
333
334
333
334
330
331
329
331
335
335
335
333
332
331
334
333
333
331
331
330
329
330
328
327
328
329
329
329
328
326
325
324
326
325
327
325
325
325
323
322
320
321
320
320
321
326
325
324
324
325
325
326
324
323
319
320
323
322
323
323
326
328
327
326
327
327
327
330
332
329
328
326
327
330
328
329
329
330
332
328
328
326
327
325
323
323
323
324
325
324
322
323
328
329
330
330
331
331
332
331
331
332
331
332
334
333
334
332
330
326
325
325
325
323
326
327
327
326
327
327
327
325
325
326
328
329
327
326
327
329
325
324
323
323
324
323
326
327
327
328
329
326
327
327
328
326
327
328
327
326
326
330
329
328
330
331
329
328
328
325
328
326
328
327
324
322
325
327
330
328
328
326
326
325
325
324
325
326
326
325
323
323
322
323
325
323
321
321
323
322
323
322
324
329
330
330
330
332
331
333
335
333
334
334
331
331
333
333
334
333
334
335
337
337
337
337
337
339
339
338
337
339
342
340
338
337
338
338
336
337
339
339
338
336
336
332
332
329
330
329
326
326
325
323
324
327
328
324
324
323
323
323
323
322
324
321
323
323
320
321
319
320
321
319
318
319
319
319
321
323
323
324
325
326
326
326
325
323
325
322
322
321
321
322
322
321
322
323
322
323
323
326
324
323
326
325
324
325
322
322
322
320
320
319
320
317
317
317
317
321
320
322
324
323
325
324
326
326
330
330
333
332
330
331
330
331
332
333
334
329
330
327
327
325
324
322
322
323
324
325
327
326
323
324
326
326
328
328
327
324
325
325
322
321
322
324
326
325
325
324
323
323
327
327
327
329
332
333
333
335
336
331
330
329
328
331
331
331
332
333
332
334
337
337
336
335
338
340
342
342
340
343
344
344
345
344
341
341
339
336
336
335
337
339
340
341
342
344
346
348
351
351
351
351
350
351
350
350
350
349
348
347
347
346
348
349
352
348
347
340
341
345
346
346
348
350
352
352
353
350
350
349
348
348
351
350
348
349
350
348
345
346
347
348
346
346
343
342
343
341
343
343
344
344
346
340
339
342
341
343
342
342
342
344
343
343
345
344
346
345
345
343
340
338
338
340
341
340
336
336
337
333
334
335
335
337
336
333
333
333
332
332
331
334
333
334
332
331
332
333
331
332
331
329
334
335
334
330
330
330
328
328
328
331
330
331
332
336
335
334
330
330
334
334
334
334
335
335
337
338
336
336
337
334
335
338
337
336
332
330
330
330
331
331
330
331
328
329
330
333
333
334
336
336
335
336
335
333
334
336
338
336
338
339
342
342
340
340
341
340
341
339
339
339
336
337
337
337
333
335
337
336
335
332
336
336
339
339
342
343
342
344
344
342
343
343
343
344
342
343
343
344
347
349
349
348
345
349
351
350
347
346
341
337
337
338
339
341
340
337
337
340
342
341
337
336
335
333
335
336
332
331
331
332
335
336
336
335
336
338
337
339
342
340
338
337
338
338
341
342
340
340
341
340
338
335
338
334
334
336
335
336
338
337
336
335
334
335
335
338
341
339
338
338
337
337
338
338
338
338
343
344
342
343
344
343
342
342
341
342
343
342
343
341
343
344
346
345
345
344
344
343
345
345
346
345
344
344
345
342
345
345
346
346
345
346
347
347
346
344
342
343
342
341
343
343
344
344
344
343
346
342
343
343
341
344
344
346
346
346
344
343
342
340
340
343
340
338
335
336
336
334
335
333
332
334
333
333
334
332
332
332
332
332
333
333
333
334
334
335
333
336
335
336
338
341
338
338
340
341
340
341
341
341
340
340
338
338
337
338
339
342
344
340
340
340
342
348
348
348
348
347
346
342
339
341
342
341
343
341
339
341
343
342
341
342
343
343
339
338
338
339
339
341
343
342
342
345
346
345
343
342
341
341
341
343
341
341
342
340
340
341
341
339
340
340
342
342
343
343
344
344
344
346
347
348
351
351
350
354
355
353
352
355
355
353
353
353
353
353
353
353
355
353
353
350
349
351
349
345
346
348
346
345
345
344
343
343
343
345
344
343
344
340
338
336
336
335
334
332
330
329
330
331
335
335
334
337
336
335
335
335
335
335
335
337
339
338
345
345
345
347
348
350
345
343
345
347
348
348
348
345
343
346
347
346
346
345
345
343
344
348
343
342
341
342
340
339
339
342
341
341
341
341
341
345
345
345
347
349
346
343
341
340
341
340
341
343
341
341
342
343
346
347
345
348
349
348
346
345
345
347
344
345
343
343
339
337
336
336
338
337
337
338
338
339
337
337
337
336
337
338
337
337
336
335
336
335
334
334
336
335
336
336
336
339
340
338
338
338
340
338
337
335
337
335
333
334
336
336
337
335
333
336
335
334
331
331
336
338
341
337
336
337
337
337
339
342
342
344
342
343
339
336
336
336
334
332
331
333
332
335
333
332
335
335
335
337
337
334
334
335
336
339
337
337
338
338
338
339
340
340
342
343
340
337
339
340
341
340
338
340
339
342
343
343
340
338
336
339
338
338
339
338
337
338
338
340
342
342
343
341
344
341
342
342
338
336
336
337
337
337
338
339
342
347
348
348
347
344
345
348
347
345
341
343
344
343
340
341
340
340
339
339
341
344
343
340
340
341
340
340
340
338
341
341
341
343
338
338
337
337
336
337
337
336
336
335
336
335
335
334
334
334
336
334
334
334
333
335
335
330
330
331
330
330
328
327
329
327
330
330
332
331
330
330
333
334
333
333
331
332
333
334
335
336
335
336
333
336
337
339
341
340
338
339
342
342
341
341
339
336
337
338
338
338
338
336
338
339
339
340
341
339
342
339
339
341
341
340
341
339
341
339
340
336
335
336
336
336
334
334
336
336
335
334
335
336
335
338
337
338
338
339
341
341
339
339
337
336
335
336
336
336
335
335
337
336
335
336
339
338
340
340
339
338
338
335
337
338
340
339
341
340
341
343
346
348
347
348
343
343
343
343
342
340
343
343
347
345
343
342
344
345
344
342
344
345
342
342
339
342
343
345
347
350
350
349
348
348
348
347
346
345
342
343
339
341
342
343
342
343
344
345
347
344
344
346
345
346
350
345
346
345
343
343
345
344
344
342
342
344
341
343
342
339
340
340
339
338
340
339
344
346
348
346
346
344
345
347
347
347
350
351
351
352
352
348
347
344
344
344
347
350
350
350
350
348
350
349
348
349
348
349
346
346
349
351
349
349
349
351
352
350
351
350
352
354
351
351
351
349
347
347
349
350
352
353
353
352
352
353
357
355
353
351
353
348
348
348
350
351
350
348
348
347
342
342
342
341
342
342
343
343
345
346
348
348
349
349
348
345
345
343
345
346
344
346
346
347
345
345
344
342
340
340
342
346
345
348
348
349
347
349
350
349
348
347
345
344
346
351
354
353
351
349
348
349
346
345
344
344
344
344
346
345
345
340
338
336
336
335
334
334
333
333
335
335
336
336
334
334
336
338
337
338
342
340
339
339
338
338
337
340
339
336
340
341
339
339
340
340
342
343
342
340
340
340
336
335
335
335
337
336
335
334
335
334
338
337
336
337
338
338
339
338
339
338
338
337
337
340
340
342
345
347
348
349
349
348
347
345
342
343
347
345
347
346
346
346
347
349
347
345
345
345
346
346
346
342
341
341
339
343
346
348
346
346
347
342
343
345
347
349
348
349
349
350
351
352
352
351
350
352
352
355
354
355
356
354
355
354
355
355
354
354
354
353
357
354
358
356
355
352
350
350
347
347
346
344
342
343
344
344
343
344
347
345
344
344
342
343
341
341
340
342
342
343
343
342
344
346
343
343
343
340
340
339
340
340
341
340
340
339
342
342
345
351
351
349
354
354
355
354
354
354
355
354
352
350
347
342
341
342
342
343
341
344
343
342
346
347
350
346
349
350
352
353
351
352
352
350
350
351
351
352
351
349
347
347
349
351
352
348
349
347
346
347
346
346
349
348
348
347
347
345
347
347
348
351
351
356
352
353
354
355
356
356
356
355
357
353
353
350
352
349
351
351
351
353
352
349
351
352
353
354
355
355
352
353
350
353
351
351
354
351
354
357
357
354
352
351
353
352
353
351
351
350
347
347
345
347
346
346
348
350
352
352
352
353
351
355
354
350
350
348
351
351
349
350
351
352
352
354
357
357
355
353
351
355
357
358
359
358
356
355
354
351
352
351
351
350
354
354
355
356
357
356
355
355
357
357
357
357
359
362
361
362
363
363
359
360
358
357
357
355
353
351
349
349
350
351
350
349
350
352
351
353
353
356
354
353
355
357
359
358
357
356
354
354
353
353
356
353
350
351
348
347
345
346
350
347
347
346
346
345
348
351
348
346
349
349
350
350
351
349
348
349
348
352
355
353
350
351
351
349
348
349
349
347
348
348
347
348
348
348
351
351
351
348
349
346
346
345
343
342
342
342
341
341
341
343
345
342
342
343
340
341
344
342
343
344
342
341
342
342
345
344
342
342
344
344
346
350
355
357
357
358
353
355
354
357
358
357
357
359
358
358
358
358
354
350
346
344
345
343
341
343
344
345
345
346
346
348
345
342
344
342
341
344
341
343
344
343
347
349
348
345
344
343
341
341
340
339
339
344
343
343
343
344
345
342
341
342
341
343
345
344
344
344
344
342
343
342
345
345
344
346
347
347
346
345
345
346
346
344
346
348
349
349
348
348
348
350
351
348
346
346
343
342
342
343
345
346
347
348
349
346
346
347
347
346
345
346
346
345
343
342
344
346
346
349
351
351
354
356
359
359
360
361
359
357
356
356
355
351
350
352
353
354
352
352
356
353
354
353
352
350
350
350
348
347
347
348
352
351
354
358
358
359
360
361
360
364
365
365
365
364
364
359
360
359
359
360
360
357
358
356
356
354
353
353
356
356
357
354
354
360
358
357
355
354
354
354
353
350
349
352
354
354
354
352
352
350
350
351
354
352
353
353
355
354
352
353
353
353
353
353
352
351
352
354
357
360
362
361
362
360
361
357
358
358
357
355
353
351
350
350
348
349
350
350
354
354
352
350
348
349
348
348
350
349
351
352
352
352
354
353
354
355
358
357
356
357
359
360
363
365
363
363
367
365
367
370
371
369
368
368
368
369
365
365
363
365
365
366
368
366
366
361
362
360
363
364
362
363
363
363
364
367
366
368
368
366
367
365
366
365
363
363
363
363
361
359
358
359
359
359
361
359
363
368
368
368
370
368
368
366
367
366
367
367
367
366
365
362
361
359
359
362
362
360
360
360
357
355
355
356
359
355
358
360
359
358
358
355
351
350
349
351
354
355
354
358
359
358
357
360
361
361
360
359
359
356
356
356
355
357
355
352
353
352
353
351
351
350
349
351
352
352
352
353
357
358
358
358
354
354
353
355
350
350
348
346
349
347
346
344
344
344
346
346
348
347
345
346
348
349
348
348
349
347
348
348
347
348
345
346
344
344
342
340
344
347
347
349
349
349
347
345
345
348
347
346
349
350
347
347
346
345
344
344
342
341
342
343
344
341
343
342
341
342
342
340
340
339
339
342
342
342
343
345
341
340
343
343
342
342
341
343
343
345
345
347
348
348
348
346
346
345
341
339
339
340
340
341
344
343
342
339
339
340
340
339
336
339
338
338
338
336
337
339
337
338
341
339
339
339
338
339
341
342
345
345
345
349
348
347
344
344
345
343
344
346
349
347
347
344
343
341
343
343
343
345
345
342
341
336
336
337
338
336
337
338
339
338
340
338
338
337
338
339
339
338
337
340
342
340
340
338
337
339
338
339
339
340
340
337
336
337
336
338
339
336
338
340
340
342
343
344
346
342
344
343
343
342
344
343
342
342
342
345
348
347
347
347
348
348
344
345
346
345
346
342
342
344
344
343
345
348
342
344
346
347
350
350
351
350
350
347
349
349
348
347
351
352
352
349
350
354
355
353
352
351
353
354
356
357
359
357
355
352
350
349
350
351
352
352
352
352
351
351
351
351
354
356
354
356
356
354
356
359
362
363
363
366
368
368
365
365
367
367
366
366
370
369
370
365
365
362
362
362
363
362
356
357
359
358
362
362
360
358
359
360
358
356
358
361
361
360
358
355
353
354
355
354
356
359
358
360
360
362
361
361
360
356
357
358
356
357
355
354
353
354
355
354
353
353
354
355
358
359
359
356
356
355
358
360
359
358
357
354
356
357
358
360
359
359
360
358
356
357
355
358
356
357
357
358
355
356
357
357
356
357
357
357
357
355
357
359
361
360
357
357
357
359
359
359
358
360
362
360
361
364
364
363
363
364
364
363
363
362
360
360
360
357
356
357
358
360
360
357
358
358
359
360
358
353
354
356
355
358
357
356
358
358
360
358
359
358
354
358
356
357
358
356
356
356
356
355
357
358
358
358
358
354
353
355
357
357
358
358
359
356
356
354
355
355
355
355
355
353
350
354
354
355
353
351
351
351
349
349
349
349
350
351
350
351
350
351
350
348
345
343
344
342
343
344
344
343
343
345
346
347
345
344
344
345
343
342
343
343
343
344
347
346
343
342
344
347
350
350
349
350
349
350
349
350
349
351
350
349
346
349
349
347
349
349
349
347
348
350
352
350
350
347
346
345
344
346
346
348
349
350
350
348
346
350
350
348
344
342
341
341
341
340
340
341
342
341
341
341
345
342
343
343
345
346
347
350
350
356
354
356
355
353
356
354
353
354
355
356
358
359
352
351
353
351
351
352
355
352
349
350
351
352
354
354
353
350
352
353
356
355
355
353
354
353
354
356
359
361
362
361
358
356
354
358
358
357
357
354
354
354
353
356
358
356
353
351
354
353
351
349
351
352
347
348
350
351
350
350
350
353
354
355
349
350
349
348
348
347
344
346
346
350
347
344
341
342
344
344
343
345
346
345
346
343
344
343
341
341
338
339
335
334
336
337
333
332
335
333
334
335
335
336
336
337
338
340
340
339
339
338
338
337
336
334
337
336
333
334
333
332
335
335
332
333
335
332
333
334
333
333
335
334
334
332
332
332
334
334
334
334
334
335
334
335
336
337
336
336
335
335
333
332
333
333
331
335
337
335
338
338
337
339
339
336
336
339
338
339
339
340
342
343
343
341
340
340
342
343
344
344
346
343
342
345
344
346
343
339
338
340
340
342
342
343
342
342
342
341
340
340
340
335
338
336
340
343
343
346
349
349
349
349
351
348
347
346
343
345
346
347
346
346
344
344
343
345
345
345
346
345
346
348
347
348
349
349
348
346
345
345
347
346
347
349
347
348
350
350
349
349
349
348
346
344
345
344
345
347
345
347
346
348
344
345
346
348
350
345
346
346
347
347
346
346
347
346
346
345
344
344
346
345
347
346
343
341
342
343
343
345
344
344
344
345
345
348
346
345
347
344
348
347
350
350
351
351
352
354
355
353
353
353
352
355
354
354
353
351
353
352
349
352
353
355
354
354
353
353
355
355
354
354
355
356
355
355
355
354
353
352
355
360
359
357
358
357
356
355
355
354
356
354
356
358
358
360
359
360
357
359
358
358
357
358
354
351
352
347
348
349
348
351
350
349
349
348
344
345
346
347
346
344
346
347
348
350
352
353
353
356
355
353
351
352
353
352
351
350
352
351
349
349
350
353
355
355
355
352
352
353
352
352
352
352
350
350
351
352
351
352
351
354
353
354
355
359
357
356
353
350
349
352
356
356
356
355
353
355
355
354
354
355
355
355
356
357
358
357
356
358
356
358
357
355
355
356
355
357
354
351
350
350
351
354
355
351
353
352
350
350
346
345
343
342
344
345
347
350
350
351
353
350
349
348
350
348
350
350
350
352
352
352
355
352
351
351
