0.001 0.0006244827586206897
300
293
290
286
277
273
275
273
269
267
266
263
259
260
259
258
256
257
258
257
253
253
252
254
254
255
255
253
254
253
253
254
251
250
251
249
248
247
244
242
241
241
240
240
242
243
242
242
241
237
237
238
240
242
241
244
242
243
240
239
240
240
237
236
236
241
242
242
240
240
239
239
240
237
238
240
242
242
241
240
241
243
244
242
242
240
239
240
242
242
242
243
243
243
243
241
242
242
241
240
240
242
241
241
243
242
241
242
239
240
240
238
240
238
239
242
242
243
239
241
243
242
243
243
242
246
245
246
244
246
248
247
251
250
247
247
246
246
245
245
245
243
244
242
241
240
240
241
242
243
243
242
244
243
245
244
246
244
246
245
244
246
247
247
246
245
246
244
243
241
240
239
240
238
237
238
237
236
238
236
237
238
236
236
236
235
233
233
235
234
236
237
237
235
236
238
240
240
240
239
238
235
234
236
233
232
233
233
233
233
230
229
228
227
227
228
228
225
226
226
226
227
230
231
231
229
230
231
228
229
229
229
230
231
233
232
233
231
231
229
230
231
231
231
230
228
226
227
225
226
226
227
231
233
233
231
231
231
233
233
233
232
232
231
234
235
235
234
234
234
235
233
230
231
233
230
232
232
232
231
230
229
228
229
231
230
229
230
232
230
230
233
232
231
232
229
231
232
231
230
230
230
229
229
229
229
227
228
228
228
229
229
227
227
229
230
228
231
230
228
228
229
229
229
228
229
228
228
228
227
226
226
229
227
230
230
229
230
228
227
227
227
225
225
225
222
218
218
224
227
226
225
224
224
224
227
226
224
225
224
222
219
219
220
218
219
220
218
216
214
212
214
215
214
212
212
213
212
213
211
208
208
208
203
206
207
207
207
205
206
205
205
203
206
207
207
207
208
209
208
210
209
208
208
207
206
207
208
208
210
212
212
212
212
212
212
209
212
211
210
209
210
210
210
208
205
204
203
202
201
200
203
205
206
207
207
204
203
203
204
203
202
201
202
203
205
206
206
207
208
210
212
211
209
211
212
212
214
214
214
215
215
215
215
213
215
216
216
216
218
217
217
216
218
217
218
218
218
218
217
217
218
218
218
217
216
213
213
213
214
216
217
214
214
212
213
213
208
211
209
208
208
207
207
207
208
210
209
212
213
211
210
211
211
212
211
210
211
211
211
212
210
209
210
211
207
208
209
209
211
211
209
209
206
206
204
206
207
209
207
207
209
210
211
210
209
210
211
211
210
209
209
210
210
208
207
209
209
208
207
206
210
212
213
214
214
214
214
214
213
213
214
214
212
212
212
212
212
212
212
211
210
210
209
207
209
208
210
212
212
210
211
211
212
211
210
211
211
210
208
208
209
208
210
207
208
207
208
207
207
208
209
208
208
206
207
208
208
211
211
213
212
211
208
208
206
206
206
207
208
210
213
215
215
218
217
218
218
220
218
220
219
218
218
217
215
217
218
217
217
218
218
217
215
213
212
215
216
217
218
218
216
218
218
220
221
220
222
222
224
222
223
219
218
219
220
221
221
221
223
220
221
221
222
221
222
222
221
220
222
220
220
217
217
217
216
216
213
213
213
212
212
213
213
213
213
212
209
208
207
207
205
204
204
206
206
205
205
206
208
207
205
206
207
207
208
207
206
208
208
208
211
211
212
212
213
212
212
212
214
215
215
213
214
215
216
215
216
215
214
214
215
216
216
214
214
214
213
215
217
219
217
213
214
213
213
214
214
215
215
216
216
215
213
215
214
213
211
208
207
208
206
204
204
204
204
204
204
203
203
202
203
203
204
206
205
207
208
210
209
207
205
203
203
205
205
206
207
206
208
208
208
207
206
205
205
206
207
206
205
205
207
208
209
210
212
212
212
213
212
212
210
209
210
209
209
207
209
208
208
208
209
208
210
209
210
210
209
208
208
207
209
208
207
206
205
204
203
203
203
203
202
204
204
203
203
203
203
205
204
203
204
204
204
205
206
208
209
212
210
208
208
208
205
201
202
203
204
205
204
206
208
207
205
206
206
205
205
202
204
203
205
203
203
202
203
202
203
204
206
204
206
205
205
205
205
206
206
207
206
204
201
199
198
198
198
201
201
202
202
202
203
202
202
203
203
203
204
203
202
202
202
204
204
204
205
207
205
202
203
202
203
206
206
206
204
203
204
203
201
199
198
197
197
196
197
199
199
199
200
200
201
200
199
200
200
200
201
203
202
201
201
201
201
201
200
201
201
201
201
201
200
201
202
202
201
199
197
197
196
196
195
196
196
196
196
196
197
198
200
200
199
197
201
206
204
202
202
203
204
204
205
209
210
210
204
202
201
200
196
197
197
198
198
199
199
201
199
196
197
197
196
196
196
196
198
199
197
197
198
200
201
202
202
200
201
201
201
201
201
201
201
201
198
200
199
201
202
203
201
199
199
198
198
200
199
199
199
200
201
201
201
199
199
200
201
200
200
202
205
206
207
204
201
199
200
202
202
202
205
210
211
212
213
211
210
209
207
208
207
207
207
205
206
201
202
203
200
199
202
201
201
200
200
201
201
203
203
201
202
203
204
203
204
203
204
204
204
205
207
206
207
207
204
203
201
200
202
202
202
202
201
202
203
200
202
203
201
201
204
203
202
201
202
201
201
204
205
207
206
207
207
208
208
209
210
210
208
208
208
209
207
208
208
208
209
206
206
206
205
207
208
207
207
205
207
208
209
209
210
209
208
205
208
209
210
209
209
207
207
207
209
207
207
209
207
211
209
210
211
210
209
209
211
209
209
207
206
205
202
204
204
204
204
204
204
205
205
203
204
203
201
203
203
204
202
201
199
201
202
202
201
202
199
197
199
200
199
199
198
197
197
199
199
199
200
202
203
203
203
203
203
203
202
202
201
201
201
202
199
202
203
204
202
203
202
201
201
200
200
199
197
196
197
197
196
198
198
199
197
197
196
198
196
196
196
196
198
198
197
198
199
198
198
199
198
198
199
199
201
201
202
200
200
201
201
199
199
199
200
201
201
200
199
199
199
199
200
197
197
197
199
199
199
196
195
195
194
194
194
194
198
198
199
199
197
197
198
200
199
199
200
198
199
199
200
202
204
204
204
204
202
205
206
204
203
206
205
205
209
209
208
207
205
208
206
206
206
207
209
209
209
207
208
209
209
209
210
208
208
210
208
208
206
206
204
204
201
201
202
202
202
202
202
200
201
204
203
203
204
202
201
202
205
204
205
204
203
202
206
207
208
208
209
210
210
213
211
211
211
209
209
209
210
210
210
208
206
203
205
204
201
200
200
200
200
199
199
199
198
198
197
197
197
196
196
195
195
194
193
194
194
195
193
193
194
192
195
194
194
195
197
198
199
199
196
197
196
196
195
194
197
197
197
197
197
198
197
198
196
197
197
198
198
196
195
194
192
194
194
193
193
193
194
197
197
198
198
200
200
200
202
201
201
200
201
202
203
206
205
203
204
204
207
207
204
202
203
202
201
201
201
200
201
203
205
206
209
208
206
207
208
209
211
210
209
210
211
211
211
210
211
210
208
208
209
211
208
207
206
206
206
205
205
205
206
208
209
207
206
207
206
205
208
208
206
207
205
206
207
206
207
207
207
207
206
207
208
207
205
206
207
207
206
205
202
202
202
202
201
203
205
204
203
203
201
203
202
202
201
201
200
199
200
200
200
201
202
200
198
198
195
195
196
198
199
200
201
202
203
203
203
205
204
203
202
203
203
203
202
202
201
200
200
199
200
198
201
199
198
198
199
200
197
195
196
196
199
201
203
202
201
202
201
200
201
201
202
205
204
202
204
204
204
202
202
202
204
205
204
202
201
200
200
199
199
199
199
201
200
201
203
202
202
203
203
203
202
202
201
202
204
203
200
198
199
197
197
198
198
199
201
203
202
201
201
199
200
201
201
201
201
200
200
203
203
204
204
204
205
205
205
206
207
207
207
207
208
209
207
206
206
207
205
205
204
203
203
204
202
203
204
205
206
206
206
205
204
205
205
205
204
204
205
203
203
202
205
205
207
206
204
201
200
204
205
203
201
201
201
202
201
201
202
201
204
206
204
203
204
202
202
201
201
199
197
198
198
198
196
200
200
201
200
200
201
200
200
201
198
197
196
197
200
199
199
199
200
199
198
198
201
200
200
199
199
201
202
203
203
202
202
203
203
201
200
197
197
199
198
198
198
198
198
198
197
196
196
196
196
200
200
200
199
201
199
196
195
195
196
196
196
199
197
200
200
199
198
198
197
195
195
196
195
197
197
197
198
200
199
198
195
195
196
197
198
199
200
203
203
202
201
202
202
200
201
199
197
197
197
197
198
198
197
200
199
199
200
199
198
196
195
198
198
197
197
196
196
197
196
194
194
195
193
194
193
191
191
193
194
196
196
198
196
196
195
195
194
195
195
196
195
193
196
196
198
198
198
196
196
195
193
192
190
187
187
188
186
188
187
187
186
188
188
189
190
191
192
194
194
194
195
195
195
193
193
189
188
188
190
189
191
189
191
191
192
193
194
195
196
198
198
197
195
197
192
191
189
192
195
193
194
193
192
193
197
198
198
195
193
192
190
189
190
189
189
188
189
190
190
190
190
190
191
192
193
193
195
195
196
195
191
190
189
187
186
185
183
183
183
182
181
181
182
184
181
180
181
182
183
183
184
184
184
185
184
185
183
184
183
182
184
185
183
184
185
187
187
186
188
188
186
188
188
188
190
190
185
186
187
188
187
188
189
187
186
186
186
186
187
188
187
186
186
186
186
183
183
183
181
181
180
180
180
180
179
177
178
177
176
174
174
174
173
174
176
174
174
175
175
174
173
175
176
174
174
175
175
174
174
174
175
175
174
175
176
175
173
174
174
173
174
172
172
174
173
172
174
174
175
179
179
179
181
179
180
180
179
180
177
176
177
177
174
175
175
177
177
176
176
176
176
176
176
176
176
176
176
176
178
178
179
179
179
179
179
175
175
174
174
174
174
174
174
176
179
179
180
180
182
182
183
184
182
181
179
179
179
179
182
180
178
176
176
176
177
177
177
178
177
176
174
174
175
176
173
174
173
173
173
173
173
175
176
175
177
175
175
176
176
178
180
180
180
180
179
180
180
180
180
181
182
183
183
183
182
182
182
182
184
183
182
180
182
182
181
181
181
179
178
179
178
178
177
182
180
179
178
178
180
183
180
181
181
181
177
178
177
176
177
178
178
177
178
178
178
179
179
181
180
180
179
179
179
180
179
178
179
179
180
179
180
180
180
180
181
180
181
181
181
181
181
182
180
179
179
178
179
179
178
175
173
173
174
174
174
177
178
177
178
178
177
177
178
179
177
179
179
180
181
180
179
177
176
177
178
178
180
181
180
180
179
179
175
180
179
178
177
177
176
178
178
179
180
181
180
181
180
180
181
182
183
184
184
184
184
184
186
184
187
188
188
187
190
191
188
188
187
187
187
184
183
183
183
183
183
183
183
183
181
182
181
180
180
181
182
182
182
182
182
182
179
179
178
175
175
176
175
175
175
175
175
176
176
175
175
175
175
175
175
175
175
174
174
174
174
173
175
174
176
177
178
179
180
177
176
176
176
176
176
179
179
178
179
183
184
181
181
181
181
182
182
184
184
185
184
185
186
187
187
186
186
187
186
187
187
186
186
186
186
186
187
187
187
188
184
183
182
183
184
184
184
183
182
184
184
185
185
184
185
186
186
184
182
181
181
181
181
180
180
180
181
180
179
181
183
183
183
183
182
183
185
184
184
186
184
189
187
189
191
190
192
192
191
191
188
190
189
187
185
184
186
187
187
188
186
185
184
185
186
184
182
182
181
181
181
181
178
177
177
177
177
179
181
181
181
182
185
185
185
185
187
187
185
185
184
185
185
186
186
187
185
185
186
185
186
185
186
188
188
188
186
187
187
187
187
188
188
188
189
188
186
184
184
183
184
185
184
185
186
185
187
188
187
186
186
187
189
191
191
192
191
192
193
192
193
196
195
194
196
196
198
199
201
201
201
198
195
192
192
192
193
193
193
196
192
195
194
194
193
192
192
191
191
190
187
186
185
184
184
185
185
185
185
186
187
188
187
187
188
188
185
183
183
183
183
183
184
186
189
189
189
187
188
188
188
189
190
191
190
191
190
190
187
188
189
188
191
191
190
192
194
193
194
191
191
193
193
193
193
194
192
191
192
192
190
188
189
192
191
189
189
190
188
188
188
188
189
188
189
188
187
186
187
188
187
186
187
187
186
186
185
185
186
186
185
185
184
183
182
182
184
185
185
186
190
192
190
188
188
188
189
187
187
187
186
185
186
185
184
186
185
185
188
186
185
185
186
185
184
183
183
184
184
183
184
184
185
184
184
185
186
186
184
185
184
184
182
182
183
183
183
185
188
189
189
189
189
190
189
188
188
190
189
187
187
189
189
190
189
191
191
190
189
189
188
189
189
189
189
191
191
191
189
188
189
188
188
188
188
186
186
187
187
187
189
187
187
186
184
184
184
187
186
185
185
186
186
185
185
186
186
185
184
183
184
185
186
186
185
185
186
187
189
187
187
188
189
188
188
189
188
188
188
189
191
191
189
189
188
189
189
190
190
190
192
189
190
191
190
191
191
190
192
192
192
193
193
193
193
192
192
189
190
187
187
190
192
192
191
193
192
192
192
192
192
193
189
189
189
188
185
188
188
187
186
187
190
189
188
186
186
186
185
188
185
185
185
185
187
187
186
186
186
184
184
182
180
181
182
184
183
185
187
187
186
185
184
182
181
181
180
180
178
178
178
179
179
182
183
181
181
180
182
181
182
182
180
180
180
181
183
183
185
184
184
181
182
183
185
185
184
183
182
183
184
184
183
183
182
183
182
180
180
181
180
180
183
182
182
185
185
186
185
184
187
188
188
186
186
185
184
184
183
183
183
185
186
185
183
186
186
186
185
186
184
185
185
186
187
189
191
193
192
190
189
187
188
189
188
189
191
191
193
194
195
195
194
194
193
192
192
191
192
193
195
196
194
193
194
195
195
196
197
199
197
195
195
195
195
195
197
198
198
198
195
194
195
194
190
192
192
191
194
195
196
197
197
199
202
205
207
207
210
207
207
204
201
196
196
198
196
196
196
195
194
193
194
195
195
195
194
194
193
191
191
190
188
189
188
190
191
190
189
190
190
193
191
191
190
188
187
187
189
188
190
189
187
187
187
186
186
186
185
185
185
185
185
185
185
184
183
183
184
183
182
184
183
187
185
187
189
188
188
190
192
190
190
190
191
192
191
190
189
190
193
194
194
194
196
195
196
195
196
195
193
195
193
192
192
189
190
189
187
189
189
188
189
191
192
189
188
187
188
187
187
187
189
187
188
187
189
190
190
188
189
188
188
188
189
190
190
190
193
193
192
191
190
190
191
190
189
188
187
187
186
187
186
186
186
185
185
185
187
188
188
186
187
187
188
189
189
189
187
187
187
186
186
185
183
185
187
186
184
183
184
185
187
187
186
186
186
186
187
186
187
188
188
188
188
190
190
190
193
192
192
190
189
190
190
191
190
190
190
192
191
193
193
193
195
193
193
192
194
194
197
198
197
197
197
198
197
198
197
197
197
198
198
196
196
196
196
195
196
195
193
193
194
193
194
192
191
190
192
191
192
193
192
192
192
191
192
193
195
195
195
195
197
195
195
194
194
192
193
196
196
195
196
199
201
201
201
199
196
196
198
197
197
193
191
191
188
188
191
192
193
195
198
200
199
201
201
201
201
201
197
196
196
195
193
191
192
191
193
191
190
190
190
189
189
189
189
186
187
186
187
186
187
186
186
187
186
187
185
186
185
185
185
186
186
185
184
184
183
181
179
179
178
179
180
178
178
180
182
183
182
182
180
180
179
179
178
181
178
180
179
179
179
180
179
179
180
180
182
184
187
184
182
181
181
180
181
183
184
180
180
178
181
182
182
182
183
183
180
180
181
181
182
182
182
183
183
184
184
183
184
185
184
183
183
184
185
185
184
184
184
185
183
183
182
182
182
182
183
185
188
189
189
193
195
193
191
191
191
190
190
192
193
197
194
194
195
194
194
194
193
194
193
193
193
192
188
188
190
189
191
188
189
188
188
188
189
190
191
189
191
191
191
190
191
188
187
187
187
186
187
185
186
186
186
187
187
187
184
186
187
188
188
186
187
189
188
190
191
189
190
189
188
187
187
187
187
186
187
188
189
190
191
191
189
191
193
193
193
194
195
196
195
195
197
195
197
195
195
194
195
196
196
194
192
191
192
191
191
191
192
193
194
194
193
195
195
195
195
192
191
191
191
192
192
193
195
195
195
195
196
195
194
195
193
192
190
190
188
188
188
188
188
188
191
192
192
191
191
190
189
188
189
187
187
188
187
187
186
185
183
183
184
184
184
184
183
184
184
184
184
185
185
185
186
185
185
186
186
186
186
187
189
190
190
188
189
190
190
193
195
195
194
196
194
193
191
192
191
190
191
191
191
193
194
195
196
196
195
196
195
194
193
192
192
192
190
188
188
188
187
187
187
188
191
191
190
189
190
191
192
192
193
193
193
193
193
194
195
195
194
194
196
198
198
197
197
196
196
196
197
196
196
196
195
195
193
192
190
189
190
191
191
190
191
192
193
195
195
196
195
196
196
197
197
199
198
201
200
200
201
201
201
202
200
202
200
202
202
202
201
204
205
203
203
202
200
196
196
196
196
196
196
198
195
192
190
189
190
190
190
191
191
190
190
189
189
189
188
191
192
192
191
192
192
193
193
193
192
192
189
187
187
187
187
186
188
189
188
188
188
186
185
183
184
186
188
187
192
193
192
192
190
189
188
188
188
188
189
190
190
191
191
190
191
191
189
188
191
189
189
188
189
189
190
192
192
190
190
190
188
188
191
191
191
192
190
189
190
194
195
196
196
195
194
193
193
192
193
193
194
192
192
191
192
192
191
192
194
195
195
196
196
194
194
193
193
195
195
197
197
198
199
199
198
200
197
199
198
199
196
195
193
195
193
191
190
190
189
190
189
189
190
189
189
187
188
188
188
187
187
189
189
186
187
186
186
186
186
185
185
185
187
186
185
184
183
183
183
183
184
185
184
185
185
186
186
186
186
187
187
188
188
190
189
189
188
189
191
192
192
190
189
189
188
188
189
191
190
192
193
192
190
192
192
193
194
194
195
194
194
193
193
193
192
191
190
190
189
190
191
190
189
191
190
191
192
191
192
190
190
190
191
192
191
189
187
186
186
184
186
187
186
186
189
191
193
191
191
191
192
190
189
191
189
189
189
190
188
188
187
186
185
186
185
187
187
188
189
190
188
188
187
186
184
185
186
185
186
189
187
187
187
187
187
191
191
190
189
191
190
190
190
190
190
191
190
190
189
189
187
188
187
189
189
190
191
191
191
188
187
187
186
186
187
186
187
186
187
186
186
186
186
185
187
187
189
188
188
188
190
189
188
188
189
187
187
188
187
191
190
189
190
191
191
187
187
189
188
188
190
190
190
191
190
191
192
192
191
190
191
189
188
187
187
187
187
186
186
187
187
188
190
190
190
189
190
190
191
191
191
192
194
193
192
193
194
191
191
191
191
190
189
189
190
191
191
191
193
193
193
192
192
192
190
188
189
190
188
188
187
189
189
188
189
189
189
192
191
189
187
188
188
188
190
188
188
189
192
190
190
190
189
188
189
188
187
185
183
184
184
184
185
185
186
185
185
186
186
187
187
188
190
187
186
187
185
185
185
186
186
187
187
185
185
184
186
188
190
190
192
192
193
193
194
195
195
192
195
191
190
189
188
188
189
189
190
190
192
193
190
189
191
192
192
194
194
196
197
199
198
196
198
197
196
195
194
193
190
190
191
189
188
187
188
187
186
186
185
185
183
182
182
182
181
180
180
180
181
182
183
183
183
183
182
183
184
188
187
186
186
186
187
187
188
188
187
189
192
194
195
194
194
190
192
193
193
190
189
190
190
190
188
188
187
186
186
185
185
182
184
184
184
183
183
183
184
184
185
187
186
186
186
186
186
185
186
186
186
186
186
187
187
186
185
186
185
185
185
187
186
187
187
191
190
189
189
190
191
189
189
188
191
187
188
186
186
185
186
186
186
188
189
188
186
188
188
187
188
188
188
188
190
189
190
187
188
188
186
186
186
184
184
184
185
187
186
186
186
190
189
190
190
190
190
193
191
194
193
194
196
198
198
196
194
194
192
192
192
194
195
194
194
195
197
197
195
196
197
198
197
197
198
197
197
198
198
199
198
196
196
195
194
197
197
195
195
197
196
194
193
194
194
193
194
194
194
196
198
198
202
201
200
200
200
201
201
204
203
203
203
202
204
204
202
206
208
208
208
207
209
209
207
208
208
207
208
209
211
208
208
208
208
206
207
207
206
204
204
203
201
200
201
202
202
202
203
202
199
199
198
197
196
195
195
196
192
193
193
191
192
192
191
192
191
192
192
191
191
191
192
191
189
191
192
194
194
193
192
193
193
194
193
192
192
191
191
191
192
193
190
190
189
189
191
190
190
190
190
190
189
190
190
190
194
195
198
198
197
200
197
195
195
193
192
193
192
192
192
191
192
190
192
191
190
189
188
188
189
189
189
189
187
186
187
188
188
191
191
193
194
193
194
192
190
190
190
190
192
192
193
192
193
194
197
197
197
199
198
198
198
196
195
196
193
192
192
192
191
191
190
190
190
192
194
196
196
195
195
194
194
197
194
195
197
197
198
196
196
195
196
196
196
196
198
197
199
197
198
200
197
197
198
200
199
195
196
197
196
196
197
197
195
199
197
197
197
195
193
193
193
193
193
191
191
193
193
193
193
194
193
190
188
188
188
189
190
192
193
193
192
191
191
191
192
192
194
193
194
194
194
194
194
195
195
195
196
196
193
195
193
195
195
194
193
195
193
193
193
194
194
193
195
196
195
195
196
197
196
195
196
199
200
200
197
199
199
200
200
199
200
198
196
197
196
196
197
198
199
200
199
197
197
198
198
197
199
199
197
197
195
195
193
195
195
195
195
195
193
192
193
193
194
193
193
194
196
196
196
197
197
198
198
197
197
197
196
197
197
197
196
195
197
195
194
194
195
195
194
194
193
193
194
195
197
198
198
198
199
200
201
200
200
199
201
201
201
202
202
202
201
201
198
199
198
199
197
198
198
199
201
200
197
196
196
197
196
197
196
195
197
197
199
199
199
199
197
198
197
198
198
197
198
198
198
198
197
196
197
200
200
202
198
198
198
198
197
197
197
196
195
193
192
191
190
191
192
191
192
190
191
190
190
189
190
190
192
192
193
193
189
188
187
189
190
