0.0008293103448275862 0.0002831034482758621
300
292
284
281
279
279
279
275
271
271
269
270
264
263
260
259
258
258
258
258
259
259
259
262
262
261
260
262
262
264
262
261
261
263
264
263
262
263
263
265
264
265
266
267
267
268
268
268
264
263
266
267
267
269
269
268
267
267
265
264
266
268
270
269
269
271
271
271
274
275
275
274
275
275
276
277
276
274
275
276
277
278
277
278
279
278
276
278
280
280
282
282
282
282
282
283
283
281
283
283
284
281
283
281
282
279
278
276
277
278
278
278
280
280
281
285
283
286
286
284
285
286
282
281
279
281
281
283
284
284
283
284
284
283
284
287
286
285
287
285
286
286
288
290
288
289
288
288
291
292
291
291
291
290
291
291
292
295
294
295
297
297
295
293
292
293
293
294
293
294
293
294
292
292
294
293
293
292
291
292
290
288
289
289
288
289
290
290
291
290
288
290
290
293
294
291
291
290
291
290
290
289
288
290
292
292
292
293
291
291
293
293
292
292
291
291
291
294
294
296
296
298
300
299
298
298
298
299
299
303
301
301
302
301
304
307
307
306
308
309
309
309
308
309
311
310
312
312
311
313
314
315
315
318
316
320
319
318
317
316
317
316
320
318
319
318
316
321
323
325
323
323
327
326
327
329
325
323
320
320
320
320
323
326
326
330
330
330
332
334
334
334
337
334
332
334
335
337
339
340
336
335
336
338
338
336
337
339
338
338
340
338
341
343
344
344
342
340
342
345
346
347
348
347
345
344
342
342
344
344
345
346
345
343
345
347
348
348
351
349
347
345
345
344
343
344
345
345
345
346
343
342
344
346
346
349
347
348
349
351
349
350
349
351
352
352
353
353
354
355
357
358
359
356
359
358
358
359
361
357
357
357
358
358
359
360
359
359
360
360
361
360
360
362
365
363
361
361
359
361
361
361
363
362
360
361
359
359
362
364
368
368
368
368
369
370
371
370
371
371
369
369
368
367
366
370
370
370
367
369
370
366
364
366
365
364
365
365
364
364
364
365
368
366
367
369
373
372
375
375
372
371
370
371
372
370
373
372
372
372
373
374
374
374
374
372
371
372
373
374
373
371
369
369
369
371
372
372
373
374
376
377
377
376
376
375
372
372
371
375
377
376
376
372
372
370
371
372
372
370
371
371
373
372
374
375
377
377
380
383
382
382
383
382
381
383
382
384
385
385
384
384
382
382
382
384
385
384
386
385
385
387
391
389
389
389
390
389
387
389
389
386
387
385
389
391
395
395
395
398
397
394
395
392
391
389
388
389
389
388
388
390
389
391
392
391
391
390
390
396
397
397
399
399
399
399
396
396
393
396
398
400
398
397
397
398
400
399
398
400
401
398
401
398
401
400
398
399
399
404
403
405
407
405
403
403
401
401
403
400
398
401
403
402
405
408
407
409
411
414
412
410
408
408
410
412
413
413
412
412
414
415
415
414
416
413
412
413
416
417
417
417
415
412
413
411
411
414
413
414
413
413
415
416
415
416
416
414
415
418
423
423
422
424
422
420
420
418
419
419
417
418
414
415
414
415
415
417
417
418
417
415
412
413
413
416
417
418
419
420
419
418
417
417
417
414
409
410
412
413
413
414
416
414
414
415
417
416
420
418
417
419
416
416
415
418
417
418
414
414
413
419
419
417
417
418
418
420
418
418
421
423
423
425
424
423
424
422
418
419
417
418
419
418
414
413
412
410
411
411
409
412
414
413
414
412
412
412
411
411
413
414
411
409
410
411
409
410
414
415
418
418
418
423
422
425
425
423
425
422
421
420
419
417
415
415
415
417
417
417
416
416
416
420
422
420
418
416
418
418
418
420
420
420
421
424
425
421
421
422
424
421
419
415
413
414
415
414
418
416
416
416
418
417
416
415
417
417
419
417
417
419
422
425
424
423
426
425
425
426
427
424
427
428
428
425
423
424
428
429
428
423
424
424
421
420
419
418
418
416
415
418
418
418
417
418
416
417
417
415
414
415
417
417
418
420
421
419
420
421
420
421
423
420
419
419
417
417
418
418
420
420
421
422
421
421
423
426
427
431
431
431
430
430
428
430
429
429
428
429
429
430
428
430
432
434
432
429
429
428
426
427
426
426
425
420
420
422
422
423
423
424
424
426
425
425
426
428
426
427
430
429
428
428
427
428
431
429
428
427
427
429
429
431
433
431
431
429
428
426
427
431
432
431
436
435
439
439
437
433
433
438
438
437
436
435
435
440
437
435
434
433
432
434
436
437
438
440
440
440
437
436
435
436
436
433
432
432
434
435
435
433
436
435
434
437
438
436
437
437
435
438
437
437
438
436
438
438
435
433
433
436
435
434
436
437
436
437
436
439
442
444
442
441
444
444
445
446
446
446
444
445
445
445
446
447
446
444
446
446
444
442
443
444
442
444
443
446
447
447
450
452
448
445
449
448
447
448
449
450
448
447
445
449
448
447
448
449
449
450
452
451
451
451
453
453
452
451
450
453
453
452
455
454
452
454
452
451
450
454
458
456
458
457
456
455
458
461
460
460
459
456
456
455
455
458
459
462
462
464
465
465
465
462
463
463
459
458
459
461
462
463
463
463
462
461
461
462
465
463
464
468
466
470
470
471
470
468
468
468
465
470
467
470
471
471
469
470
471
472
472
470
471
475
477
474
473
475
476
475
477
474
473
470
472
477
475
477
477
475
474
474
476
477
474
474
475
475
474
473
475
477
479
480
477
475
473
476
475
473
474
476
475
473
475
478
477
476
479
478
476
478
479
480
481
483
483
478
478
477
477
475
476
475
481
480
481
484
484
480
478
479
481
481
481
480
481
482
488
488
487
487
488
490
486
487
486
487
488
490
490
491
491
492
489
490
489
496
493
492
493
492
492
493
491
494
492
491
490
493
493
495
494
494
495
495
496
494
492
491
487
486
486
486
485
486
484
485
486
487
487
488
488
489
489
487
487
485
485
487
484
483
480
482
483
483
484
485
485
483
482
485
484
479
480
480
480
481
485
486
487
487
483
484
483
480
480
477
475
475
476
479
482
477
476
477
474
475
474
475
474
474
471
472
472
473
474
473
473
477
479
477
477
476
477
479
482
481
479
480
479
479
481
483
484
482
482
484
479
476
477
474
477
476
475
476
475
473
477
477
476
475
476
476
480
480
477
477
478
479
481
481
481
481
481
485
486
483
482
482
482
484
484
484
487
485
487
483
485
485
483
486
486
487
489
488
487
483
484
483
484
485
487
488
489
487
487
486
485
488
490
493
496
494
489
489
490
491
493
490
489
486
487
483
482
481
483
481
481
481
478
479
479
476
477
479
480
482
480
481
485
490
486
481
479
480
481
480
481
481
484
483
483
486
488
486
487
487
486
482
482
480
478
481
480
481
484
487
485
487
488
483
486
482
481
477
475
476
478
479
479
475
476
477
475
474
474
471
474
476
478
480
480
479
478
479
479
481
480
479
479
480
479
480
481
483
482
487
486
487
488
486
487
486
486
488
487
489
488
491
491
488
490
490
487
490
486
489
489
489
493
495
498
492
491
493
495
497
496
496
495
497
496
497
501
503
504
500
496
497
497
492
493
495
494
497
492
496
492
492
494
495
492
492
491
495
493
493
492
490
486
484
481
482
487
487
484
486
485
489
488
481
484
484
483
484
487
489
488
486
486
487
489
491
492
493
489
491
491
489
487
484
485
486
483
482
479
481
482
483
483
482
483
484
484
484
487
488
489
486
489
488
485
484
484
486
485
485
486
485
484
483
484
483
482
482
483
480
480
482
481
479
481
480
478
479
477
476
477
481
482
481
478
478
478
477
480
480
482
484
486
480
483
485
485
484
486
485
487
491
489
490
492
492
493
493
489
489
489
488
488
490
492
493
493
494
500
497
499
497
495
495
491
491
492
491
492
495
492
491
493
491
489
489
489
488
487
488
490
490
489
491
494
486
485
485
486
488
490
489
490
488
488
490
492
492
493
493
489
490
489
491
495
493
494
494
490
483
482
483
482
480
484
487
485
484
485
486
486
487
491
489
488
485
482
481
483
483
487
489
493
491
492
490
489
490
492
492
496
499
494
493
495
495
494
494
494
493
494
494
494
494
497
496
497
501
497
499
496
494
490
492
488
488
488
489
490
491
493
492
492
494
491
490
492
490
492
493
490
491
496
495
494
494
496
496
495
497
496
495
496
497
497
499
500
500
502
503
501
503
504
506
505
504
504
505
505
505
504
502
502
502
504
502
503
502
500
495
493
492
489
485
487
487
487
490
494
494
497
499
497
495
495
495
494
493
492
492
494
492
495
498
497
499
500
500
500
496
500
501
499
503
504
504
503
501
501
499
501
501
498
497
499
498
500
498
499
498
500
505
507
505
503
502
503
504
504
504
505
509
509
509
510
512
510
510
509
512
512
509
506
504
504
502
500
503
506
504
503
503
500
496
500
497
497
500
501
503
503
503
503
504
505
507
509
508
504
502
504
506
504
505
506
506
504
506
509
506
509
509
510
513
515
514
513
514
514
516
519
520
522
524
521
521
519
517
515
515
514
514
518
517
519
520
519
520
522
522
521
525
521
520
518
518
519
517
516
514
509
507
506
502
503
504
505
502
504
504
504
504
503
502
499
499
502
501
498
500
502
504
506
504
506
509
516
513
513
509
510
509
508
507
511
516
513
513
515
513
513
516
514
512
513
518
518
516
516
520
517
512
510
513
516
519
516
514
514
513
515
513
514
514
516
520
520
521
518
521
520
517
520
516
519
520
518
521
521
526
527
527
526
525
527
525
522
523
521
522
524
522
523
522
519
522
520
518
517
516
514
510
512
514
516
516
520
521
524
524
521
522
523
523
523
525
527
526
526
525
523
523
520
521
522
523
522
524
520
519
518
518
521
522
524
525
524
522
518
517
519
519
517
513
513
512
510
509
509
509
513
512
513
512
513
513
513
511
508
510
511
511
514
516
515
514
514
515
519
515
513
512
511
511
511
514
520
521
521
521
520
518
519
522
519
521
525
528
525
523
523
524
524
522
521
521
524
524
522
523
522
526
524
525
523
522
520
521
521
524
525
525
526
527
528
528
528
531
532
530
529
531
533
529
528
523
523
526
528
530
531
530
527
527
532
530
530
530
528
525
523
522
519
521
523
523
526
527
526
523
522
523
523
521
521
522
523
524
521
521
520
522
522
522
523
522
521
521
520
519
519
519
514
517
518
521
519
520
519
520
521
522
518
519
517
517
513
515
515
516
513
513
514
517
515
518
517
520
522
524
525
523
523
523
523
525
529
527
525
524
523
522
518
517
519
522
521
523
523
518
521
520
521
521
519
520
519
517
517
516
517
523
520
521
518
519
519
516
517
515
515
519
522
519
516
518
520
522
526
529
528
527
528
530
529
528
527
527
528
529
530
528
535
532
535
535
534
536
537
538
539
541
544
546
544
548
542
540
532
534
532
530
529
529
528
530
531
529
529
533
533
533
533
531
537
537
542
537
537
537
533
535
534
537
538
542
541
539
532
529
529
530
527
526
525
526
529
530
531
532
533
534
531
530
531
531
532
533
534
534
534
533
534
536
535
536
537
539
538
540
542
544
542
543
541
540
539
538
540
540
541
540
541
542
539
539
538
538
543
544
547
545
546
545
546
541
544
544
547
543
546
546
547
546
542
539
544
541
539
541
544
544
543
538
536
535
537
537
539
540
544
548
546
546
545
541
541
538
539
539
540
541
541
540
542
542
542
542
541
544
541
543
542
540
538
538
540
543
544
544
542
545
543
541
542
540
540
542
544
543
540
542
542
543
545
542
543
541
542
538
540
538
542
535
533
536
535
535
531
533
536
534
533
535
536
538
536
538
541
542
540
541
539
539
541
543
548
549
548
551
550
551
548
544
543
548
548
549
548
549
549
548
549
546
550
545
544
543
544
543
549
553
548
546
541
545
545
543
547
546
546
543
544
546
546
546
546
546
545
540
541
539
543
543
541
541
542
546
545
546
546
545
543
542
547
548
548
547
544
544
543
539
542
541
543
542
545
543
542
542
543
544
545
546
549
547
547
546
547
546
546
546
547
550
545
543
547
550
543
544
546
549
550
552
553
553
554
556
559
558
560
558
560
556
561
563
564
564
562
558
557
556
556
557
558
556
553
551
550
551
549
551
549
546
546
544
543
545
542
541
542
543
546
547
544
548
549
550
553
549
551
553
551
548
550
551
551
558
555
557
555
558
558
560
555
557
558
561
557
558
555
553
553
551
553
548
547
547
546
547
548
552
554
552
552
549
552
554
552
549
550
550
551
551
549
544
544
544
546
543
544
543
550
554
555
558
557
557
558
559
558
559
561
562
560
556
555
553
550
552
553
553
550
549
549
550
555
555
551
554
552
548
544
542
543
543
541
545
546
541
546
542
544
545
541
542
540
543
545
544
548
552
553
555
554
555
551
550
552
553
551
549
547
550
551
554
555
558
557
556
555
555
554
556
555
558
557
553
554
555
554
556
556
556
554
555
551
553
554
555
554
552
553
552
549
546
546
547
549
543
545
545
545
551
551
553
556
555
555
555
556
552
554
556
556
559
556
553
554
553
555
552
553
554
550
550
550
547
549
548
547
545
544
545
546
548
547
551
552
553
557
559
564
563
561
559
556
555
558
556
555
553
555
556
558
559
558
559
561
559
559
560
562
566
564
562
563
562
565
563
560
560
558
560
562
559
558
556
553
551
551
553
549
550
552
553
551
553
557
556
559
555
559
561
559
558
559
559
561
564
561
563
562
564
565
564
567
570
568
567
564
563
565
563
562
561
560
559
564
563
562
567
567
564
563
563
566
566
564
562
564
564
562
561
560
560
559
559
562
562
559
562
565
565
567
572
572
567
568
568
563
566
565
566
564
561
560
560
564
564
562
562
567
563
566
563
560
558
565
564
567
565
564
565
570
567
566
563
566
568
567
567
567
565
566
566
565
563
562
564
564
565
562
562
562
566
561
559
561
563
563
567
566
569
573
578
579
578
578
580
574
575
575
576
574
573
570
568
570
574
573
572
572
574
570
567
571
572
568
565
567
572
571
573
577
574
574
575
577
576
574
572
570
571
575
577
578
582
580
580
576
576
577
578
578
578
577
579
580
580
581
583
584
584
585
582
579
584
584
584
582
580
578
578
578
578
578
581
582
579
581
579
581
582
581
587
583
585
584
583
582
582
585
583
581
583
584
588
587
588
585
585
586
584
584
588
586
589
590
590
590
591
592
595
597
597
597
592
592
590
589
587
587
588
586
586
587
588
588
590
588
592
591
584
587
588
586
584
588
587
590
591
589
590
590
590
587
585
587
590
594
590
588
582
582
583
581
578
576
577
576
576
575
577
581
583
584
585
585
585
583
579
578
578
581
582
580
582
580
581
579
578
578
578
580
587
587
584
580
576
576
576
577
575
575
574
574
572
571
575
573
573
570
570
573
573
577
577
575
576
579
579
579
578
581
580
577
577
578
578
579
575
578
578
579
585
584
580
582
582
582
584
585
584
586
581
586
582
581
580
586
587
588
587
587
587
585
583
580
584
583
583
584
586
585
584
583
582
584
586
587
587
587
589
590
592
596
595
594
595
595
596
597
595
598
599
594
592
590
594
596
595
592
595
595
595
596
595
595
593
590
591
594
594
594
594
593
594
593
594
595
596
592
591
589
587
587
589
587
589
589
588
586
585
585
586
585
585
583
585
585
584
584
582
578
583
587
590
592
594
591
593
591
590
592
591
589
588
588
594
588
589
594
595
591
593
593
596
594
591
590
586
589
588
587
580
581
579
578
576
573
575
573
572
572
575
574
573
572
573
570
572
570
570
571
572
573
578
575
578
579
581
583
581
582
581
577
574
574
580
581
582
585
586
583
582
584
582
581
582
580
578
576
575
573
575
572
572
572
572
572
574
573
577
576
576
574
573
574
577
578
584
589
589
586
584
583
581
579
580
579
577
576
573
570
573
572
571
573
575
575
573
574
570
571
571
572
570
569
569
570
570
570
571
572
572
573
576
579
574
576
575
576
582
584
585
584
587
584
586
586
584
580
582
582
580
581
576
578
579
583
576
575
579
580
584
586
587
583
583
581
577
579
576
572
572
572
572
576
578
580
581
582
584
582
583
583
584
580
581
580
583
586
589
587
585
583
586
590
592
591
593
593
595
595
598
602
599
596
593
601
605
600
599
600
596
594
593
595
595
595
598
594
595
595
600
599
600
596
600
601
599
599
601
599
600
598
596
592
592
597
597
591
591
588
587
589
592
594
594
590
593
592
594
593
593
595
595
592
592
594
595
595
596
596
593
595
593
591
594
590
597
595
589
592
593
593
590
590
592
593
596
594
590
591
590
590
591
589
588
587
589
594
593
594
596
598
598
599
600
596
592
591
591
589
587
589
589
588
591
592
593
595
593
593
593
592
596
594
590
595
594
593
591
594
595
591
589
590
588
587
587
588
589
590
592
591
590
591
595
598
597
592
589
591
588
589
590
589
590
593
592
591
589
590
591
591
591
594
599
599
600
602
601
599
600
600
600
600
605
606
612
609
611
613
613
613
615
613
608
604
599
600
601
603
601
605
611
610
611
611
613
611
610
604
604
602
604
605
604
602
604
607
609
614
609
608
609
610
606
606
606
608
608
608
608
609
608
607
600
602
603
604
604
604
599
601
604
605
603
597
599
597
597
594
588
587
582
581
584
584
580
589
591
591
589
592
591
588
587
585
583
580
584
584
583
583
589
591
589
591
592
592
591
591
591
590
590
592
589
588
586
585
590
589
586
585
582
581
583
583
580
583
579
581
583
580
577
575
572
572
569
571
574
575
574
574
574
574
577
578
575
576
576
578
579
583
588
586
589
591
590
590
591
590
590
588
584
580
579
578
577
578
576
579
579
579
581
575
574
576
575
577
578
578
575
574
578
581
579
580
578
578
579
579
579
577
583
582
578
578
577
580
579
578
580
577
575
576
574
573
573
572
570
570
571
569
573
574
576
574
573
578
578
580
584
586
584
581
585
584
589
591
593
591
591
589
593
595
594
592
594
594
596
594
590
586
583
587
587
586
585
584
583
581
582
584
587
587
585
586
586
580
580
576
576
579
580
581
582
584
588
589
588
586
583
584
583
580
583
581
582
584
582
582
580
580
575
576
576
577
577
577
579
580
583
584
584
584
584
586
589
588
590
588
591
590
590
589
586
590
590
589
588
589
588
585
587
584
582
579
580
578
576
579
581
583
587
590
597
593
596
593
588
588
589
586
586
586
587
586
587
584
586
588
588
588
589
586
586
585
584
586
588
588
584
584
585
584
588
587
589
587
586
585
586
590
592
596
597
595
592
593
588
589
587
589
589
590
590
583
583
582
586
584
585
584
585
586
580
581
579
582
583
581
580
578
578
578
584
586
586
585
589
589
585
585
586
589
588
590
592
591
591
592
590
588
585
585
582
584
587
587
585
583
588
589
590
587
584
587
586
588
589
589
592
597
596
596
596
598
599
594
593
598
597
596
592
592
594
595
597
596
593
590
591
587
588
588
588
593
589
587
583
582
585
580
580
582
582
582
588
588
585
583
592
592
588
590
591
591
589
592
589
588
587
588
592
593
591
595
599
597
593
591
587
587
585
582
578
579
580
581
582
581
582
583
583
587
587
589
590
590
588
591
588
587
585
581
585
581
582
581
578
579
579
580
580
579
580
581
581
581
580
582
584
586
587
587
589
590
590
588
587
585
588
591
590
590
588
587
590
587
587
585
584
585
583
585
586
587
586
586
585
585
588
591
591
593
592
589
591
594
594
590
588
587
590
587
589
589
588
587
593
592
592
585
583
585
584
585
584
589
586
589
593
593
593
590
593
595
594
588
591
591
592
588
588
586
586
587
587
585
583
582
580
582
584
583
582
582
583
587
587
588
590
594
592
598
595
593
593
592
594
593
594
587
587
587
589
589
590
588
590
592
591
590
592
593
593
594
595
593
595
596
599
597
595
597
598
601
597
593
592
589
590
595
594
598
599
601
597
594
596
596
596
593
594
594
595
599
600
600
597
596
594
594
593
594
597
594
595
596
597
594
593
591
590
593
593
593
592
591
588
587
586
586
592
589
593
593
596
593
592
594
594
590
591
592
591
591
585
590
587
587
590
592
588
588
591
590
595
599
597
593
591
589
590
590
591
590
587
586
588
588
586
587
594
590
591
593
591
593
593
593
589
590
593
588
584
587
584
588
587
588
586
586
588
589
580
584
581
581
584
587
589
590
588
584
586
583
583
587
590
590
591
589
585
587
588
588
585
587
584
584
583
585
584
584
584
582
583
582
583
583
588
588
592
593
596
595
596
594
591
593
593
594
593
594
595
591
594
590
590
593
595
593
596
596
597
597
599
601
605
605
604
602
602
605
606
607
607
609
605
604
602
601
602
600
601
605
603
605
600
602
604
605
611
613
610
608
607
607
604
604
606
608
609
609
607
609
611
608
611
610
605
606
607
608
610
609
611
612
614
615
611
609
608
609
607
609
613
618
616
612
611
613
612
610
613
613
617
617
616
605
602
603
601
597
595
596
593
595
595
595
598
598
599
600
603
599
598
594
592
594
594
593
595
595
595
592
592
595
595
599
598
600
599
599
597
592
590
589
588
588
589
590
591
592
590
587
589
589
587
589
589
592
596
596
597
597
600
600
597
593
592
595
592
591
593
593
592
592
593
591
590
588
586
588
593
588
590
589
589
588
589
589
589
591
591
590
590
591
589
589
592
598
596
595
597
597
594
590
591
591
593
591
591
591
590
590
590
587
585
584
585
585
588
592
595
597
600
598
599
600
604
603
599
598
595
600
601
601
602
604
603
601
597
599
600
600
603
605
603
604
602
599
599
599
599
601
597
600
601
601
599
592
593
597
599
601
604
601
599
596
597
595
597
594
594
592
593
589
587
588
587
589
590
592
589
588
590
590
590
591
591
585
584
587
587
587
588
591
591
589
587
586
581
580
581
579
577
576
577
577
580
585
586
583
578
580
580
581
581
581
582
581
580
580
580
580
578
576
577
581
582
578
581
577
577
576
576
576
577
578
577
577
578
579
579
578
579
577
576
576
573
572
569
571
572
572
572
573
572
572
575
576
577
576
577
579
580
581
581
578
577
577
579
582
580
580
582
583
587
585
587
584
585
584
583
581
584
586
588
587
591
592
589
586
587
585
588
590
590
591
590
591
590
589
586
588
586
587
587
590
589
594
595
594
600
599
600
599
598
594
591
591
589
591
589
589
590
591
590
590
590
587
586
582
580
577
581
584
584
586
587
591
591
593
593
592
592
591
589
589
590
589
588
586
588
587
587
