0.0007268965517241379 0.0001124137931034483
300
299
300
299
297
296
294
294
294
295
294
294
294
294
292
291
293
294
294
295
294
295
299
299
301
302
303
305
307
309
310
310
314
316
318
318
321
316
315
317
317
318
320
321
322
324
325
326
330
331
334
334
335
338
339
343
345
344
347
348
350
351
350
351
351
349
347
346
347
347
348
348
349
351
351
354
356
355
357
357
358
358
360
360
362
362
366
368
368
370
370
370
371
369
369
371
373
374
373
375
378
378
378
378
382
383
384
387
388
390
393
393
393
396
398
396
399
400
399
402
403
405
405
404
404
406
406
407
408
411
413
413
414
415
418
419
419
420
422
426
427
432
433
435
438
439
440
438
438
439
438
439
438
440
443
441
443
445
446
450
451
452
454
456
456
457
456
456
457
461
465
466
467
472
475
474
478
477
477
478
475
476
475
479
482
478
476
480
481
481
484
482
483
482
481
484
485
486
486
489
487
489
496
495
497
497
497
500
501
500
502
502
503
505
504
503
504
504
507
506
509
510
511
516
518
518
518
519
525
525
528
531
533
534
531
532
533
534
534
537
540
542
542
545
545
545
548
552
554
554
554
554
550
550
552
555
557
558
560
561
562
561
565
565
568
569
567
569
571
573
572
573
572
574
571
572
572
575
574
575
578
581
581
582
584
589
594
596
599
599
600
597
599
597
599
604
604
606
605
605
608
610
613
621
623
626
627
624
625
632
633
638
636
636
640
640
638
636
643
646
646
644
645
641
642
643
642
641
640
641
642
644
647
649
654
657
656
654
657
656
658
660
662
667
668
665
669
669
667
665
667
668
669
671
673
675
681
679
679
679
684
685
685
683
685
685
689
689
692
693
697
701
706
713
710
708
713
718
718
721
721
722
723
723
720
721
718
720
724
724
727
729
728
730
729
729
733
732
734
737
738
738
739
739
735
746
744
743
742
745
747
745
743
743
747
748
746
749
750
748
747
750
759
761
760
762
768
769
764
765
768
766
766
768
769
773
778
782
780
782
783
785
786
787
784
779
782
785
787
791
792
797
797
800
805
805
801
804
807
809
809
809
811
808
812
814
815
815
814
819
822
822
820
823
828
829
830
842
846
842
840
842
843
848
854
853
859
862
861
860
857
859
857
859
859
859
858
861
865
865
865
864
867
867
867
866
868
870
872
878
880
880
882
883
886
891
892
889
891
891
892
895
895
896
899
900
903
901
905
906
907
908
911
913
916
916
919
918
916
917
916
917
920
924
925
928
930
932
935
936
941
945
949
949
949
952
954
954
956
955
958
958
959
964
963
964
968
970
974
980
982
980
984
980
983
983
982
986
986
991
995
994
994
1001
1005
1008
1009
1012
1012
1013
1012
1009
1012
1013
1015
1018
1015
1017
1016
1015
1018
1016
1016
1021
1020
1022
1022
1023
1026
1028
1032
1035
1039
1041
1042
1045
1050
1047
1046
1046
1049
1049
1049
1052
1050
1059
1061
1062
1065
1065
1070
1068
1066
1072
1073
1073
1073
1075
1077
1079
1081
1080
1084
1086
1087
1083
1081
1085
1083
1088
1088
1087
1087
1087
1085
1088
1087
1091
1092
1094
1095
1090
1090
1096
1103
1106
1104
1106
1109
1110
1110
1113
1115
1114
1118
1122
1130
1126
1126
1128
1129
1135
1136
1126
1132
1129
1130
1133
1134
1142
1144
1145
1142
1148
1150
1158
1152
1158
1157
1159
1161
1161
1162
1166
1169
1166
1166
1167
1167
1166
1168
1168
1165
1166
1172
1174
1173
1174
1172
1174
1172
1173
1174
1176
1178
1179
1179
1188
1192
1189
1189
1186
1192
1190
1187
1188
1191
1194
1195
1195
1197
1198
1200
1202
1200
1204
1205
1206
1209
1211
1218
1223
1227
1223
1227
1233
1240
1239
1239
1238
1238
1241
1243
1244
1242
1248
1252
1254
1251
1245
1247
1248
1250
1252
1256
1259
1259
1261
1265
1265
1269
1267
1269
1273
1274
1273
1281
1280
1282
1288
1297
1299
1300
1302
1303
1308
1309
1313
1318
1312
1310
1309
1311
1317
1312
1311
1315
1316
1322
1324
1326
1327
1332
1328
1328
1333
1334
1337
1339
1340
1343
1347
1340
1342
1342
1347
1347
1353
1355
1359
1360
1360
1362
1361
1362
1364
1367
1372
1374
1374
1370
1372
1373
1374
1378
1379
1387
1393
1388
1391
1394
1394
1396
1394
1393
1402
1400
1398
1401
1404
1400
1397
1394
1399
1402
1407
1410
1410
1410
1410
1411
1407
1413
1413
1416
1418
1419
1423
1422
1423
1422
1427
1426
1430
1430
1431
1438
1436
1433
1431
1430
1436
1432
1434
1436
1443
1439
1441
1442
1450
1453
1454
1450
1453
1461
1455
1461
1464
1465
1465
1466
1465
1470
1473
1472
1479
1477
1482
1482
1490
1492
1498
1499
1495
1497
1494
1494
1498
1498
1502
1498
1506
1500
1496
1494
1501
1499
1495
1503
1507
1511
1514
1519
1514
1511
1511
1507
1511
1508
1512
1508
1512
1512
1517
1517
1516
1524
1527
1527
1527
1526
1530
1535
1537
1540
1538
1538
1541
1542
1541
1546
1552
1553
1554
1555
1553
1556
1564
1568
1565
1564
1565
1563
1567
1580
1582
1584
1584
1589
1586
1587
1592
1593
1592
1588
1597
1604
1606
1597
1597
1595
1592
1593
1597
1598
1600
1601
1609
1614
1610
1614
1613
1616
1624
1627
1625
1636
1637
1632
1630
1635
1633
1637
1637
1637
1639
1649
1650
1648
1651
1652
1655
1661
1660
1651
1657
1662
1664
1662
1667
1669
1667
1676
1672
1675
1683
1689
1686
1687
1693
1697
1703
1703
1704
1707
1715
1715
1718
1724
1719
1717
1721
1724
1733
1729
1728
1734
1743
1744
1747
1751
1757
1760
1762
1764
1769
1765
1767
1764
1770
1771
1770
1774
1764
1774
1774
1775
1771
1775
1780
1783
1781
1792
1805
1809
1806
1814
1817
1823
1816
1812
1809
1808
1809
1811
1815
1819
1816
1818
1824
1823
1826
1827
1823
1827
1827
1832
1838
1841
1840
1841
1846
1856
1856
1850
1849
1848
1850
1846
1850
1843
1843
1847
1849
1852
1858
1860
1869
1877
1878
1878
1881
1877
1880
1880
1883
1888
1891
1892
1893
1893
1894
1899
1906
1904
1907
1911
1906
1909
1915
1919
1921
1926
1924
1923
1922
1925
1931
1936
1939
1944
1946
1949
1951
1949
1948
1950
1953
1964
1959
1962
1962
1968
1974
1971
1972
1977
1977
1975
1976
1976
1974
1981
1984
1984
1987
1986
1978
1980
1987
1996
1995
1991
1987
1986
1992
2001
1998
2000
1997
1997
2003
2005
2012
2018
2020
2018
2017
2024
2029
2036
2037
2034
2039
2043
2049
2051
2051
2059
2060
2068
2074
2076
2073
2076
2078
2087
2089
2084
2087
2082
2086
2076
2078
2081
2079
2083
2085
2084
2085
2084
2091
2092
2101
2102
2105
2109
2108
2109
2110
2116
2115
2118
2115
2120
2114
2118
2117
2131
2133
2134
2138
2137
2144
2148
2141
2139
2141
2139
2143
2143
2144
2146
2147
2140
2148
2152
2155
2156
2156
2159
2163
2169
2170
2170
2173
2175
2178
2190
2186
2191
2190
2193
2203
2203
2204
2207
2209
2221
2218
2216
2220
2221
2222
2218
2224
2225
2227
2229
2229
2231
2235
2237
2234
2238
2239
2233
2239
2237
2240
2247
2252
2247
2254
2257
2264
2267
2271
2285
2283
2270
2268
2273
2277
2282
2290
2292
2285
2289
2293
2296
2295
2297
2298
2304
2311
2306
2309
2313
2318
2320
2318
2315
2318
2327
2330
2335
2324
2331
2335
2342
2343
2346
2344
2349
2342
2345
2353
2359
2360
2352
2360
2368
2359
2363
2363
2361
2367
2357
2361
2354
2360
2366
2365
2365
2373
2373
2376
2376
2377
2379
2379
2377
2391
2396
2397
2399
2401
2404
2406
2413
2408
2403
2407
2404
2416
2415
2408
2416
2416
2417
2424
2433
2439
2435
2441
2447
2445
2441
2450
2444
2442
2448
2449
2450
2458
2458
2456
2454
2449
2451
2455
2454
2459
2455
2460
2456
2452
2455
2465
2468
2465
2465
2469
2467
2470
2481
2489
2493
2502
2511
2508
2506
2515
2516
2512
2506
2510
2507
2499
2500
2506
2501
2511
2511
2503
2504
2504
2513
2512
2515
2523
2522
2517
2526
2529
2540
2537
2540
2540
2535
2530
2538
2546
2544
2550
2553
2550
2543
2542
2544
2550
2553
2555
2553
2556
2554
2562
2564
2559
2563
2564
2568
2573
2575
2585
2588
2591
2592
2592
2597
2598
2600
2605
2598
2594
2602
2604
2608
2610
2608
2618
2622
2619
2617
2622
2611
2610
2612
2621
2622
2626
2625
2627
2637
2633
2642
2645
2642
2639
2646
2653
2648
2653
2656
2660
2660
2662
2672
2665
2670
2675
2674
2685
2687
2681
2687
2687
2690
2690
2686
2685
2695
2694
2693
2690
2695
2697
2702
2702
2703
2692
2695
2702
2705
2716
2717
2714
2708
2715
2712
2716
2719
2713
2721
2716
2715
2723
2726
2731
2731
2730
2726
2728
2736
2730
2727
2733
2742
2745
2749
2742
2749
2750
2747
2736
2740
2743
2745
2740
2744
2744
2744
2746
2748
2746
2753
2750
2749
2750
2756
2750
2760
2768
2769
2768
2772
2777
2780
2780
2784
2787
2801
2802
2798
2799
2805
2813
2811
2816
2813
2819
2827
2829
2826
2827
2837
2838
2835
2839
2841
2844
2841
2845
2856
2855
2850
2854
2854
2859
2864
2863
2867
2872
2879
2877
2882
2883
2880
2884
2884
2887
2888
2887
2887
2892
2896
2904
2908
2911
2913
2916
2913
2912
2919
2926
2925
2922
2921
2920
2921
2928
2935
2937
2934
2933
2933
2933
2934
2945
2943
2948
2942
2940
2941
2942
2948
2950
2953
2957
2965
2962
2959
2961
2966
2975
2979
2978
2985
2986
2987
2986
2991
2991
2994
2993
3007
3008
3011
3022
3029
3025
3030
3021
3025
3029
3033
3032
3030
3033
3034
3027
3023
3031
3031
3036
3037
3041
3043
3037
3033
3029
3042
3037
3038
3042
3052
3049
3038
3045
3044
3045
3055
3055
3068
3075
3071
3074
3075
3074
3076
3082
3081
3080
3083
3089
3096
3086
3094
3094
3102
3104
3111
3118
3117
3122
3118
3113
3120
3130
3140
3139
3135
3146
3149
3153
3151
3148
3149
3146
3149
3156
3167
3172
3169
3173
3171
3182
3181
3178
3182
3183
3189
3197
3201
3210
3217
3208
3214
3213
3222
3226
3228
3230
3227
3226
3226
3229
3236
3237
3237
3227
3228
3231
3223
3229
3230
3237
3242
3247
3253
3248
3250
3247
3249
3252
3254
3263
3264
3253
3249
3243
3246
3254
3253
3269
3270
3272
3264
3267
3266
3276
3277
3279
3289
3287
3289
3293
3301
3299
3303
3301
3314
3316
3317
3320
3326
3324
3326
3328
3335
3335
3335
3339
3338
3339
3351
3350
3361
3362
3360
3378
3379
3378
3374
3370
3371
3371
3372
3372
3373
3377
3385
3390
3388
3391
3392
3391
3398
3395
3400
3400
3406
3416
3420
3420
3424
3415
3423
3433
3433
3437
3440
3446
3447
3446
3451
3452
3450
3453
3449
3457
3461
3466
3468
3474
3475
3479
3489
3490
3490
3485
3482
3479
3480
3478
3472
3472
3468
3465
3466
3473
3466
3468
3469
3470
3468
3463
3463
3472
3474
3477
3477
3479
3478
3480
3471
3473
3482
3490
3494
3504
3504
3490
3496
3508
3520
3522
3513
3512
3515
3521
3514
3517
3526
3527
3537
3540
3548
3554
3556
3566
3560
3558
3564
3565
3566
3574
3579
3585
3584
3582
3589
3594
3595
3594
3597
3606
3604
3602
3604
3610
3607
3603
3611
3620
3624
3626
3630
3627
3628
3636
3629
3637
3638
3648
3649
3662
3668
3668
3661
3677
3675
3677
3680
3673
3673
3684
3686
3680
3676
3670
3667
3664
3667
3668
3672
3670
3673
3676
3683
3689
3699
3692
3702
3706
3704
3708
3710
3706
3711
3714
3718
3721
3715
3713
3716
3716
3709
3713
3713
3716
3721
3728
3729
3728
3724
3730
3728
3732
3742
3744
3749
3748
3750
3759
3758
3767
3771
3777
3783
3781
3784
3787
3783
3784
3782
3781
3790
3783
3779
3787
3799
3795
3797
3795
3804
3803
3800
3802
3806
3799
3797
3798
3797
3799
3803
3809
3808
3813
3818
3823
3822
3822
3829
3832
3841
3837
3838
3846
3849
3854
3853
3857
3857
3862
3858
3848
3862
3869
3868
3870
3876
3887
3883
3882
3881
3885
3885
3887
3892
3897
3902
3900
3911
3919
3919
3916
3910
3918
3925
3935
3940
3940
3940
3939
3943
3953
3960
3960
3959
3949
3953
3944
3947
3951
3952
3953
3959
3969
3960
3966
3959
3960
3954
3957
3961
3972
3972
3980
3983
3980
3983
3985
3983
3983
3989
3976
3988
3996
4003
4006
4005
4009
4016
4020
4027
4035
4036
4043
4052
4057
4065
4067
4071
4058
4063
4058
4063
4057
4055
4056
4063
4058
4066
4063
4070
4068
4070
4067
4067
4062
4071
4082
4083
4088
4086
4086
4095
4091
4098
4088
4082
4079
4087
4083
4076
4088
4095
4091
4092
4099
4107
4096
4092
4093
4099
4105
4116
4114
4121
4119
4116
4119
4131
4138
4140
4156
4155
4161
4166
4169
4178
4184
4181
4185
4193
4183
4181
4184
4191
4190
4192
4197
4204
4197
4205
4212
4223
4216
4226
4231
4234
4235
4240
4234
4235
4237
4240
4250
4248
4243
4249
4243
4257
4261
4277
4278
4276
4283
4292
4292
4291
4297
4296
4291
4290
4295
4303
4309
4317
4324
4323
4330
4338
4342
4343
4350
4352
4356
4358
4350
4347
4340
4346
4352
4354
4363
4365
4363
4363
4365
4364
4375
4370
4378
4386
4385
4389
4388
4380
4386
4381
4375
4392
4378
4376
4363
4371
4372
4358
4363
4379
4375
4384
4381
4385
4382
4382
4379
4377
4379
4370
4376
4379
4395
4406
4400
4410
4407
4393
4402
4414
4422
4426
4424
4416
4425
4422
4414
4421
4423
4427
4435
4440
4442
4442
4449
4442
4439
4442
4427
4434
4430
4437
4451
4448
4450
4449
4457
4465
4464
4471
4480
4481
4482
4486
4481
4489
4490
4493
4484
4487
4492
4499
4501
4505
4506
4501
4501
4502
4504
4508
4514
4510
4520
4529
4522
4520
4519
4527
4536
4541
4546
4548
4551
4555
4556
4563
4568
4576
4581
4582
4583
4580
4578
4580
4576
4581
4586
4591
4589
4586
4588
4597
4602
4596
4593
4596
4590
4588
4601
4604
4614
4615
4619
4628
4635
4628
4634
4640
4646
4640
4643
4651
4644
4639
4641
4651
4648
4652
4659
4666
4672
4677
4683
4689
4694
4707
4710
4707
4706
4702
4702
4703
4698
4697
4694
4706
4708
4721
4734
4733
4736
4741
4746
4748
4745
4752
4748
4752
4762
4771
4772
4783
4794
4799
4809
4810
4809
4822
4824
4827
4817
4824
4825
4828
4819
4816
4819
4817
4827
4828
4831
4842
4842
4844
4839
4836
4843
4846
4851
4856
4850
4846
4855
4857
4858
4864
4861
4859
4869
4881
4879
4889
4886
4890
4892
4901
4905
4908
4910
4912
4912
4923
4936
4941
4950
4943
4948
4944
4949
4951
4955
4951
4949
4950
4948
4957
4957
4967
4984
4979
4989
4994
4998
4998
4996
5003
5012
5011
5018
5013
5017
5017
5034
5038
5038
5026
5043
5043
5051
5049
5050
5054
5057
5063
5072
5077
5063
5064
5058
5064
5056
5058
5058
5065
5074
5075
5080
5081
5078
5077
5086
5096
5099
5107
5115
5112
5125
5118
5119
5132
5141
5153
5156
5150
5154
5170
5169
5173
5165
5161
5163
5164
5173
5166
5175
5188
5199
5201
5203
5197
5198
5193
5182
5187
5191
5195
5199
5216
5223
5235
5230
5229
5232
5241
5246
5244
5247
5244
5249
5259
5268
5268
5266
5274
5271
5274
5283
5287
5292
5313
5318
5318
5325
5336
5347
5352
5350
5355
5363
5370
5371
5389
5384
5376
5383
5378
5379
5380
5390
5407
5408
5424
5428
5433
5449
5458
5449
5452
5456
5443
5442
5442
5452
5461
5460
5461
5468
5473
5479
5480
5496
5502
5503
5506
5493
5476
5479
5482
5494
5501
5500
5493
5497
5496
5499
5485
5487
5489
5481
5481
5484
5488
5490
5503
5505
5510
5507
5505
5499
5497
5510
5512
5505
5510
5518
5516
5516
5518
5528
5538
5545
5552
5554
5543
5557
5562
5565
5565
5562
5560
5559
5564
5566
5582
5593
5594
5597
5609
5621
5617
5631
5643
5631
5619
5626
5627
5637
5637
5636
5653
5660
5664
5666
5658
5669
5681
5689
5697
5698
5700
5694
5692
5704
5707
5708
5715
5721
5713
5725
5735
5731
5733
5744
5740
5730
5742
5755
5755
5758
5746
5750
5753
5761
5775
5778
5774
5786
5792
5787
5786
5785
5791
5800
5816
5818
5813
5819
5830
5830
5842
5843
5848
5848
5852
5845
5847
5851
5847
5847
5856
5857
5862
5857
5858
5861
5860
5859
5858
5857
5864
5865
5878
5873
5875
5887
5885
5880
5884
5884
5889
5875
5875
5876
5876
5877
5871
5879
5886
5884
5878
5882
5881
5895
5906
5906
5912
5904
5921
5925
5918
5935
5938
5944
5953
5953
5962
5959
5955
5961
5959
5970
5956
5982
5975
5982
5980
5982
5973
5985
5993
6004
6003
6025
6027
6025
6025
6031
6036
6034
6034
6044
6055
6055
6053
6057
6075
6078
6089
6089
6092
6103
6102
6103
6109
6115
6110
6109
6124
6126
6126
6123
6135
6139
6137
6136
6127
6133
6117
6120
6124
6130
6139
6155
6141
6143
6154
6151
6166
6175
6167
6173
6173
6171
6183
6186
6194
6199
6214
6214
6229
6242
6247
6256
6263
6250
6251
6256
6264
6266
6264
6278
6265
6262
6259
6264
6259
6272
6272
6278
6275
6284
6286
6304
6299
6323
6316
6327
6331
6336
6346
6345
6358
6369
6373
6379
6382
6389
6396
6397
6399
6404
6411
6419
6427
6430
6421
6422
6429
6410
6427
6430
6430
6440
6439
6441
6448
6453
6455
6466
6474
6464
6474
6485
6478
6486
6498
6499
6512
6505
6501
6511
6517
6529
6542
6542
6542
6559
6556
6549
6542
6554
6568
6572
6586
6581
6583
6584
6589
6601
6599
6605
6607
6607
6606
6602
6612
6623
6612
6624
6621
6614
6626
6632
6626
6642
6631
6651
6653
6642
6645
6654
6658
6664
6659
6661
6667
6676
6683
6685
6698
6699
6703
6708
6709
6713
6712
6725
6734
6727
6734
6732
6729
6735
6756
6752
6756
6757
6758
6758
6766
6772
6782
6793
6797
6802
6786
6792
6798
6806
6812
6807
6817
6822
6823
6830
6832
6846
6843
6851
6862
6855
6860
6868
6868
6859
6864
6865
6860
6864
6872
6873
6883
6887
6899
6903
6906
6920
6933
6927
6943
6925
6918
6921
6925
6923
6923
6936
6933
6942
6949
6945
6961
6970
6957
6961
6960
6970
6976
6969
6972
6972
6967
6969
6981
6965
6969
6963
6974
6978
6990
6986
6986
6979
6981
6992
7008
7018
7027
7031
7033
7037
7037
7044
7050
7049
7064
7066
7071
7078
7083
7090
7093
7110
7114
7112
7103
7105
7112
7119
7111
7117
7125
7127
7143
7150
7147
7148
7140
7169
7171
7182
7177
7183
7185
7189
7192
7202
7214
7216
7217
7223
7221
7212
7213
7213
7220
7219
7228
7236
7246
7251
7251
7258
7270
7265
7274
7284
7286
7284
7297
7307
7317
7322
7316
7339
7321
7333
7336
7325
7324
7329
7335
7350
7345
7340
7335
7335
7358
7359
7373
7375
7374
7370
7371
7362
7373
7375
7374
7387
7404
7409
7410
7418
7421
7416
7423
7430
7441
7456
7462
7468
7454
7452
7460
7479
7477
7474
7489
7500
7500
7498
7499
7503
7509
7527
7525
7519
7530
7519
7515
7520
7528
7540
7545
7550
7556
7569
7573
7589
7589
7594
7594
7594
7599
7605
7601
7617
7631
7627
7634
7632
7645
7639
7630
7622
7627
7628
7637
7628
7620
7636
7640
7638
7631
7637
7642
7652
7670
7675
7676
7679
7680
7680
7681
7680
7678
7694
7706
7698
7709
7730
7720
7721
7722
7728
7742
7751
7754
7769
7763
7759
7778
7779
7755
7762
7762
7766
7763
7778
7773
7788
7801
7811
7811
7799
7805
7806
7815
7815
7828
7832
7835
7846
7857
7881
7883
7887
7886
7894
7893
7895
7902
7902
7913
7913
7922
7929
7911
7925
7919
7931
7927
7915
7903
7922
7930
7945
7943
7956
7956
7971
7972
7965
7977
7973
7977
7969
7975
7949
7968
7978
7982
7974
7975
7981
7991
7998
7994
8011
8008
7994
8001
8011
8028
8024
8023
8017
8017
8021
8022
8023
8027
8026
8044
8043
8052
8071
8075
8083
8081
8090
8091
8093
8084
8092
8112
8114
8117
8128
8146
8147
8142
8152
8163
8162
8160
8161
8167
8158
8162
8178
8171
8187
8198
8206
8205
8211
8210
8207
8223
8235
8229
8224
8221
8235
8243
8234
8251
8261
8252
8254
8267
8280
8282
8280
8285
8292
8289
8289
8294
8304
8293
8308
8312
8310
8326
8326
8327
8337
8344
8355
8365
8350
8353
8366
8363
8364
8376
8379
8397
8416
8434
8442
8456
8461
8456
8453
8456
8458
8476
8498
8504
8509
8511
8518
8533
8537
8550
8565
8566
8571
8571
8583
8584
8594
8588
8606
8609
8617
8627
8631
8631
8634
8654
8656
8663
8669
8666
8682
8687
8691
8707
8698
8714
8719
8714
8704
8715
8717
8739
8753
8746
8744
8745
8741
8758
8763
8773
8779
8797
8804
8811
8811
8802
8809
8807
8821
8837
8853
8850
8875
8884
8893
8903
8911
8918
8912
8914
8909
8928
8923
8935
8929
8936
8927
8943
8949
8970
8959
8962
8977
8961
8955
8963
8962
8976
8982
8993
9006
9004
9000
9001
9013
9021
9018
9025
9048
9042
9048
9048
9053
9067
9077
9080
9087
9089
9098
9093
9109
9099
9105
9101
9095
9098
9116
9120
9138
9117
9124
9130
9137
9139
9139
9142
9157
9178
9161
9175
9190
9181
9202
9209
9220
9213
9213
9218
9220
9215
9212
9234
9223
9240
9240
9246
9249
9255
9262
9279
9281
9279
9286
9301
9308
9321
9332
9340
9352
9370
9357
9357
9373
9377
9362
9372
9377
9374
9390
9389
9397
9404
9407
9422
9436
9445
9454
9464
9478
9491
9504
9496
9503
9497
9512
9514
9536
9544
9550
9543
9570
9570
9578
9573
9575
9598
9616
9593
9599
9597
9614
9602
9624
9612
9615
9638
9659
9679
9671
9684
9684
9695
9712
9694
9707
9713
9715
9729
9739
9734
9747
9761
9767
9766
9755
9767
9796
9794
9805
9799
9816
9834
9829
9841
9818
9823
9832
9836
9825
9829
9821
9827
9828
9833
9828
9838
9849
9847
9877
9885
9888
9901
9910
9912
9911
9914
9916
9921
9923
9948
9948
9961
9961
9968
9986
9997
9993
9997
9985
9990
9988
10005
10022
10043
10062
10059
10042
10049
10051
10048
10057
10053
10061
10063
10068
10092
10084
10078
10099
10093
10097
10105
10118
10134
10131
10127
10149
10148
10154
10160
10144
10152
10156
10170
10170
10184
10189
10197
10192
10218
10210
10211
10216
10230
10243
10251
10263
10264
10268
10268
10275
10273
10295
10302
10309
10322
10321
10335
10340
10353
10363
10356
10355
10367
10370
10356
10369
10377
10379
10379
10382
10388
10390
10390
10417
10413
10432
10428
10446
10449
10459
10463
10470
10479
10500
10499
10501
10515
10525
10534
10543
10542
10544
10567
10570
10568
10571
10570
10576
10596
10577
10591
10606
10609
10628
10623
10638
10631
10642
10654
10659
10662
10661
10660
10670
10677
10687
10694
10691
10712
10718
10736
10740
10756
10756
10761
10784
10813
10815
10825
10819
10834
10831
10839
10842
10831
10842
10859
10881
10886
10892
10911
10926
10927
10950
10959
10971
10971
10981
10989
10999
11010
11025
11038
11032
11042
11046
11039
11047
11053
11058
11045
11058
11072
11079
11079
11099
11097
11108
11114
11106
11126
11130
11142
11149
11166
11170
11181
11185
11211
11209
11206
11226
11244
11240
11254
11256
11261
11276
11281
11289
11304
11302
11318
11345
11338
11334
11328
11350
11362
11371
11359
11389
11391
11394
11400
11394
11403
11404
11412
11426
11433
11450
11468
11494
11489
11493
11502
11508
11517
11515
11528
11530
11544
11550
11542
11566
11564
11570
11584
11586
11597
11592
11600
11612
11622
11639
11637
11647
11676
11697
11708
11730
11707
11715
11732
11752
11763
11759
11783
11802
11814
11803
11813
11837
11854
11844
11863
11871
11870
11909
11896
11909
11933
11940
11961
11962
11970
11983
11984
11983
11996
12016
12009
12020
12024
12029
12034
12059
12067
12072
12080
12099
12112
12096
12103
12107
12120
12125
12117
12140
12167
12173
12168
12171
12189
12205
12217
12219
12235
12260
12260
12272
12291
12297
12304
12326
12327
12333
12340
12341
12352
12352
12366
12379
12387
12393
12410
12424
12441
12444
12466
12462
12481
12487
12486
12495
12518
12515
12530
12531
12533
12525
12545
12561
12553
12544
12570
12580
12584
12594
12618
12610
12617
12632
12652
12658
12689
12686
12710
12711
12735
12732
12746
12759
12759
12760
12771
12764
12763
12776
12757
12775
12788
12808
12824
12843
12855
12854
12873
12880
12882
12897
12911
12924
12927
12924
12933
12947
12950
12959
12973
12986
12990
13003
13000
12998
13020
13022
13033
13043
13069
13062
13088
13096
13115
13110
13127
13118
13131
13145
13147
13159
13159
13187
13191
13197
13206
13226
13232
13239
13259
13266
13258
13257
13265
13272
13284
13306
13309
13337
13357
13391
13371
13385
13396
13401
13426
13445
13442
13459
13472
13494
13488
13490
13507
13518
13547
13560
13571
13561
13565
13593
13584
13608
13629
13625
13639
13641
13641
13643
13661
13654
13656
13656
13671
13707
13723
13703
13715
13737
13727
13740
13735
13747
13764
13779
13790
13820
13815
13845
13856
13872
13884
13882
13890
13917
13919
13925
13939
13944
13972
13964
13980
13980
13990
14003
14016
14018
14021
14020
14025
14035
14039
14046
14081
14107
14086
14092
14116
14120
14131
14140
14154
14157
14165
14177
14185
14207
14224
14227
14260
14260
14266
14258
14276
14288
14302
14314
14333
14348
14352
14343
14372
14388
14394
14402
14401
14395
14412
14409
14424
14455
14456
14460
14483
14475
14485
14500
14511
14531
14530
14543
14546
14564
14574
14587
14575
14592
14613
14624
14622
14633
14656
14679
14681
14663
14685
14692
14693
14732
14735
14748
14760
14770
14765
14784
14819
14826
14832
14843
14853
14856
14870
14891
14884
14903
14911
14906
14931
14931
14947
14950
14963
14958
14969
14980
14976
14996
15005
15022
15040
15048
15055
15071
15065
15089
15103
15122
15143
15158
15188
15188
15195
15203
15197
15202
15215
15227
15233
15246
15256
15248
15253
15275
15287
15311
15317
15340
15345
15365
15364
15373
15377
15412
15391
15393
15410
15398
15423
15420
15428
15436
15466
15471
15487
15490
15495
15492
15513
15519
15531
15530
15549
15574
15583
15579
15600
15602
15596
15614
15625
15630
15654
15667
15680
15720
15703
15741
15757
15767
15761
15783
15786
15804
15816
15828
15853
15871
15902
15898
15886
15889
15904
15909
15940
15925
15936
15943
15948
15970
15970
15979
15981
15990
16008
16007
16022
16032
16035
16069
16086
16090
16111
16130
16140
16133
16147
16170
16186
16201
16228
16224
16256
16240
16276
16277
16295
16314
16311
16331
16331
16327
16358
16381
16390
16398
16429
16449
16442
16442
16460
16469
16488
16500
16527
16565
16559
16570
16568
16576
16592
16624
16648
16660
16656
16670
16685
16689
16688
16706
16709
16717
16723
16737
16754
16782
16792
16817
16821
16846
16858
16860
16869
16892
16905
16918
16939
16939
16968
16953
16960
16965
16991
17012
17009
17003
17013
17027
17027
17052
17061
17089
17090
17105
17124
17134
17145
17152
17167
17191
17217
17215
17249
17260
17281
17293
17303
17301
17335
17349
17359
17371
17382
17402
17422
17418
17426
17440
17457
17468
17498
17489
17502
17492
17505
17516
17537
17572
17587
17598
17614
17622
17622
17628
17654
17670
17675
17709
17737
17759
17766
17774
17789
17824
17814
17838
17847
17869
17899
17909
17915
17926
17933
17938
17956
17970
17988
18006
18017
18032
18051
18066
18085
18087
18099
18104
18129
18159
18178
18183
18200
18214
18240
18247
18243
18268
18298
18327
18336
18346
18355
18371
18377
18371
18406
18417
18440
18461
18433
18458
18478
18479
18476
18506
18521
18526
18558
18584
18592
18619
18620
18636
18643
18666
18667
18679
18706
18717
18737
18747
18743
18768
18788
18807
18823
18829
18852
18872
18878
18875
18895
18909
18916
18920
18938
18948
18984
19001
19023
19029
19029
19040
19053
19066
19076
19122
19150
19151
19159
19163
19168
19187
19196
19210
19230
19257
19284
19286
19285
19298
19310
19323
19344
19356
19383
19395
19401
19423
19430
19458
19486
19496
19502
19518
19546
19556
19576
19598
19593
19619
19653
19662
19674
19678
19696
19700
19727
19723
19752
19753
19791
19813
19815
19834
19848
19839
19865
19891
19901
19921
19935
19933
19939
19951
19951
19987
19993
20005
20031
20050
20046
20063
20091
20109
20136
20149
20149
20156
20192
20210
20226
20246
20269
20251
20282
20294
20301
20346
20372
20379
20396
20389
20409
20418
20419
20454
20459
20459
20501
20521
20522
20542
20555
20593
20610
20621
20626
20627
20641
20677
20713
20737
20756
20768
20784
20824
20813
20838
20831
20873
20881
20917
20926
20946
20977
20979
20980
20997
21021
21056
21058
21076
21088
21093
21098
21105
21112
21143
21159
21163
21181
21192
21196
21202
21247
21252
21269
21289
21286
21325
21339
21328
21352
21368
21399
21422
21434
21444
21476
21499
21504
21523
21526
21558
21562
21571
21607
21601
21610
21635
21644
21655
21676
21691
21701
21720
21746
21765
21787
21813
21814
21813
21828
21839
21836
21867
21890
21912
21933
21952
21961
21959
21979
22012
22024
22029
22039
22056
22064
22089
22101
22116
22125
22169
22174
22191
22210
22241
22264
22286
22302
22335
22330
22351
22377
22389
22402
22406
22421
22435
22455
22476
22493
22524
22550
22554
22576
22589
22616
22641
22655
22667
22675
22689
22711
22753
22766
22795
22801
22807
22827
22862
22865
22892
22899
22919
22929
22954
22952
22995
23014
23046
23057
23068
23080
23072
23088
23107
