0.00038551724137931035 0.0001124137931034483
300
298
295
294
294
294
295
297
298
298
298
296
296
296
298
301
302
301
301
301
300
304
306
306
305
305
307
308
309
309
310
309
312
311
311
310
311
311
310
311
313
315
317
316
317
316
316
316
316
314
316
316
315
317
318
319
319
320
321
320
322
321
321
321
321
321
321
321
322
326
324
326
326
327
329
331
331
331
332
333
334
336
336
334
337
338
340
338
340
340
342
342
343
344
343
341
341
343
345
345
345
345
344
344
345
345
345
347
349
346
345
346
348
347
346
345
349
351
353
353
354
358
356
357
355
355
354
355
357
359
359
360
362
365
366
371
374
373
373
373
371
371
371
370
371
372
376
375
374
375
376
378
378
377
378
378
378
382
382
384
386
385
386
387
388
390
391
390
391
392
393
393
397
398
399
400
401
403
403
401
400
400
400
400
402
403
402
404
407
408
410
409
411
410
411
411
411
413
412
416
417
416
416
415
417
419
421
421
421
423
422
425
427
427
429
427
428
428
427
427
427
426
426
426
429
431
433
432
430
428
429
430
429
431
432
431
432
435
435
434
436
436
435
436
438
440
441
444
446
447
446
446
444
445
446
447
446
445
447
448
446
448
450
450
451
452
452
453
455
454
451
452
454
455
456
459
459
461
459
459
458
458
457
463
460
465
464
466
466
465
463
461
463
464
469
476
475
474
475
476
476
476
475
476
474
475
476
475
475
475
475
477
478
480
479
480
482
480
482
483
483
484
479
481
483
486
488
488
493
492
492
493
492
495
498
502
503
504
500
500
500
500
499
500
499
499
501
504
505
505
500
497
501
505
506
505
506
506
505
504
504
504
505
507
507
509
509
510
509
509
508
513
513
511
514
515
515
518
517
522
519
518
517
516
516
515
517
518
520
523
524
526
523
525
522
522
522
524
523
526
526
525
526
526
529
531
531
531
529
531
529
530
532
532
532
535
535
538
542
542
545
544
544
547
547
548
549
550
550
552
551
548
551
554
556
557
558
558
558
563
562
562
562
566
567
567
571
569
570
567
569
566
563
562
560
559
563
564
563
564
566
566
567
572
571
573
576
572
571
573
575
576
576
576
579
579
579
579
577
581
584
586
586
586
588
587
584
581
580
582
581
580
581
583
586
593
592
591
594
595
593
591
594
596
601
601
604
606
606
609
605
605
606
609
611
608
609
610
611
612
612
615
619
623
625
620
622
620
618
618
619
620
619
620
620
627
625
625
622
623
626
625
624
624
625
632
628
633
635
636
635
633
633
632
630
627
631
630
632
634
632
633
634
634
634
632
634
635
634
637
638
639
640
644
646
648
645
644
642
645
645
647
645
645
648
652
654
651
654
651
656
657
657
654
656
658
663
663
661
663
663
664
661
665
663
665
669
670
670
671
673
675
675
672
668
668
667
668
669
666
667
670
667
669
665
663
663
664
667
661
661
660
660
658
658
657
657
659
663
663
661
659
662
662
666
666
665
665
665
668
673
677
677
680
678
681
682
686
689
688
687
686
689
692
693
694
692
688
695
694
692
692
693
691
688
688
687
687
685
686
686
686
687
692
689
689
691
694
694
698
695
697
698
697
696
695
699
702
701
702
703
703
703
705
711
712
714
717
717
716
721
722
721
721
722
717
721
724
724
724
726
725
723
724
724
725
727
729
729
729
730
730
729
727
728
727
729
729
729
730
729
731
736
742
743
741
742
742
742
743
746
748
751
752
753
753
754
753
753
754
751
754
754
749
748
749
749
752
753
750
749
746
748
748
749
752
753
753
756
754
753
751
748
749
749
747
747
748
748
749
748
745
744
744
743
746
746
748
754
755
757
757
761
761
760
759
760
761
764
769
774
775
776
777
777
774
779
782
782
781
780
784
784
783
784
783
784
789
785
786
786
785
783
779
782
785
788
789
791
787
785
785
788
790
792
794
797
802
802
801
802
802
803
800
800
799
797
797
804
801
801
802
803
802
802
801
802
805
806
807
809
808
810
810
807
807
807
806
806
811
813
816
815
812
807
812
813
812
809
811
814
816
818
819
822
824
822
824
827
826
827
828
828
832
833
835
834
836
837
832
832
834
833
836
838
837
839
838
842
843
849
846
847
847
847
847
848
850
849
845
844
843
847
848
846
845
844
843
843
843
843
845
848
853
853
853
855
856
855
852
850
849
851
851
850
850
850
851
850
849
853
851
857
859
857
857
860
861
864
865
865
867
865
865
866
867
867
871
871
868
870
874
876
875
878
874
875
877
879
878
878
880
882
891
888
887
884
883
881
882
882
883
881
884
880
877
877
874
872
873
873
879
874
871
876
876
878
876
873
878
881
881
883
883
885
892
892
894
895
894
892
891
893
897
894
893
891
891
888
889
889
893
892
891
887
886
885
887
891
891
890
892
888
888
891
891
890
894
893
896
897
896
900
902
901
905
904
900
908
908
905
907
905
906
905
904
906
908
911
912
908
909
910
913
915
917
911
913
914
914
917
920
921
921
923
925
922
925
926
931
925
927
925
930
932
933
929
929
932
933
930
928
932
932
933
937
935
937
941
940
944
949
948
949
942
942
947
951
955
948
946
946
946
948
954
957
956
949
946
945
950
948
950
948
951
952
948
949
949
950
948
950
948
952
954
952
954
958
963
964
966
964
967
965
967
966
966
967
973
970
972
970
971
972
974
971
971
970
974
980
981
978
978
977
972
978
978
982
980
985
985
984
988
987
990
992
992
989
985
986
983
981
983
983
982
984
985
985
984
980
982
980
985
987
988
988
989
990
993
992
990
998
993
993
994
996
994
991
995
997
994
998
999
996
997
997
997
998
998
1001
999
1002
999
1001
1007
1011
1010
1006
1005
1009
1007
1010
1016
1020
1019
1018
1016
1017
1015
1014
1015
1014
1018
1020
1020
1021
1025
1024
1021
1022
1022
1019
1020
1021
1022
1027
1026
1029
1027
1029
1030
1030
1031
1033
1033
1032
1034
1034
1041
1040
1040
1046
1044
1043
1039
1039
1040
1039
1041
1038
1039
1041
1039
1040
1038
1042
1044
1050
1052
1049
1048
1042
1044
1049
1052
1051
1052
1053
1053
1052
1051
1046
1045
1045
1048
1051
1053
1055
1057
1058
1057
1057
1055
1060
1060
1064
1067
1072
1076
1078
1073
1074
1074
1075
1078
1078
1077
1081
1080
1080
1078
1078
1081
1077
1077
1078
1075
1081
1081
1081
1082
1084
1082
1087
1090
1091
1091
1088
1090
1092
1092
1093
1092
1095
1096
1094
1093
1092
1091
1088
1090
1091
1094
1096
1093
1095
1101
1103
1103
1102
1105
1106
1104
1106
1114
1118
1119
1122
1123
1123
1119
1124
1121
1121
1121
1120
1118
1113
1113
1108
1110
1115
1120
1118
1119
1115
1113
1114
1114
1114
1113
1114
1115
1118
1121
1115
1116
1117
1116
1117
1118
1127
1127
1130
1129
1126
1122
1126
1123
1124
1131
1135
1136
1138
1136
1137
1135
1137
1134
1134
1135
1136
1137
1137
1140
1137
1142
1144
1145
1144
1151
1151
1149
1150
1145
1145
1145
1143
1148
1150
1150
1142
1143
1143
1142
1143
1149
1152
1153
1153
1160
1160
1159
1159
1162
1163
1164
1164
1169
1168
1170
1167
1172
1171
1170
1172
1170
1175
1177
1176
1181
1184
1187
1175
1176
1174
1171
1172
1173
1174
1174
1177
1182
1188
1187
1187
1193
1189
1193
1191
1190
1189
1192
1193
1194
1194
1197
1194
1194
1195
1195
1200
1199
1199
1194
1193
1199
1198
1200
1196
1195
1198
1202
1201
1201
1197
1192
1191
1196
1197
1198
1204
1201
1206
1202
1201
1206
1205
1208
1207
1210
1202
1204
1210
1206
1206
1206
1207
1213
1217
1220
1220
1219
1214
1210
1210
1208
1212
1217
1210
1212
1213
1211
1211
1211
1213
1215
1215
1215
1222
1221
1220
1217
1220
1218
1221
1221
1221
1220
1221
1220
1224
1228
1229
1230
1229
1226
1224
1226
1226
1225
1226
1234
1238
1241
1246
1245
1242
1246
1245
1243
1242
1244
1244
1240
1240
1243
1246
1242
1245
1241
1244
1248
1246
1247
1252
1255
1257
1263
1265
1265
1273
1272
1275
1279
1284
1277
1279
1276
1272
1268
1268
1272
1277
1275
1277
1278
1283
1275
1282
1277
1280
1279
1279
1282
1275
1274
1274
1281
1281
1278
1281
1277
1278
1277
1279
1276
1277
1279
1286
1289
1289
1293
1290
1288
1290
1291
1293
1300
1300
1300
1297
1303
1299
1299
1300
1303
1301
1300
1304
1308
1310
1309
1308
1311
1315
1314
1318
1315
1313
1314
1314
1313
1310
1312
1314
1322
1325
1325
1327
1332
1334
1332
1331
1328
1323
1326
1330
1331
1328
1332
1329
1332
1335
1336
1337
1336
1335
1340
1344
1344
1340
1340
1342
1343
1347
1344
1350
1352
1353
1353
1349
1338
1339
1339
1340
1336
1341
1341
1339
1341
1342
1345
1342
1343
1345
1347
1342
1345
1345
1350
1348
1348
1344
1344
1343
1345
1347
1348
1343
1346
1348
1351
1350
1353
1355
1357
1363
1362
1357
1356
1352
1355
1358
1358
1360
1357
1357
1359
1361
1361
1358
1360
1363
1362
1364
1364
1366
1369
1374
1377
1374
1377
1377
1381
1377
1370
1371
1378
1373
1375
1375
1373
1379
1375
1378
1381
1390
1388
1389
1391
1386
1385
1384
1384
1383
1384
1376
1380
1385
1387
1389
1386
1389
1385
1383
1385
1388
1389
1394
1400
1404
1406
1404
1404
1401
1398
1395
1395
1394
1398
1402
1403
1406
1403
1406
1410
1414
1419
1423
1421
1426
1423
1419
1419
1425
1427
1428
1425
1427
1428
1427
1420
1412
1410
1414
1415
1420
1424
1416
1417
1417
1415
1420
1425
1427
1428
1430
1432
1427
1426
1428
1432
1431
1433
1433
1434
1434
1433
1430
1432
1431
1429
1431
1431
1436
1432
1432
1431
1434
1433
1433
1434
1431
1432
1430
1431
1432
1434
1437
1438
1438
1435
1433
1435
1438
1433
1435
1438
1441
1451
1450
1458
1456
1457
1457
1458
1460
1461
1455
1468
1465
1468
1468
1469
1469
1468
1470
1464
1468
1467
1469
1472
1474
1478
1478
1479
1482
1480
1478
1480
1476
1482
1477
1477
1480
1489
1495
1496
1499
1502
1495
1494
1497
1497
1499
1499
1498
1500
1499
1504
1498
1501
1497
1497
1501
1502
1501
1494
1499
1499
1499
1500
1505
1502
1502
1499
1497
1493
1498
1503
1505
1503
1507
1509
1513
1512
1513
1508
1511
1512
1514
1511
1509
1500
1502
1505
1498
1502
1501
1502
1503
1507
1503
1503
1506
1508
1513
1512
1510
1503
1501
1500
1504
1507
1508
1517
1518
1519
1522
1525
1530
1536
1533
1528
1524
1526
1529
1535
1534
1537
1535
1533
1533
1534
1531
1531
1541
1534
1535
1538
1531
1539
1541
1538
1544
1545
1545
1539
1544
1543
1541
1545
1550
1545
1547
1552
1552
1553
1549
1543
1546
1549
1546
1542
1549
1544
1545
1545
1548
1548
1543
1544
1544
1547
1547
1545
1549
1552
1550
1549
1551
1548
1549
1549
1549
1552
1557
1554
1558
1560
1559
1560
1561
1561
1569
1569
1567
1565
1568
1573
1571
1570
1572
1571
1568
1562
1561
1561
1561
1566
1566
1569
1570
1574
1572
1570
1575
1580
1580
1581
1581
1583
1583
1580
1578
1575
1572
1576
1576
1577
1577
1578
1582
1582
1583
1586
1583
1585
1593
1588
1590
1587
1592
1592
1582
1587
1589
1586
1587
1583
1590
1591
1589
1590
1585
1585
1585
1585
1584
1587
1581
1586
1586
1583
1577
1572
1581
1590
1578
1584
1584
1582
1581
1587
1589
1593
1591
1592
1591
1593
1594
1594
1593
1596
1593
1590
1590
1591
1594
1593
1596
1595
1595
1594
1597
1600
1602
1604
1609
1613
1618
1614
1617
1614
1616
1616
1614
1617
1615
1621
1626
1622
1619
1623
1621
1617
1611
1618
1613
1609
1608
1607
1610
1610
1610
1608
1612
1608
1616
1620
1620
1619
1622
1624
1627
1628
1627
1623
1627
1625
1629
1638
1640
1642
1639
1642
1649
1651
1650
1652
1649
1651
1652
1650
1650
1653
1654
1653
1657
1657
1660
1657
1657
1655
1653
1654
1645
1651
1652
1654
1653
1653
1650
1658
1666
1665
1660
1664
1662
1659
1660
1667
1663
1663
1658
1666
1667
1667
1670
1675
1667
1667
1672
1664
1667
1672
1668
1672
1674
1673
1672
1668
1667
1663
1658
1660
1658
1663
1666
1664
1667
1669
1672
1667
1664
1659
1661
1659
1661
1667
1665
1663
1664
1659
1658
1656
1654
1660
1660
1662
1664
1661
1661
1663
1669
1661
1663
1662
1660
1664
1664
1668
1669
1668
1673
1668
1667
1672
1672
1670
1669
1675
1674
1676
1669
1672
1674
1674
1672
1673
1672
1672
1677
1679
1679
1674
1673
1670
1671
1675
1674
1675
1675
1681
1680
1679
1674
1672
1674
1678
1674
1672
1671
1669
1668
1664
1668
1670
1674
1677
1677
1673
1671
1672
1672
1673
1673
1672
1672
1677
1676
1680
1679
1679
1677
1672
1671
1670
1673
1674
1679
1679
1678
1680
1678
1681
1685
1693
1693
1690
1690
1685
1680
1680
1686
1686
1690
1692
1687
1686
1685
1684
1684
1680
1686
1685
1687
1683
1682
1681
1675
1674
1674
1670
1672
1673
1671
1677
1681
1686
1686
1688
1688
1686
1686
1686
1693
1695
1702
1690
1689
1691
1692
1691
1693
1696
1697
1694
1695
1696
1694
1693
1694
1692
1690
1696
1709
1715
1713
1718
1720
1724
1727
1728
1718
1716
1713
1710
1720
1720
1715
1713
1712
1713
1713
1716
1716
1717
1715
1715
1713
1715
1717
1709
1713
1717
1717
1713
1714
1715
1715
1716
1718
1722
1718
1716
1716
1714
1713
1720
1724
1722
1725
1722
1720
1726
1724
1729
1726
1732
1735
1734
1744
1744
1735
1734
1740
1739
1740
1738
1737
1738
1732
1734
1734
1733
1732
1731
1732
1730
1729
1735
1729
1735
1732
1732
1734
1729
1730
1735
1735
1732
1731
1730
1735
1735
1732
1739
1734
1732
1735
1738
1736
1746
1746
1746
1749
1744
1741
1741
1739
1748
1746
1743
1741
1742
1746
1747
1747
1745
1739
1739
1745
1742
1744
1747
1745
1746
1741
1747
1750
1748
1749
1748
1749
1749
1753
1759
1755
1756
1764
1765
1769
1769
1772
1767
1762
1764
1769
1762
1763
1770
1770
1771
1770
1770
1772
1776
1776
1780
1787
1785
1788
1787
1787
1790
1795
1793
1798
1796
1785
1783
1778
1778
1778
1777
1778
1777
1775
1780
1778
1782
1778
1778
1782
1783
1774
1776
1772
1774
1776
1774
1779
1779
1788
1786
1784
1780
1783
1782
1784
1783
1776
1774
1773
1775
1778
1781
1778
1782
1783
1784
1785
1783
1780
1779
1781
1782
1777
1779
1779
1781
1783
1785
1783
1780
1779
1779
1774
1769
1773
1769
1766
1764
1763
1761
1761
1762
1765
1762
1761
1765
1764
1769
1770
1774
1778
1776
1774
1774
1772
1775
1772
1768
1771
1778
1779
1777
1781
1775
1773
1774
1775
1773
1771
1771
1769
1769
1769
1771
1776
1779
1777
1778
1775
1779
1780
1777
1778
1780
1783
1783
1779
1778
1780
1778
1785
1785
1789
1788
1781
1781
1781
1781
1778
1778
1776
1781
1781
1778
1778
1778
1784
1783
1779
1784
1787
1790
1794
1790
1785
1784
1788
1783
1779
1780
1784
1785
1794
1795
1798
1804
1800
1799
1806
1807
1805
1807
1809
1809
1813
1806
1801
1802
1801
1802
1804
1801
1796
1801
1804
1801
1805
1806
1805
1808
1803
1810
1810
1810
1815
1815
1815
1814
1817
1810
1817
1817
1821
1825
1827
1828
1827
1832
1834
1837
1838
1842
1838
1841
1841
1837
1836
1840
1841
1839
1835
1838
1847
1846
1846
1851
1845
1847
1853
1854
1856
1857
1858
1860
1860
1866
1872
1876
1883
1889
1888
1876
1883
1881
1878
1874
1877
1881
1881
1882
1884
1882
1886
1884
1885
1886
1891
1893
1892
1894
1890
1888
1889
1883
1888
1891
1894
1891
1892
1894
1896
1894
1902
1896
1898
1899
1901
1904
1906
1910
1913
1904
1906
1907
1905
1898
1898
1899
1899
1904
1908
1916
1912
1920
1922
1915
1913
1920
1923
1923
1913
1915
1914
1915
1918
1914
1910
1908
1904
1909
1919
1918
1919
1920
1921
1921
1924
1925
1925
1921
1931
1928
1932
1930
1935
1929
1928
1922
1922
1917
1918
1921
1920
1920
1917
1919
1915
1914
1917
1916
1919
1922
1919
1916
1913
1910
1908
1908
1908
1909
1913
1913
1910
1908
1906
1906
1906
1899
1904
1898
1897
1896
1894
1899
1902
1910
1905
1908
1903
1904
1903
1913
1913
1912
1907
1907
1908
1902
1908
1918
1934
1931
1932
1928
1931
1937
1937
1935
1933
1934
1932
1933
1933
1933
1936
1935
1931
1934
1936
1940
1934
1934
1933
1932
1937
1944
1938
1934
1940
1944
1949
1947
1950
1946
1942
1936
1945
1945
1944
1946
1949
1952
1956
1955
1952
1953
1952
1948
1953
1957
1956
1958
1959
1956
1956
1956
1957
1955
1958
1961
1962
1963
1970
1977
1973
1976
1978
1974
1980
1978
1978
1979
1980
1977
1976
1980
1981
1988
1988
1990
1986
1984
1982
1977
1984
1988
1983
1992
1999
1995
1997
1993
1998
1990
1984
1983
1981
1986
1989
1990
1997
2000
2004
2008
2001
2010
2007
2004
2010
2004
2011
2010
2014
2016
2013
2010
2014
2019
2016
2018
2013
2012
2010
2012
2017
2021
2022
2021
2022
2023
2024
2031
2030
2033
2029
2034
2031
2031
2024
2025
2021
2018
2015
2015
2013
2016
2015
2019
2025
2024
2020
2023
2025
2027
2029
2025
2026
2022
2026
2023
2022
2024
2029
2021
2019
2024
2027
2025
2017
2020
2022
2022
2022
2022
2026
2039
2037
2032
2034
2036
2034
2034
2031
2027
2024
2028
2026
2025
2022
2025
2022
2025
2024
2026
2022
2024
2026
2017
2024
2026
2031
2025
2022
2020
2018
2018
2018
2020
2024
2027
2035
2030
2025
2031
2031
2039
2041
2039
2040
2041
2037
2037
2037
2035
2037
2035
2037
2040
2036
2039
2035
2033
2037
2036
2041
2039
2039
2041
2047
2043
2042
2043
2040
2039
2043
2049
2047
2048
2046
2050
2042
2037
2039
2048
2048
2041
2038
2037
2039
2041
2039
2039
2033
2036
2044
2044
2047
2047
2049
2053
2049
2052
2056
2055
2053
2063
2059
2063
2060
2050
2046
2043
2039
2043
2039
2044
2040
2043
2046
2045
2043
2030
2028
2029
2027
2028
2030
2032
2034
2038
2039
2039
2040
2042
2032
2034
2036
2034
2027
2025
2016
2014
2014
2021
2023
2028
2025
2027
2023
2024
2039
2040
2040
2038
2038
2046
2049
2049
2050
2056
2061
2066
2060
2058
2062
2062
2053
2047
2043
2036
2032
2029
2029
2034
2038
2037
2030
2038
2040
2041
2041
2049
2046
2047
2049
2050
2057
2057
2056
2049
2053
2056
2059
2065
2070
2074
2079
2077
2078
2075
2078
2079
2083
2084
2074
2072
2073
2075
2074
2080
2085
2088
2088
2086
2084
2078
2085
2084
2093
2089
2082
2079
2084
2088
2087
2088
2092
2096
2092
2094
2091
2082
2088
2087
2088
2085
2088
2084
2081
2078
2082
2080
2083
2091
2091
2095
2092
2091
2088
2084
2085
2087
2087
2095
2088
2090
2088
2090
2096
2098
2098
2098
2095
2099
2099
2102
2099
2104
2108
2109
2109
2105
2113
2111
2112
2114
2117
2114
2109
2113
2114
2106
2110
2112
2111
2109
2106
2107
2106
2104
2105
2107
2114
2109
2105
2107
2109
2112
2112
2113
2114
2119
2118
2118
2120
2120
2122
2118
2115
2110
2116
2112
2110
2113
2119
2117
2118
2121
2122
2123
2118
2127
2126
2126
2134
2138
2137
2139
2138
2137
2140
2139
2144
2140
2143
2144
2148
2152
2153
2146
2150
2158
2161
2159
2149
2158
2157
2153
2148
2151
2157
2155
2154
2162
2161
2162
2164
2156
2147
2155
2158
2161
2160
2164
2162
2161
2167
2164
2164
2163
2169
2170
2169
2168
2168
2163
2161
2162
2161
2154
2152
2153
2155
2159
2155
2161
2161
2157
2160
2166
2172
2166
2163
2159
2157
2161
2155
2157
2159
2166
2166
2169
2173
2167
2164
2165
2167
2164
2166
2167
2177
2178
2171
2172
2171
2173
2180
2184
2182
2180
2174
2176
2185
2181
2178
2181
2184
2178
2182
2171
2176
2182
2181
2180
2182
2183
2188
2188
2188
2190
2193
2191
2193
2190
2182
2186
2192
2194
2198
2191
2198
2201
2202
2202
2209
2216
2214
2212
2215
2213
2205
2201
2202
2200
2196
2207
2209
2208
2213
2220
2209
2208
2210
2208
2213
2208
2211
2212
2207
2203
2209
2213
2215
2214
2216
2212
2217
2221
2224
2220
2220
2216
2220
2223
2231
2227
2230
2230
2223
2222
2226
2232
2233
2234
2228
2230
2238
2242
2250
2253
2258
2261
2260
2254
2254
2256
2259
2266
2263
2263
2272
2275
2270
2274
2262
2264
2266
2264
2268
2271
2263
2264
2257
2248
2244
2247
2263
2256
2261
2259
2256
2255
2260
2261
2260
2263
2261
2260
2263
2260
2260
2262
2265
2266
2270
2270
2269
2272
2269
2274
2279
2288
2287
2282
2277
2274
2272
2267
2264
2262
2269
2274
2271
2277
2281
2280
2283
2281
2280
2281
2281
2287
2299
2307
2302
2304
2308
2307
2298
2298
2297
2301
2302
2305
2301
2305
2303
2300
2302
2304
2306
2307
2303
2306
2302
2298
2302
2301
2297
2297
2300
2304
2308
2304
2310
2305
2302
2303
2300
2305
2304
2303
2299
2293
2287
2290
2286
2285
2288
2287
2289
2292
2295
2301
2295
2295
2294
2293
2296
2298
2295
2296
2293
2295
2294
2293
2291
2289
2291
2300
2303
2301
2306
2305
2298
2301
2301
2298
2295
2293
2293
2294
2299
2300
2305
2306
2313
2310
2314
2309
2310
2305
2308
2310
2306
2301
2303
2302
2304
2302
2310
2309
2311
2316
2313
2319
2313
2312
2307
2315
2317
2313
2314
2312
2316
2300
2299
2301
2304
2302
2307
2306
2313
2304
2302
2306
2308
2317
2323
2319
2312
2313
2315
2315
2313
2314
2325
2327
2332
2337
2335
2339
2342
2344
2344
2348
2343
2341
2343
2339
2343
2340
2337
2338
2341
2338
2342
2351
2354
2354
2351
2350
2353
2356
2351
2353
2354
2355
2351
2349
2352
2352
2353
2349
2349
2347
2349
2353
2354
2363
2359
2363
2358
2353
2353
2355
2349
2356
2360
2357
2358
2361
2356
2363
2361
2366
2366
2370
2366
2371
2364
2364
2366
2362
2362
2361
2359
2363
2365
2363
2368
2374
2376
2375
2373
2370
2370
2375
2370
2369
2363
2367
2369
2377
2376
2373
2371
2369
2376
2370
2368
2370
2374
2375
2369
2365
2368
2364
2359
2364
2364
2365
2366
2365
2372
2367
2363
2362
2367
2355
2351
2345
2334
2341
2335
2343
2341
2347
2351
2356
2361
2360
2356
2359
2359
2366
2369
2366
2374
2375
2375
2382
2386
2379
2375
2375
2376
2376
2378
2385
2394
2396
2407
2409
2407
2405
2407
2404
2404
2401
2395
2389
2391
2395
2402
2401
2397
2395
2390
2394
2401
2406
2407
2406
2397
2389
2395
2392
2398
2397
2393
2394
2393
2401
2400
2398
2400
2395
2388
2387
2392
2390
2386
2391
2395
2397
2402
2402
2404
2409
2410
2413
2414
2415
2411
2414
2415
2416
2418
2416
2412
2402
2401
2396
2400
2402
2401
2401
2409
2411
2410
2407
2406
2409
2412
2416
2408
2414
2412
2412
2410
2415
2412
2407
2413
2412
2412
2408
2397
2400
2403
2408
2405
2410
2408
2404
2408
2406
2401
2407
2413
2418
2414
2414
2414
2413
2418
2422
2417
2424
2426
2421
2417
2419
2424
2429
2434
2426
2420
2413
2434
2434
2427
2430
2435
2435
2441
2437
2433
2428
2429
2430
2431
2430
2429
2428
2429
2423
2424
2420
2420
2413
2420
2421
2425
2422
2421
2416
2428
2433
2432
2433
2427
2424
2424
2428
2425
2424
2424
2424
2433
2430
2424
2428
2425
2425
2427
2424
2426
2432
2429
2429
2427
2435
2435
2436
2437
2439
2442
2437
2431
2433
2441
2439
2445
2455
2455
2456
2452
2454
2451
2454
2459
2458
2452
2445
2443
2446
2452
2451
2445
2442
2442
2449
2450
2450
2448
2449
2446
2452
2456
2458
2458
2452
2450
2451
2456
2456
2458
2464
2469
2470
2469
2466
2470
2469
2471
2478
2480
2480
2475
2469
2480
2481
2481
2482
2491
2490
2488
2487
2488
2490
2490
2492
2496
2501
2506
2515
2523
2523
2528
2523
2518
2514
2513
2509
2507
2505
2506
2507
2504
2500
2503
2499
2495
2495
2495
2504
2502
2502
2503
2506
2499
2503
2505
2510
2508
2513
2509
2508
2509
2513
2516
2519
2519
2520
2515
2517
2518
2524
2523
2521
2518
2521
2522
2524
2523
2518
2514
2515
2519
2523
2521
2514
2517
2526
2530
2526
2530
2536
2538
2553
2548
2541
2544
2544
2546
2550
2550
2553
2562
2560
2564
2561
2559
2554
2552
2551
2551
2554
2553
2552
2554
2556
2564
2561
2551
2553
2548
2546
2563
2568
2568
2571
2568
2568
2569
2566
2563
2559
2562
2565
2567
2565
2559
2552
2559
2568
2572
2578
2577
2572
2572
2568
2572
2565
2568
2568
2573
2570
2564
2561
2562
2568
2568
2573
2573
2584
2583
2583
2591
2593
2589
2593
2591
2595
2602
2599
2595
2596
2594
2589
2591
2594
2594
2589
2588
2583
2593
2595
2597
2592
2596
2598
2592
2595
2599
2602
2603
2602
2607
2613
2611
2604
2601
2601
2600
2610
2606
2611
2611
2613
2618
2618
2616
2608
2610
2609
2609
2609
2610
2610
2616
2605
2611
2611
2611
2613
2613
2616
2613
2620
2623
2629
2626
2626
2631
2632
2631
2635
2634
2633
2629
2632
2637
2631
2629
2633
2634
2627
2624
2623
2623
2619
2620
2622
2622
2623
2629
2627
2620
2618
2628
2630
2627
2633
2636
2637
2643
2643
2639
2638
2643
2643
2645
2650
2639
2646
2642
2640
2652
2650
2649
2643
2643
2642
2646
2643
2643
2644
2641
2653
2651
2647
2655
2653
2656
2654
2656
2663
2660
2654
2660
2661
2663
2677
2682
2686
2679
2670
2668
2673
2672
2675
2682
2683
2680
2682
2684
2690
2695
2685
2685
2689
2690
2691
2686
2680
2688
2689
2689
2686
2684
2686
2689
2684
2677
2679
2675
2673
2672
2670
2668
2667
2671
2681
2688
2690
2695
2690
2692
2688
2696
2689
2696
2698
2696
2701
2706
2705
2704
2706
2711
2707
2709
2713
2713
2717
2716
2724
2715
2720
2727
2726
2727
2731
2730
2731
2726
2722
2728
2728
2735
2734
2732
2734
2721
2719
2732
2735
2741
2736
2737
2733
2735
2745
2748
2747
2737
2736
2740
2738
2735
2739
2735
2733
2732
2732
2736
2736
2742
2740
2743
2748
2746
2742
2744
2743
2747
2743
2748
2753
2753
2753
2756
2758
2755
2755
2753
2754
2765
2771
2771
2763
2764
2765
2766
2773
2778
2773
2780
2777
2778
2773
2773
2779
2777
2778
2774
2777
2775
2772
2769
2771
2773
2768
2775
2780
2784
2786
2788
2786
2789
2786
2788
2795
2791
2788
2791
2788
2790
2788
2787
2785
2784
2784
2784
2787
2793
2791
2791
2792
2781
2783
2788
2780
2785
2786
2794
2796
2798
2806
2809
2816
2812
2804
2802
2803
2800
2810
2811
2814
2812
2804
2805
2811
2817
2817
2813
2807
2809
2805
2805
2811
2818
2827
2823
2821
2828
2829
2830
2831
2832
2840
2843
2847
2850
2847
2846
2844
2844
2844
2842
2847
2846
2838
2848
2845
2838
2842
2850
2846
2852
2847
2838
2832
2834
2839
2843
2837
2844
2845
2849
2844
2844
2838
2839
2850
2849
2854
2845
2850
2846
2850
2836
2837
2838
2837
2845
2831
2830
2829
2822
2834
2841
2844
2841
2848
2842
2843
2846
2854
2856
2860
2861
2867
2860
2864
2864
2866
2870
2869
2875
2868
2862
2860
2850
2854
2850
2851
2846
2845
2854
2845
2849
2848
2845
2843
2840
2847
2850
2838
2845
2849
2849
2845
2847
2844
2840
2843
2837
2829
2829
2824
2824
2829
2825
2825
2824
2826
2837
2835
2837
2837
2845
2846
2845
2841
2843
2841
2847
2848
2851
2849
2850
2852
2844
2845
2850
2851
2857
2857
2857
2868
2865
2860
2872
2875
2883
2883
2885
2879
2884
2879
2882
2890
2891
2892
2896
2904
2908
2909
2913
2916
2922
2924
2932
2918
2905
2909
2904
2906
2909
2909
2916
2922
2928
2930
2921
2925
2933
2928
2928
2926
2928
2923
2935
2939
2930
2932
2932
2931
2926
2924
2931
2930
2934
2945
2954
2954
2956
2955
2959
2958
2958
2958
2951
2947
2941
2947
2955
2954
2957
