0.0009317241379310344 0.00014655172413793104
300
298
294
294
295
293
291
291
292
293
295
297
297
298
298
301
301
303
302
303
305
308
309
310
307
307
308
311
312
312
312
314
316
319
320
319
318
319
321
321
326
327
328
328
329
330
332
331
333
335
337
339
340
342
342
345
345
346
347
347
350
351
351
353
352
352
354
358
360
361
361
363
363
362
365
365
368
366
368
369
370
369
371
373
372
374
376
376
375
376
381
379
379
379
382
383
383
385
384
386
390
391
392
393
392
392
390
388
386
388
385
385
386
386
388
389
387
387
386
389
393
392
394
397
398
401
403
408
411
411
413
411
413
414
416
417
419
421
417
414
414
418
417
419
420
419
419
420
424
423
421
421
421
418
420
422
422
422
421
422
423
422
425
425
426
426
425
431
432
434
436
435
435
436
439
441
443
442
444
447
448
451
450
452
451
456
455
455
456
457
458
458
458
459
458
457
456
459
457
458
460
461
461
462
462
464
468
470
470
474
478
479
480
481
480
481
481
488
492
490
490
491
493
499
500
498
498
496
496
494
495
498
500
501
500
501
501
502
504
504
503
505
505
505
509
508
508
512
511
508
508
511
508
507
511
511
514
514
513
518
519
518
522
521
520
519
520
519
521
519
518
517
517
521
522
525
525
526
525
525
529
530
531
532
535
541
541
537
536
535
534
532
536
535
537
537
540
541
542
544
547
551
552
551
553
554
557
561
563
563
566
570
567
567
570
570
569
569
572
576
575
576
578
580
580
579
576
576
577
577
579
579
581
580
581
582
579
579
580
580
580
581
583
582
582
587
587
588
587
589
591
593
593
594
597
599
600
602
602
602
602
602
605
610
608
610
613
614
614
616
616
616
616
619
619
621
623
626
627
629
629
631
633
629
628
627
629
632
631
633
635
637
637
643
647
648
649
648
649
646
646
648
648
651
654
656
656
655
659
658
660
660
662
663
666
666
664
664
665
663
663
662
665
668
664
665
666
667
665
665
664
665
666
666
665
668
672
671
669
669
671
672
674
675
674
673
674
675
681
680
677
679
683
683
688
687
689
690
691
694
693
696
702
701
705
708
705
705
706
709
709
707
712
713
713
712
710
710
711
709
711
712
717
715
715
713
717
720
724
728
732
731
732
736
733
735
731
733
732
731
734
736
736
735
738
734
739
736
737
739
739
739
740
739
742
742
741
741
741
743
744
743
743
740
741
743
747
744
747
750
753
760
760
759
762
767
768
761
761
767
768
768
769
769
770
773
776
778
779
783
785
781
781
782
784
784
786
785
785
783
782
790
792
794
791
794
795
796
798
800
803
805
802
805
806
807
808
811
809
811
812
816
820
819
822
821
821
820
817
816
819
824
821
821
824
826
825
826
828
832
833
835
832
836
841
842
839
839
842
844
846
845
849
844
847
850
850
857
855
858
859
860
857
857
859
860
862
864
865
870
872
876
877
877
879
879
880
880
877
880
885
889
881
884
883
884
881
881
883
886
878
883
883
881
882
885
890
896
900
898
904
899
897
900
900
904
907
902
907
906
908
908
906
910
910
910
909
906
906
909
907
909
913
911
909
915
919
919
919
919
918
921
921
921
925
925
928
930
934
935
935
937
940
942
941
942
945
950
949
951
952
950
950
953
952
957
959
956
957
961
959
964
965
966
965
966
967
965
961
966
965
969
967
963
964
962
957
958
962
958
960
961
960
963
962
967
965
964
964
963
968
966
968
967
969
970
966
968
968
970
972
971
974
971
977
977
974
976
977
981
979
983
977
979
982
987
989
988
987
989
982
984
984
983
984
987
987
987
991
994
993
989
990
991
998
994
995
996
989
995
996
994
992
995
996
999
1001
1002
1003
1003
1003
1006
1009
1008
1008
1007
1003
1009
1004
1004
1007
1006
1002
998
994
995
996
998
1005
1008
1009
1007
1005
1006
1004
1004
1003
1001
999
999
1001
1006
1005
1009
1008
1008
1010
1015
1011
1009
1010
1012
1008
1006
1007
1005
1005
1004
1006
1006
1005
1009
1008
1006
1006
1005
1002
1003
1005
1010
1013
1015
1015
1019
1022
1020
1022
1025
1027
1029
1027
1030
1031
1029
1032
1030
1030
1031
1035
1031
1031
1031
1035
1028
1024
1021
1020
1025
1029
1028
1030
1033
1033
1032
1029
1032
1029
1026
1027
1028
1032
1036
1039
1041
1040
1042
1033
1041
1044
1043
1038
1042
1046
1042
1046
1047
1046
1044
1047
1051
1055
1053
1055
1058
1059
1059
1059
1059
1057
1060
1066
1067
1069
1071
1067
1066
1062
1064
1065
1069
1072
1076
1079
1082
1083
1083
1085
1090
1094
1092
1093
1096
1093
1096
1094
1091
1094
1095
1091
1092
1090
1089
1093
1097
1105
1108
1108
1104
1103
1098
1097
1097
1103
1101
1099
1102
1106
1103
1105
1105
1108
1110
1105
1108
1111
1111
1112
1116
1118
1119
1116
1115
1114
1114
1117
1118
1122
1121
1124
1124
1129
1129
1131
1133
1135
1130
1131
1130
1128
1128
1132
1132
1134
1130
1131
1133
1134
1137
1141
1143
1144
1143
1143
1146
1142
1141
1140
1142
1142
1147
1145
1144
1147
1152
1150
1152
1154
1154
1154
1158
1164
1159
1158
1160
1160
1165
1165
1166
1166
1165
1171
1175
1170
1169
1166
1171
1169
1160
1165
1168
1165
1160
1154
1158
1160
1167
1170
1170
1165
1166
1164
1170
1168
1172
1173
1175
1171
1178
1178
1185
1189
1189
1190
1189
1186
1193
1194
1194
1195
1196
1196
1198
1198
1200
1199
1201
1197
1193
1199
1200
1193
1193
1187
1189
1188
1196
1195
1200
1196
1202
1201
1209
1203
1195
1194
1192
1188
1190
1188
1189
1191
1195
1195
1197
1196
1194
1190
1189
1191
1198
1200
1196
1197
1193
1195
1198
1201
1200
1198
1197
1194
1192
1190
1189
1188
1187
1190
1192
1191
1194
1196
1196
1194
1197
1195
1201
1205
1199
1199
1201
1208
1208
1205
1209
1212
1210
1212
1211
1216
1212
1211
1216
1216
1216
1213
1219
1218
1221
1221
1220
1227
1225
1232
1225
1222
1224
1222
1225
1228
1230
1226
1224
1225
1228
1225
1221
1221
1220
1222
1224
1226
1226
1223
1223
1228
1223
1219
1220
1225
1227
1226
1229
1231
1233
1236
1237
1237
1236
1242
1241
1241
1241
1244
1246
1250
1248
1248
1249
1252
1255
1259
1261
1261
1259
1263
1270
1267
1265
1265
1263
1266
1268
1269
1271
1271
1279
1276
1278
1277
1274
1267
1273
1271
1273
1272
1272
1271
1272
1277
1280
1283
1289
1289
1285
1283
1278
1276
1279
1279
1278
1276
1277
1280
1279
1278
1276
1277
1277
1278
1277
1275
1279
1278
1281
1283
1282
1281
1285
1287
1286
1286
1291
1297
1303
1306
1301
1308
1315
1321
1323
1321
1319
1322
1322
1321
1323
1328
1333
1330
1329
1329
1330
1335
1336
1336
1336
1340
1343
1341
1341
1340
1337
1341
1342
1341
1336
1335
1336
1337
1344
1342
1342
1341
1343
1345
1347
1344
1341
1344
1347
1349
1351
1359
1364
1367
1370
1368
1367
1365
1365
1367
1373
1373
1372
1365
1366
1364
1364
1361
1360
1362
1365
1369
1372
1369
1373
1371
1373
1370
1369
1370
1371
1375
1372
1371
1375
1377
1384
1384
1383
1386
1388
1387
1389
1397
1395
1397
1396
1399
1403
1404
1405
1403
1407
1414
1418
1413
1414
1412
1416
1417
1417
1423
1421
1423
1425
1427
1426
1424
1418
1419
1420
1417
1418
1419
1419
1424
1425
1426
1428
1432
1431
1428
1427
1421
1424
1428
1429
1431
1427
1426
1429
1431
1434
1439
1437
1435
1433
1440
1437
1440
1446
1442
1444
1442
1444
1442
1445
1448
1451
1451
1447
1443
1438
1437
1439
1441
1444
1440
1440
1440
1435
1432
1438
1444
1443
1449
1448
1452
1458
1456
1457
1461
1460
1459
1465
1469
1463
1459
1458
1459
1466
1467
1469
1471
1468
1467
1470
1475
1474
1475
1479
1478
1481
1479
1482
1482
1479
1484
1486
1482
1482
1480
1481
1483
1491
1492
1490
1491
1488
1490
1497
1509
1511
1500
1503
1500
1498
1500
1496
1499
1500
1502
1505
1508
1512
1508
1507
1509
1510
1515
1518
1514
1517
1515
1512
1512
1516
1512
1511
1512
1511
1508
1513
1512
1509
1506
1514
1519
1515
1520
1524
1528
1525
1518
1525
1527
1526
1523
1517
1517
1515
1522
1521
1525
1525
1527
1533
1536
1537
1537
1538
1542
1551
1550
1548
1548
1555
1557
1563
1563
1566
1564
1557
1547
1546
1551
1548
1548
1554
1563
1563
1559
1562
1558
1559
1556
1559
1560
1564
1558
1559
1557
1561
1568
1568
1570
1570
1567
1568
1574
1571
1568
1568
1572
1577
1574
1571
1575
1577
1579
1579
1581
1585
1583
1580
1582
1588
1590
1589
1586
1591
1596
1596
1602
1595
1595
1598
1590
1591
1595
1597
1597
1596
1598
1596
1599
1599
1599
1605
1607
1609
1617
1617
1620
1627
1626
1629
1627
1640
1629
1625
1623
1625
1619
1626
1625
1623
1626
1622
1625
1625
1624
1626
1623
1624
1629
1630
1635
1636
1641
1644
1648
1647
1647
1649
1644
1646
1654
1656
1652
1656
1651
1650
1648
1646
1652
1659
1660
1662
1664
1670
1666
1666
1664
1662
1662
1667
1665
1664
1670
1671
1668
1682
1682
1678
1674
1667
1661
1661
1669
1673
1671
1668
1671
1667
1668
1665
1671
1669
1669
1672
1677
1682
1678
1680
1674
1675
1674
1672
1670
1669
1672
1673
1679
1677
1677
1675
1678
1680
1682
1683
1685
1688
1685
1679
1678
1682
1683
1679
1676
1683
1682
1677
1682
1685
1683
1679
1685
1685
1679
1677
1683
1683
1685
1685
1685
1684
1681
1682
1680
1680
1687
1685
1685
1685
1685
1689
1688
1689
1689
1690
1694
1691
1690
1687
1689
1691
1689
1690
1690
1691
1697
1695
1694
1691
1691
1688
1691
1696
1688
1689
1695
1694
1697
1700
1704
1705
1705
1708
1712
1711
1711
1710
1712
1715
1720
1721
1721
1724
1731
1735
1736
1734
1733
1732
1731
1727
1734
1725
1723
1721
1721
1724
1720
1720
1721
1725
1725
1725
1723
1721
1720
1718
1718
1718
1720
1717
1720
1719
1717
1713
1713
1717
1723
1732
1736
1738
1730
1727
1731
1724
1728
1732
1734
1730
1728
1728
1725
1725
1723
1719
1711
1714
1717
1718
1717
1715
1720
1715
1719
1715
1713
1713
1709
1713
1717
1713
1713
1724
1720
1719
1722
1722
1726
1725
1728
1726
1726
1722
1723
1726
1726
1727
1724
1722
1730
1732
1726
1729
1727
1732
1724
1721
1721
1718
1721
1714
1717
1721
1718
1713
1713
1718
1718
1714
1711
1708
1711
1701
1706
1703
1705
1712
1710
1710
1709
1714
1718
1717
1713
1715
1717
1715
1714
1715
1716
1713
1718
1721
1716
1724
1726
1719
1717
1720
1722
1723
1724
1715
1724
1722
1732
1732
1733
1740
1739
1736
1741
1734
1734
1732
1728
1732
1737
1738
1734
1736
1738
1729
1728
1731
1731
1731
1736
1737
1740
1742
1739
1738
1741
1750
1746
1748
1753
1751
1748
1742
1741
1736
1740
1742
1749
1752
1752
1754
1753
1752
1743
1741
1740
1737
1737
1739
1740
1739
1738
1734
1739
1738
1743
1747
1749
1744
1747
1755
1755
1753
1751
1754
1747
1746
1749
1744
1751
1756
1762
1758
1756
1759
1760
1766
1766
1765
1765
1762
1753
1761
1765
1759
1760
1760
1759
1761
1766
1765
1765
1768
1774
1777
1781
1781
1777
1780
1783
1781
1783
1784
1784
1793
1788
1784
1784
1785
1786
1796
1794
1790
1790
1792
1793
1795
1790
1789
1790
1787
1778
1779
1777
1786
1790
1786
1783
1783
1790
1795
1798
1795
1794
1799
1802
1808
1811
1809
1807
1812
1807
1804
1803
1801
1801
1802
1803
1804
1802
1803
1803
1803
1801
1802
1805
1816
1819
1817
1818
1823
1829
1835
1831
1845
1839
1839
1846
1845
1850
1856
1857
1860
1855
1854
1854
1853
1853
1854
1853
1856
1856
1848
1850
1852
1858
1854
1858
1862
1858
1863
1860
1854
1853
1857
1862
1858
1862
1863
1861
1860
1858
1861
1858
1862
1863
1865
1864
1865
1875
1883
1877
1873
1877
1881
1885
1879
1879
1879
1882
1880
1877
1880
1880
1884
1887
1883
1877
1878
1876
1888
1888
1894
1891
1892
1891
1891
1887
1887
1887
1895
1894
1896
1900
1899
1900
1895
1891
1894
1893
1894
1896
1894
1897
1894
1896
1899
1903
1902
1899
1905
1909
1909
1909
1907
1907
1907
1906
1898
1895
1894
1897
1903
1901
1898
1893
1894
1895
1893
1897
1901
1899
1899
1903
1895
1891
1891
1885
1884
1887
1886
1888
1891
1893
1894
1898
1903
1905
1905
1903
1898
1899
1902
1898
1898
1903
1898
1899
1894
1900
1900
1898
1897
1901
1904
1901
1903
1912
1913
1912
1909
1912
1912
1910
1913
1914
1913
1918
1915
1919
1921
1917
1918
1917
1923
1930
1927
1929
1928
1929
1925
1925
1922
1924
1929
1931
1939
1937
1932
1936
1933
1933
1931
1930
1937
1936
1931
1928
1919
1918
1922
1933
1932
1932
1927
1926
1927
1933
1929
1935
1935
1935
1936
1933
1934
1933
1935
1934
1931
1934
1930
1932
1928
1929
1935
1936
1933
1934
1933
1928
1930
1926
1930
1922
1921
1920
1919
1920
1916
1912
1910
1916
1926
1921
1919
1919
1922
1926
1929
1927
1925
1931
1936
1940
1938
1937
1941
1941
1941
1939
1938
1939
1945
1944
1948
1951
1946
1946
1945
1943
1944
1941
1928
1929
1932
1930
1928
1931
1925
1923
1927
1930
1924
1929
1929
1931
1931
1935
1938
1939
1937
1938
1932
1930
1926
1929
1931
1934
1945
1943
1946
1944
1942
1950
1949
1950
1955
1949
1955
1950
1947
1950
1951
1952
1951
1950
1956
1961
1962
1960
1964
1964
1960
1964
1957
1958
1953
1953
1945
1948
1950
1953
1954
1963
1960
1958
1957
1963
1967
1971
1975
1973
1975
1975
1965
1963
1960
1961
1959
1965
1974
1969
1965
1959
1961
1967
1959
1960
1962
1960
1967
1966
1969
1962
1957
1958
1957
1958
1945
1949
1954
1947
1948
1955
1956
1957
1951
1954
1955
1957
1959
1959
1957
1958
1961
1968
1969
1970
1974
1973
1970
1973
1980
1971
1970
1961
1963
1963
1966
1967
1969
1969
1977
1971
1972
1969
1962
1963
1956
1962
1959
1958
1959
1958
1960
1970
1969
1974
1971
1972
1967
1961
1957
1960
1959
1960
1958
1956
1959
1958
1959
1964
1963
1965
1960
1960
1967
1970
1973
1978
1982
1981
1980
1967
1966
1968
1971
1977
1975
1970
1966
1970
1972
1967
1965
1964
1974
1978
1986
1993
1992
1992
1989
1981
1983
1979
1981
1979
1983
1979
1976
1978
1981
1992
1993
1997
2000
2003
2008
2009
2004
2005
2007
2012
2009
2002
2001
2001
2008
2014
2011
2013
2011
2013
2007
2008
2005
2005
2001
2002
2011
2011
2006
2005
2006
2003
2000
1998
1999
2004
2010
2008
2016
2027
2025
2021
2018
2021
2025
2023
2022
2019
2019
2019
2013
2014
2018
2019
2026
2024
2021
2017
2011
2011
2012
2013
2017
2021
2014
2019
2019
2019
2021
2030
2027
2036
2037
2026
2034
2022
2025
2029
2030
2026
2026
2022
2020
2015
2020
2022
2021
2020
2021
2024
2026
2029
2034
2041
2041
2032
2033
2032
2038
2042
2044
2042
2047
2041
2040
2026
2027
2025
2027
2031
2030
2027
2032
2036
2031
2027
2028
2029
2027
2026
2019
2021
2018
2018
2016
2022
2025
2023
2024
2032
2033
2032
2025
2025
2026
2030
2021
2023
2025
2032
2037
2030
2034
2030
2029
2020
2021
2016
2022
2025
2029
2030
2030
2033
2033
2025
2028
2031
2028
2029
2029
2028
2038
2040
2032
2023
2023
2030
2036
2038
2037
2042
2034
2039
2041
2046
2048
2049
2052
2054
2056
2055
2046
2047
2055
2055
2056
2068
2059
2056
2054
2047
2060
2061
2063
2063
2063
2064
2070
2069
2073
2069
2066
2065
2076
2081
2081
2093
2092
2090
2098
2100
2106
2103
2101
2108
2115
2120
2117
2115
2114
2117
2117
2118
2113
2119
2117
2118
2108
2103
2107
2113
2109
2108
2110
2108
2109
2107
2108
2109
2106
2104
2107
2104
2106
2102
2097
2101
2104
2103
2104
2105
2107
2116
2114
2119
2130
2133
2128
2124
2118
2117
2114
2112
2120
2126
2130
2113
2120
2118
2121
2122
2118
2119
2121
2122
2111
2104
2099
2104
2104
2104
2110
2109
2110
2110
2112
2112
2114
2114
2109
2109
2107
2110
2106
2103
2106
2109
2110
2105
2112
2111
2119
2115
2119
2113
2110
2115
2117
2110
2109
2117
2111
2117
2120
2116
2117
2118
2118
2119
2119
2118
2125
2116
2113
2114
2115
2117
2117
2122
2120
2119
2120
2121
2125
2126
2133
2127
2134
2140
2138
2139
2133
2131
2129
2128
2133
2143
2145
2144
2151
2151
2153
2148
2151
2150
2151
2150
2149
2143
2143
2140
2147
2153
2158
2153
2154
2157
2158
2163
2167
2164
2169
2173
2174
2166
2163
2169
2171
2169
2175
2181
2179
2181
2179
2181
2186
2188
2191
2185
2178
2183
2184
2183
2184
2176
2182
2185
2185
2186
2179
2178
2179
2178
2180
2177
2185
2187
2187
2190
2194
2191
2187
2191
2197
2199
2203
2206
2203
2199
2196
2203
2201
2194
2198
2194
2200
2195
2194
2201
2196
2200
2201
2206
2211
2213
2214
2210
2213
2220
2222
2222
2222
2219
2216
2217
2211
2214
2216
2222
2223
2222
2221
2218
2217
2216
2208
2207
2204
2210
2207
2201
2204
2208
2213
2213
2210
2216
2211
2217
2218
2219
2222
2220
2221
2225
2226
2215
2214
2214
2215
2218
2217
2215
2212
2213
2213
2212
2216
2215
2215
2212
2215
2219
2223
2223
2224
2221
2222
2214
2214
2219
2223
2221
2227
2220
2220
2224
2225
2219
2215
2214
2217
2215
2221
2223
2219
2214
2211
2210
2211
2213
2209
2207
2203
2204
2202
2206
2207
2205
2201
2206
2211
2212
2220
2218
2222
2215
2211
2202
2205
2203
2195
2197
2197
2203
2202
2202
2201
2206
2204
2202
2203
2208
2203
2199
2210
2206
2216
2210
2208
2204
2197
2204
2204
2212
2213
2207
2214
2217
2223
2228
2222
2225
2229
2230
2226
2220
2224
2223
2218
2218
2220
2218
2216
2218
2221
2224
2225
2228
2228
2229
2228
2231
2235
2231
2240
2239
2242
2240
2240
2250
2245
2246
2239
2251
2247
2250
2244
2252
2265
2254
2251
2251
2245
2243
2248
2254
2254
2256
2261
2264
2264
2263
2261
2259
2260
2264
2268
2264
2255
2255
2252
2249
2252
2253
2258
2262
2268
2266
2261
2262
2259
2256
2255
2250
2258
2255
2258
2262
2264
2266
2259
2251
2260
2263
2266
2260
2263
2268
2273
2277
2274
2269
2263
2267
2277
2282
2279
2269
2270
2274
2269
2274
2269
2274
2266
2265
2272
2273
2275
2278
2283
2279
2283
2287
2284
2283
2284
2275
2285
2279
2280
2279
2291
2289
2293
2297
2297
2309
2303
2296
2299
2299
2293
2294
2288
2288
2290
2294
2305
2297
2301
2296
2294
2293
2295
2294
2296
2301
2301
2302
2308
2307
2311
2307
2315
2321
2322
2328
2334
2328
2330
2330
2326
2320
2321
2324
2318
2315
2316
2318
2324
2331
2334
2340
2339
2343
2341
2339
2343
2340
2344
2343
2333
2319
2320
2324
2322
2328
2335
2332
2335
2333
2333
2329
2331
2329
2336
2348
2355
2354
2361
2360
2357
2346
2342
2343
2348
2347
2338
2341
2336
2331
2337
2338
2344
2355
2351
2354
2350
2347
2348
2350
2353
2344
2343
2341
2343
2348
2344
2340
2335
2340
2343
2345
2344
2347
2351
2356
2357
2354
2351
2355
2357
2363
2367
2367
2365
2372
2374
2380
2376
2378
2375
2381
2377
2382
2386
2389
2382
2380
2389
2396
2395
2402
2404
2402
2395
2393
2387
2386
2382
2384
2387
2393
2397
2402
2408
2417
2424
2421
2426
2419
2420
2415
2410
2418
2421
2418
2417
2411
2411
2409
2412
2413
2421
2420
2417
2418
2425
2435
2446
2445
2438
2441
2434
2433
2434
2434
2439
2432
2430
2435
2442
2438
2439
2438
2445
2434
2432
2426
2422
2416
2421
2425
2429
2436
2437
2431
2421
2425
2418
2422
2423
2426
2434
2434
2440
2430
2427
2427
2425
2426
2435
2436
2438
2445
2446
2444
2437
2431
2432
2432
2431
2430
2422
2424
2427
2425
2427
2435
2433
2426
2426
2425
2428
2424
2428
2429
2430
2419
2420
2415
2417
2431
2430
2433
2421
2432
2442
2442
2438
2433
2427
2427
2428
2424
2423
2428
2430
2428
2427
2424
2425
2431
2426
2418
2412
2419
2422
2421
2423
2419
2418
2423
2428
2427
2427
2427
2424
2419
2423
2426
2429
2434
2427
2414
2423
2422
2424
2429
2434
2436
2431
2435
2440
2441
2444
2437
2437
2435
2436
2441
2435
2437
2426
2437
2432
2434
2443
2440
2438
2433
2428
2428
2422
2425
2423
2422
2420
2422
2420
2423
2417
2417
2421
2431
2430
2431
2428
2426
2420
2429
2428
2430
2432
2435
2433
2430
2423
2415
2424
2425
2425
2426
2435
2435
2439
2434
2444
2446
2454
2453
2467
2464
2467
2472
2472
2474
2478
2477
2473
2477
2472
2466
2474
2471
2477
2471
2476
2473
2473
2469
2463
2467
2459
2466
2469
2468
2471
2474
2478
2473
2471
2469
2467
2468
2469
2464
2472
2476
2464
2466
2459
2455
2455
2461
2459
2467
2468
2470
2472
2467
2466
2472
2468
2481
2479
2474
2476
2478
2474
2468
2471
2480
2488
2487
2483
2492
2491
2497
2506
2516
2519
2526
2535
2526
2510
2512
2511
2505
2505
2507
2506
2509
2509
2511
2510
2507
2511
2509
2507
2505
2504
2498
2498
2505
2513
2503
2496
2501
2495
2492
2493
2487
2485
2500
2503
2495
2491
2490
2492
2492
2493
2501
2500
2506
2502
2499
2498
2495
2498
2496
2500
2503
2506
2505
2508
2501
2499
2499
2498
2494
2497
2491
2496
2507
2502
2504
2501
2506
2502
2502
2499
2499
2500
2498
2493
2496
2487
2482
2485
2487
2486
2488
2492
2496
2503
2504
2501
2504
2503
2499
2501
2499
2491
2501
2491
2489
2494
2494
2496
2494
2495
2494
2494
2493
2496
2498
2498
2499
2493
2495
2494
2497
2500
2493
2489
2497
2505
2505
2505
2501
2501
2501
2500
2497
2496
2509
2503
2511
2510
2505
2506
2505
2497
2495
2500
2503
2504
2505
2495
2499
2501
2496
2491
2483
2488
2488
2485
2484
2485
2482
2485
2488
2499
2496
2492
2494
2491
2494
2494
2496
2500
2496
2497
2497
2500
2504
2502
2503
2506
2502
2496
2508
2523
2515
2502
2500
2500
2501
2502
2502
2505
2503
2511
2516
2520
2519
2522
2518
2513
2518
2528
2530
2529
2527
2534
2535
2524
2528
2520
2515
2523
2532
2535
2527
2522
2517
2514
2525
2525
2527
2530
2533
2540
2537
2530
2531
2533
2532
2531
2540
2544
2538
2534
2538
2535
2539
2537
2530
2525
2524
2524
2527
2537
2545
2543
2545
2547
2548
2549
2557
2554
2544
2547
2544
2546
2546
2546
2550
2555
2550
2551
2557
2570
2568
2565
2569
2571
2570
2567
2572
2568
2565
2561
2556
2555
2553
2549
2549
2554
2547
2545
2553
2551
2558
2568
2563
2559
2559
2568
2563
2568
2559
2557
2560
2566
2565
2562
2559
2555
2545
2543
2540
2536
2540
2535
2535
2534
2540
2533
2538
2533
2532
2538
2534
2535
2553
2551
2550
2546
2539
2544
2544
2548
2545
2545
2548
2548
2545
2539
2538
2545
2543
2556
2557
2555
2559
2564
2565
2561
2566
2568
2569
2561
2559
2565
2569
2580
2578
2570
2567
2562
2563
2559
2565
2566
2563
2556
2560
2557
2559
2551
2550
2554
2554
2549
2550
2552
2555
2560
2559
2563
2563
2559
2557
2554
2554
2555
2554
2554
2552
2550
2555
2556
2560
2557
2548
2554
2557
2553
2557
2557
2569
2571
2570
2564
2568
2567
2566
2564
2562
2566
2562
2562
2560
2557
2564
2564
2569
2570
2569
2571
2572
2575
2575
2572
2577
2574
2585
2585
2588
2593
2596
2599
2597
2597
2597
2596
2598
2598
2600
2596
2598
2604
2609
2611
2613
2609
2614
2611
2607
2599
2601
2600
2600
2599
2604
2595
2586
2586
2588
2576
2580
2576
2583
2587
2593
2592
2589
2586
2587
2589
2586
2585
2584
2586
2589
2592
2588
2598
2599
2598
2602
2597
2598
2588
2595
2599
2604
2603
2599
2602
2609
2599
2599
2596
2597
2596
2598
2590
2589
2599
2608
2610
2611
2613
2610
2609
2613
2622
2618
2617
2614
2611
2615
2624
2623
2626
2626
2619
2629
2629
2629
2628
2626
2621
2619
2629
2624
2623
2628
2624
2625
2628
2627
2625
2626
2616
2621
2615
2616
2618
2620
2624
2626
2632
2634
2639
2640
2647
2651
2648
2649
2650
2644
2637
2632
2633
2644
2638
2648
2660
2655
2649
2653
2651
2645
2637
2637
2637
2638
2641
2646
2644
2648
2648
2649
2646
2656
2660
2667
2667
2662
2668
2669
2673
2679
2678
2676
2674
2678
2676
2676
2677
2682
2684
2687
2690
2686
2693
2700
2697
2698
2695
2696
2687
2687
2686
2688
2694
2695
2687
2692
2691
2690
2694
2701
2701
2707
2707
2702
2701
2707
2709
2701
2705
2698
2699
2691
2701
2702
2693
2696
2694
2696
2695
2697
2695
2690
2694
2691
2688
2691
2698
2699
2703
2708
2707
2709
2710
2714
2717
2705
2710
2701
2698
2703
2708
2709
2700
2699
2701
2709
2697
2702
2704
2700
2701
2705
2705
2704
2707
2708
2709
2701
2696
2711
2720
2722
2706
2700
2703
2706
2702
2700
2702
2703
2705
2705
2704
2707
2710
2714
2712
2712
2713
2713
2717
2712
2711
2708
2709
2709
2702
2703
2697
2705
2704
2695
2699
2698
2702
2704
2700
2700
2698
2704
2715
2715
2714
2718
2712
2711
2717
2722
2725
2723
2725
2731
2720
2719
2723
2722
2720
2723
2728
2733
2730
2741
2735
2735
2730
2728
2724
2723
2725
2731
2732
2729
2722
2727
2729
2725
2725
2719
2718
2716
2716
2711
2713
2713
2716
2721
2718
2719
2713
2712
2718
2728
2733
2728
2722
2726
2726
2727
2715
2720
2723
2717
2716
2702
2704
2706
2699
2704
2704
2702
2701
2707
2702
2709
2705
2703
2701
2704
2712
2706
2711
2708
2710
2710
2706
2709
2705
2715
2715
2715
2720
2731
2730
2733
2726
2721
2724
2723
2714
2714
2717
2718
2712
2716
2719
2718
2722
2728
2722
2720
2725
2724
2726
2725
2734
2738
2740
2740
2736
2730
2726
2728
2733
2730
2723
2723
2721
2730
2737
2733
2734
2740
2746
2742
2747
2745
2743
2747
2746
2744
2746
2748
2750
2749
2746
2751
2753
2744
2746
2734
2737
2741
2742
2751
2746
2749
2752
2739
2734
2730
2734
2736
2740
2743
2746
2750
2741
2747
2747
2751
2751
2754
2753
2753
2752
2750
2750
2751
2754
2758
2756
2754
2754
2750
2754
2760
2761
2758
2758
2759
2760
2765
2770
2768
2767
2775
2777
2771
2765
2759
2752
2752
2756
2759
2755
2753
2754
2756
2757
2761
2754
2756
2757
2760
2765
2765
2770
2776
2771
2774
2773
2763
2766
2759
2759
2753
2764
2771
2769
2771
2776
2776
2777
2781
2780
2779
2778
2784
2781
2776
2767
2771
2773
2767
2772
2772
2775
2774
2778
2785
2785
2784
2789
2793
2792
2796
2786
2791
2794
2795
2793
2795
2798
2799
2801
2797
2794
2786
2784
2785
2781
2773
2789
2790
2797
2803
2793
2794
2788
2786
2788
2777
2776
2784
2791
2782
2771
2776
2777
2783
2791
2786
2786
2789
2794
2788
2784
2787
2787
2791
2788
2790
2799
2810
2810
2814
2817
2826
2827
2829
2818
2818
2807
2799
2804
2803
2806
2799
2803
2799
2795
2801
2797
2800
2795
2795
2798
2802
2807
2802
2803
2802
2811
2808
2816
2815
2819
2824
2819
2821
2822
2827
2828
2827
2827
2820
2828
2827
2822
2824
2820
2816
2821
2811
2810
2821
2827
2826
2826
2819
2822
2813
2827
2826
2829
2827
2827
2825
2823
2830
2828
2825
2817
2817
2818
2819
2820
2825
2826
2826
2827
2834
2828
2834
2831
2832
2837
2832
2836
2829
2827
2828
2823
2828
2832
2835
2828
2834
2841
2844
2842
2843
2846
2847
2855
2855
2854
2853
2858
2859
2850
2848
2850
2850
2848
2842
2849
2854
2852
2856
2862
2866
2864
2864
2861
2860
2867
2868
2868
2868
2864
2866
2868
2853
2844
2834
2841
2835
2827
2827
2831
2827
2828
2835
2832
2834
2833
2832
2833
2838
2844
2846
2840
2841
2845
2845
2844
2844
2854
2858
2861
2866
2867
2869
2867
2870
2875
2879
2879
2877
2875
2879
2874
2879
2878
2880
2876
2866
2866
2861
2855
2851
2853
2863
2864
2866
2865
2864
2868
2864
2863
2856
2853
2858
2849
2846
2847
2851
2849
2853
2853
2853
2865
2860
2856
2852
2859
2851
2855
2862
2861
2859
2862
2865
2860
2861
2853
2857
2848
2857
2855
2861
2862
2851
2852
2851
2853
2857
2855
2863
2854
2856
2857
2865
2864
2868
2867
2854
2851
2853
2856
2856
2862
2856
2858
2854
2857
2859
2857
2862
2858
2861
2862
2857
2854
2856
2855
2851
2860
2853
2862
