0.00031724137931034486 0.0007268965517241379
300
294
296
291
289
284
281
280
279
274
270
267
266
266
267
263
260
260
259
257
254
251
252
252
250
248
246
246
246
244
244
243
241
241
239
243
242
241
240
240
240
242
243
244
241
240
240
241
241
239
238
235
235
238
237
237
239
239
239
237
239
236
235
236
236
236
239
240
238
238
238
235
235
235
233
231
232
233
233
234
234
233
234
232
232
233
234
236
235
234
233
235
234
233
232
231
231
230
231
230
230
232
234
233
233
233
235
235
236
237
238
238
240
239
239
238
238
236
234
233
233
232
234
234
233
231
232
232
233
234
231
231
230
231
235
236
236
236
235
235
237
238
238
238
239
239
237
238
236
238
235
237
236
236
238
237
235
232
232
230
229
230
230
230
229
231
233
235
236
237
238
237
238
237
236
237
237
234
233
232
233
231
231
229
229
231
230
228
228
226
227
229
228
229
230
229
228
228
228
228
226
227
229
228
227
227
227
230
232
233
230
231
231
229
228
228
229
228
228
228
230
229
230
230
230
230
230
231
234
234
234
234
232
233
234
234
232
231
233
232
232
230
230
229
231
231
231
229
228
227
228
226
224
224
229
229
230
229
227
227
228
227
226
224
223
224
224
224
223
224
224
224
225
225
226
226
227
224
226
226
227
228
227
228
228
229
229
228
226
230
230
229
226
225
225
225
226
227
225
224
222
222
221
221
222
222
224
224
224
224
226
227
227
227
228
229
230
227
225
225
226
225
226
227
227
225
225
226
227
226
224
221
220
218
217
217
219
217
220
220
220
219
219
219
218
219
219
217
217
218
218
217
218
219
220
220
219
219
221
223
223
223
222
222
221
222
221
222
222
222
221
221
219
218
218
217
216
215
215
215
215
214
214
213
214
213
214
214
214
216
217
216
217
215
215
216
217
214
214
214
214
212
213
215
214
215
217
218
218
218
218
219
218
218
219
220
223
219
218
217
217
217
215
216
215
215
214
213
213
213
212
213
212
212
213
214
214
213
215
214
213
215
215
214
213
213
213
213
213
215
215
215
214
214
214
214
217
217
218
214
215
215
215
216
217
218
217
215
214
214
213
216
216
215
215
215
214
214
214
214
212
212
214
214
214
212
213
214
215
216
216
216
213
214
212
212
211
212
212
212
212
214
214
213
213
215
215
214
215
215
213
214
214
213
212
211
211
211
212
211
212
212
212
212
212
211
211
212
214
214
215
213
212
212
211
212
213
212
210
210
210
211
210
209
211
215
214
213
213
211
212
213
214
215
217
212
212
213
213
212
213
213
215
217
216
216
215
215
213
214
215
213
213
212
213
213
213
213
213
212
212
212
214
214
214
213
213
212
214
215
216
216
215
216
217
218
215
215
215
215
215
215
215
215
214
214
215
214
215
214
214
215
213
212
212
212
212
214
213
215
213
213
213
212
214
213
213
213
212
211
211
212
212
213
212
212
212
212
210
210
210
212
214
215
217
216
216
214
214
216
214
213
214
213
213
213
213
211
210
213
212
210
212
212
212
214
214
214
214
212
213
212
212
214
209
209
208
211
210
208
207
205
205
205
206
208
209
209
210
210
210
210
209
209
212
211
212
212
210
209
212
213
211
210
209
208
208
208
210
209
209
210
207
207
205
206
206
207
208
208
208
208
209
209
209
208
208
209
208
206
206
207
207
207
208
208
208
209
211
209
207
207
207
207
206
207
208
208
208
208
208
209
210
211
210
208
208
207
208
208
209
207
209
210
210
209
209
209
209
210
210
211
212
211
211
213
213
211
210
210
208
206
208
208
209
207
207
210
210
208
210
209
212
213
213
214
214
215
215
215
216
215
213
215
215
215
213
213
213
213
214
214
211
210
208
208
207
204
203
206
207
207
208
208
206
204
205
203
202
202
203
203
201
201
201
201
202
202
203
202
203
203
200
202
203
202
202
205
205
203
203
203
203
203
204
204
204
204
205
204
204
202
202
201
201
200
200
200
200
200
200
201
201
204
204
204
204
203
203
202
201
201
200
200
201
201
201
201
202
200
202
203
204
205
205
204
203
206
208
208
205
204
204
203
205
205
206
208
207
209
209
208
207
207
204
205
206
208
207
207
209
209
209
209
209
207
207
208
210
205
207
206
206
206
205
205
207
206
203
202
202
201
201
198
197
198
198
198
198
199
199
200
201
201
202
203
204
203
203
202
203
203
203
201
202
202
202
203
205
207
204
204
205
205
205
205
205
205
204
203
203
200
200
200
200
200
200
201
203
201
203
202
201
203
201
201
202
201
204
204
205
203
202
203
203
201
201
201
202
202
201
198
198
198
198
198
198
198
197
198
199
202
203
202
202
202
204
202
201
201
202
203
204
204
205
203
202
200
201
200
200
200
199
197
198
199
198
196
196
195
195
196
196
198
201
200
200
201
203
203
202
199
198
198
199
200
199
200
201
200
200
200
202
204
203
203
203
204
204
204
205
198
198
200
198
196
196
196
196
197
196
196
195
195
195
194
194
195
195
196
196
197
196
195
196
197
193
194
195
196
196
195
194
194
195
195
196
195
196
197
197
197
198
197
198
196
197
195
196
195
196
196
198
196
197
198
198
199
200
197
197
197
197
198
198
198
197
196
195
196
197
196
196
195
194
197
198
195
195
196
195
194
193
194
196
196
196
195
195
194
194
196
197
195
197
195
194
194
193
192
193
192
190
190
191
192
192
191
192
192
193
194
194
193
192
189
190
190
190
190
190
190
189
191
191
191
192
195
192
192
192
191
191
189
190
189
189
189
191
190
192
192
192
193
193
193
193
193
193
194
195
195
196
195
195
194
193
193
193
192
193
192
192
190
191
189
189
191
191
190
190
192
193
195
196
193
194
195
194
192
192
191
192
191
193
194
193
193
195
196
195
195
197
195
196
195
198
198
197
196
195
195
196
195
199
199
199
198
196
196
196
197
197
196
193
192
190
191
191
192
193
192
191
190
190
190
190
191
191
192
191
191
193
193
194
195
196
194
193
192
190
189
188
187
186
186
185
185
185
186
187
187
187
187
189
188
188
188
188
189
189
189
189
190
191
190
190
189
190
193
193
194
193
193
192
190
192
192
193
192
193
194
192
192
191
191
190
192
193
193
194
196
195
194
194
193
193
195
195
194
194
195
193
193
192
191
192
192
191
191
192
192
192
195
196
195
194
195
193
192
191
191
192
192
193
196
196
197
196
195
194
193
193
194
194
192
192
192
194
195
194
191
192
192
193
193
193
193
194
193
192
192
191
193
193
195
194
196
195
193
193
192
191
191
191
191
191
191
191
190
191
193
195
195
196
196
197
197
197
197
197
200
200
196
195
196
195
194
193
192
191
191
193
191
192
193
192
191
190
188
188
190
190
192
193
194
194
193
192
191
191
191
191
190
189
190
191
193
191
189
189
188
188
188
188
188
186
186
186
186
187
187
187
187
188
187
187
187
188
188
189
190
190
189
190
191
193
192
194
196
195
195
196
193
194
196
198
197
194
195
196
194
194
194
193
193
193
193
194
193
191
191
191
191
192
192
192
193
194
193
194
192
191
191
191
191
192
191
191
190
189
190
191
192
193
194
193
192
194
195
195
197
201
200
198
196
194
192
194
191
191
192
190
191
190
190
189
189
190
188
189
189
189
189
192
192
195
194
193
193
194
195
191
190
191
192
191
188
188
188
188
186
187
186
186
187
185
184
184
184
184
184
183
185
185
185
185
185
186
186
188
188
189
189
190
191
190
190
189
189
189
190
192
192
193
193
190
189
188
189
192
191
191
189
189
189
188
188
188
188
189
192
192
190
190
190
189
189
192
192
193
193
192
191
192
192
190
191
191
191
190
192
192
192
192
192
190
187
186
185
184
185
187
187
188
189
187
186
185
185
186
187
188
187
187
188
187
188
188
187
188
187
186
189
186
187
186
184
185
184
184
184
183
185
185
185
184
184
184
184
183
183
184
183
185
186
187
186
186
187
186
188
188
187
189
189
188
187
188
186
186
185
186
186
185
185
186
184
184
185
183
183
181
183
183
182
183
183
182
182
182
182
181
180
181
183
183
181
181
181
182
181
182
182
183
183
185
185
184
185
185
183
188
186
186
187
186
187
187
190
191
191
189
190
189
188
187
185
186
185
185
185
185
184
185
184
184
183
184
184
183
182
181
183
182
183
185
184
184
183
183
182
182
182
181
180
181
182
183
181
181
182
182
182
184
185
185
184
183
182
181
181
181
180
180
181
180
177
178
178
178
178
179
181
181
181
181
181
183
184
184
182
181
180
180
181
183
183
183
183
182
181
181
183
183
182
181
181
183
182
181
180
181
181
181
182
182
181
181
181
180
179
179
179
180
181
181
181
179
180
182
181
183
184
185
185
185
185
185
185
186
188
188
188
187
187
184
184
185
185
184
183
186
184
183
183
184
184
184
184
183
184
185
186
187
186
187
186
186
188
189
188
186
185
186
185
184
186
186
185
186
186
185
182
183
185
185
186
186
187
186
186
187
190
191
188
187
187
188
188
187
187
187
186
184
186
187
184
186
185
185
183
182
182
181
181
180
180
181
183
183
183
184
184
183
183
185
185
185
185
185
185
187
186
186
188
188
186
185
184
186
186
185
184
184
185
184
183
183
182
183
180
182
181
180
180
180
180
182
183
183
183
182
182
181
181
180
180
182
182
183
183
184
181
183
180
181
181
178
176
176
176
177
179
176
177
177
177
176
176
176
175
176
177
178
177
176
176
177
176
176
175
175
175
174
174
173
173
174
174
174
174
174
174
174
174
174
174
175
175
174
175
175
176
176
178
178
180
178
178
178
176
175
175
174
175
176
177
177
179
175
176
174
175
175
175
177
176
176
175
174
173
174
175
175
174
175
174
172
173
175
176
176
173
174
173
172
173
174
175
174
172
172
172
173
171
173
174
173
173
173
171
172
172
173
174
173
174
174
173
174
173
175
174
173
173
173
174
176
176
177
177
177
175
174
174
175
175
176
176
177
177
176
176
177
178
176
177
177
177
176
176
174
174
175
173
173
171
171
172
172
173
174
172
173
175
173
174
174
174
174
174
174
175
176
177
177
175
176
175
173
174
173
173
176
175
174
174
173
173
173
173
172
172
173
173
172
172
174
174
174
175
174
175
175
174
174
174
174
173
173
172
172
171
171
172
172
172
172
174
174
174
172
172
173
175
174
174
174
175
175
174
173
173
173
176
176
177
176
174
174
176
176
176
176
175
172
172
172
172
172
172
172
172
172
172
173
173
172
172
172
170
170
170
172
172
170
171
172
173
172
171
171
171
170
170
169
169
169
169
172
172
171
171
170
173
173
172
172
172
173
171
171
174
172
174
175
175
174
172
171
172
169
171
170
171
174
174
173
175
174
173
174
174
174
174
174
173
174
173
174
174
170
169
168
166
166
166
166
166
167
168
167
168
169
169
169
169
170
170
171
171
172
173
172
172
171
172
172
173
172
172
173
173
172
173
171
170
171
172
172
173
173
172
171
170
170
169
167
167
166
164
164
165
164
164
166
166
166
166
167
168
167
167
167
166
167
164
164
163
164
165
165
166
167
167
165
165
166
166
166
167
169
169
168
169
169
169
169
168
170
168
170
168
167
168
168
168
169
168
167
166
166
166
165
164
163
163
164
165
165
166
166
168
167
167
169
169
170
171
168
170
170
170
170
168
168
167
166
166
163
164
164
165
165
165
165
165
166
165
166
167
165
165
166
168
169
169
168
169
168
169
166
166
165
166
165
166
167
169
168
168
168
168
167
168
171
170
171
172
172
174
172
173
174
175
176
176
176
173
173
173
174
174
174
175
173
172
170
170
169
170
170
170
170
169
170
166
166
166
166
168
169
168
166
166
167
168
166
166
168
167
167
168
167
167
166
165
164
163
164
164
164
166
168
168
168
166
165
166
166
167
167
168
167
170
171
172
169
169
171
170
170
170
166
165
165
165
165
165
164
165
164
164
166
165
165
165
165
166
164
163
163
164
165
163
163
164
164
165
164
163
163
163
163
164
163
163
163
163
163
164
164
162
163
161
162
163
163
162
162
162
162
162
161
161
161
161
161
161
162
163
162
161
161
162
163
164
165
165
165
165
163
163
163
163
163
163
163
161
161
163
164
164
165
165
165
165
165
164
164
165
165
165
166
166
167
164
163
162
160
163
162
163
164
166
165
164
166
167
167
166
168
168
167
165
166
165
164
163
164
162
163
163
161
160
160
160
161
161
162
161
161
162
162
162
160
160
161
161
161
159
159
158
159
161
161
161
161
162
161
160
160
160
161
161
161
160
163
163
164
164
164
165
165
165
166
163
162
163
164
164
163
162
163
164
163
162
162
162
162
162
162
163
161
160
161
160
160
161
162
164
163
161
160
160
160
159
161
162
161
160
158
158
160
159
160
160
158
158
158
159
159
159
159
161
160
162
162
161
160
160
160
160
159
160
160
161
160
160
161
161
161
161
160
159
159
158
158
158
159
159
160
160
159
158
158
158
159
158
157
159
158
160
160
161
161
160
162
162
163
162
164
164
163
162
162
161
160
160
160
159
158
158
157
157
157
157
157
158
158
158
157
158
157
156
157
158
159
159
158
156
157
157
158
158
158
158
159
158
159
158
159
158
158
158
158
158
160
159
158
158
160
161
160
161
161
162
162
162
162
161
161
161
160
161
160
159
160
161
162
162
164
164
165
166
166
167
166
165
164
165
166
166
162
160
160
160
159
157
157
157
158
158
156
157
157
158
158
157
158
158
156
157
156
156
157
155
155
154
155
155
155
152
154
155
155
156
156
156
155
155
156
154
152
152
152
152
154
153
154
155
156
155
154
156
155
153
153
154
154
153
154
154
153
154
153
152
152
151
151
151
151
151
152
151
151
149
149
149
149
148
148
148
148
149
150
149
148
148
148
148
149
152
153
152
152
152
152
151
153
155
155
155
154
155
154
154
154
153
153
153
153
153
153
151
151
151
150
149
150
150
151
150
150
149
149
151
151
152
153
153
152
152
152
154
151
151
150
149
150
150
149
150
150
154
154
156
156
156
155
156
155
156
156
157
156
156
156
155
155
155
155
152
152
152
152
151
151
151
151
149
149
149
150
151
153
152
152
151
149
151
150
150
151
152
152
152
151
150
150
152
152
152
150
149
149
150
150
151
151
152
153
151
151
153
153
152
152
152
152
152
152
152
153
156
155
155
155
154
153
152
152
152
152
151
153
153
153
153
152
152
151
150
150
148
149
149
149
149
149
152
152
153
154
153
153
152
153
154
155
155
156
157
157
158
157
154
155
154
155
154
153
153
153
153
151
151
150
151
151
150
151
151
151
152
152
153
152
152
150
151
151
152
153
151
150
151
153
150
149
151
150
150
149
149
148
146
144
144
146
146
146
145
145
146
145
145
145
145
144
144
144
144
144
144
144
145
145
145
145
145
145
146
145
146
145
145
145
146
146
147
149
148
147
148
148
148
149
150
150
148
147
147
147
147
147
147
147
148
149
149
148
148
148
148
148
149
150
149
150
151
152
152
152
151
150
151
147
148
146
146
145
144
143
143
143
144
146
146
146
146
147
147
146
146
146
146
145
144
145
145
146
145
144
144
144
143
143
144
144
146
147
147
147
147
147
147
147
147
147
147
149
149
150
151
152
153
153
152
153
154
153
152
152
152
152
151
151
152
153
153
154
155
154
153
153
151
150
152
151
150
150
149
148
149
151
152
152
150
149
148
149
148
147
147
147
147
146
147
147
146
146
146
146
146
146
146
147
150
148
148
148
148
150
149
149
148
149
151
154
153
151
150
150
152
153
154
155
155
156
155
154
151
152
152
153
151
148
148
149
147
147
148
150
151
151
152
152
152
154
155
155
151
150
150
150
149
148
148
147
148
149
150
150
150
151
149
149
150
151
151
152
152
152
152
151
153
152
154
151
150
150
152
153
151
150
149
147
147
145
146
144
144
146
146
146
146
145
145
145
145
146
144
144
145
145
145
146
145
147
147
147
146
146
147
147
148
151
150
149
149
147
148
148
147
144
144
144
144
144
145
145
144
143
143
143
143
143
144
142
143
143
144
144
144
144
144
144
142
143
143
144
144
145
145
145
144
145
145
146
146
146
146
146
148
148
149
149
150
150
150
149
147
147
148
148
149
150
147
147
147
146
147
144
144
143
143
143
144
145
142
143
143
143
143
144
143
143
142
142
142
141
140
141
141
141
142
142
142
143
146
147
146
146
147
147
148
147
146
146
149
149
149
147
147
146
146
146
146
146
145
143
143
144
144
145
145
146
145
146
143
143
143
143
143
143
142
142
142
142
141
141
141
142
143
143
143
144
144
143
144
146
145
145
145
145
145
145
144
142
142
141
142
142
142
142
144
144
144
146
145
146
148
148
149
148
147
146
145
146
144
144
145
147
149
146
147
147
145
145
145
145
147
147
146
146
147
147
145
144
144
143
143
143
142
141
141
141
142
142
141
143
143
142
142
142
142
141
141
142
142
143
143
142
140
141
140
141
142
142
142
142
142
141
142
142
140
140
139
139
140
142
141
141
141
143
142
141
144
144
143
143
143
142
142
142
140
141
140
140
141
142
141
142
142
143
144
146
145
145
145
144
144
143
143
143
141
141
140
141
141
141
142
144
144
145
146
146
147
146
147
146
145
145
146
147
153
151
150
149
150
150
149
148
148
147
148
147
145
144
144
144
144
142
142
143
144
143
146
144
143
144
145
144
143
143
143
143
144
144
144
144
143
141
141
141
141
142
142
142
142
143
141
141
140
142
142
142
141
140
141
141
140
140
140
143
143
143
142
142
143
144
142
143
143
143
143
144
145
144
144
143
143
141
141
141
141
141
141
142
142
141
142
141
143
143
143
142
142
142
144
143
143
143
142
142
140
139
140
140
139
139
140
141
141
141
140
140
141
141
142
140
141
141
141
141
140
139
139
139
138
138
140
139
139
140
140
142
143
142
143
143
142
142
142
141
140
140
140
140
140
140
139
139
140
140
140
140
140
141
140
140
139
141
142
142
142
143
142
142
142
142
141
143
143
143
144
144
144
143
141
142
143
143
143
143
143
143
143
143
142
141
144
144
146
143
140
139
139
139
139
139
138
138
139
140
139
140
140
141
141
140
141
141
142
142
141
141
142
141
140
140
140
139
139
141
142
142
142
144
145
146
150
148
148
148
149
149
148
147
146
146
145
144
144
145
145
147
144
142
143
142
144
147
146
146
147
146
146
143
142
142
140
140
140
140
139
140
142
139
138
139
139
140
140
141
141
141
141
141
141
141
143
143
145
144
145
146
144
142
141
141
139
139
139
141
140
140
140
140
138
139
139
138
138
137
137
138
138
136
137
137
138
139
137
137
139
138
138
141
142
141
142
140
141
143
143
143
143
143
144
144
143
142
143
143
144
143
142
141
141
141
141
141
138
139
139
138
137
137
137
137
138
138
138
137
138
139
141
143
141
140
140
141
142
142
141
142
142
140
138
137
136
136
136
136
136
137
137
137
137
138
137
138
138
137
137
137
138
138
138
138
139
137
135
135
135
135
136
136
136
135
133
135
136
136
136
136
136
136
136
136
136
136
137
138
138
138
137
136
137
137
137
136
136
135
135
136
136
136
136
137
136
137
136
136
136
134
133
133
135
136
136
135
137
137
138
137
136
135
135
135
135
135
136
132
132
131
131
131
131
131
132
132
132
133
136
136
136
135
136
135
135
134
134
133
133
134
134
132
132
134
134
134
136
136
137
136
136
134
133
133
135
134
135
135
132
131
131
131
131
132
133
134
134
135
135
134
133
132
132
132
132
133
134
134
134
134
135
136
136
136
136
136
133
132
133
134
134
135
135
135
134
134
135
137
138
136
137
137
137
136
137
138
137
137
137
136
135
135
133
133
133
134
135
133
132
133
135
136
137
138
138
138
138
138
136
137
137
136
138
138
136
137
138
136
135
134
134
135
134
133
133
133
133
133
133
133
133
132
132
133
135
135
135
136
137
136
135
135
134
133
133
136
138
138
137
137
136
135
136
136
136
138
137
137
138
138
138
138
137
136
135
134
134
134
135
135
136
138
138
138
138
140
140
139
141
141
139
138
139
137
137
136
136
136
136
136
136
136
136
135
134
135
135
137
137
137
138
135
135
137
135
135
137
136
139
138
138
139
139
138
138
138
138
139
139
139
139
138
140
141
142
141
143
143
143
141
141
141
141
140
136
136
136
138
136
135
134
136
135
136
137
135
134
134
134
136
133
134
133
133
133
135
133
134
132
133
133
134
134
133
133
134
133
133
129
130
131
131
132
133
135
134
134
134
135
134
130
131
131
134
134
133
133
133
133
131
132
133
133
133
133
131
131
131
131
131
131
131
132
132
132
133
134
132
133
131
132
131
131
131
132
133
131
131
131
131
130
130
132
130
131
132
132
132
133
133
133
133
134
132
131
130
130
130
127
126
126
126
126
127
127
128
128
128
131
132
131
132
132
132
132
132
131
131
129
128
127
129
128
128
128
128
128
128
126
125
125
125
126
126
127
128
130
130
130
129
129
128
126
126
126
127
128
129
130
127
126
126
127
129
131
129
129
131
131
131
131
131
131
131
131
132
129
131
129
128
126
127
127
128
127
127
125
126
126
126
129
129
130
130
130
129
128
129
129
128
127
126
126
126
126
126
125
126
126
126
127
126
126
127
128
128
127
126
126
126
126
125
126
127
127
127
125
125
126
127
129
129
129
127
126
126
126
126
125
125
126
125
125
126
127
128
129
129
127
129
129
126
126
124
125
126
126
125
126
126
125
126
124
125
125
125
124
124
123
123
123
124
124
125
126
127
126
126
124
124
125
123
124
123
123
124
125
126
127
126
126
125
125
126
126
125
125
125
127
127
128
128
128
126
126
126
124
125
124
124
125
125
125
125
125
125
125
125
125
125
126
127
127
124
124
124
125
124
124
124
126
126
125
126
125
125
125
126
126
125
126
126
126
126
127
128
128
125
125
125
125
123
123
122
124
124
124
124
122
122
121
121
123
124
124
123
123
122
122
123
123
123
123
125
127
128
128
126
126
126
125
126
127
126
128
128
129
127
126
126
125
125
127
128
126
126
126
125
124
124
124
124
124
124
124
124
124
124
122
122
124
124
123
123
122
122
121
121
121
121
120
121
121
122
122
121
121
120
121
122
120
120
119
119
119
119
120
122
124
123
123
122
123
123
124
123
123
121
121
123
124
123
124
125
123
122
125
124
123
125
124
124
123
122
122
122
123
123
122
123
123
122
121
121
121
122
123
121
121
121
121
121
122
121
121
121
121
122
122
123
120
