0.0004537931034482759 0.0007610344827586207
300
290
274
267
260
258
256
253
246
244
243
243
238
237
237
234
230
230
229
231
226
227
225
224
221
219
218
218
215
215
217
216
215
212
212
211
212
210
213
212
211
210
208
207
206
207
205
205
204
204
206
206
206
206
203
203
206
206
208
208
207
206
207
207
205
206
204
204
205
204
205
205
205
207
205
205
203
204
205
202
201
200
200
202
202
202
202
202
200
202
202
204
203
202
202
202
200
200
199
197
197
198
197
200
199
201
203
204
204
201
203
202
201
202
201
201
200
203
203
200
201
203
203
203
204
203
203
205
205
203
205
207
205
205
206
209
209
206
203
203
203
204
205
204
205
204
202
202
201
200
199
199
199
199
198
197
195
198
198
197
195
196
197
196
195
195
193
193
192
193
193
193
192
192
194
194
194
195
194
196
196
196
199
198
196
198
199
202
202
201
200
201
200
198
198
198
197
198
198
200
200
201
201
201
198
199
197
197
199
200
198
197
199
200
198
195
196
196
197
198
197
194
194
193
192
193
192
192
192
191
192
192
192
192
191
192
192
192
194
194
194
195
195
194
194
193
193
193
193
194
193
193
191
192
192
190
192
193
191
191
191
191
190
192
193
193
194
192
192
193
194
194
193
194
194
194
195
197
199
198
199
199
200
199
199
200
199
196
196
196
196
198
200
200
200
202
204
204
205
204
202
203
204
204
204
205
205
204
202
200
199
200
200
200
198
198
197
197
196
194
194
194
194
196
193
192
192
192
191
190
191
193
189
189
189
191
191
191
192
191
191
192
192
193
193
193
192
193
193
192
192
192
194
194
195
196
198
199
199
199
198
198
197
197
197
196
196
194
194
197
197
198
197
195
195
194
193
192
192
190
191
191
190
189
188
187
186
187
187
189
189
188
187
186
186
188
186
186
189
189
188
188
187
187
186
187
187
186
186
187
188
188
188
186
186
186
186
187
187
186
185
186
184
184
185
185
185
185
186
187
185
186
188
188
185
186
185
186
187
187
186
186
182
181
181
180
180
179
179
181
181
183
184
184
184
183
184
183
181
181
181
183
183
183
184
184
185
183
183
182
181
181
181
183
183
182
185
184
185
184
185
185
184
185
186
186
188
188
188
190
189
189
188
188
188
187
186
186
187
190
189
189
190
190
187
187
190
188
186
183
183
183
182
184
184
184
185
187
187
186
186
185
183
183
182
183
186
187
186
187
187
185
185
183
183
183
185
182
180
180
181
182
182
181
182
184
181
181
184
184
184
184
183
183
185
185
185
185
184
183
184
183
183
183
182
182
181
180
181
179
179
178
177
175
176
177
177
176
177
176
176
178
179
178
179
179
181
180
179
178
178
178
175
178
178
177
176
174
174
175
178
178
176
176
175
175
176
177
177
177
175
174
175
178
177
174
175
176
176
176
178
178
176
176
177
177
177
176
177
177
177
178
177
176
176
176
176
176
176
176
176
175
175
173
173
174
176
177
177
176
176
176
177
178
178
176
176
175
176
175
175
174
174
176
179
180
179
178
178
178
181
182
183
179
179
179
181
180
180
179
179
179
180
178
177
177
175
174
173
172
173
174
175
173
172
172
172
173
172
173
173
174
173
174
176
175
177
177
176
177
178
178
177
178
178
178
178
178
178
177
177
176
176
177
176
174
173
171
173
173
174
174
173
172
172
172
172
172
174
174
174
174
174
173
172
172
171
171
170
170
169
168
168
169
169
171
174
174
173
176
176
176
175
176
176
175
174
174
175
175
175
174
174
173
173
173
174
171
171
170
171
171
171
172
173
174
174
172
171
174
174
176
176
177
178
175
173
175
174
176
174
174
174
174
172
172
172
172
173
173
172
172
173
173
173
174
173
174
172
172
173
174
173
173
172
173
173
173
171
172
172
172
172
173
172
173
172
172
172
174
173
171
171
173
174
173
173
173
172
173
174
174
175
175
174
175
174
174
174
174
174
175
174
174
174
176
176
175
176
174
176
176
175
175
174
173
174
174
175
174
176
176
176
176
176
175
175
176
174
174
174
173
173
173
175
174
175
177
174
174
177
176
175
175
175
177
178
176
174
171
173
173
171
169
170
170
168
168
168
168
167
168
169
168
164
165
165
166
167
168
168
168
167
167
167
167
166
167
168
168
170
171
170
169
171
170
167
168
168
169
170
171
171
172
173
173
173
175
172
173
175
175
174
172
170
170
169
170
170
170
170
169
166
167
167
167
168
168
167
167
165
164
163
164
166
168
167
169
168
168
167
167
167
168
168
166
167
166
165
165
166
168
168
168
169
169
169
170
168
168
166
167
167
166
167
167
168
169
167
168
169
170
169
169
169
170
170
169
169
166
164
164
164
163
163
164
166
166
167
169
169
171
170
169
169
170
170
170
171
171
171
170
169
166
166
165
166
166
166
166
169
168
168
168
171
171
170
169
169
169
169
167
167
166
165
168
168
167
168
167
168
168
170
171
172
174
176
176
174
171
171
171
171
172
169
170
170
169
169
169
171
172
172
172
171
170
168
167
166
166
166
165
165
166
169
169
169
168
169
168
167
168
167
170
172
172
175
176
174
172
172
172
173
174
173
172
172
172
172
172
171
172
170
171
167
165
164
164
163
163
162
162
161
162
162
162
162
164
164
165
164
164
164
164
164
163
164
164
163
164
164
165
164
163
164
165
166
165
164
162
161
161
160
160
158
158
158
159
162
163
163
163
162
162
164
163
163
160
160
157
157
158
158
158
158
160
160
161
159
160
160
160
161
161
161
161
162
161
160
161
162
162
162
162
163
161
160
159
161
162
162
163
162
162
158
157
159
160
160
160
160
161
160
160
160
160
163
166
167
166
166
165
163
161
161
161
161
158
157
158
157
158
158
158
157
158
159
158
158
158
158
159
158
157
157
157
158
158
158
162
161
162
163
163
163
165
165
165
165
163
162
161
159
158
157
157
158
157
158
158
158
157
158
157
156
156
156
156
158
160
160
159
158
158
160
162
160
161
160
161
160
160
159
159
160
160
158
158
158
158
158
158
158
159
159
161
162
162
163
163
164
164
162
162
162
162
161
161
163
162
162
161
161
164
163
161
162
162
160
160
160
163
163
162
161
157
158
158
158
158
158
158
159
158
158
158
157
158
159
160
161
161
162
161
161
162
160
164
161
161
160
161
161
162
162
160
160
160
162
160
160
160
161
162
163
163
167
165
165
165
162
161
161
161
160
160
158
158
158
159
159
158
159
159
157
157
155
155
155
153
153
152
154
155
156
157
159
160
162
163
163
163
162
161
161
161
161
158
158
156
155
154
154
154
153
153
153
153
153
152
152
153
154
154
154
153
153
153
153
153
154
153
154
154
155
155
154
154
155
156
155
155
155
155
156
156
155
156
156
155
156
156
155
156
157
156
157
157
157
157
159
158
159
159
161
159
159
160
160
160
158
159
160
159
157
158
155
154
155
155
156
156
155
154
154
155
156
156
157
156
155
155
155
155
155
154
154
155
155
156
157
157
157
157
155
155
154
154
156
156
157
160
160
160
160
160
160
159
158
160
161
160
162
163
164
165
165
165
166
161
161
161
160
160
160
160
160
158
157
158
159
160
160
162
162
162
159
158
157
156
156
154
155
155
157
156
155
155
154
153
154
154
154
155
156
156
156
158
157
157
158
159
158
158
158
159
158
159
160
161
161
162
162
162
161
159
160
159
157
157
157
155
157
156
157
158
159
161
160
159
158
159
160
159
159
159
160
159
158
158
159
157
159
158
158
158
158
157
157
158
159
159
161
160
160
161
159
160
160
158
155
154
156
157
157
157
157
156
157
159
159
158
158
157
156
156
157
157
156
156
156
154
154
154
154
155
157
156
157
157
156
158
158
159
158
160
159
161
160
159
158
161
160
162
164
165
164
163
163
164
160
160
160
159
160
160
159
159
159
156
156
156
156
155
157
157
157
156
155
154
154
155
154
154
153
155
154
154
155
154
152
152
152
152
152
152
152
154
154
154
153
155
155
155
155
158
156
156
156
156
157
155
156
158
158
159
161
161
162
162
159
160
160
158
157
155
155
156
156
158
158
156
157
159
159
160
161
161
162
162
163
163
162
162
161
160
159
160
159
159
161
161
162
161
160
158
158
159
158
157
158
157
156
156
156
155
156
158
159
159
159
162
161
161
160
160
159
158
156
156
156
156
158
159
161
163
162
161
162
159
160
160
161
160
159
161
162
164
163
163
162
162
162
160
159
160
161
160
159
157
157
157
155
155
157
157
155
155
155
154
159
159
158
156
155
155
154
153
156
156
158
160
159
158
156
155
154
154
155
157
159
157
158
155
155
155
153
152
150
150
149
149
149
149
150
149
150
151
151
149
150
150
149
148
147
147
148
148
148
148
148
148
148
148
149
149
150
150
151
151
151
151
151
152
152
151
150
151
151
151
153
153
153
154
154
154
153
155
155
154
154
154
155
158
158
156
156
157
158
158
158
158
155
155
156
155
154
154
156
157
158
158
158
158
156
154
154
154
155
155
154
155
156
157
157
155
158
156
156
156
156
156
154
155
154
155
155
155
154
154
155
156
158
157
156
156
156
155
155
156
155
154
154
153
152
153
155
155
155
156
156
157
157
157
158
158
157
158
156
156
156
156
156
156
155
155
155
156
157
156
156
155
155
155
156
156
156
156
155
156
157
157
156
155
154
153
153
154
154
152
153
154
155
154
153
153
153
153
153
153
152
153
154
155
156
157
156
156
156
155
155
155
155
154
152
152
154
154
156
154
155
156
156
155
157
157
156
156
154
154
155
155
155
155
154
156
156
158
158
158
159
159
159
159
158
159
158
157
155
154
156
157
156
156
158
158
161
159
157
156
155
154
154
153
152
151
150
151
151
150
150
150
150
150
150
152
153
153
153
153
154
153
152
152
153
153
154
153
154
155
153
153
153
153
153
153
152
152
152
152
152
152
153
154
154
154
154
153
154
154
154
156
157
156
156
156
156
157
157
158
157
157
157
157
156
157
157
155
154
154
154
154
155
155
155
154
154
156
156
156
155
155
155
154
153
154
156
158
157
156
156
156
157
155
154
156
156
156
155
155
155
155
157
156
153
154
154
154
155
156
157
156
157
156
155
156
156
157
158
156
156
156
158
158
156
156
158
157
155
156
156
157
157
156
159
154
154
154
155
155
156
155
153
153
153
153
153
151
150
149
149
149
149
150
151
153
153
154
154
153
152
152
151
151
151
151
151
151
151
152
152
150
150
151
153
152
155
154
153
151
151
152
153
155
156
155
154
153
152
151
151
152
151
153
153
153
153
153
153
153
153
156
155
155
155
155
156
156
155
157
156
155
153
156
151
150
150
151
149
150
152
152
150
151
153
154
153
154
153
154
155
155
155
154
154
151
150
152
151
150
150
153
154
155
157
157
156
157
155
156
156
153
153
156
154
154
154
156
156
156
156
158
158
159
157
158
157
157
155
155
154
153
153
151
150
150
150
150
150
149
148
148
149
150
149
148
150
152
152
149
147
147
145
144
145
146
146
144
144
145
147
149
151
152
151
151
151
152
152
154
154
153
152
151
150
152
149
149
149
149
149
149
147
147
149
147
146
148
148
148
150
150
149
149
149
149
149
149
149
150
150
150
151
151
151
151
150
149
152
152
149
148
147
149
149
147
146
147
146
146
146
147
148
149
149
149
148
147
148
148
147
147
148
148
148
146
146
145
144
144
144
144
144
144
143
145
147
147
147
147
147
144
144
143
144
144
145
142
143
143
143
143
144
144
147
147
148
148
145
145
146
145
145
145
145
145
144
144
144
143
146
148
149
148
148
147
147
146
146
147
145
146
146
147
146
145
147
146
146
145
146
144
144
144
145
144
145
144
145
147
147
148
147
148
149
150
150
151
150
150
151
151
147
147
147
148
145
146
147
147
147
146
144
143
146
144
144
147
149
150
149
149
150
151
153
152
149
150
150
150
148
145
145
145
144
145
147
147
151
151
151
152
151
150
150
151
152
153
153
150
150
148
147
147
147
146
146
147
145
146
146
145
145
148
149
149
150
149
150
150
151
152
152
151
150
149
149
149
148
148
147
146
146
147
147
147
148
145
144
144
145
146
145
145
143
142
142
142
143
141
141
141
141
140
141
143
142
143
141
140
140
139
140
139
138
139
141
141
142
142
141
140
140
140
139
140
141
142
142
142
141
141
141
140
140
140
141
140
140
139
139
140
141
142
143
144
145
145
144
142
143
145
144
144
144
143
146
146
146
146
148
145
145
146
147
148
147
145
145
145
144
144
144
143
143
142
141
141
142
142
144
143
142
142
142
140
139
142
143
140
141
140
140
140
139
139
139
140
138
135
135
135
134
134
134
135
135
135
135
135
136
136
137
136
137
136
136
136
137
136
136
136
134
134
134
133
133
134
134
138
137
136
137
138
138
141
141
140
140
140
141
140
140
139
140
139
139
140
140
139
139
139
139
139
141
141
140
140
140
143
142
141
141
142
142
142
144
141
140
140
140
140
138
138
138
138
138
138
138
138
137
136
137
137
137
138
139
139
138
138
139
137
138
139
138
140
141
141
140
140
140
142
141
140
140
140
141
141
141
141
138
137
139
138
138
140
140
139
140
138
137
138
137
137
136
136
136
137
137
138
139
139
139
137
137
137
137
137
139
139
139
142
142
141
142
143
144
143
145
145
146
146
145
146
147
147
144
144
143
142
140
142
141
142
142
142
139
140
140
139
138
138
138
135
136
138
138
141
141
141
141
139
139
139
139
137
138
136
136
136
136
138
137
137
136
136
136
136
137
137
136
134
134
133
132
132
133
133
133
132
133
134
135
136
136
136
136
137
138
140
140
138
138
138
137
135
135
136
135
135
135
136
136
134
133
133
133
132
135
134
135
135
135
134
135
135
134
135
135
137
137
137
137
136
137
138
138
138
139
136
137
137
139
138
137
137
137
137
136
136
136
135
135
135
135
135
136
134
133
133
133
133
133
131
132
132
132
131
129
130
131
130
130
131
131
132
133
130
130
130
131
130
130
131
131
132
131
131
133
133
133
133
133
133
133
131
131
131
131
131
132
132
132
133
132
132
132
132
130
129
129
129
129
129
129
129
130
131
132
132
133
133
134
134
134
133
135
133
132
133
133
133
133
134
135
135
133
133
133
131
132
131
132
131
131
132
131
131
130
130
130
131
131
132
132
133
135
133
133
132
134
133
131
131
131
131
131
131
129
129
130
129
130
131
133
133
134
135
134
134
134
133
134
133
133
131
131
131
132
132
131
131
131
132
132
134
132
132
133
133
134
134
134
133
134
134
134
135
134
135
133
129
130
130
132
131
131
131
129
127
127
127
129
129
130
130
131
131
130
129
129
131
132
131
131
131
132
131
130
130
129
128
129
130
131
131
131
131
130
130
130
130
131
133
132
131
131
131
129
128
128
128
129
127
128
129
130
129
128
128
128
128
128
128
128
129
127
126
126
127
127
127
127
126
126
126
128
127
127
129
128
128
128
128
129
130
130
130
130
129
129
129
129
128
129
129
129
129
128
129
129
129
127
127
127
127
128
128
128
129
129
129
131
131
130
130
129
128
127
126
126
127
127
126
126
128
129
127
128
127
128
128
125
127
128
129
128
129
126
127
127
128
129
129
128
128
128
127
127
127
128
128
128
128
127
127
127
126
126
125
126
126
127
127
128
127
126
125
125
124
124
125
125
124
124
124
124
125
124
126
125
126
126
128
128
127
129
128
128
127
125
125
127
127
127
128
129
129
130
129
127
127
127
128
128
129
129
130
129
128
128
129
129
129
128
128
128
130
131
132
132
132
130
131
128
129
128
127
127
127
128
127
127
127
126
125
125
125
125
125
125
125
125
124
123
122
122
122
122
122
122
122
122
122
125
123
123
123
123
125
125
123
123
123
124
124
124
124
123
123
123
123
124
124
124
125
125
125
125
124
124
124
125
126
126
127
128
128
129
129
129
128
127
129
128
126
126
127
127
125
125
126
127
127
127
126
126
126
126
126
127
128
126
127
127
128
128
127
127
128
127
128
127
127
126
126
126
126
125
125
124
124
125
126
126
129
130
130
129
128
128
127
127
126
127
126
125
125
126
126
125
125
125
126
125
125
124
125
126
126
126
127
128
128
129
131
131
131
129
129
129
128
128
130
129
129
130
130
131
130
127
126
126
126
129
128
126
126
126
126
126
127
127
127
128
128
128
129
131
131
129
129
131
130
130
128
127
127
126
125
125
125
125
125
125
126
125
125
123
123
123
123
123
123
122
122
122
122
124
124
124
125
125
124
124
123
122
123
126
125
124
124
124
124
124
123
123
123
124
124
123
121
120
120
120
119
121
120
120
120
121
121
122
124
122
121
120
120
119
119
121
122
121
120
120
121
120
119
119
119
120
120
121
121
120
120
119
119
120
120
120
120
120
120
120
119
117
117
117
118
117
117
117
117
118
117
117
117
117
117
117
118
118
118
118
119
119
120
120
118
118
118
118
118
118
120
120
118
118
119
119
118
118
118
117
117
118
118
118
119
120
119
118
118
118
118
118
118
118
117
117
117
118
118
118
118
120
120
120
120
120
120
121
122
121
120
121
121
121
121
120
121
122
123
123
123
123
122
122
123
124
124
123
122
122
122
122
122
121
120
120
121
121
121
123
124
125
124
124
124
125
125
124
124
125
123
122
123
123
123
121
121
122
122
122
123
123
122
122
124
124
123
124
125
124
124
123
122
122
123
125
126
126
126
126
126
126
125
125
125
125
125
125
126
126
126
125
124
124
120
119
119
120
119
118
116
116
117
117
118
118
120
120
118
118
118
118
119
118
118
118
118
118
118
118
117
118
118
117
117
118
119
118
119
120
121
121
120
120
120
121
120
120
119
119
120
122
121
122
123
122
122
122
121
120
119
119
117
118
119
119
119
119
118
119
119
120
121
120
121
120
120
119
119
116
116
117
116
117
117
117
119
119
119
120
118
118
118
119
118
117
118
118
117
118
120
120
120
119
118
118
117
118
118
120
121
120
121
120
119
119
120
119
118
118
118
117
117
117
116
116
116
117
116
115
114
116
116
115
115
115
117
116
115
115
115
115
116
115
116
115
117
115
115
114
114
113
114
114
114
113
113
114
114
116
117
117
117
118
117
115
114
114
115
116
115
115
115
115
116
116
116
116
115
116
115
115
115
115
116
115
115
113
112
114
114
114
113
113
113
114
114
114
113
113
112
113
113
113
113
114
114
114
114
114
113
113
112
112
111
111
111
110
110
110
112
111
112
113
113
114
114
116
116
116
115
116
116
116
116
115
116
114
114
114
114
114
114
114
114
114
115
114
114
114
115
115
115
115
115
115
116
117
118
117
116
118
118
119
119
118
118
118
120
119
121
121
119
115
115
115
115
116
117
116
117
116
116
116
116
116
118
119
119
118
118
118
117
117
118
116
117
117
117
117
115
117
117
117
117
117
117
117
117
116
117
116
116
115
116
116
116
116
115
115
116
116
117
115
115
115
115
114
114
114
114
114
114
115
115
115
112
112
111
113
113
112
112
113
112
112
113
114
115
115
115
115
114
113
114
115
115
115
116
117
116
113
115
114
113
113
114
113
113
115
116
115
114
115
114
115
116
114
114
113
112
112
112
113
112
113
113
113
113
113
114
114
113
114
114
113
113
113
112
112
112
112
112
111
111
111
111
111
111
112
113
115
115
113
114
114
114
114
113
110
110
111
110
110
110
110
110
111
110
110
110
110
110
108
108
107
107
107
108
109
109
110
110
108
109
110
111
111
111
112
112
112
112
114
115
115
114
112
112
111
110
110
112
112
112
111
111
111
111
111
111
110
110
112
111
111
111
111
110
109
109
109
109
110
110
110
111
111
111
112
113
113
111
111
111
111
111
110
110
111
111
111
109
109
109
109
109
107
108
108
108
107
108
109
108
108
110
110
109
110
110
110
111
111
110
109
109
108
108
108
110
109
108
109
109
109
109
109
108
109
109
110
110
110
112
112
112
110
111
110
110
108
110
110
110
111
111
110
110
110
109
110
111
111
111
111
110
109
109
108
107
109
109
111
112
113
114
113
112
112
112
112
111
111
110
109
110
110
110
109
108
107
106
106
107
107
106
107
109
109
108
108
108
106
106
107
107
107
107
107
107
107
107
107
106
108
108
107
107
107
107
108
107
108
109
111
111
112
110
110
108
109
109
108
109
109
107
106
105
106
106
106
107
106
106
106
106
104
104
105
105
106
107
108
107
107
108
109
109
109
109
108
108
108
108
109
111
111
111
112
112
112
112
112
115
115
115
116
116
117
117
115
115
113
114
115
114
112
112
112
112
112
111
111
111
111
111
110
110
110
110
110
110
110
108
108
109
109
109
108
108
107
107
106
105
105
105
106
106
106
107
108
108
108
108
109
108
108
109
108
107
107
107
108
108
108
109
109
109
108
107
107
108
109
109
108
110
110
109
109
109
110
109
109
110
108
109
109
110
110
112
112
112
110
109
109
109
108
106
106
107
106
107
107
107
107
108
108
108
109
109
111
110
110
110
111
112
111
111
110
108
107
107
108
109
109
108
108
107
109
110
110
111
112
111
108
108
109
109
109
107
108
108
107
106
105
105
105
104
104
104
104
104
106
105
103
104
104
105
105
104
104
105
105
106
106
104
106
107
107
107
107
107
108
110
110
109
110
109
110
109
109
110
110
110
112
112
111
110
109
109
111
108
107
107
108
106
106
106
106
106
107
107
106
107
105
105
105
105
106
107
107
107
107
107
108
109
108
108
107
107
106
107
107
106
105
104
105
105
106
106
106
105
105
104
107
107
107
107
107
107
107
108
107
108
108
108
109
109
109
108
106
106
107
107
108
108
108
110
111
111
110
109
109
108
109
108
108
107
108
109
110
111
109
109
108
109
109
109
109
109
109
109
109
109
110
110
112
113
114
113
112
113
112
112
111
111
109
110
110
111
110
111
111
111
112
112
111
111
110
110
111
110
112
112
113
112
110
110
109
108
105
106
107
108
108
108
108
107
109
109
108
107
106
108
109
109
109
111
111
111
112
110
110
110
110
110
111
110
110
111
111
111
112
113
112
110
108
108
108
107
108
106
106
105
105
106
107
107
108
109
107
107
108
107
107
105
106
106
106
106
106
106
106
106
106
107
108
108
106
106
105
105
104
105
105
105
106
107
108
107
107
107
108
107
108
108
107
108
107
107
106
106
108
108
107
106
106
106
106
106
106
106
106
105
106
106
105
104
105
105
106
105
104
104
104
106
105
106
105
104
104
103
103
103
103
103
104
104
104
104
103
103
102
102
