0.0007268965517241379 0.0004537931034482759
300
299
295
295
290
285
280
278
276
277
276
276
275
271
268
268
264
261
259
259
256
257
256
255
257
256
253
253
253
250
249
246
247
247
245
244
242
241
242
242
242
242
241
240
239
239
240
239
238
239
239
236
237
237
235
235
235
235
235
237
237
236
236
235
235
234
233
234
233
233
232
232
233
236
234
234
234
234
232
233
231
231
233
232
233
235
234
235
236
238
239
239
238
241
240
241
242
241
240
240
240
241
240
238
239
238
240
240
240
242
242
240
240
240
241
241
241
241
238
238
239
239
238
237
235
236
234
234
236
238
239
238
239
239
239
241
241
241
241
242
243
243
241
241
239
241
241
241
243
246
247
247
246
246
246
245
246
244
241
241
240
239
238
238
239
240
240
241
245
243
244
244
244
240
240
240
241
242
243
242
243
242
240
240
241
241
245
243
241
241
241
239
239
239
240
239
237
237
237
236
237
235
234
236
237
236
235
234
235
236
237
237
241
243
240
238
238
238
238
238
239
240
240
241
240
238
239
238
239
240
240
241
240
243
242
245
246
245
243
242
243
245
244
243
244
241
238
236
236
238
238
240
240
239
236
239
241
241
243
241
240
240
241
242
242
241
243
244
246
242
242
241
240
242
241
241
240
237
235
237
239
240
243
242
243
239
239
238
236
236
236
234
235
234
234
233
233
230
231
231
234
232
235
237
238
237
240
242
240
240
240
240
241
239
241
240
239
238
239
236
236
238
238
238
236
234
234
231
231
233
235
235
234
231
233
234
234
234
235
234
234
233
233
234
234
236
236
236
236
235
236
235
234
236
233
233
232
231
231
234
234
231
233
232
232
234
234
235
236
236
234
234
234
235
236
238
239
239
238
238
238
236
237
238
238
238
236
238
238
237
239
240
236
239
239
240
240
237
239
239
239
237
238
238
240
242
237
234
233
233
231
233
232
232
231
230
230
231
232
232
229
230
230
230
230
230
232
233
232
232
230
227
226
225
223
224
224
227
227
226
226
226
227
227
227
228
227
225
225
225
227
226
227
228
228
228
230
230
231
231
233
236
233
233
231
230
232
233
232
231
230
230
231
233
233
236
236
238
239
238
240
237
237
239
239
239
240
242
240
240
239
239
240
238
239
237
237
234
234
234
236
236
238
239
237
237
237
236
236
235
236
237
235
236
234
235
237
238
238
236
235
237
237
238
239
238
239
242
243
242
242
243
242
242
242
241
243
242
242
244
244
246
246
244
243
243
241
240
238
239
238
238
238
238
236
236
236
236
237
237
238
237
239
237
238
236
237
236
236
234
233
233
231
232
231
235
232
231
233
232
228
229
227
228
228
229
231
231
232
232
232
233
232
231
233
232
232
234
235
234
238
240
241
240
240
237
235
233
235
235
236
235
234
234
234
230
230
231
231
230
231
228
228
230
230
230
230
229
230
229
228
229
229
232
231
233
232
233
231
231
233
232
230
231
232
233
234
233
235
234
234
235
235
234
235
236
239
239
238
237
236
237
236
234
235
235
235
238
238
237
238
238
238
238
234
235
236
237
236
235
236
236
237
239
237
234
231
234
233
234
236
234
236
238
237
237
237
235
234
234
237
237
237
237
237
237
241
240
241
240
239
236
237
237
238
234
234
233
235
235
233
231
231
236
237
237
237
237
236
237
237
235
236
235
235
234
234
234
235
236
236
234
233
233
232
233
234
238
237
239
237
239
239
239
240
240
242
245
244
245
242
240
239
239
238
238
240
239
239
239
238
241
242
244
242
243
241
242
240
238
240
239
239
239
236
235
237
238
240
242
244
245
244
246
247
249
252
251
249
247
245
247
249
246
247
245
246
244
243
242
241
240
239
239
238
237
236
232
233
233
233
232
231
233
233
232
233
232
233
234
235
235
236
236
237
240
239
243
240
241
240
238
238
236
237
239
238
239
238
238
241
243
242
241
241
241
241
239
238
238
239
238
238
238
236
236
238
238
237
238
239
237
237
237
235
234
234
235
235
234
233
234
235
234
235
237
238
237
238
236
236
235
233
233
233
234
237
236
236
235
233
234
233
235
234
232
232
233
235
235
236
234
233
233
231
231
230
232
231
231
231
231
231
228
229
228
229
230
234
233
231
231
232
234
232
231
230
231
233
232
232
233
235
236
236
236
237
238
239
239
238
237
237
235
236
235
238
238
237
237
237
235
236
238
237
238
239
242
241
240
239
237
236
237
240
240
242
242
241
242
240
240
240
240
240
241
242
241
242
241
243
243
243
242
241
242
240
239
236
235
234
233
232
232
232
227
228
228
226
228
229
229
231
233
230
229
231
230
231
231
234
233
234
231
229
229
230
229
231
231
229
230
228
229
228
227
230
231
232
231
230
229
231
231
232
233
235
234
235
235
233
232
231
231
227
226
225
225
227
226
227
226
226
228
228
230
230
231
229
228
228
228
228
231
232
230
230
229
229
230
229
228
227
228
227
228
230
230
227
230
227
228
229
227
225
224
227
225
225
225
225
225
225
224
224
222
224
225
223
225
228
228
228
228
228
229
229
230
231
230
230
231
231
231
230
230
229
232
233
231
229
229
229
228
227
228
229
227
228
229
228
228
228
226
225
225
225
226
226
226
225
225
226
227
227
229
228
225
223
223
225
225
227
228
226
225
225
228
229
229
230
229
227
228
227
226
227
226
228
226
226
226
228
226
227
227
227
230
230
230
231
231
231
232
232
232
232
232
231
231
228
227
230
230
229
230
228
227
227
226
225
226
224
224
224
222
222
222
223
224
224
224
224
224
222
222
223
225
227
225
227
228
230
231
231
233
231
233
233
231
231
231
231
230
229
229
229
229
228
228
228
228
227
226
228
227
228
228
226
226
227
227
226
229
228
226
229
228
227
226
225
225
226
225
227
227
228
227
227
229
229
229
229
230
231
227
228
227
227
227
224
223
223
224
223
223
223
219
221
221
223
223
223
224
224
224
225
223
223
225
225
226
229
230
231
231
231
231
230
228
227
226
226
226
227
229
228
227
227
227
227
227
225
226
227
228
229
228
227
227
227
228
228
226
227
228
228
228
228
229
231
232
233
231
229
228
229
229
228
229
228
229
229
229
228
229
231
230
231
233
232
233
234
236
237
238
239
238
237
237
237
234
233
234
236
237
236
233
232
233
238
235
235
235
234
234
236
236
233
234
233
229
228
227
227
229
230
232
233
232
233
234
235
235
234
233
233
235
232
233
234
232
229
227
226
227
228
226
225
224
225
226
227
225
227
226
226
227
227
227
225
224
224
221
223
225
226
225
226
224
225
226
228
230
227
228
228
226
226
225
224
226
226
224
226
225
227
228
229
228
232
231
231
230
231
234
234
234
235
233
232
235
235
238
241
241
240
236
231
230
229
228
229
229
229
229
228
229
227
226
227
227
227
227
227
226
227
227
228
230
231
230
229
230
231
230
231
231
230
230
230
229
231
231
230
230
229
230
231
230
230
229
228
229
229
228
229
229
226
227
227
228
230
232
231
231
235
235
232
231
231
228
229
232
233
232
233
235
236
235
234
231
235
234
233
233
234
234
234
233
231
235
234
234
234
234
235
236
239
240
239
238
238
238
238
239
236
236
235
234
237
238
239
240
240
239
238
237
234
234
233
234
233
230
230
230
230
231
230
229
229
228
229
229
227
226
228
228
229
230
231
227
225
226
228
229
229
229
231
231
231
230
231
229
229
229
230
229
229
229
227
226
227
228
226
226
225
223
223
223
221
222
224
224
225
223
225
222
219
219
221
220
219
221
222
223
221
222
222
222
222
221
222
221
220
220
221
222
223
223
225
224
220
218
220
219
220
218
217
218
217
217
216
216
218
216
216
215
214
215
217
218
220
220
218
219
218
217
217
217
218
220
218
217
216
216
217
215
215
217
216
216
218
218
218
219
221
226
225
224
224
226
225
223
221
218
219
217
218
218
218
219
219
219
219
219
221
221
219
219
220
218
216
216
218
218
216
214
210
211
211
211
213
213
212
209
210
212
213
213
212
210
209
209
209
209
207
208
208
207
208
209
209
210
209
208
208
207
207
208
210
211
211
211
209
211
211
211
212
211
212
212
213
213
213
215
215
215
213
212
214
215
215
213
213
210
209
211
209
210
209
211
211
208
211
211
211
210
211
212
211
212
213
215
213
213
213
213
213
214
214
214
214
216
214
214
217
217
217
217
219
220
221
221
220
221
223
222
222
224
225
225
224
226
228
227
228
226
225
225
225
225
223
224
224
222
223
222
223
223
224
224
224
225
224
224
226
224
225
225
226
224
222
222
222
222
220
221
221
222
223
223
220
220
220
222
223
224
222
220
220
220
218
218
218
219
219
221
221
223
223
225
224
227
225
225
226
224
225
224
222
225
224
222
224
225
224
224
223
223
225
222
220
220
219
219
220
220
222
222
223
224
223
223
224
223
226
226
228
224
228
228
227
227
225
223
224
224
220
218
218
220
219
218
219
219
219
217
215
215
215
216
217
215
215
217
217
217
215
215
217
217
216
214
213
213
212
211
213
213
216
216
217
216
216
216
212
212
212
212
213
214
213
213
214
213
213
212
212
209
209
208
208
209
209
209
211
210
211
211
210
210
211
212
212
210
210
208
209
209
209
212
212
211
211
211
210
212
211
212
211
210
210
210
208
208
207
206
204
206
207
208
207
207
206
205
205
205
205
207
207
206
205
206
206
208
208
209
209
209
210
210
213
212
211
212
210
211
211
211
210
210
209
209
208
207
206
207
208
206
206
205
204
204
204
205
209
210
209
208
208
206
206
208
207
208
209
209
209
212
214
214
211
214
213
212
210
209
207
208
208
208
210
209
209
210
209
210
209
206
206
207
208
207
210
212
213
213
211
212
213
212
213
213
212
210
210
207
207
205
204
204
204
203
205
206
207
207
207
208
208
208
209
208
209
209
209
209
210
210
210
210
211
210
212
211
210
210
212
213
213
214
213
211
212
212
212
213
214
215
216
214
213
213
213
214
214
214
214
214
214
215
215
217
219
218
220
214
214
216
216
217
217
216
217
218
219
219
219
223
221
222
223
222
221
220
221
221
221
222
222
220
221
221
223
224
223
221
220
220
222
222
222
221
219
220
218
218
219
220
220
220
219
219
219
219
218
215
213
213
214
216
214
215
216
215
215
215
215
216
215
218
220
218
219
219
221
221
220
219
215
214
215
215
214
215
214
216
216
218
220
220
220
219
219
219
219
218
215
215
215
217
215
217
214
213
214
211
211
211
211
211
210
211
212
213
214
214
216
215
215
213
213
212
212
212
212
211
211
211
212
214
211
211
211
211
212
214
213
214
213
211
211
211
210
212
212
213
213
212
211
212
212
212
211
211
211
212
212
213
214
215
214
213
213
213
213
216
213
214
217
218
220
221
221
221
221
223
220
220
220
219
220
221
217
218
217
218
217
216
219
220
221
220
220
219
220
220
219
220
220
219
219
219
219
219
220
223
222
221
219
220
222
223
225
223
227
231
226
223
223
222
222
220
219
219
218
216
216
214
212
214
217
217
216
216
216
216
214
214
212
212
211
212
213
211
210
212
212
213
212
214
211
210
209
208
210
210
210
210
210
208
208
207
207
209
209
207
206
207
206
206
207
208
208
208
211
211
211
212
211
211
211
211
212
214
216
214
213
210
210
210
210
209
210
212
212
216
213
214
213
216
216
214
215
214
213
211
210
211
212
213
215
214
214
213
213
212
209
208
208
207
208
209
209
210
210
208
210
208
208
209
208
208
208
208
209
209
211
212
210
209
210
210
208
208
208
208
209
211
211
208
210
211
210
212
211
210
212
211
210
210
211
212
211
211
208
208
208
210
211
211
209
206
205
205
206
205
206
205
206
206
206
206
204
203
203
204
203
201
202
202
201
200
201
200
201
201
201
201
200
198
199
201
202
201
202
202
202
202
202
202
204
205
206
205
206
206
208
209
206
208
209
209
210
210
209
208
208
206
206
207
207
206
205
203
203
202
204
205
204
204
205
205
203
203
204
204
207
206
206
207
205
207
210
209
209
208
206
207
209
211
211
212
213
212
213
213
212
213
214
214
217
216
216
214
213
211
210
213
212
214
213
212
210
210
209
209
208
209
208
209
207
208
207
208
206
206
203
203
203
204
206
207
211
210
208
207
207
207
209
208
209
206
207
207
205
205
206
206
208
208
207
208
206
207
208
208
210
210
211
211
212
215
214
213
213
214
216
216
217
215
216
215
219
216
217
217
215
216
215
216
215
215
214
212
213
210
211
212
214
212
210
208
209
211
212
211
210
210
209
212
212
212
212
213
216
215
217
217
217
219
218
219
217
217
214
214
215
215
212
213
210
207
206
206
208
207
207
209
208
208
209
210
209
210
211
210
210
207
206
207
207
206
205
204
205
206
205
202
202
202
201
199
198
198
198
198
199
199
198
197
198
198
197
196
195
195
195
195
194
194
195
195
196
195
198
196
194
195
195
195
195
192
192
192
191
190
189
189
189
190
192
193
197
197
198
195
197
197
198
198
196
197
197
193
194
194
196
197
196
195
195
195
195
196
194
194
194
192
192
193
193
194
193
192
194
193
193
193
192
190
193
194
193
193
192
193
192
194
195
197
196
196
196
198
199
200
200
197
198
196
195
195
193
193
196
196
192
190
190
190
188
189
189
189
189
187
187
188
187
188
190
190
190
189
189
189
187
187
187
187
187
187
188
188
188
188
186
187
187
187
188
188
188
189
188
188
187
187
187
187
189
190
192
191
191
191
192
193
193
193
193
191
192
192
192
195
193
193
192
195
194
193
192
191
189
188
189
188
188
187
188
188
189
189
189
190
192
193
192
191
188
189
187
187
187
188
189
188
186
187
187
185
184
185
184
184
184
185
186
186
184
183
181
180
181
181
181
183
184
184
184
188
189
190
190
189
187
188
188
188
187
189
189
193
193
193
192
192
191
191
190
190
190
191
189
188
188
189
186
187
186
186
186
187
186
188
189
189
190
189
188
187
187
187
187
190
187
189
188
188
187
187
188
186
184
184
185
186
186
184
185
183
183
185
185
187
190
190
188
187
188
189
185
185
185
185
188
189
189
187
188
188
189
189
185
185
184
186
188
187
188
188
185
188
190
190
190
190
191
189
189
189
189
189
188
190
191
192
193
192
191
191
190
193
193
193
195
193
192
191
191
191
192
192
192
192
189
190
191
190
189
188
188
188
186
185
188
189
189
189
189
186
186
184
183
182
183
181
181
181
182
184
184
183
182
182
183
182
182
182
182
184
184
184
184
185
187
188
186
186
186
187
189
185
184
185
183
183
184
185
185
185
187
187
184
184
187
187
186
186
189
188
183
185
185
185
185
184
186
185
185
186
185
185
188
188
188
188
186
189
188
185
185
186
184
184
185
186
186
186
188
186
186
186
187
188
185
186
187
186
185
184
184
184
184
184
182
183
181
182
182
182
180
179
178
179
178
180
179
180
178
178
178
179
181
183
183
183
182
182
183
184
183
182
183
185
183
183
181
182
181
181
180
179
181
183
184
184
185
185
184
183
183
182
184
184
186
187
188
188
188
187
185
184
184
186
186
187
186
192
193
193
192
192
191
190
190
190
189
188
185
186
187
186
185
184
182
181
181
181
181
181
182
183
184
185
184
183
184
182
181
182
182
185
184
185
185
185
184
184
181
183
185
184
184
183
184
185
185
185
186
186
185
185
181
182
180
180
180
179
179
180
179
179
181
182
179
179
180
182
181
181
178
178
180
179
179
179
180
180
181
183
184
186
189
187
188
188
189
190
191
190
189
189
188
187
187
187
188
189
189
191
191
190
189
191
190
187
188
188
189
188
189
188
190
189
190
188
186
186
186
188
190
189
190
190
190
191
191
191
192
186
186
186
188
189
191
187
186
186
185
185
185
187
188
187
188
188
187
187
189
189
188
186
187
187
185
185
185
185
186
187
186
185
184
184
183
185
184
185
188
188
188
189
191
191
190
189
188
188
185
184
184
183
182
184
187
187
186
186
183
182
183
184
185
184
183
183
184
185
185
184
184
185
185
184
184
185
185
188
188
189
188
189
189
191
190
190
190
190
190
190
189
188
189
190
189
190
191
191
191
190
187
184
184
185
185
187
186
186
186
187
186
184
184
184
183
183
185
184
184
184
188
189
187
189
190
191
189
190
190
189
187
187
187
186
185
184
184
184
182
182
183
184
185
185
186
186
188
188
188
187
188
190
188
187
186
187
187
189
188
189
190
190
189
191
189
191
190
190
190
190
190
191
192
194
195
196
196
195
194
193
194
193
195
194
194
194
193
191
189
189
190
189
189
188
193
191
190
189
188
188
190
188
189
186
185
186
188
186
184
184
183
183
183
184
183
182
184
184
179
180
180
180
179
178
178
178
178
178
178
181
179
179
180
182
183
184
184
185
183
182
183
183
184
185
185
186
185
184
185
186
185
184
186
187
184
184
184
183
184
185
184
186
185
188
186
186
187
185
183
182
182
182
182
182
183
184
183
180
180
184
184
185
184
185
182
181
181
181
182
183
182
182
179
180
180
182
183
182
181
182
183
184
185
186
185
184
183
185
185
186
185
184
184
185
184
185
185
184
184
183
181
180
181
182
181
181
181
179
179
179
181
182
183
183
184
184
185
184
181
180
180
180
180
180
180
179
179
179
179
179
180
183
183
184
184
183
184
184
183
179
178
179
178
179
179
179
177
179
179
180
181
180
179
178
178
179
177
179
179
176
178
178
179
180
180
179
181
180
178
177
178
179
179
179
180
179
180
181
181
183
181
182
181
181
180
179
182
181
179
180
179
178
178
178
179
180
180
181
177
176
177
177
180
175
175
177
176
178
177
178
177
180
178
177
179
180
179
182
183
182
181
181
179
180
182
182
181
177
176
177
176
176
176
175
175
174
175
176
177
180
181
180
180
180
179
179
179
176
176
175
176
180
181
180
180
182
183
183
182
181
181
180
181
183
182
182
180
178
177
177
178
177
175
175
177
178
177
175
174
175
174
174
174
174
175
175
178
179
179
178
177
177
177
176
178
178
177
177
176
177
177
177
175
176
175
176
176
176
176
176
175
173
174
177
178
177
176
175
176
175
175
176
177
177
177
176
176
178
177
177
177
178
178
177
176
177
177
179
177
177
178
178
179
179
180
180
181
182
181
181
181
183
184
183
184
183
184
185
186
187
183
184
182
180
181
177
176
176
173
172
173
173
175
177
176
175
175
175
177
176
175
176
177
177
177
175
176
175
175
175
176
175
176
174
176
173
176
175
174
175
176
176
176
175
175
176
173
171
169
168
168
168
167
167
167
170
171
170
170
170
169
168
172
172
175
175
173
174
174
171
171
171
170
171
174
174
174
174
172
172
173
172
172
173
172
172
173
172
170
171
171
172
174
174
176
175
174
173
173
173
171
171
171
174
174
174
171
170
169
169
170
170
173
173
173
171
170
171
170
172
171
172
173
172
170
171
173
174
171
169
170
171
171
172
172
172
172
172
175
175
173
174
173
175
176
176
176
176
176
176
177
177
175
175
174
176
175
176
175
175
177
178
177
176
175
175
175
176
176
176
175
172
173
173
174
174
175
175
174
175
173
171
170
170
171
171
171
171
172
172
172
173
175
176
177
177
176
176
177
179
180
180
180
179
178
179
179
178
179
178
177
178
178
178
178
178
177
178
177
176
175
176
176
177
180
181
180
180
179
181
178
176
176
177
177
178
179
179
180
178
178
177
177
179
182
182
180
180
181
176
179
179
176
176
174
173
173
174
175
174
173
173
174
172
175
175
174
174
176
176
175
176
176
174
174
176
177
176
177
176
174
173
171
171
171
171
173
172
171
170
170
168
169
171
170
170
170
169
169
169
170
171
173
173
172
172
170
170
172
172
172
172
170
170
171
169
169
171
172
173
173
171
171
172
173
171
170
170
172
171
170
171
171
171
172
172
171
171
173
175
172
172
172
173
173
174
174
174
174
174
174
172
171
172
172
173
170
169
168
169
168
167
166
168
168
168
168
169
169
170
170
170
170
171
170
168
169
169
168
168
167
169
170
171
170
169
169
171
172
172
171
172
173
172
171
171
174
174
173
171
175
172
171
172
173
174
174
172
174
173
174
173
174
172
172
172
172
171
170
171
171
172
172
173
172
171
171
174
174
174
175
175
174
175
174
172
173
174
174
173
172
173
171
172
170
170
170
169
169
171
170
169
169
170
171
170
170
170
171
171
171
172
169
170
170
170
170
171
171
171
171
171
171
170
169
169
172
173
174
176
174
175
173
175
176
177
177
175
177
179
177
178
179
182
181
180
179
180
179
179
179
180
180
176
177
175
176
176
176
175
175
174
175
176
175
172
172
172
171
171
171
170
170
170
170
172
174
174
175
173
172
170
171
171
172
170
170
171
171
171
170
170
172
174
174
174
175
175
177
177
178
179
181
180
181
181
182
181
181
181
181
181
181
181
183
179
179
180
179
181
185
186
184
184
182
182
181
180
179
178
179
179
178
177
178
177
177
177
179
179
179
180
179
178
178
178
178
178
178
178
178
179
178
178
179
177
177
177
177
177
176
177
176
176
175
174
174
177
174
173
173
173
174
174
175
175
176
175
175
173
175
174
175
177
178
181
179
180
180
178
177
178
179
179
178
177
175
175
174
175
175
175
175
175
176
176
176
175
175
176
176
176
176
176
177
178
178
176
177
176
177
179
180
180
181
182
180
181
180
180
179
179
178
178
178
176
177
176
176
177
177
177
177
176
175
175
175
174
174
175
175
175
176
175
174
174
175
175
175
179
178
179
179
180
180
182
182
182
182
180
180
180
182
181
179
177
176
177
177
175
174
175
175
176
177
177
177
177
175
175
175
173
172
170
170
171
173
173
175
176
176
177
175
175
177
177
179
176
178
176
175
176
175
175
177
178
176
176
176
176
175
175
175
176
175
175
175
175
175
175
173
172
171
170
171
172
175
175
175
175
175
174
174
175
176
176
175
174
175
174
174
175
174
176
177
179
179
178
179
178
178
176
178
178
177
174
176
177
177
177
179
179
177
179
178
179
180
183
184
188
189
189
187
186
186
185
184
181
181
181
181
181
182
182
181
182
179
179
179
180
180
180
179
177
176
177
178
178
181
180
180
180
178
177
177
177
177
177
175
175
174
176
176
178
179
180
179
179
179
178
179
179
178
177
177
177
177
178
178
177
177
176
177
177
177
179
179
180
179
180
180
180
179
178
178
178
177
177
176
177
177
176
177
178
179
180
181
182
184
184
183
181
179
179
178
179
179
180
179
178
178
179
180
180
180
179
