0.00014655172413793104 0.00018068965517241382
300
299
299
291
289
289
288
290
292
293
291
290
290
291
289
290
290
288
289
290
288
286
286
283
283
283
283
283
282
280
280
279
276
276
277
277
279
279
278
279
278
277
276
278
276
276
276
276
276
277
276
276
276
276
277
276
275
274
274
274
275
275
275
274
275
275
274
275
277
275
272
273
271
271
271
271
272
273
273
274
273
273
270
270
270
269
269
268
268
269
268
269
269
271
270
270
270
269
266
267
267
267
266
266
266
266
267
268
268
268
267
266
266
267
266
266
266
267
266
266
265
266
265
264
264
264
263
264
263
263
264
264
265
264
264
265
267
266
264
263
263
262
262
263
263
264
266
264
266
265
265
265
266
266
266
264
264
265
265
265
265
265
265
265
266
265
266
265
265
266
265
264
264
264
267
266
266
266
265
262
262
262
263
264
267
268
267
268
268
267
266
265
266
266
265
266
267
267
267
264
262
261
262
263
261
261
261
261
262
263
263
261
263
263
260
260
260
261
260
258
259
260
257
256
256
256
256
256
257
258
258
259
258
259
259
262
259
263
261
262
261
257
257
259
259
260
260
260
262
262
261
260
261
261
260
259
260
259
258
257
258
256
258
259
258
257
256
256
256
256
257
257
256
256
257
257
258
258
258
257
256
256
257
258
257
258
259
259
259
257
255
255
256
256
255
256
255
255
255
257
257
256
256
256
256
255
255
253
253
252
251
252
252
252
252
253
255
255
254
252
252
252
253
252
252
252
252
254
253
252
251
252
253
253
252
253
252
252
251
250
251
251
252
250
250
252
251
252
252
252
252
253
254
251
252
251
250
250
250
250
252
251
250
250
251
251
251
252
253
251
251
251
251
252
251
252
252
254
253
254
253
252
252
252
252
252
251
251
249
249
249
249
249
249
249
249
250
251
250
250
249
249
249
249
249
250
250
250
250
250
247
248
249
249
250
249
250
250
248
250
251
252
251
249
248
246
246
246
249
246
246
246
246
248
247
247
248
247
246
246
245
246
245
246
245
245
245
245
245
245
245
245
245
246
246
247
247
247
246
246
245
245
246
246
247
246
246
247
247
248
247
248
249
248
248
247
248
247
247
247
246
245
246
245
245
246
246
245
247
244
243
244
244
245
244
246
246
248
248
246
248
246
245
242
242
242
243
242
242
242
242
242
242
243
242
242
241
242
243
243
244
244
243
242
242
241
241
241
241
240
241
242
243
244
244
245
242
242
242
241
241
242
244
241
242
241
241
239
240
241
240
240
239
241
240
240
240
239
237
237
237
239
239
239
239
237
237
239
238
241
242
242
241
240
240
240
239
239
239
239
239
242
237
237
238
239
239
239
238
238
239
239
238
239
239
240
240
241
241
242
242
241
242
241
239
239
239
241
240
240
241
242
245
245
242
241
238
239
239
238
237
237
237
238
240
241
243
241
241
240
239
238
238
238
239
238
238
241
239
239
240
240
240
238
238
239
238
237
237
239
239
239
238
239
239
240
240
240
241
241
241
241
241
239
239
238
239
238
237
236
236
238
239
239
239
239
239
238
238
239
240
238
238
239
238
239
238
238
237
237
238
238
238
238
238
237
237
236
236
238
239
239
238
239
241
242
242
240
240
241
238
238
239
239
240
239
239
242
241
241
240
240
241
241
241
242
242
240
239
238
239
238
239
239
239
239
237
237
236
236
235
236
237
237
237
238
239
233
232
232
232
232
232
232
232
233
233
233
233
235
236
234
234
235
235
236
235
233
234
233
234
234
234
235
234
234
232
233
233
233
233
233
234
236
236
234
235
235
234
234
235
234
234
234
234
232
234
233
233
237
235
238
236
236
237
239
234
233
233
234
233
233
231
230
231
233
232
234
233
231
232
232
232
232
234
234
233
233
233
234
232
235
234
235
235
233
233
233
232
233
234
234
235
235
236
235
233
231
231
230
232
229
230
231
230
229
229
230
230
230
229
228
228
229
230
231
230
229
229
227
227
228
228
228
228
229
229
228
227
227
228
227
227
228
227
227
230
227
227
227
226
227
226
226
226
226
226
225
225
225
225
225
225
225
225
225
225
226
227
228
228
228
229
227
227
226
225
226
226
226
226
225
225
225
226
228
228
228
228
227
228
228
229
229
230
228
228
225
226
226
225
225
225
226
225
225
225
225
223
223
223
224
224
223
223
223
223
223
223
224
224
224
225
224
225
224
223
224
223
223
223
223
223
223
223
223
223
223
225
224
223
225
225
224
224
224
225
224
223
223
222
222
222
223
223
224
226
225
225
225
226
226
226
225
226
227
227
226
226
225
226
224
224
224
223
224
225
224
224
224
226
227
228
226
226
226
225
225
226
225
225
225
225
225
225
226
225
225
225
223
224
224
224
223
224
223
221
222
223
221
222
222
222
222
224
221
222
222
226
225
225
225
224
224
224
224
223
223
224
224
223
223
223
224
224
224
223
223
223
222
222
221
221
221
222
221
221
222
222
223
223
224
223
223
223
223
221
223
220
220
220
220
222
222
220
220
221
221
223
224
223
222
223
223
222
223
224
224
224
224
223
223
222
221
221
220
219
220
219
221
219
219
220
220
219
219
219
219
220
220
221
221
220
220
220
221
220
220
220
220
221
222
222
221
221
221
220
220
223
222
219
219
221
222
220
222
221
221
222
220
219
220
220
220
221
220
222
222
225
225
223
224
223
223
225
225
225
225
224
224
224
223
223
223
222
221
224
223
220
220
219
218
218
218
218
218
219
219
218
218
218
218
218
218
218
220
220
221
221
221
221
222
220
220
219
218
218
217
217
218
218
217
217
217
218
219
220
220
220
221
222
221
220
220
221
221
221
222
223
223
223
225
223
223
223
224
226
224
224
223
226
224
221
222
219
220
219
219
218
219
219
219
218
219
219
219
220
218
221
221
223
224
220
219
219
221
221
220
220
220
221
221
220
220
223
224
221
223
225
224
223
224
223
221
221
221
221
220
221
223
222
222
221
221
221
221
222
222
221
220
219
220
221
220
221
221
221
221
222
222
220
220
220
220
219
218
218
219
219
219
219
219
219
219
217
217
217
218
218
218
217
217
217
216
216
217
216
216
217
218
219
217
217
217
215
216
215
215
215
215
215
215
216
216
216
216
216
215
216
216
215
216
216
216
216
217
217
218
218
219
218
219
216
216
216
216
217
218
218
218
218
218
218
218
217
217
216
216
216
217
217
215
218
219
216
218
218
219
218
217
214
214
215
216
216
215
215
216
215
214
214
214
214
215
216
216
216
215
215
215
215
215
215
216
215
216
216
216
216
216
215
216
216
216
218
218
217
215
215
217
217
215
216
215
215
215
215
215
215
215
215
214
215
215
214
215
215
214
214
215
215
215
215
216
217
218
218
217
216
216
218
219
219
219
219
219
218
217
216
216
215
215
215
217
217
217
216
217
218
218
218
217
217
218
217
217
217
218
218
217
219
219
218
218
216
216
216
217
217
217
218
217
216
217
216
216
218
217
217
218
215
216
216
216
217
215
214
214
214
214
214
215
217
217
215
215
215
215
215
215
216
215
215
215
217
216
216
216
217
218
218
214
214
213
213
213
214
213
212
212
213
213
213
214
214
214
214
213
214
214
214
213
213
213
214
214
213
213
214
214
214
215
215
214
214
214
214
214
214
212
212
212
213
214
213
212
213
213
217
217
215
215
217
215
214
212
211
209
209
209
210
210
210
209
209
209
209
210
210
211
210
209
210
210
208
210
211
211
211
210
208
209
208
208
209
209
209
208
209
209
209
209
210
208
207
207
206
207
207
207
207
209
209
208
208
208
206
206
206
205
205
205
205
205
206
205
205
205
206
206
206
206
205
206
205
205
205
205
207
209
208
206
208
208
208
208
209
210
209
209
213
213
212
210
212
211
207
208
205
207
207
208
205
204
204
205
205
206
206
205
206
204
204
205
206
206
206
206
205
205
205
205
205
205
205
204
203
203
204
203
203
204
204
203
204
204
203
203
202
201
201
202
204
204
205
204
203
202
202
202
203
203
202
201
201
202
202
203
203
204
203
203
203
203
202
202
202
203
201
201
202
202
202
202
202
201
200
201
201
201
200
201
201
201
202
202
202
201
202
201
201
201
201
202
202
202
200
201
201
201
202
202
202
202
202
202
203
202
201
201
202
201
202
202
202
203
202
203
203
203
199
199
199
199
199
199
199
200
200
201
202
200
200
201
199
199
199
199
200
199
199
200
200
199
199
200
200
201
201
200
199
200
199
199
200
200
201
200
200
200
200
199
200
200
200
200
201
201
201
201
202
201
201
200
200
200
199
199
199
199
199
199
200
199
199
199
201
200
200
200
200
198
199
200
198
198
196
196
196
196
196
197
197
200
200
199
198
198
199
199
198
197
197
197
197
198
198
197
197
196
196
196
198
198
198
198
198
198
198
198
197
199
200
201
204
205
205
205
201
201
201
200
201
200
201
200
200
198
199
199
198
197
197
197
196
196
196
196
197
197
197
197
198
198
198
196
197
200
199
197
196
195
195
194
196
196
196
196
195
195
195
195
195
194
193
194
193
195
195
196
194
194
194
194
194
194
194
193
192
192
192
193
193
192
192
194
196
194
194
194
194
194
194
194
194
197
198
196
196
196
196
195
195
195
196
195
194
196
195
194
194
196
195
194
192
191
191
191
192
193
193
194
194
193
193
193
191
192
192
192
192
193
193
194
193
194
194
194
193
192
192
192
193
193
193
193
193
191
191
192
191
191
191
192
192
193
194
193
193
192
191
191
192
193
193
192
192
192
194
193
193
194
194
192
192
192
193
192
193
192
192
193
194
194
193
194
194
194
193
193
193
193
193
194
194
193
196
196
194
194
193
193
192
192
191
190
192
193
191
192
192
191
191
192
189
190
191
191
190
190
190
192
192
192
193
193
192
191
192
191
191
189
189
189
189
190
190
188
189
190
191
192
191
191
191
190
190
190
190
190
190
192
193
192
192
191
194
193
193
193
191
191
190
191
190
191
195
193
192
190
190
190
192
191
190
191
191
191
190
190
188
189
189
188
189
191
189
190
190
190
191
192
192
189
188
188
188
188
189
188
187
188
188
188
187
189
187
187
187
187
186
187
186
186
185
187
187
187
185
186
185
185
185
185
186
187
186
186
186
185
185
187
187
187
187
187
187
187
186
188
187
186
186
187
187
186
186
188
188
189
188
189
186
188
188
186
188
189
189
191
192
192
190
191
192
189
190
190
189
189
188
188
187
186
185
186
186
186
187
188
188
188
188
188
188
187
187
185
186
184
184
184
184
184
184
185
186
186
185
185
184
184
185
185
185
185
185
186
185
185
185
184
185
186
187
186
186
186
186
186
186
188
187
187
187
187
186
186
186
186
186
186
189
190
190
190
189
188
188
187
186
185
184
184
184
184
184
184
184
185
186
184
185
187
186
185
185
185
185
188
188
187
186
186
187
184
184
184
184
184
185
184
184
186
185
186
186
187
184
184
185
184
183
184
186
187
187
186
185
185
185
185
184
184
184
184
184
184
183
185
185
185
186
186
185
185
186
186
184
185
184
186
186
186
187
189
187
188
187
187
187
186
186
184
184
185
185
186
185
184
185
183
183
183
183
183
185
185
185
186
183
183
182
182
182
183
185
186
184
182
183
183
187
185
183
182
182
182
182
181
181
180
180
182
184
184
183
183
183
184
184
183
184
183
183
184
184
185
185
185
183
181
181
181
181
182
181
181
181
180
179
179
179
178
178
177
179
178
179
179
178
179
178
177
179
179
178
176
176
176
176
176
175
175
175
177
178
176
177
176
176
176
176
177
177
178
178
177
176
176
175
175
175
176
177
177
179
181
178
176
177
177
176
174
174
175
175
174
174
174
174
177
177
177
178
178
176
178
178
178
178
176
176
174
174
175
175
174
175
176
176
176
174
174
174
174
174
174
174
173
174
174
174
174
174
174
174
174
175
174
174
174
174
174
175
176
176
176
175
175
175
176
175
175
175
175
174
174
174
174
174
174
174
174
175
175
174
174
175
176
175
175
175
175
174
174
174
175
174
174
174
174
173
173
174
174
175
174
176
173
173
173
174
175
175
175
175
176
176
175
176
175
173
174
175
174
176
175
176
175
173
172
172
172
173
173
174
174
172
172
172
171
171
172
170
170
171
172
171
172
171
171
171
171
171
171
171
171
171
171
171
172
171
171
171
171
171
170
170
171
169
170
170
170
170
172
175
173
174
172
172
172
172
174
172
170
168
168
168
169
170
170
172
170
170
171
168
168
168
168
168
168
171
170
170
168
168
168
169
168
169
169
169
169
170
168
169
168
168
168
167
168
168
167
168
169
169
169
168
168
168
167
167
167
167
167
167
168
168
168
168
170
170
171
171
170
170
170
169
171
173
171
171
170
170
170
169
171
173
173
171
173
171
170
169
169
169
168
168
168
168
168
168
168
168
169
169
168
169
169
169
169
169
168
168
169
168
167
167
167
167
168
168
169
169
169
169
169
168
169
169
171
170
169
168
168
167
167
167
167
166
167
169
169
169
167
167
167
166
166
166
165
165
165
166
166
166
167
167
167
167
167
167
167
167
167
167
167
168
167
168
168
168
168
167
167
169
170
168
168
167
167
165
164
166
166
166
166
166
165
165
165
164
164
165
165
166
165
165
166
166
166
167
167
166
165
165
165
165
165
165
165
167
167
165
165
165
167
168
168
167
166
166
167
167
166
165
165
166
167
167
166
165
165
166
166
165
165
166
165
166
166
166
165
164
164
164
164
165
165
165
164
165
166
167
166
166
165
166
166
166
166
167
167
166
167
165
165
165
165
167
168
167
167
166
165
165
165
165
166
167
167
167
167
169
168
169
169
167
166
167
167
168
166
166
167
166
166
166
165
165
165
165
164
163
163
163
162
162
162
162
162
163
163
163
163
163
162
163
163
163
163
162
164
165
165
165
166
165
166
165
164
164
163
163
163
164
163
165
164
163
164
164
164
166
165
165
164
165
163
163
163
164
164
162
162
162
162
162
162
162
161
162
162
162
163
163
163
162
162
162
163
161
161
161
162
164
164
165
163
163
164
165
165
165
161
160
160
160
160
160
160
160
160
161
160
160
160
160
162
164
162
161
163
163
163
163
163
162
163
163
163
162
162
163
164
163
163
163
161
161
162
163
163
164
165
163
163
163
163
162
163
162
162
162
162
162
162
162
162
162
162
163
162
161
161
161
161
160
160
160
160
160
160
161
161
161
161
160
160
161
162
163
163
162
161
161
161
161
161
162
164
163
163
165
166
166
167
168
169
168
166
164
165
164
163
161
162
161
161
163
163
163
161
161
161
162
162
162
162
162
160
160
160
160
161
161
162
163
163
161
162
163
163
163
162
162
162
161
160
160
159
160
159
158
159
159
159
159
159
159
163
161
160
159
159
160
160
159
159
159
159
159
159
159
160
160
160
159
160
161
161
161
160
159
160
161
162
160
159
158
158
158
159
158
158
157
157
158
159
159
158
157
156
156
158
156
156
155
156
156
156
156
156
155
155
155
156
157
155
155
155
155
157
157
158
158
158
157
155
155
155
155
155
155
155
155
156
158
159
158
158
159
158
159
156
156
154
154
154
154
154
154
154
155
155
154
154
156
157
157
157
156
156
155
156
156
157
157
157
157
157
156
157
156
158
158
158
158
159
159
159
158
158
158
157
156
155
155
155
154
154
156
156
155
155
154
154
154
153
154
154
155
156
157
157
157
156
156
155
155
155
155
156
157
156
155
156
156
156
156
154
155
154
154
154
154
154
154
154
155
155
157
155
154
153
153
154
155
156
156
155
155
156
155
154
154
154
154
155
154
155
155
154
155
153
152
152
153
153
153
155
155
153
152
154
153
153
153
153
153
154
154
154
154
154
155
155
154
154
155
154
154
153
153
154
157
158
158
154
154
154
154
154
155
154
154
154
154
153
154
155
155
153
153
153
153
153
153
153
153
154
153
153
153
154
154
156
155
152
152
152
152
152
152
153
153
153
153
152
152
152
152
152
152
152
153
153
153
152
152
152
152
152
152
152
152
152
152
152
152
151
151
152
152
153
153
152
152
152
152
152
152
152
152
152
152
152
151
151
152
153
152
153
153
152
151
152
153
153
153
152
152
153
154
154
153
154
153
153
152
152
153
152
152
152
151
151
151
151
151
152
152
153
153
153
151
152
152
151
152
152
151
150
150
150
153
155
157
154
154
154
153
151
151
151
151
151
153
152
154
154
154
151
152
152
153
152
152
150
151
151
151
150
150
150
152
153
153
153
152
152
152
152
153
154
154
154
153
153
152
153
151
150
150
150
150
151
152
151
152
152
152
152
152
151
150
151
150
150
150
151
151
151
151
151
151
150
150
150
151
150
150
150
152
153
152
153
153
154
151
151
151
151
152
153
153
153
152
153
152
151
152
152
152
152
153
151
150
150
151
150
150
148
149
150
150
150
151
153
151
151
151
152
151
151
151
150
149
150
149
149
150
149
148
148
148
148
148
148
148
148
148
148
148
148
148
148
148
148
148
148
148
147
148
150
151
150
150
150
150
148
146
146
146
146
147
146
148
148
148
147
147
147
147
148
147
146
146
146
148
149
148
148
148
147
147
147
146
146
146
147
146
146
146
146
146
146
147
147
147
146
146
146
150
150
149
150
150
149
151
151
149
148
148
148
146
147
146
146
146
146
147
147
147
146
146
146
146
146
146
145
145
145
146
146
146
146
146
147
147
147
148
149
149
148
147
146
146
146
147
147
147
148
148
147
147
148
149
149
151
153
150
151
149
147
146
146
146
146
147
148
147
148
147
147
146
146
146
146
147
148
148
147
148
148
147
148
148
147
147
147
147
146
147
145
145
145
145
145
146
146
146
146
144
144
144
144
144
146
147
147
147
147
146
146
146
145
145
145
145
145
146
146
146
146
147
148
149
149
149
146
145
145
146
146
147
146
149
149
148
147
147
149
148
146
146
146
146
146
146
145
145
146
146
145
146
146
146
146
145
145
145
145
144
143
144
144
144
144
144
144
144
144
144
144
145
145
145
145
145
144
144
144
144
143
143
143
143
145
145
145
145
146
144
144
145
146
145
146
144
146
146
148
148
148
147
148
146
143
143
143
143
143
142
141
141
141
142
142
141
143
143
144
143
142
142
141
141
141
142
142
143
143
142
142
141
141
141
141
142
142
142
141
142
142
142
142
142
142
142
142
142
142
142
142
142
142
144
141
141
141
140
140
140
141
140
141
141
141
142
142
142
142
144
144
142
142
141
141
141
140
140
140
140
140
140
140
140
140
140
140
140
140
140
141
141
141
142
142
143
143
144
142
142
142
144
143
142
142
141
141
141
141
141
142
142
142
143
143
144
142
142
141
142
143
143
142
142
143
142
143
142
142
142
142
142
142
142
143
143
143
143
143
145
145
144
144
143
142
142
141
141
142
142
142
144
142
142
143
143
143
141
141
141
141
142
143
144
142
142
142
143
143
143
142
142
142
143
143
142
142
142
144
145
144
144
145
143
143
142
142
142
142
143
141
141
141
142
142
143
143
145
143
143
142
142
143
143
142
142
141
141
141
141
141
142
142
141
140
140
140
140
140
141
141
142
142
141
140
141
141
140
140
140
140
141
142
142
141
142
143
142
140
141
141
143
141
141
141
139
138
138
138
138
138
139
139
139
140
140
140
140
140
141
140
138
138
137
137
137
138
139
138
138
138
138
137
137
138
138
137
138
139
139
139
139
138
138
138
139
139
139
139
138
138
138
139
140
139
139
139
138
139
140
139
139
139
138
137
136
136
136
136
136
137
137
137
137
137
137
137
137
137
138
137
137
137
135
135
136
136
136
135
133
133
133
134
134
136
136
135
134
134
133
134
134
134
135
135
135
135
135
134
134
134
134
133
133
133
134
134
134
134
134
135
135
133
133
133
133
133
132
132
132
132
133
133
132
132
133
132
132
132
132
132
132
132
133
133
133
134
135
135
135
134
133
133
133
133
133
134
134
134
134
133
133
133
133
133
133
133
133
133
134
135
135
135
135
136
135
135
134
134
134
134
133
133
133
133
133
134
133
133
133
133
133
132
132
132
132
132
132
132
133
133
131
131
131
131
132
132
132
133
134
135
135
134
134
134
132
133
133
133
134
132
132
131
131
131
132
132
130
130
130
130
130
130
130
130
130
130
130
131
130
130
130
130
130
130
130
130
130
130
130
130
131
130
132
130
130
130
130
130
130
130
130
130
131
131
131
131
131
131
132
131
131
131
130
131
130
131
131
130
131
131
132
133
133
133
133
131
131
131
132
132
132
133
134
134
135
136
138
136
135
132
132
131
130
129
129
129
130
130
130
129
129
130
131
131
130
131
131
130
130
131
131
132
134
133
133
132
132
133
132
131
130
132
132
132
132
133
133
131
131
131
130
130
131
131
131
131
130
130
129
129
129
129
130
131
130
130
131
130
130
131
130
130
131
132
131
131
130
130
130
130
130
130
130
131
132
132
131
131
130
130
130
130
130
129
129
129
129
129
130
130
130
130
130
129
129
129
130
129
129
130
128
128
128
128
128
127
127
127
128
128
128
128
128
128
128
128
128
129
129
129
129
130
129
130
129
129
129
129
130
130
129
129
129
127
127
127
127
126
126
126
126
126
126
127
127
127
127
126
126
127
126
127
127
127
128
128
127
127
127
127
127
126
126
126
127
127
127
127
128
127
128
128
127
128
128
128
128
129
129
129
128
128
127
127
127
127
127
127
127
127
127
127
127
127
127
127
129
130
128
127
127
127
127
126
126
127
126
126
126
126
126
126
126
127
126
126
127
127
126
126
126
127
127
127
126
127
127
127
127
126
126
127
127
127
127
128
127
127
127
126
126
126
126
126
126
126
126
126
126
127
129
130
131
131
130
128
128
128
128
128
127
127
127
126
127
128
128
126
126
126
126
127
126
127
127
127
127
127
127
126
126
128
128
128
128
128
128
127
128
127
128
128
129
129
131
130
128
127
127
128
128
128
127
127
128
130
129
127
127
127
128
128
128
127
127
128
128
128
128
129
129
128
127
127
127
127
128
129
129
129
129
129
129
128
128
128
129
129
128
128
126
128
129
129
129
128
128
128
127
126
126
126
126
127
127
126
126
128
127
127
126
127
127
126
126
126
127
127
128
126
127
126
126
126
126
126
127
126
127
126
126
126
126
126
124
124
125
125
125
125
125
124
124
124
124
125
125
126
126
126
124
125
125
125
124
124
124
124
124
124
124
124
124
124
124
124
124
124
124
124
125
126
126
124
124
126
126
127
126
126
125
126
126
125
