0.0006927586206896553 0.0005562068965517242
300
293
289
286
279
279
277
277
278
270
267
263
263
259
261
260
256
256
252
246
244
243
243
242
244
243
241
241
241
237
235
236
236
233
234
231
230
230
229
229
230
230
228
228
226
226
225
225
226
225
224
226
227
226
226
226
226
226
226
226
226
228
227
229
228
228
227
226
225
225
224
225
224
225
225
226
227
227
226
227
226
226
225
224
223
224
224
226
225
226
227
227
227
227
228
226
226
226
225
226
227
226
224
223
223
225
223
223
224
223
223
223
223
223
223
222
221
222
222
222
223
220
220
221
221
222
224
225
225
227
226
226
225
228
228
227
225
223
223
220
220
220
220
220
221
222
222
222
224
223
222
222
221
223
221
218
219
217
217
218
219
219
219
221
219
219
218
218
215
215
217
217
217
217
217
217
218
217
219
219
218
220
220
217
217
216
218
216
218
216
215
216
215
215
215
216
217
218
217
215
216
218
219
216
214
212
212
213
211
210
209
210
210
212
210
213
214
215
216
215
214
217
218
216
217
216
216
216
216
217
218
219
219
219
216
218
218
217
215
216
218
219
219
218
218
217
219
215
218
217
215
215
216
214
215
216
216
217
218
216
218
217
213
214
211
210
208
205
205
206
207
207
207
206
206
206
206
208
208
207
209
209
208
209
209
207
210
210
211
212
210
209
209
209
210
212
211
213
214
213
214
213
214
214
214
215
215
214
215
215
213
214
215
213
213
214
212
211
211
209
210
209
211
211
212
212
211
210
209
210
212
211
210
209
209
209
209
209
209
209
209
209
209
211
212
209
209
210
209
210
209
207
207
209
210
211
212
211
212
213
214
215
215
213
212
213
213
212
212
215
214
213
213
211
213
217
217
218
214
214
215
215
215
212
213
211
211
210
209
208
207
207
209
210
210
209
208
207
208
208
208
208
209
211
210
209
211
212
213
213
212
212
212
212
212
211
211
211
210
209
208
208
208
207
207
208
207
208
208
211
212
210
208
208
209
207
208
208
207
207
206
202
202
201
202
204
207
207
206
207
208
207
209
211
209
208
207
207
209
210
213
213
212
213
212
211
212
211
211
209
209
209
209
209
209
210
209
207
209
209
209
208
207
206
208
203
202
203
204
204
208
208
207
207
204
202
205
207
205
207
206
206
205
206
207
211
209
211
211
209
208
209
209
208
207
204
203
204
202
201
200
199
197
197
194
194
194
193
193
192
195
194
194
195
194
194
194
195
195
197
199
199
200
200
200
202
205
204
206
205
204
205
205
204
202
202
203
202
202
200
200
199
198
200
201
199
199
200
198
195
195
196
196
198
198
199
198
198
198
197
196
196
195
195
195
194
196
196
196
196
196
198
199
199
199
200
201
199
199
198
196
196
197
199
203
201
202
202
204
201
201
201
200
200
200
200
200
199
198
198
199
202
204
205
206
206
204
204
202
204
204
204
203
202
202
204
203
203
205
207
204
201
200
200
197
197
198
197
197
197
196
196
195
195
194
195
195
197
197
196
196
198
198
199
201
202
200
198
198
199
199
202
202
200
200
200
200
201
203
203
205
207
207
206
204
202
201
203
206
205
201
200
199
199
199
200
201
202
204
204
203
203
204
206
205
204
204
205
201
201
201
202
201
201
202
201
199
199
198
198
198
200
200
200
200
199
199
198
198
198
198
198
197
195
196
199
200
197
198
198
200
199
200
201
202
201
200
199
199
199
200
198
198
198
198
200
202
200
200
200
199
201
202
200
203
204
204
202
202
197
199
197
197
196
196
196
195
192
190
190
190
190
192
192
190
190
190
189
189
188
188
190
189
189
190
192
192
191
189
191
190
190
189
189
190
191
193
194
195
195
194
196
197
195
194
193
194
196
195
195
194
194
193
194
195
195
196
196
196
197
197
196
197
197
197
196
198
198
197
196
199
198
196
198
199
199
196
195
196
197
197
196
196
197
197
198
195
194
193
194
192
194
191
190
190
188
188
188
189
188
188
186
187
187
188
191
191
191
189
191
191
188
190
191
192
191
192
189
187
186
185
186
186
186
187
187
187
186
185
185
184
183
185
185
185
186
186
185
185
187
188
187
186
186
186
184
185
185
187
187
188
188
189
189
188
187
190
189
189
189
190
189
185
186
188
189
191
189
190
193
191
190
192
191
192
193
192
193
192
191
189
191
188
189
189
189
190
189
192
193
190
190
189
187
187
189
191
190
192
192
192
192
193
197
196
196
193
192
193
191
191
189
188
188
188
188
186
186
187
187
189
188
188
187
188
187
186
187
188
190
189
189
189
189
187
185
185
185
186
186
187
186
186
187
187
186
185
184
183
182
182
182
185
184
185
187
186
186
186
186
186
186
184
185
188
188
187
186
187
189
188
189
192
191
193
191
188
192
193
193
192
191
190
190
191
192
191
189
189
188
189
189
187
189
188
189
190
190
190
190
191
192
194
193
196
193
191
191
191
190
191
189
189
188
189
187
188
189
188
188
188
189
188
188
190
190
190
189
188
190
192
192
192
192
190
189
188
189
188
188
188
189
193
194
193
195
192
192
191
192
193
192
192
188
188
187
187
189
189
189
187
189
187
188
186
186
187
187
187
187
181
182
181
182
181
183
183
182
183
184
184
183
182
181
180
182
183
184
186
187
188
186
186
183
183
183
183
182
182
183
182
182
182
182
183
182
183
183
182
182
183
183
182
183
183
183
183
184
188
186
185
184
182
182
180
180
183
181
177
177
177
177
177
178
177
175
175
176
175
175
176
174
175
177
179
180
179
178
178
179
178
177
177
177
177
178
179
178
177
177
177
177
177
176
177
178
177
178
178
178
180
178
179
179
178
176
177
175
174
173
172
172
175
175
174
174
174
174
175
177
179
177
178
179
177
178
178
178
177
178
177
178
179
179
179
179
178
176
176
177
176
176
177
178
182
178
178
178
179
178
178
177
177
179
180
181
182
181
181
179
179
178
177
178
177
177
177
177
178
178
179
178
177
178
178
179
178
179
178
178
178
178
178
178
178
178
180
178
178
177
178
179
177
178
178
178
177
177
177
176
178
178
180
181
182
182
182
180
181
181
180
178
178
180
181
180
179
181
181
181
180
180
178
177
178
177
177
177
178
178
178
177
177
177
177
178
178
180
181
180
180
183
180
177
175
175
176
177
177
177
176
175
176
176
176
177
177
178
178
177
176
177
178
177
177
178
178
179
179
176
176
177
178
179
179
181
182
183
183
181
181
181
182
180
178
179
179
179
179
180
181
180
182
180
181
182
182
183
183
184
185
186
184
184
183
185
186
186
185
184
184
184
185
186
184
185
185
184
184
184
185
185
184
183
184
184
182
180
182
184
181
182
183
183
181
182
185
185
184
183
184
185
185
185
182
184
186
186
185
185
183
181
180
180
179
180
178
178
179
177
179
180
180
180
178
177
175
174
174
174
174
176
176
178
177
177
176
174
175
176
176
175
174
174
173
172
172
170
171
170
172
171
172
171
171
172
171
171
170
172
172
172
173
173
174
175
175
176
176
177
174
176
175
174
173
172
172
174
174
175
176
174
173
174
173
173
175
175
174
174
174
173
172
173
171
173
174
175
176
176
177
177
179
180
179
179
178
175
174
174
175
175
176
176
175
177
178
179
180
179
179
179
177
177
178
177
177
175
174
175
176
175
176
177
176
176
175
176
176
174
174
174
174
173
174
174
174
174
175
175
175
174
173
174
175
175
173
173
177
178
178
176
177
179
179
178
179
179
181
182
179
179
179
181
181
180
180
180
179
178
177
177
178
180
179
178
178
176
175
175
175
174
173
173
174
176
179
178
179
178
177
177
177
175
175
177
176
176
177
176
176
177
178
178
177
177
177
175
175
177
175
175
174
172
171
173
173
173
173
173
173
171
171
171
170
170
172
173
172
173
176
177
178
178
178
177
177
177
178
175
175
176
175
175
174
176
174
174
175
176
175
174
173
173
173
175
174
175
176
176
177
177
177
176
176
176
174
175
175
173
171
171
170
169
169
169
170
168
170
170
170
172
173
170
170
171
170
171
168
169
169
169
169
169
171
171
171
172
172
173
173
173
174
172
172
170
170
169
170
171
170
170
169
168
170
170
172
171
170
169
169
168
168
168
168
169
168
169
168
169
170
169
168
167
169
167
167
167
167
167
167
166
167
166
166
165
165
164
166
167
166
167
165
165
164
165
164
164
163
164
166
165
164
164
162
163
164
164
165
164
164
164
161
161
162
162
163
164
163
162
162
160
161
163
162
164
163
163
162
162
162
161
161
163
162
162
161
160
160
159
158
159
158
156
156
157
158
158
160
158
159
158
158
158
158
156
157
156
155
156
157
157
158
158
158
158
157
158
158
159
158
159
157
157
158
158
159
160
161
160
161
161
161
163
163
163
162
161
163
163
163
161
160
160
160
160
160
159
160
160
160
161
157
156
155
158
159
160
160
161
161
161
159
159
156
156
158
160
161
160
160
159
157
158
158
158
159
162
162
158
157
158
158
158
158
159
160
159
159
160
160
160
161
159
159
161
160
160
161
161
162
160
160
161
162
162
160
160
159
159
158
157
156
159
159
159
159
160
160
160
160
160
160
161
160
162
164
163
161
161
161
163
160
159
160
161
163
164
164
163
162
163
161
161
161
160
160
160
161
162
162
161
159
160
161
160
158
158
158
157
156
156
157
156
158
158
158
158
159
159
157
157
156
156
157
157
156
156
157
160
161
163
162
163
162
163
163
163
165
164
163
164
164
163
162
163
162
164
163
162
163
162
163
163
163
163
163
163
163
165
165
165
164
165
167
164
165
166
164
163
161
161
161
161
162
164
164
165
164
163
163
163
163
163
162
162
164
164
163
165
166
164
165
166
168
167
168
166
166
165
164
166
166
165
166
165
163
164
164
163
162
161
160
160
161
162
162
162
162
162
162
162
162
162
162
160
160
161
162
160
160
160
160
162
159
158
158
159
158
158
160
160
159
158
158
157
159
159
156
157
156
157
156
156
156
158
157
158
158
157
160
161
161
161
162
159
159
157
157
157
157
157
160
160
158
162
161
161
161
161
160
160
162
161
161
162
159
160
159
160
158
156
155
155
154
152
152
153
153
155
157
157
158
158
158
158
160
164
164
166
166
167
168
168
165
164
164
164
166
168
168
169
167
164
161
161
161
160
161
159
160
159
159
161
161
162
161
161
159
159
159
157
155
157
157
155
155
154
154
155
156
156
155
158
156
155
156
156
155
156
156
156
155
155
154
155
157
156
156
156
156
156
156
156
157
156
156
156
155
155
157
159
159
158
157
157
155
157
156
157
157
156
157
157
157
156
156
156
157
156
156
157
156
156
154
153
153
154
154
156
156
157
158
159
161
161
162
162
162
161
161
158
158
157
154
152
151
151
153
152
153
152
153
154
153
154
153
152
151
151
151
152
150
149
149
148
147
147
149
150
149
150
149
149
147
147
147
147
147
147
147
148
148
148
148
147
148
147
150
151
150
150
149
150
149
149
149
147
146
145
146
145
146
146
146
147
147
148
148
149
149
150
150
150
151
151
151
151
149
149
150
153
150
149
148
148
149
150
147
145
145
147
147
148
148
148
148
148
147
146
146
146
147
146
145
145
146
145
145
147
147
147
148
148
145
146
147
145
145
145
147
148
147
148
149
151
151
152
152
148
148
147
149
150
151
149
149
150
149
150
149
149
149
149
149
149
150
151
152
152
153
154
155
156
157
155
155
155
154
155
155
155
155
152
153
152
151
151
151
150
149
148
148
148
148
149
149
150
150
149
150
148
147
147
146
147
146
144
143
143
142
142
141
141
141
142
142
143
143
143
144
144
144
144
144
145
144
144
145
145
146
145
145
146
146
145
146
146
146
145
143
145
145
145
146
144
144
143
143
144
144
143
141
142
144
144
146
146
146
147
145
144
146
146
144
143
144
142
143
143
143
144
146
146
147
148
147
146
145
144
144
144
145
143
145
145
145
145
145
145
146
147
147
148
150
151
151
151
152
152
150
151
150
150
150
150
153
152
153
153
155
153
150
150
149
149
150
151
150
151
150
149
148
146
147
146
147
146
147
146
145
145
146
148
147
147
147
148
147
147
147
147
149
149
150
151
151
151
151
152
151
152
152
150
148
148
147
147
147
146
146
147
146
148
147
145
146
146
147
146
145
145
146
145
146
148
149
147
145
146
145
145
146
148
147
146
146
148
148
151
152
152
152
151
148
148
149
148
149
148
149
150
147
148
146
146
146
148
149
147
147
147
148
147
147
145
143
144
143
144
144
144
144
144
144
143
141
141
141
142
142
141
141
141
141
140
142
142
142
143
144
144
143
143
143
146
146
144
145
145
144
145
146
146
147
148
148
150
151
151
149
149
149
150
150
150
150
148
148
149
147
148
148
148
149
149
146
146
147
146
146
147
146
145
145
146
146
146
145
145
146
146
145
145
145
147
147
146
144
143
143
143
143
143
144
144
144
144
145
146
146
146
146
147
148
150
149
151
149
150
149
150
149
148
149
148
148
148
148
149
149
149
150
150
151
151
152
152
151
150
149
149
150
148
148
148
147
148
149
149
148
147
147
148
148
148
149
149
150
149
150
149
149
148
149
150
150
150
151
148
148
147
146
148
148
146
145
145
146
146
146
147
147
147
146
146
148
149
150
153
153
152
152
150
150
146
146
147
147
147
146
145
143
143
142
143
144
145
146
146
146
146
146
146
145
146
146
147
146
148
147
148
149
150
152
151
151
151
152
152
152
150
150
150
149
149
150
150
149
146
144
145
146
146
148
148
148
148
148
148
147
147
147
148
147
148
148
146
146
145
146
145
144
141
142
141
141
142
142
140
139
138
140
140
140
140
140
140
143
143
142
143
143
143
144
145
144
147
146
146
145
146
147
146
147
146
146
145
144
144
145
145
146
146
145
145
146
147
147
147
148
148
147
146
145
145
143
142
141
141
140
139
139
140
140
140
139
139
138
139
141
140
140
140
138
139
139
138
138
137
138
137
138
139
139
139
139
139
139
137
137
137
139
139
139
138
138
137
137
137
137
138
139
139
140
139
137
137
138
138
138
138
138
137
138
139
139
139
138
137
137
137
139
139
140
140
139
139
139
139
139
139
139
138
138
138
137
137
136
137
136
136
135
135
135
135
135
135
137
138
139
139
139
139
138
138
137
137
138
138
138
138
137
139
139
140
142
143
145
146
145
145
144
144
142
142
142
141
142
143
143
144
144
144
144
145
146
147
146
148
146
145
143
145
145
145
145
145
146
146
147
145
144
142
140
138
139
138
138
137
137
138
138
137
137
135
135
135
136
135
136
139
139
140
139
140
141
141
141
141
142
143
143
144
143
143
143
144
143
143
143
143
143
145
144
145
145
145
145
145
143
144
145
145
144
145
145
146
146
146
143
142
142
142
142
141
142
142
140
139
140
140
140
141
142
142
142
142
145
146
145
147
147
149
150
151
151
150
150
150
151
153
152
152
152
153
154
153
151
147
145
144
144
144
145
146
145
145
144
143
143
142
142
143
143
143
143
143
143
142
142
145
145
144
147
147
148
147
148
148
149
149
151
152
152
152
152
153
152
150
149
150
151
150
150
149
148
148
149
147
146
146
146
143
143
143
144
143
144
144
145
145
144
145
146
146
146
147
148
148
146
144
143
144
147
146
146
148
146
147
147
147
146
146
146
146
146
146
147
147
145
146
145
146
145
145
143
143
145
145
146
148
148
147
148
147
147
148
146
146
146
144
144
145
146
146
147
146
145
144
145
145
145
145
143
144
145
145
144
145
146
146
145
146
147
149
149
150
149
148
147
147
148
149
149
147
147
147
145
147
148
148
147
148
148
149
147
147
147
147
148
148
149
149
149
150
150
149
148
148
148
148
148
149
147
147
149
149
148
148
148
150
149
147
147
147
147
147
147
146
146
150
150
149
148
148
148
151
153
151
150
149
151
150
152
151
151
150
147
147
147
147
148
148
148
148
150
153
152
152
152
151
148
147
147
147
147
146
146
146
145
143
144
144
144
145
145
146
146
147
148
150
149
148
148
148
148
148
149
149
149
150
149
149
147
148
148
146
145
147
146
147
147
147
148
150
149
149
149
151
152
150
150
150
150
150
152
151
149
150
148
149
149
149
149
148
148
146
146
146
147
148
147
147
147
147
149
149
149
149
149
147
147
148
147
145
143
144
142
142
141
141
140
140
140
141
140
140
139
139
140
140
140
141
142
143
145
146
145
146
147
148
149
150
149
150
150
151
151
150
147
146
146
145
143
143
143
143
143
142
143
143
144
144
143
143
141
141
142
144
143
143
145
145
147
146
147
144
144
144
145
145
142
144
144
145
144
145
146
146
146
146
145
144
143
143
144
144
144
144
143
141
142
143
142
143
142
142
143
143
142
141
141
141
140
138
138
139
138
136
137
138
138
137
137
139
139
138
136
137
138
138
137
138
137
137
137
137
136
136
137
137
138
137
137
139
139
139
139
139
138
137
138
137
136
136
136
136
136
136
136
138
136
135
132
133
133
134
133
133
135
135
135
134
134
134
133
133
132
132
132
132
133
135
135
133
133
132
131
131
130
130
130
130
130
129
128
128
128
128
129
130
131
131
131
131
133
133
134
133
133
132
132
132
132
133
133
133
133
134
134
135
135
135
135
136
136
135
135
135
135
136
136
136
135
136
136
135
136
138
140
140
142
139
140
139
137
134
134
134
135
137
137
137
137
138
138
136
138
139
138
138
140
137
137
137
137
136
136
137
139
139
139
142
141
140
140
139
139
139
139
139
140
141
140
141
141
142
142
143
144
144
141
142
143
143
143
142
141
141
141
140
139
138
137
136
136
135
135
135
135
134
135
134
135
134
134
136
136
138
138
139
139
138
139
140
137
135
134
134
134
132
132
133
133
133
133
134
134
136
136
136
137
137
137
138
137
137
137
138
137
137
136
137
137
138
138
135
136
135
136
136
135
134
135
135
135
135
135
135
136
135
135
136
136
138
138
139
139
139
139
137
137
138
140
139
141
145
145
143
139
139
138
140
141
141
140
141
141
141
141
143
142
142
142
142
142
141
141
140
140
141
141
142
142
141
142
142
142
142
142
142
141
141
141
141
140
140
140
140
140
140
141
143
143
144
145
145
144
142
141
142
143
143
144
143
143
143
143
143
143
144
144
144
139
139
140
140
140
141
140
139
139
137
137
137
136
139
140
140
140
140
138
138
137
137
138
140
140
140
141
142
142
143
143
144
143
142
141
139
140
141
141
143
144
143
142
141
141
140
141
143
143
142
143
142
142
141
140
140
141
141
142
140
140
139
138
137
138
139
139
137
138
138
138
137
138
140
140
142
140
140
140
139
138
137
139
138
138
138
138
139
138
138
138
138
139
138
138
139
139
138
138
137
137
137
138
137
134
134
134
134
134
134
134
134
134
136
135
134
133
133
134
133
132
133
133
133
133
132
131
132
133
133
134
134
137
137
138
137
139
138
138
138
138
138
137
137
138
138
138
137
137
136
137
137
136
136
137
139
139
140
140
139
138
138
137
138
139
139
137
137
135
136
134
134
134
134
133
133
133
133
134
135
135
133
132
133
134
133
134
135
135
133
135
135
135
135
136
136
137
138
138
139
137
137
137
136
137
136
136
136
137
137
138
141
141
141
141
141
141
142
143
143
141
139
140
141
139
139
139
139
140
141
140
140
139
139
138
136
135
135
136
137
137
140
139
141
137
136
137
139
139
140
136
137
136
135
136
135
135
135
134
133
133
133
134
136
135
134
132
132
132
133
134
133
133
133
133
133
134
135
134
134
138
138
137
137
138
137
137
138
140
142
140
141
141
140
140
141
142
139
138
141
143
144
146
145
143
144
143
143
144
146
144
141
141
140
140
142
141
140
138
137
137
136
138
138
141
139
140
138
138
138
136
137
136
136
138
138
137
136
135
134
135
135
135
134
136
136
136
135
136
134
134
133
133
131
131
132
133
132
132
133
133
132
131
130
131
131
131
132
131
133
134
134
134
135
134
134
134
133
133
134
135
135
135
136
136
136
136
136
139
138
138
138
138
137
136
136
136
136
136
136
136
137
136
136
137
135
134
132
132
132
133
133
132
133
133
132
132
132
131
132
131
131
132
132
133
133
134
134
134
134
134
134
134
134
134
135
134
135
137
137
137
137
136
137
137
136
136
136
135
134
134
133
133
134
134
134
134
134
134
134
135
135
134
133
133
133
134
133
132
133
133
133
132
132
132
131
130
131
131
130
130
130
129
129
129
128
127
127
127
128
128
126
126
126
127
127
127
128
128
128
128
129
127
128
132
131
130
129
128
128
128
128
128
127
128
127
127
128
129
129
128
127
127
128
129
131
130
129
128
128
129
129
128
129
129
129
130
130
130
132
132
131
131
131
131
131
132
131
131
131
134
133
132
134
133
132
132
132
132
134
132
132
133
133
133
131
131
131
131
132
132
132
131
131
132
131
130
128
127
128
129
129
130
128
129
130
129
129
131
130
131
132
132
130
131
131
130
129
129
130
130
133
132
132
132
132
131
131
130
131
131
131
130
127
129
129
130
130
131
131
132
131
131
134
135
136
137
135
136
134
134
134
134
133
131
132
132
132
132
132
132
132
133
132
132
132
132
130
130
129
129
129
129
130
129
129
129
130
129
128
128
128
128
127
127
127
127
127
126
127
126
127
126
127
127
128
128
128
131
131
132
133
135
135
135
135
134
137
139
140
138
138
139
141
139
139
138
139
136
137
135
137
136
137
138
138
136
136
136
134
133
133
134
134
134
133
133
134
132
133
132
132
134
133
134
135
135
136
135
134
135
135
133
135
135
135
138
138
136
135
135
134
134
132
132
132
131
131
131
130
130
130
132
130
131
131
131
130
130
130
129
128
128
127
127
129
129
129
129
128
128
128
129
128
128
129
129
129
127
127
127
127
128
128
128
128
129
127
127
128
129
128
126
126
126
127
126
126
127
127
128
129
129
128
128
128
127
127
127
127
127
126
128
128
128
127
126
126
126
126
126
126
128
128
128
129
129
129
130
129
129
130
130
130
130
130
131
132
133
133
132
132
132
131
130
129
131
131
131
131
130
129
129
130
129
131
131
133
134
134
134
133
133
132
131
132
133
132
131
131
131
131
131
130
130
130
130
129
128
128
128
129
128
129
129
129
131
130
129
127
126
128
128
128
127
129
130
129
129
130
129
130
130
132
133
133
133
133
133
132
132
132
133
131
130
130
128
130
130
127
125
127
127
128
129
129
128
128
127
127
127
128
128
127
129
129
129
129
129
129
128
131
130
131
132
131
