0.0002831034482758621 0.0009658620689655174
300
297
294
291
289
284
277
273
270
263
262
259
259
259
259
259
258
257
252
251
249
249
248
245
245
245
248
247
246
245
244
243
243
243
243
244
244
244
242
243
242
243
242
242
243
243
243
244
246
245
243
245
246
247
245
244
243
243
246
247
248
250
251
252
249
247
246
247
245
246
246
245
247
250
249
248
247
248
247
247
248
249
250
248
248
249
247
246
245
246
246
245
245
247
247
245
244
244
244
243
243
245
245
245
243
244
244
245
245
243
244
245
245
245
244
244
240
242
240
238
242
241
241
242
244
244
245
245
245
245
245
243
245
247
247
245
246
245
242
241
241
242
240
240
239
239
238
239
240
241
241
240
240
241
242
244
243
242
241
242
242
244
244
245
243
245
244
245
244
245
244
242
242
240
240
241
240
239
240
240
238
240
241
242
243
242
240
241
241
243
241
240
239
238
239
238
237
237
234
235
237
236
237
236
236
236
236
235
235
234
234
235
234
230
230
231
232
231
231
231
231
230
228
228
227
227
225
225
226
225
226
225
224
227
226
228
226
226
227
228
230
229
228
228
229
230
230
229
229
230
231
229
228
228
227
228
228
227
227
227
227
227
229
229
230
229
228
229
230
228
228
229
229
231
230
230
231
228
228
228
229
228
228
228
228
226
226
228
228
228
227
227
228
228
228
227
226
226
226
229
231
232
231
231
230
232
232
230
230
232
234
234
231
230
232
233
231
230
230
231
232
233
230
230
230
229
228
226
226
226
226
225
228
229
230
232
233
234
234
232
232
231
229
230
230
230
228
228
228
227
227
229
228
229
227
228
225
223
224
223
223
223
223
223
224
225
227
229
230
230
228
225
225
225
223
223
223
223
223
225
226
226
225
224
225
226
226
227
227
228
229
228
230
230
229
231
231
229
229
227
228
229
231
231
228
226
228
228
229
227
223
223
222
225
225
225
224
226
228
228
228
227
228
228
229
231
231
231
230
230
229
229
228
228
225
225
226
225
226
225
226
226
224
224
227
227
229
228
229
229
230
231
230
230
227
227
227
228
228
231
231
229
233
231
229
227
229
231
231
229
230
230
230
230
232
230
228
229
229
228
226
226
225
226
226
226
227
226
227
227
226
227
228
226
227
228
228
227
225
226
227
227
227
228
226
226
227
227
227
228
228
227
229
227
227
224
225
223
221
221
222
223
223
224
226
228
228
229
230
232
231
233
234
232
231
233
232
232
232
232
232
231
230
229
229
229
230
229
231
233
229
232
230
228
229
229
230
231
231
229
228
226
226
226
226
226
226
227
226
224
226
225
226
226
226
223
223
224
223
224
223
222
223
222
222
223
224
226
224
225
226
226
226
226
227
227
227
227
226
227
224
223
223
223
223
223
223
226
228
228
228
228
228
228
226
226
224
227
230
229
229
228
229
229
229
229
229
227
225
227
227
228
228
227
227
226
229
228
226
226
226
226
225
225
225
225
225
227
227
225
225
224
224
223
223
222
220
222
221
221
219
219
219
217
217
217
217
216
214
214
214
213
214
215
216
217
217
218
217
217
217
218
219
219
219
219
219
221
222
221
221
220
221
221
220
220
220
222
221
221
220
220
218
217
217
219
218
220
220
222
224
222
218
218
218
218
218
217
219
219
220
220
219
217
218
216
216
218
220
217
218
218
217
216
216
216
214
214
214
214
216
217
217
217
217
220
220
219
221
223
222
221
221
220
219
218
217
217
221
221
221
220
220
214
212
215
214
213
212
213
214
214
214
213
212
212
211
210
208
208
208
208
207
206
206
206
206
206
206
207
206
204
206
206
206
204
205
205
206
206
207
209
209
210
209
211
212
212
211
210
211
210
210
209
209
208
208
208
209
208
208
207
207
206
205
204
204
205
203
204
205
203
202
202
203
204
205
206
206
206
205
205
206
204
204
204
204
204
204
204
204
205
205
207
207
208
207
208
208
208
207
208
208
208
208
209
210
210
212
213
213
214
213
215
214
213
211
208
208
209
208
208
208
208
208
208
209
209
209
209
207
208
208
206
206
206
206
207
206
208
208
208
208
209
212
213
212
209
210
210
209
208
209
209
209
209
208
206
206
207
206
206
206
206
204
205
205
204
202
198
197
197
198
199
202
203
201
201
202
202
203
202
201
201
203
203
203
202
202
201
201
200
200
200
200
200
200
200
200
199
197
198
198
197
198
199
199
200
200
199
200
200
201
201
200
201
199
199
201
202
203
202
201
201
200
200
203
201
201
201
201
201
199
200
201
201
202
201
201
202
202
203
204
203
201
201
202
202
202
202
201
200
199
200
198
196
198
198
197
197
198
200
200
202
205
205
203
203
203
202
205
204
205
205
203
201
199
199
200
199
197
197
198
200
200
199
198
196
195
194
194
193
193
193
193
194
196
197
198
198
197
198
198
197
198
198
198
199
196
196
196
195
196
196
195
195
195
195
196
195
197
198
198
198
198
197
198
198
199
199
198
198
196
196
196
196
196
196
197
196
197
196
195
194
195
196
197
197
197
197
198
199
198
199
199
198
198
200
201
198
200
200
203
204
202
202
200
200
199
199
200
199
199
199
197
195
196
195
195
194
194
194
194
195
195
195
194
194
194
194
195
197
197
196
196
196
197
196
197
196
196
198
200
200
200
200
198
200
198
199
200
198
198
197
197
197
198
198
197
198
198
199
199
198
198
197
198
198
197
197
198
197
196
196
195
195
195
197
199
200
199
199
200
199
198
198
197
197
196
196
196
194
193
194
194
194
194
195
195
196
194
194
197
195
194
195
194
196
194
194
194
193
192
193
194
194
194
192
192
192
191
189
190
190
190
190
188
189
191
191
192
193
193
193
193
192
192
191
192
192
193
193
192
191
190
190
189
189
189
190
191
191
190
190
190
192
193
192
191
190
190
190
190
191
190
190
191
192
193
193
192
194
194
195
194
193
194
195
196
195
196
197
196
195
195
195
195
197
196
197
196
192
191
191
189
188
188
190
188
187
188
189
188
188
188
188
188
188
189
188
189
189
189
188
190
190
190
190
189
188
186
186
187
187
188
190
190
194
193
193
194
193
195
195
195
195
193
193
192
192
192
194
194
194
195
195
192
192
191
191
192
191
191
190
190
189
189
189
189
191
191
191
194
193
193
193
192
194
193
193
192
193
194
191
192
190
189
190
190
190
191
191
192
191
190
192
192
190
193
195
195
193
192
195
196
196
196
196
196
196
197
198
200
199
198
199
197
197
196
196
196
196
195
194
194
194
194
194
196
195
197
198
198
202
205
204
201
198
198
196
196
196
195
195
195
195
195
194
192
192
194
194
194
194
194
192
194
191
192
193
190
191
190
190
189
189
189
189
187
187
186
187
187
186
186
186
186
187
185
185
186
186
186
186
184
182
181
182
182
182
183
182
182
181
182
183
182
182
183
184
181
181
183
183
184
185
188
183
183
183
184
184
184
183
183
183
183
183
183
183
182
182
183
182
182
184
185
186
187
187
186
184
184
185
186
187
186
186
187
187
186
188
188
187
188
185
183
182
182
180
180
180
180
180
181
181
180
181
181
183
184
184
184
184
185
184
183
182
183
181
181
181
181
181
182
182
180
181
180
180
181
181
181
181
181
181
183
182
181
183
183
183
183
185
186
187
188
188
188
189
187
185
183
183
184
184
185
185
185
185
185
182
181
181
183
183
183
182
184
185
186
186
185
183
185
185
185
186
186
186
187
188
188
188
185
185
184
184
184
185
186
188
189
190
191
191
190
189
188
187
187
186
186
183
181
178
180
180
178
178
179
179
179
179
180
179
179
179
181
181
179
180
180
179
179
179
178
178
178
178
178
178
177
177
177
178
178
179
179
179
179
179
178
178
178
178
178
179
179
180
178
179
179
180
180
180
180
180
179
178
178
178
177
177
177
177
177
177
176
176
176
179
180
180
180
181
182
183
183
183
185
185
185
185
185
185
184
183
184
184
186
184
182
183
182
182
182
182
180
181
180
180
181
181
181
181
182
182
181
180
182
182
182
182
182
183
182
183
183
183
183
184
183
182
181
181
179
177
177
177
178
178
176
177
177
178
179
179
180
179
180
179
179
178
178
178
178
178
179
179
178
177
176
180
180
180
182
182
181
180
179
179
178
178
179
178
178
178
177
179
178
178
178
178
176
177
177
177
176
179
179
176
177
176
175
176
178
180
180
181
180
180
179
181
180
181
180
180
180
180
179
178
176
175
175
175
175
177
176
177
179
179
179
177
176
176
174
173
173
174
175
174
174
174
175
176
177
177
177
178
179
181
181
183
181
178
181
181
181
181
181
181
179
179
179
179
178
177
175
175
175
174
176
176
176
177
178
176
176
176
175
177
177
179
177
179
179
179
181
181
182
183
185
184
184
184
185
185
185
184
185
184
183
182
183
183
183
183
179
181
182
181
178
178
176
177
175
175
174
173
171
172
172
172
172
172
171
172
173
173
172
171
171
171
171
172
172
174
174
174
175
176
176
177
178
179
179
178
177
177
179
178
178
177
175
176
177
177
178
178
181
181
180
181
182
182
180
178
178
179
179
179
179
179
179
179
178
178
178
177
177
176
177
177
179
179
180
182
180
182
182
183
185
183
183
181
180
180
180
180
182
182
183
184
183
183
183
183
182
179
180
180
179
178
177
176
175
175
175
175
175
175
174
175
175
176
176
175
178
178
177
179
181
181
180
179
180
179
179
179
179
182
182
182
182
182
183
185
184
185
185
181
180
178
179
181
181
183
183
182
182
181
181
181
180
180
180
181
183
182
182
181
183
182
180
180
179
179
180
183
183
182
182
182
182
180
181
180
181
183
185
185
187
189
190
190
189
189
187
185
185
185
182
181
181
181
182
182
181
180
181
180
181
181
182
181
184
183
181
180
182
182
182
183
183
183
183
182
184
183
183
182
182
181
183
182
182
182
182
183
184
184
184
182
183
185
187
188
188
186
186
187
187
184
182
179
179
179
179
179
179
180
180
180
181
181
184
183
182
181
180
179
180
179
180
179
178
178
178
177
179
179
178
180
180
181
182
183
183
183
185
183
183
180
180
180
179
179
178
179
177
178
179
179
179
178
177
178
177
177
179
178
177
177
178
178
179
179
180
180
180
178
179
179
178
178
179
179
179
178
179
180
180
179
179
178
178
178
178
176
176
176
178
178
179
179
179
180
180
181
182
183
181
179
180
181
181
181
181
179
179
178
177
175
175
176
177
178
178
178
178
177
177
177
176
176
176
176
176
176
177
176
174
175
175
175
173
174
176
176
177
175
175
173
174
174
174
174
175
175
176
177
177
178
177
178
178
178
176
176
177
177
178
178
178
180
179
181
181
178
178
179
178
178
178
179
180
181
179
180
179
180
180
179
179
180
180
181
180
181
183
183
184
182
181
180
180
180
180
180
181
182
181
181
181
181
181
181
181
180
180
181
180
179
178
178
178
177
176
176
176
176
177
179
177
176
175
175
172
172
171
170
170
171
174
173
175
176
176
175
174
173
173
173
173
172
173
174
174
175
175
176
176
174
173
172
173
173
174
175
174
173
175
177
177
176
176
176
177
173
174
174
175
175
174
174
176
176
175
177
177
176
176
176
175
176
179
181
180
181
181
178
178
176
176
175
174
174
175
175
175
174
174
175
175
175
176
178
175
174
174
174
174
174
173
173
174
175
174
175
174
175
174
174
176
176
175
175
177
178
180
183
181
182
183
184
185
184
182
182
181
182
182
182
182
183
180
181
180
174
174
174
174
174
173
173
172
172
172
172
174
173
172
170
169
169
171
170
170
170
171
171
170
169
169
170
169
169
170
172
172
172
172
173
173
172
171
170
171
172
172
173
174
174
174
175
174
172
173
173
174
174
175
172
173
175
174
174
173
172
172
173
173
174
174
174
174
174
174
174
173
173
173
173
174
174
174
175
174
176
177
176
176
175
176
174
175
176
175
175
174
173
174
173
174
171
172
172
173
175
175
176
176
175
174
174
174
174
174
177
177
175
173
172
172
172
173
171
170
170
169
167
167
167
167
168
168
167
168
169
170
171
173
173
173
172
173
173
172
171
173
171
172
170
171
171
170
169
171
172
172
172
172
172
172
172
171
170
170
170
169
169
168
168
169
168
168
168
168
167
167
169
168
170
170
170
169
169
169
169
168
167
168
168
169
169
168
169
168
168
168
169
169
170
170
170
170
170
169
171
171
167
168
168
168
168
168
168
169
168
167
166
166
167
166
166
165
165
167
167
168
169
169
169
169
170
170
169
169
169
169
169
170
169
169
169
169
169
170
170
169
169
169
167
167
166
166
166
166
165
166
166
165
166
166
166
166
166
167
167
167
168
168
168
171
170
171
171
170
170
170
167
167
168
166
167
168
168
169
170
169
169
170
170
168
168
170
171
172
172
171
168
167
166
164
164
164
165
166
166
167
166
166
166
166
163
163
163
163
162
162
162
162
161
161
162
163
164
166
165
165
166
167
166
168
170
170
169
166
166
168
168
167
167
166
167
169
170
170
170
171
170
169
168
167
167
167
167
166
165
166
165
167
168
168
169
169
168
167
166
167
167
167
167
167
168
170
170
168
169
168
169
170
168
167
168
167
168
168
169
169
169
169
170
169
168
167
166
165
165
166
167
166
166
166
167
168
168
169
169
167
166
165
165
166
166
165
165
164
166
166
167
167
167
167
167
166
165
166
164
166
166
168
168
168
170
169
169
169
171
171
170
170
170
171
170
170
170
169
170
169
169
169
167
166
166
167
168
167
166
166
167
166
166
166
166
167
169
168
168
168
168
168
169
167
166
165
166
166
166
166
165
166
167
166
168
168
168
170
171
170
170
171
170
168
168
168
168
169
168
167
166
166
166
165
164
165
165
162
162
161
160
159
159
159
159
160
161
162
162
163
162
162
162
161
161
161
161
161
161
162
162
162
162
162
164
164
164
163
162
162
163
163
166
166
169
167
168
169
172
171
171
168
168
167
169
169
169
170
170
168
167
167
166
166
167
165
165
164
167
170
171
173
173
173
172
173
172
171
171
172
173
172
172
172
171
171
171
171
170
169
168
168
168
167
166
166
167
167
167
166
166
165
164
164
164
164
164
164
164
164
165
166
166
166
166
166
165
164
165
164
163
163
163
165
165
167
167
167
168
168
170
170
170
167
167
163
162
163
164
164
164
165
165
164
165
165
166
168
169
169
169
170
169
171
168
167
165
165
163
162
162
163
163
164
165
165
161
160
160
160
161
159
160
159
161
162
161
162
164
168
168
168
169
168
168
167
167
166
167
166
165
165
166
165
163
163
164
164
165
164
163
163
164
165
165
165
164
166
166
165
164
164
163
164
164
165
165
164
164
164
165
165
165
165
165
163
162
162
162
158
158
159
158
158
158
158
158
159
159
160
161
160
161
161
161
162
163
164
163
166
165
165
166
166
166
166
166
165
164
162
161
160
160
161
161
161
161
161
160
160
160
159
160
161
163
160
162
163
164
163
161
161
161
159
159
160
160
160
161
161
161
161
161
160
159
160
160
161
160
158
158
158
159
159
159
159
159
159
158
157
157
157
158
159
160
161
161
160
160
161
161
161
162
162
162
162
161
161
163
163
163
163
163
163
164
163
164
165
163
162
162
163
164
163
162
162
163
164
165
165
165
165
164
164
164
163
162
162
163
163
163
164
164
165
164
164
165
164
163
161
162
164
165
165
167
167
167
166
165
165
164
164
163
164
162
163
162
163
163
163
164
162
161
159
160
161
161
161
162
162
162
162
163
162
162
162
161
159
159
160
158
159
159
160
160
161
162
163
163
163
163
162
162
161
162
163
161
162
162
161
162
162
163
163
163
163
162
161
161
159
158
158
161
162
164
162
162
162
162
160
159
159
159
158
159
160
160
159
160
161
161
162
162
161
160
160
161
160
157
157
156
156
157
159
160
160
160
162
162
161
162
160
160
162
162
162
162
162
161
159
159
157
155
155
155
156
157
157
157
157
157
159
159
159
160
160
159
158
159
158
157
155
156
155
155
155
154
154
154
154
156
157
157
158
160
159
159
160
161
162
161
161
158
159
160
160
160
160
162
161
162
161
161
160
160
160
160
160
156
158
158
159
157
157
157
157
157
156
157
154
154
154
152
152
153
153
153
155
155
154
154
154
155
156
160
158
160
159
157
155
155
155
154
153
153
153
154
155
155
156
155
155
155
156
156
155
154
154
154
154
154
153
152
154
154
154
154
154
155
155
155
155
153
153
155
155
155
154
153
153
153
153
152
153
153
152
153
154
155
156
154
154
158
158
159
158
158
158
157
155
156
157
157
156
155
155
154
154
154
154
154
156
156
156
156
156
156
156
155
155
156
156
157
157
157
158
158
157
157
156
155
154
154
155
155
155
155
157
157
157
158
157
154
153
153
153
153
154
154
153
153
153
153
154
155
155
154
155
155
154
155
155
155
155
155
155
155
156
155
155
155
155
154
154
153
153
152
151
151
151
151
151
151
151
151
151
151
151
152
151
150
151
151
151
153
153
153
154
154
154
155
156
155
155
155
156
156
156
157
157
157
158
159
158
158
158
158
158
158
157
157
157
157
156
158
156
156
156
156
155
154
155
156
156
156
158
157
157
157
157
156
157
158
158
157
158
157
157
156
156
156
156
155
155
154
155
155
155
154
156
156
156
156
156
156
157
156
156
158
157
156
155
155
155
155
155
155
155
155
156
155
158
158
158
156
159
158
158
157
158
158
158
158
158
158
159
159
159
159
158
158
158
157
159
160
159
159
158
159
161
161
160
160
159
158
158
157
158
157
157
158
158
158
158
157
157
158
158
159
158
159
160
158
159
159
159
160
159
160
161
161
161
159
160
159
158
157
157
157
157
156
157
159
159
158
158
158
158
158
158
158
159
159
158
158
157
157
158
158
156
153
151
152
152
152
152
150
150
151
151
151
150
150
149
149
148
149
149
148
148
149
150
150
150
150
149
151
151
151
151
151
152
153
154
150
150
150
150
152
152
153
155
155
156
156
156
156
157
157
157
158
157
156
154
153
153
153
153
151
149
149
148
148
148
148
149
150
150
150
151
151
151
151
152
152
152
152
154
154
152
153
153
152
153
152
152
153
152
151
151
152
152
153
153
154
153
154
153
152
148
148
148
146
146
146
147
148
149
149
150
150
150
150
148
148
149
150
150
151
150
151
152
152
150
151
151
152
152
151
150
148
148
148
149
149
150
148
148
147
147
146
146
146
146
147
147
146
146
147
148
149
149
149
149
149
150
151
152
153
152
152
152
152
151
151
151
151
151
152
152
152
153
152
152
154
153
153
155
154
153
153
153
151
151
152
151
151
150
148
148
149
148
147
147
146
146
147
147
148
149
149
150
150
149
149
149
150
151
147
150
150
150
150
151
152
151
151
151
149
148
146
146
144
142
144
143
145
144
145
145
146
145
145
144
145
145
145
145
145
145
146
145
143
143
143
143
141
142
142
142
142
143
144
144
145
145
144
144
144
145
144
143
143
144
143
143
144
143
145
145
143
144
143
144
144
144
144
143
143
143
144
144
143
145
143
143
142
142
143
144
144
143
143
144
143
142
141
142
143
143
143
144
143
143
144
144
144
146
146
147
145
143
143
142
142
141
141
141
141
141
141
141
141
141
143
143
143
143
144
144
144
142
142
141
143
144
143
141
141
141
141
141
141
141
142
143
142
142
141
141
141
141
140
139
140
140
140
140
140
139
142
142
142
142
142
141
140
140
141
141
141
141
140
141
142
142
141
140
141
143
143
141
141
140
139
139
139
140
140
139
141
141
141
142
143
142
142
142
143
145
145
145
145
144
143
143
143
143
141
141
143
144
144
145
145
146
145
146
145
145
146
146
145
145
145
143
142
142
142
141
142
142
142
141
141
139
140
138
138
139
138
138
138
138
137
137
137
138
139
137
137
138
138
137
137
137
137
137
137
136
136
136
137
136
135
135
135
135
134
135
135
136
137
137
138
138
138
138
138
139
139
138
138
138
138
138
138
139
139
139
138
138
139
140
141
141
140
142
142
142
142
142
143
143
143
144
145
144
145
146
146
146
145
144
145
144
145
143
143
143
144
144
141
139
139
139
139
141
141
141
141
141
140
139
139
139
141
141
141
140
140
140
140
140
141
141
139
139
139
142
143
143
143
142
142
143
144
144
144
143
143
142
142
142
144
145
146
145
144
146
146
148
148
147
144
143
142
140
141
141
140
140
139
139
139
139
140
139
140
139
139
139
140
140
140
139
139
138
138
140
139
140
139
139
139
139
139
139
138
138
138
138
139
140
142
141
140
140
140
141
143
143
142
143
143
142
143
142
142
142
141
141
143
143
143
143
143
143
142
141
142
142
143
142
143
144
145
145
145
143
141
140
140
139
139
139
139
140
141
141
142
143
143
144
143
144
143
145
146
146
145
144
145
144
144
143
142
142
143
143
143
143
142
145
146
146
146
146
147
147
144
143
142
144
144
146
146
146
146
147
147
146
146
145
146
146
148
148
148
148
148
147
147
146
148
147
148
148
151
152
149
147
147
146
147
147
146
145
145
146
146
145
145
144
143
143
144
148
147
147
147
147
146
144
145
143
143
143
143
144
143
145
145
146
148
146
146
146
147
146
147
146
146
143
143
143
144
144
145
145
144
143
144
143
142
142
142
142
143
143
143
143
145
145
145
145
145
145
146
145
145
144
145
147
146
145
145
145
146
145
145
144
144
145
145
145
145
145
144
144
144
146
146
146
148
149
148
147
148
147
147
147
147
143
143
143
144
145
145
144
144
144
145
145
145
148
148
148
148
146
146
145
144
144
144
145
145
145
144
143
144
143
144
144
142
143
141
142
142
141
141
143
143
143
143
144
143
143
143
143
143
144
145
145
143
143
142
142
142
143
144
143
142
142
143
144
142
142
141
141
140
140
140
140
140
141
142
143
143
143
142
142
144
142
142
142
143
143
144
143
143
141
141
140
141
140
141
140
140
141
141
141
141
141
140
140
141
141
141
140
140
141
142
142
141
142
143
144
143
143
142
142
141
141
140
141
141
141
140
138
138
138
138
138
137
138
138
138
140
138
138
139
139
138
138
138
137
137
137
137
137
137
139
138
139
140
140
139
138
138
137
137
138
139
139
138
139
140
140
139
139
138
138
139
138
138
139
138
137
138
139
140
140
140
140
139
138
140
141
142
139
139
140
139
139
139
140
141
141
140
139
141
140
139
140
139
139
139
139
139
139
138
138
137
136
134
134
135
136
136
136
136
135
136
135
136
136
136
136
137
137
137
137
136
136
136
137
137
137
