0.0005220689655172415 0.0006244827586206897
300
293
290
286
285
279
275
272
267
268
263
261
260
258
258
258
258
253
251
248
247
248
244
242
239
239
239
239
239
239
239
237
236
236
236
235
232
235
232
231
232
232
231
231
229
229
227
230
230
228
228
228
224
223
222
222
222
220
221
224
225
224
221
222
221
221
222
225
226
225
222
222
224
224
222
224
223
222
221
220
218
219
219
219
219
219
217
218
218
218
218
218
218
216
216
216
216
215
212
213
215
215
215
216
216
214
214
215
212
212
212
213
213
215
215
214
215
214
215
215
214
213
214
214
213
211
212
212
215
215
215
216
216
214
213
212
210
212
210
210
210
212
210
210
207
209
208
211
210
209
208
207
208
207
208
208
207
208
207
209
211
212
211
213
210
208
209
211
211
209
209
208
208
208
208
207
207
205
205
205
206
206
208
207
205
206
206
207
206
207
209
208
209
211
212
211
211
212
210
206
205
206
205
204
206
205
204
205
204
204
202
202
200
200
200
200
200
199
197
197
198
199
199
200
200
200
200
198
196
198
200
200
199
198
199
198
197
197
198
198
197
198
198
200
201
201
199
203
200
201
201
202
202
202
202
201
202
202
201
201
201
200
200
199
201
200
200
201
201
204
205
203
204
204
205
205
205
205
205
202
202
203
204
204
204
203
203
203
201
202
201
202
202
202
202
203
204
204
203
202
204
203
203
201
200
201
201
200
202
203
204
203
202
203
202
201
200
200
201
202
202
202
202
201
202
205
205
205
205
206
205
205
204
205
203
203
203
203
200
200
201
202
202
200
201
200
200
201
199
199
200
202
201
201
200
200
198
198
197
199
198
198
199
198
198
198
198
197
196
196
198
199
200
199
200
200
198
197
198
199
199
202
201
202
201
198
199
198
198
197
197
197
197
197
198
197
196
194
195
195
194
194
194
194
193
193
193
193
193
192
192
192
192
193
193
194
193
192
193
192
194
193
193
192
194
195
194
191
191
189
191
190
191
192
193
192
190
191
190
190
190
191
190
190
191
191
190
190
189
189
187
188
187
187
186
187
188
188
187
186
186
185
185
185
185
187
187
188
187
187
188
190
191
192
192
192
192
190
189
188
189
189
189
189
189
189
187
186
186
185
186
185
184
183
183
184
186
187
188
189
190
192
189
189
189
188
189
190
190
190
191
189
190
191
192
192
192
191
190
190
189
189
190
191
190
191
191
190
190
189
189
188
188
188
186
186
188
188
188
187
186
186
185
187
186
185
185
184
186
186
186
188
187
186
189
187
186
189
189
185
185
187
186
185
186
187
186
185
186
186
187
187
186
185
184
183
183
183
183
183
183
183
182
182
184
184
184
185
184
184
183
181
182
183
183
183
183
183
183
183
184
184
186
187
186
187
189
188
189
191
191
191
190
190
187
187
189
188
184
184
184
184
183
183
183
185
186
185
183
185
185
184
184
183
184
183
182
182
182
182
182
183
184
184
185
186
186
186
185
185
186
185
185
184
183
185
185
185
185
185
185
184
185
185
185
187
186
186
185
183
184
182
185
186
187
187
188
189
188
187
186
186
186
186
186
186
186
186
186
187
191
192
191
190
188
190
190
190
191
192
190
190
191
189
189
187
186
187
187
188
186
185
185
184
184
185
185
183
182
182
180
179
180
179
179
180
179
178
178
179
179
179
179
179
180
181
181
181
182
180
180
180
180
179
179
178
179
182
182
181
181
183
184
184
184
179
180
181
181
182
180
180
180
183
180
179
179
179
178
178
175
175
175
176
176
176
175
175
174
175
174
174
175
177
177
177
178
177
180
180
178
178
176
176
174
175
175
175
175
175
175
174
177
177
176
175
175
176
174
174
175
171
171
170
170
171
171
171
171
171
171
170
169
169
171
171
170
169
172
171
172
171
171
171
172
172
171
171
173
172
172
172
171
171
171
171
172
174
174
175
176
178
176
173
174
175
173
174
174
175
175
176
176
175
175
175
174
174
172
172
171
172
172
173
172
172
172
171
171
171
173
173
172
173
174
174
173
172
175
174
173
172
173
174
175
173
173
174
173
173
173
173
173
171
171
170
170
172
171
171
169
168
168
171
173
173
173
173
172
171
173
172
172
172
174
174
177
178
178
179
178
179
179
180
180
179
181
179
178
180
179
178
178
177
180
178
180
179
181
178
179
179
180
179
180
180
179
177
175
175
176
176
177
178
175
177
177
174
176
177
178
178
178
178
180
181
178
178
177
176
176
178
179
179
177
177
178
180
179
179
177
179
177
177
178
174
175
174
175
174
174
174
175
177
178
176
176
174
174
174
174
173
176
179
180
177
177
176
176
175
173
171
170
170
167
167
166
166
166
166
169
171
171
172
169
168
168
167
167
166
167
168
166
166
167
167
167
168
168
168
166
166
165
165
166
167
168
166
166
167
170
170
171
171
171
170
171
172
172
171
171
170
171
170
169
169
171
173
173
173
172
170
171
171
170
170
171
170
169
171
169
169
169
168
168
169
170
170
169
169
167
168
168
168
168
168
168
168
167
168
168
170
170
169
168
167
169
170
169
169
169
169
168
169
168
167
166
168
165
163
166
165
166
168
167
168
168
169
168
168
167
167
167
167
167
167
167
170
169
169
169
169
170
169
168
166
165
167
169
170
170
170
169
168
167
165
165
165
166
168
167
166
167
168
167
167
166
166
166
166
167
167
166
167
166
166
167
167
167
168
168
168
167
167
167
167
169
168
168
167
169
170
169
170
171
171
171
171
171
172
173
171
171
173
173
173
171
170
168
170
169
170
169
169
164
165
166
167
166
164
164
164
164
164
165
164
165
164
165
164
165
165
165
165
163
162
161
160
160
161
162
162
160
161
161
165
169
170
170
169
169
168
168
166
165
167
167
169
169
168
168
169
169
169
170
168
167
167
167
167
167
166
165
166
164
163
164
164
163
162
162
164
164
165
164
163
162
161
160
160
162
162
164
164
167
170
171
170
170
169
169
169
170
172
171
169
171
169
170
170
169
168
167
166
162
162
162
161
159
158
159
159
159
159
158
159
160
162
163
165
165
166
166
163
162
161
160
159
159
158
159
160
160
161
162
163
167
167
166
166
167
167
164
165
163
162
162
164
165
164
167
167
167
166
167
168
168
166
166
165
166
167
166
166
165
165
164
163
163
163
163
163
163
164
164
162
161
162
162
162
163
163
163
162
163
163
163
164
163
163
164
164
164
161
158
159
160
160
161
160
161
163
163
163
163
163
163
163
162
161
162
162
163
164
164
164
163
162
164
165
166
165
166
167
167
167
166
165
166
166
164
165
162
163
163
165
166
164
162
162
164
161
162
160
159
161
160
159
160
160
159
158
159
160
161
163
161
161
159
160
160
160
160
159
160
161
160
160
162
160
160
158
157
157
158
158
159
160
161
158
157
156
155
154
155
156
155
155
156
156
156
155
155
156
156
155
155
155
155
155
155
154
155
157
158
159
160
161
161
158
157
159
156
155
156
155
156
156
158
159
158
159
159
159
158
158
159
159
157
157
157
157
157
156
155
153
153
153
155
156
155
155
155
155
153
154
152
153
154
154
155
155
157
154
154
155
155
155
156
156
156
156
156
156
157
160
159
160
160
162
162
158
157
157
155
155
155
156
157
159
158
158
158
158
156
155
155
156
156
156
156
156
154
155
155
155
156
154
155
154
156
157
158
160
161
160
160
159
158
158
158
158
158
156
155
155
155
154
155
154
154
154
154
153
154
155
153
153
153
153
154
156
154
156
156
154
152
152
151
150
151
152
152
153
155
154
156
154
154
154
154
154
153
153
154
154
152
151
151
152
153
150
150
150
149
150
150
150
150
149
148
148
149
150
150
150
150
150
149
150
150
151
153
153
153
153
153
153
154
155
155
157
154
155
154
154
154
154
155
157
156
154
154
153
153
154
156
156
155
153
152
150
147
147
148
148
152
151
152
152
153
152
150
150
150
152
152
152
154
154
153
153
150
149
148
148
148
147
148
150
149
148
148
149
149
148
148
147
147
147
149
150
151
151
152
151
150
152
152
152
152
152
152
152
150
149
150
151
151
151
151
151
151
151
151
150
150
150
150
152
152
154
155
156
157
160
159
159
158
157
156
157
158
158
157
157
157
157
157
157
157
158
160
159
160
160
162
160
161
162
161
159
161
159
157
155
154
152
152
153
153
153
153
153
153
152
152
151
150
150
150
150
148
150
151
153
154
156
156
157
156
156
157
158
156
156
157
155
155
156
155
155
157
156
153
154
153
153
153
153
154
152
152
153
154
157
158
158
158
156
156
154
153
152
151
152
153
151
151
151
151
151
152
153
151
151
150
150
151
152
153
154
153
152
152
152
153
155
155
153
153
152
153
153
156
158
157
157
156
157
157
159
159
159
157
157
157
157
157
156
158
159
158
156
156
157
156
157
155
155
154
155
155
155
155
154
154
153
152
152
152
151
152
153
156
155
155
153
151
151
153
152
152
151
149
150
150
149
148
149
150
150
152
152
151
152
153
153
152
152
153
152
151
151
150
150
149
149
150
148
146
148
147
148
149
149
149
149
149
149
149
149
149
149
148
148
147
148
151
149
149
148
149
148
147
148
148
149
149
149
149
150
149
148
148
149
149
149
149
149
150
150
150
150
149
149
149
150
149
149
148
149
149
150
151
153
153
153
153
155
155
154
154
152
153
154
153
154
154
154
154
154
154
155
155
154
155
154
155
155
155
155
156
157
158
157
157
158
157
154
154
154
154
154
152
152
152
151
152
152
152
152
150
150
152
151
152
152
152
150
148
147
147
147
147
146
145
145
147
147
147
148
148
148
148
148
150
148
149
149
149
149
148
148
148
149
150
149
149
149
150
147
147
147
145
145
145
145
145
145
146
147
146
145
145
145
147
147
147
147
148
149
148
149
151
151
151
151
151
151
149
150
150
152
152
153
153
154
153
153
154
154
155
155
152
152
152
151
150
152
153
156
156
155
156
156
154
154
153
152
153
151
148
149
150
150
150
152
151
150
149
145
144
145
143
144
144
144
143
143
143
143
144
145
145
145
144
143
144
145
143
141
141
142
143
143
142
142
142
142
142
142
141
141
141
144
144
145
143
143
143
144
144
147
148
148
148
148
148
149
150
149
146
145
145
144
144
144
145
144
144
143
143
144
146
147
147
148
148
146
147
148
147
148
147
146
146
148
147
150
150
148
148
150
150
151
150
150
149
149
149
148
147
148
147
146
146
146
147
146
146
148
148
149
148
149
149
148
146
146
144
146
146
146
146
145
146
144
144
145
145
145
145
144
144
144
143
143
143
143
145
143
144
144
143
146
147
149
148
148
148
147
144
143
143
144
146
146
146
146
147
146
146
148
148
148
148
149
146
145
145
145
142
142
142
141
141
141
141
142
142
143
144
146
147
147
146
145
144
143
143
143
144
142
140
141
141
140
140
140
141
141
139
138
139
139
139
140
139
138
138
138
139
138
141
141
141
142
142
141
141
140
139
140
140
141
140
140
141
141
141
141
141
141
142
142
141
141
141
141
142
142
142
142
142
143
142
142
143
142
142
143
145
143
144
146
145
145
143
146
142
141
142
143
140
141
141
140
141
141
140
139
138
138
137
137
137
137
137
139
139
138
139
138
138
140
140
140
138
139
139
138
137
138
139
141
141
140
140
140
141
141
140
140
140
140
140
140
140
141
141
141
142
143
144
144
145
146
146
146
146
144
145
144
144
141
142
142
141
142
142
144
143
143
142
142
143
143
142
142
141
143
144
144
142
143
143
142
143
143
143
141
142
143
144
144
144
143
144
145
145
142
141
141
141
141
142
142
142
143
145
144
144
144
143
143
145
143
143
143
143
142
141
140
139
139
139
140
141
144
144
142
141
141
140
140
141
139
140
141
141
143
142
142
143
145
145
145
146
147
147
147
144
145
145
145
145
146
145
144
145
145
146
145
145
145
145
145
143
143
141
141
140
141
142
144
142
142
141
139
140
139
139
139
138
137
137
137
137
138
138
138
136
136
136
134
135
135
135
136
136
137
136
136
141
141
141
142
141
140
140
138
140
141
140
139
139
138
138
137
137
136
136
136
138
137
137
137
138
138
138
137
138
140
137
136
135
135
136
136
135
135
136
136
135
134
134
134
135
134
134
134
134
134
134
134
134
136
136
137
139
136
138
136
136
136
135
135
134
134
134
133
133
134
135
135
134
134
135
136
137
138
138
139
139
141
139
139
139
142
142
142
142
142
142
143
142
143
142
140
139
142
140
140
140
142
141
141
141
143
141
143
143
140
141
140
138
139
139
141
139
139
140
142
141
141
141
142
140
139
140
139
139
139
140
139
139
140
139
140
138
137
138
139
140
139
140
140
142
143
141
141
141
141
141
138
137
137
136
136
137
137
138
136
137
137
137
138
138
137
137
136
137
136
137
135
135
135
134
136
138
141
139
139
139
140
139
139
141
140
140
142
142
143
143
141
141
142
140
141
140
141
141
140
139
140
139
141
141
141
139
138
139
139
139
138
139
138
138
140
141
141
140
140
139
138
139
139
140
140
139
139
139
139
139
139
138
138
138
138
140
142
142
141
139
139
137
138
135
135
134
134
133
134
135
135
135
135
133
134
135
134
134
134
134
134
133
134
134
135
136
134
134
135
135
135
136
135
137
135
135
135
134
135
135
134
135
134
136
136
136
134
132
131
132
132
132
132
132
133
133
133
134
132
133
134
134
136
135
135
136
137
135
136
135
132
133
133
136
135
135
136
135
136
137
136
138
136
136
136
135
133
132
132
136
136
135
135
133
134
132
132
132
131
131
130
130
129
129
128
129
131
131
130
130
130
129
129
129
130
129
129
129
130
130
132
131
131
130
132
130
130
130
129
128
128
127
126
127
128
127
128
128
128
128
127
127
127
128
129
128
128
127
127
127
127
125
125
126
126
127
128
127
126
126
126
126
126
125
125
125
127
128
128
128
128
128
128
128
129
128
127
127
127
127
127
127
127
126
128
127
126
126
126
126
126
126
126
127
126
127
127
127
127
127
128
128
126
126
126
126
125
125
124
125
126
127
127
127
127
129
129
130
131
130
130
129
129
129
128
128
127
127
127
128
126
126
129
129
129
129
129
127
127
126
126
126
126
126
125
125
125
127
127
128
127
130
130
130
130
131
131
129
129
128
127
127
127
127
127
128
129
129
128
127
128
129
129
129
130
128
128
129
128
127
128
128
129
129
129
130
132
131
130
130
129
131
130
132
131
131
131
130
131
131
130
128
127
127
127
125
126
127
127
127
126
127
127
128
128
129
132
130
130
131
131
131
132
132
133
134
134
134
134
136
136
134
135
135
136
135
137
137
137
137
136
136
137
137
136
135
134
134
134
134
134
135
134
133
133
134
133
134
133
134
134
134
135
135
134
133
130
130
132
132
133
133
133
133
132
133
131
130
130
131
132
131
131
132
132
132
131
131
130
129
129
130
130
130
130
130
130
129
129
128
129
129
129
130
128
127
127
127
127
127
127
128
130
130
130
130
129
130
129
128
129
128
127
127
127
127
127
127
127
127
127
126
126
126
125
125
125
125
125
126
127
127
128
129
127
127
128
128
128
129
130
130
129
129
130
130
131
130
128
129
129
127
125
127
129
131
130
132
130
129
129
129
130
131
132
132
131
131
130
129
130
129
130
130
129
130
131
131
131
130
131
131
131
131
130
128
128
128
128
127
127
127
127
127
125
125
125
127
128
128
127
128
129
128
128
128
128
128
128
128
128
127
126
126
126
127
126
127
127
127
125
126
126
127
128
128
126
127
127
127
127
126
126
125
125
125
125
125
124
125
125
125
124
125
126
125
124
123
123
123
124
122
123
123
124
125
125
125
125
125
126
126
126
128
129
128
129
127
127
127
127
127
127
127
127
127
128
125
125
124
124
125
124
124
124
124
124
126
126
126
126
127
127
127
127
128
127
127
129
129
128
127
127
127
130
129
128
126
127
126
125
124
125
126
126
126
126
127
128
128
127
126
124
123
122
122
123
124
124
125
125
123
123
122
123
123
123
123
123
122
124
125
124
123
123
123
123
123
123
123
123
124
124
124
126
126
124
124
126
127
127
128
127
126
127
126
126
128
128
129
128
127
125
125
125
127
127
128
126
125
125
125
125
128
126
126
125
124
123
124
124
124
125
125
125
125
125
126
126
127
127
127
127
126
127
126
125
122
122
122
121
121
121
123
124
125
123
123
123
124
124
125
124
125
127
127
127
125
126
126
125
123
123
124
123
123
122
121
122
124
122
122
121
124
122
122
123
123
122
122
120
120
119
118
118
118
118
117
117
117
117
117
117
117
119
119
119
119
119
118
118
118
118
118
118
117
118
119
119
121
121
121
120
120
120
120
120
120
120
119
121
121
121
121
121
121
120
119
119
119
120
119
119
119
119
118
117
117
116
116
116
116
116
116
116
118
119
118
118
118
118
119
118
116
116
116
116
117
118
117
116
117
117
118
118
117
118
118
118
117
117
118
118
118
118
119
120
119
117
118
117
117
116
117
116
116
117
117
117
118
118
119
118
119
120
121
121
120
121
121
121
120
121
120
120
120
118
117
117
117
117
117
117
117
117
118
119
120
121
122
122
122
122
123
122
121
121
120
120
120
122
122
123
122
122
122
123
122
121
122
122
123
123
121
122
121
120
121
120
119
120
120
119
120
117
117
118
117
118
119
119
119
119
119
119
119
119
118
118
118
118
118
121
121
121
121
120
119
119
120
120
120
121
122
123
123
123
122
122
122
122
122
122
123
123
123
123
123
123
123
122
124
123
123
121
121
121
121
120
119
120
118
119
119
121
121
122
121
123
123
123
122
122
122
121
120
120
119
119
121
121
122
119
120
121
121
122
123
122
122
122
121
123
124
123
124
125
123
125
125
125
124
123
123
122
122
121
121
121
121
121
119
121
120
119
119
119
119
118
117
117
116
116
117
116
117
118
121
120
120
119
119
117
117
117
118
118
118
117
117
118
118
118
118
119
118
118
118
120
121
123
122
119
117
115
114
114
115
115
115
114
115
115
116
115
115
114
115
115
115
114
115
116
116
116
116
116
115
119
118
118
118
117
117
115
114
115
114
116
116
114
114
114
115
114
114
115
115
115
115
115
115
115
115
116
115
115
114
114
115
114
114
113
115
116
116
116
118
118
118
119
120
118
118
118
118
118
118
117
117
117
115
116
117
117
116
116
115
115
114
113
109
109
109
108
107
110
111
112
112
113
112
112
110
111
112
112
112
111
111
112
113
114
114
115
116
117
117
117
114
114
115
115
115
115
114
115
111
111
111
112
113
113
112
111
112
113
113
113
113
114
110
110
108
109
110
110
111
113
112
112
112
114
113
113
113
113
113
112
112
112
110
110
111
110
111
111
111
111
112
112
112
113
113
112
113
113
113
113
113
113
113
114
114
115
115
115
117
117
117
116
117
118
118
119
119
119
118
122
121
122
122
122
122
121
122
121
119
118
118
118
119
119
119
118
117
117
117
116
115
116
117
116
117
114
115
115
114
114
115
116
116
116
114
114
113
113
112
112
111
111
111
111
111
113
112
113
113
112
112
113
111
111
111
109
109
109
109
109
109
109
110
111
110
111
110
112
111
110
109
110
110
110
110
110
112
112
112
112
109
110
110
109
109
110
110
111
111
112
110
110
110
110
110
110
110
109
108
111
109
108
108
108
108
109
109
110
109
110
109
110
110
108
107
106
106
106
106
106
106
107
107
107
108
108
107
107
106
106
106
106
106
106
107
109
108
110
111
111
111
110
110
108
108
106
107
107
107
108
108
108
108
107
107
107
107
107
109
107
107
107
107
109
109
110
110
109
110
110
110
111
112
114
113
112
111
111
110
109
110
109
107
108
108
107
109
111
111
111
111
111
112
111
110
110
110
112
111
111
109
108
108
107
107
107
106
105
105
106
106
106
106
107
107
106
109
109
110
109
110
111
112
112
112
112
111
111
109
108
108
107
106
107
107
107
107
107
109
109
107
107
107
107
108
107
107
107
107
107
108
108
111
110
109
109
108
107
106
107
107
107
107
106
106
107
106
107
109
110
110
109
107
106
107
108
108
108
108
108
107
107
106
105
105
104
105
105
104
103
103
103
103
103
103
103
104
105
105
106
106
106
106
106
105
105
104
105
106
108
106
106
105
106
106
106
106
106
105
105
106
105
107
107
107
108
107
108
108
108
108
108
108
109
108
107
107
105
105
106
108
109
109
108
107
107
108
109
109
110
109
109
109
108
109
109
109
109
109
108
108
107
108
108
108
108
108
108
108
108
106
108
107
107
106
106
107
106
106
106
106
105
106
105
105
107
108
108
107
108
109
108
107
107
107
109
110
110
109
110
110
111
108
109
108
107
107
107
107
107
107
108
108
108
107
107
106
106
106
107
108
109
108
108
108
105
105
105
106
105
105
106
106
105
105
103
103
102
102
102
102
102
102
102
102
103
104
107
106
106
105
106
107
107
107
107
106
107
107
108
109
108
108
110
110
108
109
108
108
108
109
108
107
106
106
106
106
107
107
107
107
107
108
108
108
107
107
106
106
105
104
104
104
103
104
106
105
106
107
106
107
107
107
106
108
108
107
107
107
106
106
104
106
106
106
105
105
105
106
104
104
104
104
105
105
105
106
105
105
105
105
106
106
106
107
106
106
107
107
106
105
105
103
103
103
103
103
103
101
102
102
102
102
103
105
107
104
104
104
104
106
106
106
106
107
107
107
106
106
106
105
105
106
106
106
106
106
104
105
104
103
102
102
102
102
103
103
103
102
102
102
102
102
103
103
103
104
105
105
106
105
105
106
105
106
106
104
105
106
106
108
108
108
108
109
107
108
108
108
106
107
107
106
107
106
106
106
105
105
105
105
104
105
106
107
105
105
104
103
105
104
104
104
105
105
105
106
106
106
107
107
106
108
108
108
109
108
107
108
107
108
108
109
108
107
105
103
105
106
106
106
106
106
106
106
106
109
108
110
109
109
109
108
107
107
108
107
106
108
108
108
110
109
109
109
109
109
108
108
107
107
107
107
106
106
108
106
108
110
108
108
106
105
104
103
102
101
101
102
102
103
100
100
100
100
100
100
101
102
101
101
102
102
101
101
101
101
101
100
101
101
101
101
102
102
103
103
103
103
103
102
101
102
102
102
102
101
100
101
101
101
101
101
101
102
103
102
101
100
99
99
99
99
99
99
99
99
100
100
100
100
99
99
100
100
100
100
101
101
101
101
101
100
100
102
102
101
100
101
99
100
100
101
99
99
100
100
100
98
98
98
98
98
98
98
98
