0.00038551724137931035 0.00031724137931034486
300
295
289
283
281
280
277
279
277
275
273
272
272
268
270
269
266
267
264
263
264
263
263
263
262
262
262
261
261
263
261
262
263
262
263
262
264
264
264
265
266
266
264
261
261
258
256
256
258
257
257
255
255
255
255
254
253
252
253
254
255
256
254
254
254
253
253
253
252
253
256
256
256
258
256
258
256
257
258
256
256
256
256
256
257
257
256
254
254
254
253
253
252
251
252
251
251
253
254
255
254
253
253
253
253
249
253
253
254
251
251
251
251
250
251
250
250
250
250
249
249
249
251
250
249
246
247
248
249
250
251
253
252
251
253
252
252
256
257
261
259
259
259
257
258
257
253
250
251
252
253
251
249
250
251
251
253
255
255
253
254
252
251
252
252
252
251
252
249
250
254
255
254
253
251
253
251
251
251
252
253
256
255
257
254
251
251
250
247
247
248
249
248
248
246
245
245
244
246
247
245
243
243
244
246
246
245
244
244
245
247
248
248
246
247
244
244
244
244
246
246
246
246
247
247
245
246
246
247
248
247
246
245
245
243
245
245
244
244
244
244
245
244
245
245
245
246
246
247
250
252
255
254
253
249
250
246
247
247
248
248
249
250
249
249
248
247
245
247
248
246
246
245
245
245
245
246
243
243
244
246
245
241
243
244
243
241
240
240
240
238
240
242
242
244
244
241
242
241
240
239
241
242
242
244
246
244
243
244
246
248
249
249
248
245
244
242
244
244
243
241
241
242
243
244
244
246
248
249
249
247
243
243
241
241
241
241
240
241
242
244
243
242
242
243
243
242
241
242
242
241
243
244
244
244
245
247
246
245
245
245
244
241
240
238
239
240
241
239
238
239
241
239
239
239
239
241
241
242
242
239
235
236
239
237
238
237
237
237
236
235
237
237
236
235
233
235
236
238
239
237
236
237
236
236
236
237
237
236
237
234
234
235
235
235
234
233
233
233
232
231
232
231
230
230
231
234
233
232
234
235
235
238
238
240
237
237
238
238
236
238
237
238
236
235
236
236
237
235
236
236
235
235
233
232
229
229
227
229
230
229
231
232
232
232
232
232
231
230
230
229
231
231
229
229
227
226
226
228
228
227
229
228
227
228
229
228
227
225
226
225
225
224
224
224
225
224
226
226
228
227
224
224
226
224
223
225
225
225
225
224
225
225
227
228
228
226
228
225
225
226
226
227
225
226
227
228
227
226
226
228
228
228
229
230
229
229
229
229
230
231
228
229
228
227
225
225
223
222
223
224
224
222
223
223
223
223
223
221
223
224
225
226
226
227
227
226
225
226
227
226
226
224
225
226
226
228
230
228
228
228
228
228
226
225
222
223
224
221
222
222
223
223
224
226
226
225
224
225
225
226
226
227
225
224
223
223
223
223
224
224
223
223
225
223
222
220
221
222
223
222
222
222
223
222
222
222
224
221
221
219
217
218
220
218
218
218
217
216
217
218
218
219
219
217
217
217
217
216
217
216
216
219
220
219
219
220
219
219
218
218
218
219
217
214
215
216
216
217
215
216
217
218
219
219
221
217
218
219
218
219
218
219
218
218
219
218
218
216
216
216
218
220
220
220
220
219
218
217
217
217
217
216
215
215
218
217
218
218
217
217
216
216
216
215
216
217
218
218
218
217
217
218
219
220
220
219
220
217
218
217
218
216
218
218
220
221
221
220
217
217
218
215
215
215
215
217
218
218
218
217
217
217
217
217
217
217
216
216
219
221
219
219
219
219
219
219
218
218
217
216
217
216
216
213
213
210
210
210
211
211
211
211
212
212
212
212
212
212
212
212
211
211
212
213
215
214
214
212
213
212
211
211
210
209
208
208
209
209
211
214
215
213
212
211
210
210
212
212
212
214
214
214
211
211
211
211
211
212
213
213
214
215
215
215
215
215
218
216
217
215
215
216
215
213
212
215
214
213
214
214
214
214
214
215
215
216
215
215
217
216
219
221
219
218
216
214
212
213
214
214
211
211
212
213
211
211
213
211
212
211
212
213
214
212
211
209
212
212
213
214
213
213
214
215
217
214
210
208
208
209
211
212
213
212
211
211
209
209
211
212
214
214
212
212
210
209
212
213
212
211
210
211
212
212
214
217
216
214
214
214
215
217
218
215
214
213
214
213
213
213
214
216
215
215
215
216
215
215
215
215
215
215
218
218
219
220
220
218
218
219
222
223
217
215
215
214
213
213
212
212
212
211
209
210
210
211
213
212
212
213
213
212
213
210
210
210
209
211
212
212
214
213
215
215
215
217
217
216
216
213
213
213
215
215
214
212
212
210
210
211
213
213
214
212
211
212
213
212
211
211
214
214
214
214
215
215
214
213
213
212
213
213
213
216
214
213
213
213
212
214
215
214
219
220
218
216
215
214
213
214
212
212
213
214
210
211
209
211
214
215
214
213
215
216
217
217
217
217
217
217
219
217
218
218
220
220
217
218
216
215
214
210
208
208
208
208
209
208
208
208
207
208
209
209
209
210
210
209
208
208
206
204
205
206
208
208
206
207
207
207
208
208
207
208
209
208
207
206
205
204
206
207
210
206
207
206
209
210
207
208
208
206
207
206
206
208
206
207
205
203
203
204
202
203
204
202
202
199
200
199
199
199
198
198
199
200
201
200
201
202
203
202
204
202
200
198
199
200
199
199
201
200
200
199
200
200
200
200
200
198
199
199
199
200
200
200
199
199
201
201
200
200
201
204
205
205
205
206
207
207
209
207
209
207
210
212
213
212
212
209
208
208
209
211
214
215
215
214
212
216
218
217
216
213
211
209
209
208
208
207
206
208
211
210
211
211
210
211
214
214
216
214
215
212
211
211
209
209
210
210
211
212
212
212
212
213
212
211
212
214
214
215
214
213
212
212
212
212
213
213
214
212
211
211
213
213
215
215
214
214
214
214
214
212
212
210
212
210
209
209
209
209
209
210
209
208
208
208
208
208
209
209
208
209
210
212
213
212
212
210
212
210
210
210
210
210
210
208
206
206
206
206
206
207
209
207
206
206
205
207
209
209
210
208
208
207
208
208
207
207
206
207
208
207
209
209
208
206
205
204
205
206
206
207
208
207
207
206
206
207
207
205
205
207
207
204
203
203
203
203
204
206
208
210
211
211
209
209
212
213
211
214
215
215
215
214
213
212
213
214
215
215
214
214
213
213
213
214
213
213
213
212
213
211
211
210
210
210
209
210
209
210
209
211
210
209
208
207
207
207
207
208
208
211
213
211
211
210
207
206
205
206
206
208
208
208
209
209
208
207
207
206
205
202
202
202
203
203
203
204
206
204
203
203
204
203
205
204
204
204
204
207
207
205
203
203
204
206
206
206
204
203
203
203
204
202
206
205
204
205
205
208
207
206
203
203
204
204
204
205
207
203
202
202
201
201
201
201
200
201
201
204
203
203
203
202
203
203
202
201
203
202
202
201
202
201
201
204
204
204
206
207
206
204
206
204
201
201
200
200
196
197
198
198
196
197
196
197
197
195
197
197
199
199
198
199
199
200
199
200
200
198
197
197
197
196
194
195
195
196
198
197
197
198
198
199
198
198
198
197
199
200
200
202
198
197
198
198
199
197
195
193
193
195
193
194
193
195
194
191
191
191
192
192
192
193
192
191
191
191
192
194
194
194
192
194
194
195
195
197
197
197
195
195
195
196
196
197
197
197
198
198
196
196
195
195
195
194
193
193
193
193
193
193
194
195
195
195
195
195
197
197
196
198
199
199
200
198
198
199
199
199
199
201
198
196
194
195
195
195
196
197
198
197
199
196
193
193
193
192
191
192
193
193
193
193
193
193
192
192
191
190
191
189
189
189
189
191
187
187
187
187
186
185
185
188
190
190
189
189
187
184
183
182
182
183
183
183
183
184
186
186
188
190
190
190
192
192
193
192
193
193
193
191
191
191
191
191
191
191
190
189
187
187
186
187
189
189
189
188
188
186
187
185
187
186
188
188
188
188
186
185
186
185
183
185
183
183
185
186
185
184
185
184
182
182
181
181
181
182
181
183
184
185
185
184
184
186
185
182
184
183
184
185
184
184
184
185
187
187
187
189
190
189
188
188
186
186
184
184
184
184
184
184
186
185
184
184
186
186
187
187
187
186
186
186
184
184
185
186
186
189
190
189
187
186
187
186
187
189
188
188
188
188
187
187
188
188
188
190
189
189
188
188
189
190
189
189
190
189
189
187
186
185
185
186
186
186
187
187
188
188
187
188
188
186
184
185
184
184
185
186
186
187
188
187
186
184
182
184
184
183
183
183
183
183
182
182
183
184
184
182
184
183
183
182
185
185
182
181
181
180
180
180
180
180
180
179
177
179
179
180
181
181
183
182
181
181
181
179
179
181
180
181
181
180
180
180
179
180
181
181
181
179
180
180
180
179
181
181
181
181
180
180
182
182
181
181
181
181
180
179
178
179
179
178
178
178
177
179
180
180
182
183
181
181
181
178
178
179
179
179
178
178
179
178
177
178
177
178
179
178
177
176
174
174
175
175
176
175
174
174
176
174
175
174
176
177
178
176
176
178
177
177
178
176
176
176
175
176
175
176
175
175
174
174
173
174
174
174
174
173
172
172
172
173
173
173
172
173
175
176
175
176
176
175
175
173
174
174
173
173
174
172
173
173
174
176
175
173
174
174
175
175
173
174
173
173
173
177
178
176
175
176
176
177
179
178
179
180
181
178
179
180
179
179
179
179
178
179
178
179
178
178
179
179
178
177
178
174
175
175
175
176
176
177
177
175
175
174
174
174
174
174
175
175
179
180
180
180
179
179
180
175
175
174
174
176
178
177
175
174
172
173
173
173
172
172
173
172
173
173
174
175
174
173
175
175
175
173
172
173
171
172
172
171
171
171
169
169
170
171
173
173
174
173
174
176
174
172
172
172
172
172
170
169
169
170
170
170
171
171
172
171
171
173
173
174
174
176
174
172
171
170
170
171
170
171
171
172
174
175
176
178
178
176
174
173
172
172
172
173
173
172
170
170
169
168
167
167
168
168
169
169
169
169
169
168
172
171
170
170
172
171
171
170
170
170
171
171
171
172
173
174
174
172
172
170
170
171
170
170
170
169
170
171
170
168
167
168
168
168
169
169
169
169
169
169
168
168
168
168
164
163
163
163
163
163
162
162
162
161
161
162
162
162
163
163
162
164
163
163
165
164
164
163
162
163
162
162
163
162
163
163
164
165
167
168
169
168
168
168
167
168
169
169
167
167
167
169
170
171
168
168
168
168
168
170
169
165
165
166
166
165
166
166
165
164
165
168
167
167
167
166
166
166
165
165
165
166
163
163
163
163
164
164
163
163
163
163
164
162
163
164
164
164
163
163
162
163
163
163
163
166
164
164
165
165
164
163
162
161
162
163
163
162
161
161
164
164
165
164
163
163
162
162
161
161
161
161
164
164
166
167
165
164
164
164
164
165
164
166
166
166
168
167
168
166
168
168
167
166
167
167
167
167
166
165
165
165
163
163
164
163
163
163
166
165
166
165
166
166
166
166
167
166
166
167
167
168
168
167
168
168
168
169
169
167
168
168
169
168
166
166
166
165
165
165
165
164
163
165
164
165
164
165
164
164
164
163
162
162
163
163
163
163
163
165
165
167
167
167
168
168
167
167
166
166
167
165
166
167
167
167
166
166
165
165
164
166
166
165
165
166
165
166
166
166
166
168
168
168
170
170
171
171
172
172
172
172
171
171
171
172
173
170
171
171
172
173
174
175
174
175
173
171
170
169
170
170
169
169
169
170
170
170
170
170
169
170
170
169
170
170
169
169
168
167
167
166
166
167
168
169
168
169
168
167
167
165
166
166
165
166
166
166
166
165
165
165
166
163
164
164
164
164
164
164
164
163
163
164
166
166
165
166
167
169
166
166
166
167
167
165
165
164
166
166
167
169
168
168
169
170
171
172
172
171
172
172
173
172
171
169
169
167
166
167
167
166
165
167
167
167
166
166
166
166
168
166
167
167
168
167
165
164
162
162
162
162
162
163
163
163
163
163
162
163
167
165
164
163
163
165
164
164
164
165
167
166
165
163
163
163
164
164
165
166
166
166
166
166
164
164
164
163
164
164
164
164
163
163
163
163
161
160
163
163
162
160
160
161
161
162
161
163
161
160
159
159
160
159
159
159
159
160
161
160
160
160
161
161
162
161
163
163
162
162
162
162
161
161
160
160
160
160
160
160
160
160
160
161
161
162
163
162
161
163
162
162
161
162
162
161
160
159
159
161
159
159
159
158
157
156
155
154
154
154
154
154
154
154
154
154
158
160
159
158
158
158
158
158
157
159
158
158
158
159
159
158
159
160
158
157
156
155
156
157
158
158
158
158
158
158
160
160
162
163
163
163
162
162
161
162
162
159
159
159
158
158
160
160
160
161
161
159
158
158
157
157
158
159
161
162
162
161
161
161
161
163
163
160
160
162
163
164
162
161
162
160
160
162
162
163
163
166
167
167
166
164
164
161
162
162
162
162
163
163
165
165
164
165
166
164
163
164
165
166
166
167
168
168
166
167
167
170
172
169
169
169
169
168
168
167
166
167
168
168
168
171
172
172
173
174
173
172
173
174
175
175
175
173
172
170
170
171
172
172
171
169
169
170
170
170
169
169
168
169
166
166
166
166
167
166
170
170
173
169
168
166
167
167
167
166
164
165
165
164
164
164
163
163
163
163
165
166
166
166
166
167
167
168
167
169
169
171
169
168
168
168
168
169
166
166
165
164
165
165
163
163
163
164
162
163
163
163
164
165
165
167
164
164
164
163
163
163
164
165
164
163
162
163
163
164
163
160
160
159
160
159
160
160
159
159
159
158
159
161
159
159
157
159
159
159
160
159
160
162
162
165
167
166
166
164
165
164
162
162
160
158
158
157
157
155
156
155
155
154
157
157
157
158
157
158
158
155
155
155
155
154
154
154
155
155
155
154
155
155
155
154
154
155
157
156
154
154
155
155
155
156
155
156
156
157
157
157
159
158
158
157
156
156
156
158
158
156
156
155
155
157
155
155
154
154
155
156
157
157
155
156
156
157
156
156
155
157
159
155
155
155
155
157
157
157
157
156
155
155
155
155
156
155
155
154
154
154
155
154
153
154
154
154
155
156
155
153
154
154
154
154
155
155
154
156
157
158
159
157
158
159
158
156
157
157
157
158
159
158
157
157
156
156
156
156
156
156
156
158
158
157
158
155
155
157
156
158
159
156
156
157
157
158
159
159
158
158
158
158
158
160
160
161
160
159
159
159
160
155
155
157
157
156
157
157
157
158
157
157
157
159
157
156
157
156
156
157
155
155
157
157
157
158
159
159
157
156
156
156
156
156
158
158
158
159
159
159
157
157
160
161
160
162
161
159
158
158
158
159
159
161
160
161
159
158
157
153
152
152
152
152
153
153
153
152
152
151
151
151
151
151
154
155
155
154
155
155
154
155
154
153
153
154
155
155
154
155
156
155
156
157
156
157
157
157
155
154
155
157
159
159
155
156
156
158
159
159
158
159
159
158
159
159
156
156
155
156
155
155
153
155
155
155
154
154
154
155
154
155
153
153
153
153
153
153
154
154
153
155
155
155
155
152
152
153
152
153
153
155
153
153
153
153
153
154
155
155
155
156
156
157
157
157
158
158
154
155
155
155
155
153
153
151
152
152
152
153
154
155
155
154
154
154
152
155
152
153
153
153
153
153
155
156
155
152
153
150
150
149
149
149
147
148
148
149
151
150
150
149
149
149
149
148
149
149
149
147
147
146
145
144
143
143
143
143
143
144
148
148
150
149
148
149
150
150
150
150
148
149
148
148
148
149
149
147
146
147
146
146
146
147
146
148
146
147
148
148
147
145
143
142
142
142
141
142
144
143
143
143
143
144
144
145
145
144
146
145
146
148
149
147
146
145
144
143
143
144
145
146
148
147
148
147
146
147
148
148
148
149
150
149
149
149
149
148
148
150
149
150
150
150
150
149
149
150
148
146
144
145
146
143
142
142
142
141
141
141
141
141
141
141
141
142
144
145
144
143
143
143
143
143
144
144
143
145
144
144
144
144
145
144
145
144
144
145
148
147
146
144
145
144
145
146
147
146
146
147
147
147
148
151
151
151
150
151
151
150
151
150
149
150
149
148
149
149
150
150
148
146
147
148
147
147
147
147
148
148
148
148
148
148
149
149
149
149
148
147
147
146
148
147
147
148
151
149
146
146
146
144
145
144
144
146
146
145
147
146
146
147
150
150
149
146
145
144
145
145
147
148
147
148
148
147
147
147
146
147
148
149
151
150
151
151
148
148
148
147
147
146
146
144
144
145
145
145
144
144
143
141
142
143
143
143
144
144
144
143
143
144
144
145
142
143
139
139
140
140
140
140
140
140
140
140
141
144
145
144
144
144
144
144
145
145
146
146
146
145
145
144
144
144
145
145
143
142
142
142
142
143
144
143
142
142
142
142
143
142
142
142
141
140
141
140
138
138
138
138
138
140
141
142
143
141
141
141
145
146
146
146
147
146
146
147
147
146
146
146
147
148
148
146
146
146
147
145
144
142
140
140
141
141
142
143
144
144
145
145
147
145
146
146
144
144
142
142
143
144
144
144
144
144
144
144
143
144
146
146
146
146
145
144
144
144
143
143
143
144
145
147
145
146
146
146
144
142
143
144
143
142
144
143
143
142
143
146
139
141
140
139
138
139
139
138
138
138
139
140
140
140
139
141
141
140
141
142
140
141
140
141
139
138
138
138
139
139
139
140
139
138
141
140
141
142
142
139
138
137
137
138
138
139
138
139
140
140
140
140
139
138
138
139
138
138
138
138
139
141
140
140
138
139
139
139
141
140
142
143
143
142
144
146
145
146
146
144
143
142
142
143
144
143
142
142
142
142
141
141
143
142
142
141
143
143
143
143
144
144
143
143
143
144
145
145
143
143
145
144
142
141
141
141
141
141
141
141
142
142
143
143
143
143
143
142
142
142
143
142
143
142
141
144
146
141
141
142
140
141
142
143
144
145
145
147
146
146
145
145
146
146
146
144
143
144
145
145
144
143
141
143
143
143
144
145
145
147
146
146
145
144
144
143
143
141
142
142
140
141
141
141
141
140
141
142
141
143
143
142
139
137
139
138
137
138
137
137
137
138
139
139
138
139
138
138
139
141
141
142
141
138
138
137
137
139
139
138
140
140
140
139
139
140
139
139
139
138
140
143
142
141
141
141
140
140
140
138
138
139
139
137
138
138
137
138
139
141
144
143
142
141
139
139
139
139
138
137
137
136
136
136
136
136
136
136
134
135
136
137
137
138
137
136
136
136
138
136
136
136
137
137
134
135
136
136
136
135
136
138
137
136
135
135
135
133
133
132
131
133
133
134
132
132
133
134
135
135
137
136
136
137
138
138
137
136
136
135
134
135
134
134
135
135
135
137
137
138
139
137
138
137
136
136
135
135
134
131
131
131
131
131
131
133
131
132
131
131
132
131
131
131
131
130
131
131
130
130
131
130
133
133
133
133
133
133
132
131
131
130
130
131
132
132
132
132
133
135
134
134
134
133
134
131
129
130
130
129
128
130
129
129
129
127
126
125
125
125
125
126
127
127
127
127
128
127
128
128
128
128
127
127
127
128
128
131
133
132
132
132
133
133
133
134
136
136
134
132
132
132
131
131
131
131
131
131
131
130
130
130
130
129
129
129
132
132
131
131
130
132
133
129
129
127
127
127
128
128
128
127
126
126
126
126
126
126
126
125
125
125
126
126
126
127
128
127
127
128
126
126
126
125
125
125
126
127
129
129
129
128
128
125
125
127
128
131
130
129
129
129
129
129
130
130
129
129
129
130
131
128
128
128
128
127
127
127
127
127
128
128
126
126
127
127
127
126
127
127
128
131
131
131
130
131
131
129
126
126
126
125
125
125
125
126
127
128
130
130
129
128
130
128
129
128
127
128
129
128
128
127
127
128
127
126
126
126
126
125
126
127
129
128
126
126
125
125
124
125
124
125
125
126
129
129
129
128
128
127
128
126
126
126
126
126
126
127
127
127
127
127
127
126
126
126
126
127
128
129
128
128
129
127
127
126
126
126
126
128
129
128
128
128
127
129
127
127
127
127
127
126
128
127
130
131
129
128
128
128
126
128
128
127
127
128
127
128
128
128
127
129
128
129
127
126
127
126
126
126
125
125
125
125
124
124
124
124
124
125
126
127
127
127
126
126
126
126
126
127
126
127
127
127
127
127
128
128
127
127
128
128
128
128
128
128
129
128
129
130
131
132
129
127
127
126
125
124
124
124
124
125
125
126
126
127
127
127
127
128
127
126
128
127
127
128
128
128
128
128
128
129
130
130
131
130
130
128
126
126
125
125
124
124
123
122
123
123
122
122
122
124
126
125
126
126
124
124
125
126
128
128
128
128
126
124
125
124
124
123
123
123
124
125
125
123
124
123
122
123
123
122
121
120
120
120
119
120
121
121
121
121
119
120
120
121
121
119
120
121
121
120
120
119
118
119
117
117
118
118
118
118
120
122
123
122
121
121
121
120
121
118
119
119
119
120
119
119
120
120
119
118
119
121
119
120
121
122
121
121
119
120
119
119
119
118
118
119
120
121
121
120
121
121
120
120
121
121
120
121
120
119
118
119
119
119
119
119
120
118
119
120
122
123
122
123
121
121
122
122
124
123
124
122
122
122
120
119
120
121
121
122
121
120
120
119
119
119
119
119
119
119
121
120
119
119
120
120
120
118
118
118
117
117
117
118
119
120
120
119
120
121
119
120
120
120
119
119
119
122
122
122
121
120
119
119
118
117
118
117
117
119
118
119
119
117
117
119
119
118
118
118
117
117
115
115
116
117
117
117
117
115
115
115
116
117
117
117
114
114
114
115
116
118
117
116
114
113
112
111
111
111
111
111
111
111
111
111
111
110
110
111
110
111
112
113
113
114
114
115
115
116
116
113
114
115
115
115
115
114
115
115
117
116
115
115
115
115
115
115
114
115
115
114
115
116
116
116
115
115
115
116
116
116
115
115
116
115
115
116
117
117
115
113
115
113
113
112
113
113
114
114
114
115
115
115
115
114
113
112
112
112
112
112
112
111
111
111
112
112
112
113
114
115
115
114
113
112
113
113
113
113
113
113
113
113
114
115
114
112
112
111
111
111
111
111
111
111
111
111
111
111
112
112
113
116
116
113
112
112
112
113
112
112
112
112
112
115
115
114
114
114
113
113
113
112
111
112
113
111
111
111
111
112
112
112
112
113
111
111
112
111
111
111
109
109
109
109
109
110
112
111
112
113
112
113
114
113
113
114
113
112
113
113
113
