0.0002831034482758621 0.0004879310344827587
300
294
288
284
284
276
272
269
266
266
264
261
260
259
259
259
259
258
257
255
255
258
255
252
252
252
251
251
250
250
250
249
247
247
246
246
246
247
247
246
247
247
247
245
245
245
245
247
247
246
247
246
247
245
245
242
242
242
243
245
243
244
245
243
242
242
242
239
240
241
242
241
241
242
242
245
244
244
244
241
241
243
243
243
242
241
241
242
242
243
242
242
241
244
240
242
239
237
238
238
236
237
237
238
236
237
236
237
237
235
234
235
234
233
234
234
234
233
233
233
235
236
237
236
237
237
236
237
238
238
238
239
239
242
244
243
242
244
244
243
241
242
239
238
239
243
242
240
238
240
241
241
239
240
239
238
236
236
236
238
237
239
238
237
236
234
232
232
231
232
232
231
231
231
230
230
232
231
230
230
229
230
231
232
233
231
230
229
228
230
231
233
233
232
232
233
232
231
230
230
228
228
228
227
227
228
228
227
227
229
230
229
229
228
229
228
231
231
231
230
231
230
230
229
229
230
230
229
230
230
228
230
230
231
234
233
231
231
231
230
230
231
232
231
232
231
230
231
229
230
230
230
230
232
231
231
231
230
229
228
229
227
228
226
228
228
228
227
227
224
226
225
225
226
225
225
226
227
226
225
225
226
225
228
228
228
227
227
227
228
228
229
229
230
228
228
228
228
228
228
229
227
227
225
224
223
223
223
224
223
223
223
223
222
223
223
223
223
222
223
223
224
223
224
224
225
225
224
225
226
225
224
224
223
223
226
228
228
229
229
230
227
227
227
230
230
227
228
228
227
226
222
222
222
224
225
224
223
224
221
221
219
219
220
221
220
220
220
220
220
220
220
219
220
220
219
219
219
219
219
218
219
220
218
220
221
220
220
219
217
217
217
218
220
223
222
221
220
219
219
218
218
218
216
216
215
215
214
216
215
215
215
216
215
215
216
217
217
217
217
215
216
217
217
218
217
217
216
215
216
216
215
215
215
215
215
216
217
218
218
217
217
218
216
218
218
217
217
217
217
218
218
218
218
218
219
217
218
221
222
221
220
216
217
217
219
218
218
218
218
217
217
217
216
216
217
219
219
220
219
217
217
217
216
216
214
214
214
214
213
213
213
212
213
215
215
214
214
214
215
215
211
211
211
211
211
212
212
213
212
211
211
212
213
212
211
210
210
210
209
209
210
211
212
215
215
212
213
216
218
213
211
210
210
211
211
211
212
210
210
209
209
209
209
213
213
211
210
208
207
207
207
207
207
206
208
208
208
208
208
208
206
206
205
206
206
207
206
206
206
206
206
206
207
206
206
208
210
210
209
209
209
208
209
208
206
206
207
209
209
210
210
210
209
209
208
208
208
206
207
207
207
208
209
209
209
209
210
209
209
208
208
208
209
209
212
213
212
213
212
213
213
213
211
211
209
208
208
207
208
210
209
208
208
208
207
206
207
206
207
206
209
206
205
206
206
207
207
209
208
208
208
207
207
209
210
210
208
208
208
206
206
209
210
210
207
206
205
205
205
204
203
202
203
203
204
204
203
203
206
206
209
211
212
211
209
206
208
202
203
203
204
205
206
207
206
208
208
207
208
210
208
208
206
206
205
205
206
206
207
207
208
205
203
203
203
204
203
204
202
202
203
204
205
205
204
202
202
203
203
204
202
202
202
202
204
204
204
204
203
202
202
203
206
209
208
208
208
207
204
204
204
204
204
205
205
204
204
209
208
208
208
209
209
208
207
209
208
208
207
207
207
208
208
207
207
206
207
206
204
204
204
203
203
201
201
201
201
201
201
202
202
203
204
204
206
205
207
207
208
206
205
206
206
207
205
204
204
205
204
203
203
202
203
202
200
199
200
201
201
200
204
205
205
205
206
204
201
200
200
201
201
201
200
201
201
201
198
197
199
199
199
199
200
199
199
199
199
200
201
201
200
202
202
202
203
205
207
205
202
202
199
200
200
200
201
199
201
200
199
200
200
200
201
202
204
203
202
202
203
202
201
200
199
198
198
201
201
203
202
202
201
200
200
202
201
200
198
199
199
198
198
199
199
199
204
203
203
204
202
202
199
200
200
201
200
201
202
201
201
203
203
203
204
203
203
203
201
203
203
202
201
200
201
202
201
201
201
200
198
199
197
196
196
196
195
198
195
195
196
196
196
197
196
196
195
198
200
199
198
198
199
199
198
198
199
199
200
200
199
199
200
200
200
199
199
199
199
197
197
197
197
199
199
199
200
198
199
200
201
200
201
200
201
200
198
197
199
199
199
197
197
197
197
199
199
198
197
199
199
199
201
200
200
198
197
196
198
197
198
198
197
197
196
195
195
196
198
198
200
202
201
201
200
200
201
203
200
199
198
197
197
197
196
195
196
196
198
198
198
197
197
198
198
197
195
194
196
197
198
198
199
199
199
199
198
198
197
197
197
197
198
198
197
197
196
197
196
196
196
197
197
197
197
197
194
195
194
195
195
195
194
195
196
198
197
195
195
196
194
192
192
194
194
194
194
195
195
195
195
193
193
194
193
194
193
193
193
191
193
192
193
193
193
193
192
194
196
195
195
196
195
197
196
196
197
196
195
196
195
196
196
196
192
192
193
193
192
191
192
194
194
192
190
190
189
188
189
189
191
193
191
192
194
192
192
191
187
186
186
186
187
188
189
188
187
185
185
187
186
186
185
186
186
186
185
185
185
186
186
185
185
185
185
185
187
187
188
188
183
184
183
185
185
184
184
185
185
186
186
186
183
185
185
185
185
187
187
184
183
183
183
185
184
181
181
182
183
182
183
185
186
186
184
183
181
181
181
181
181
182
183
182
182
182
182
181
181
180
180
180
179
180
180
180
180
179
179
180
179
179
181
181
183
183
183
184
182
184
184
182
183
182
185
184
186
187
185
184
186
186
185
184
184
184
184
185
185
186
189
190
192
191
189
189
190
190
190
190
188
188
187
186
187
185
186
187
188
190
191
192
188
187
185
183
181
181
181
181
182
183
180
181
181
180
179
178
179
180
180
182
182
180
180
179
180
180
180
180
180
180
180
181
182
180
178
177
177
178
179
179
181
181
181
181
179
179
179
180
180
179
179
177
177
176
177
177
179
179
179
178
177
178
178
177
177
177
178
178
178
178
177
178
177
177
177
178
180
180
179
178
179
179
179
179
179
178
179
180
182
182
182
182
184
184
181
180
181
181
180
180
179
178
178
175
175
176
175
175
174
174
174
175
176
176
175
175
175
175
176
176
178
178
178
179
179
182
184
179
179
180
180
181
182
181
182
182
182
181
182
181
180
181
181
181
181
182
182
183
184
183
184
184
182
180
180
180
178
178
178
176
176
175
174
176
176
176
176
176
175
175
175
177
179
180
180
180
181
182
182
182
181
180
180
179
179
180
180
182
180
179
178
177
179
180
181
182
180
179
180
181
181
180
180
181
181
178
177
177
177
177
176
177
177
178
178
178
178
180
178
178
177
176
176
178
176
175
176
176
177
177
177
177
178
180
179
180
181
180
181
181
180
179
182
181
180
181
181
180
178
177
177
175
174
174
175
175
177
177
177
177
177
178
178
177
177
178
175
175
176
177
177
179
179
179
181
181
178
179
178
178
177
176
176
177
176
175
176
177
177
176
175
175
173
171
172
172
172
173
174
174
176
175
175
174
173
173
173
173
173
173
172
172
173
173
172
172
172
171
172
171
171
171
174
174
174
174
172
172
171
171
172
173
175
175
176
175
175
174
174
174
175
175
175
175
174
174
174
174
174
174
174
176
174
172
172
172
172
172
173
173
174
174
175
174
172
171
172
170
171
172
174
174
174
175
176
174
175
173
172
173
172
173
174
173
173
174
173
172
171
171
172
172
172
172
172
171
173
174
173
174
174
174
175
173
174
174
175
174
172
173
170
171
171
172
173
174
171
171
170
170
172
172
172
171
170
170
172
173
174
177
175
175
175
176
174
172
172
172
172
171
172
170
169
171
171
172
174
175
173
172
174
171
171
171
170
171
170
171
171
168
168
167
167
167
168
168
167
166
166
166
166
166
167
170
171
171
169
168
168
168
167
166
166
166
168
168
169
169
168
169
167
167
167
167
167
168
168
169
169
170
170
170
170
169
170
171
172
172
174
172
172
171
170
169
168
168
168
168
167
166
166
168
168
169
169
169
171
172
173
172
173
172
171
171
170
170
168
167
167
167
169
170
168
166
166
166
166
167
167
166
166
166
167
167
165
165
165
165
165
165
164
164
164
165
166
166
168
168
170
170
170
169
169
170
171
168
167
167
167
167
168
168
167
166
164
165
165
165
164
164
164
167
168
168
168
168
168
168
169
169
168
168
166
166
167
167
168
168
168
167
168
169
168
168
168
168
166
165
165
164
164
165
165
166
167
166
167
167
166
165
165
165
165
165
166
165
166
165
165
166
166
167
165
165
165
167
168
168
169
169
167
167
167
167
167
168
167
169
169
169
170
171
172
172
171
172
171
169
169
168
167
166
165
166
166
165
166
166
166
165
164
164
167
166
165
165
165
165
165
165
166
167
167
166
165
168
170
171
171
170
171
170
172
170
169
169
168
167
166
167
166
166
166
165
164
164
164
165
166
166
168
168
165
165
164
165
165
165
164
165
165
164
164
164
164
162
162
162
163
164
164
165
167
168
169
169
168
169
168
168
165
166
166
165
164
164
165
166
167
166
166
166
166
167
167
167
166
166
165
166
167
167
167
166
167
168
166
166
166
167
166
167
167
167
167
169
170
169
168
167
166
165
165
165
165
164
164
165
164
166
167
166
166
167
166
167
169
170
170
171
173
172
172
170
170
169
169
171
170
170
170
169
167
166
166
164
166
167
167
166
166
165
167
167
167
167
168
170
171
171
171
171
170
170
170
172
174
173
174
173
171
171
171
165
166
164
164
162
163
163
163
164
162
164
163
163
162
163
162
163
162
163
163
163
163
163
163
163
164
165
162
163
162
161
160
161
161
161
162
162
164
165
165
166
164
164
165
166
166
165
167
167
168
167
167
168
168
167
166
166
167
167
166
167
167
166
167
166
166
166
167
168
168
167
167
166
166
165
164
166
165
165
164
163
164
164
163
162
163
163
163
163
165
165
166
165
165
165
167
165
166
166
165
165
164
165
163
164
164
164
164
164
163
162
162
162
163
163
163
163
163
163
162
164
164
163
163
164
164
165
164
165
165
164
164
165
165
165
166
165
166
166
166
166
167
170
171
168
167
168
167
166
167
168
168
167
166
167
166
166
165
166
164
163
163
162
162
162
163
163
163
164
164
163
163
163
163
163
163
163
163
163
165
164
164
164
164
163
164
162
161
161
161
162
163
163
163
165
166
166
166
166
164
162
163
165
166
166
166
166
166
165
165
164
164
164
165
164
164
163
163
165
165
166
166
167
167
167
167
168
168
168
169
169
165
164
163
161
163
164
165
165
165
165
163
163
163
164
164
165
164
164
164
164
165
165
166
164
166
167
169
168
169
168
168
170
170
172
173
170
166
165
166
167
167
166
165
167
167
165
164
162
162
162
163
163
163
162
164
166
166
167
168
167
166
166
168
166
166
165
165
164
163
164
164
165
167
167
165
164
164
165
163
164
164
163
163
163
163
163
164
164
163
163
163
163
161
161
161
161
162
162
162
164
165
165
167
165
164
164
163
162
162
162
161
163
164
164
164
162
161
163
163
163
164
165
163
163
164
164
165
166
164
164
163
164
165
165
164
165
164
165
165
165
164
165
165
164
164
165
165
165
165
165
164
165
163
163
162
162
160
162
162
163
163
162
161
161
161
162
161
161
162
162
161
162
162
162
163
164
164
163
164
162
161
161
162
162
161
161
161
161
164
166
166
165
164
166
165
166
165
164
161
162
163
162
162
163
163
162
162
164
165
165
164
165
165
167
169
169
167
170
169
169
166
165
164
163
163
162
160
161
161
161
162
161
160
160
161
160
160
160
159
158
160
160
160
160
160
162
161
161
162
162
162
162
164
164
164
166
166
166
163
162
161
162
163
163
161
162
160
160
160
158
161
160
162
162
163
161
161
161
162
162
162
158
157
157
157
156
157
157
157
158
159
160
159
160
161
161
160
161
161
161
160
160
161
161
161
160
160
161
159
159
159
159
158
159
160
162
161
161
160
160
160
162
162
161
161
162
163
162
162
161
160
160
160
159
159
158
157
157
157
157
157
157
158
158
159
160
160
159
158
157
158
158
158
158
158
158
157
158
159
161
162
162
162
161
161
161
162
161
161
162
160
161
159
159
158
159
159
158
158
158
158
158
158
158
159
159
158
157
156
156
156
156
156
156
157
158
158
158
158
159
160
159
158
158
158
158
158
159
159
157
159
160
160
159
160
161
162
162
162
161
159
158
159
162
162
161
161
159
157
158
160
159
159
160
160
160
160
158
158
159
159
159
159
159
158
156
156
156
156
158
158
158
159
158
159
158
160
160
160
159
159
158
158
158
158
159
161
161
159
161
162
160
160
160
161
161
161
161
161
161
161
162
162
162
161
161
161
161
161
162
162
162
162
162
162
161
162
163
162
162
163
165
165
166
165
162
162
161
160
160
159
161
161
161
161
162
163
165
164
164
164
163
161
162
161
162
162
163
162
163
162
162
162
162
161
160
160
160
159
158
158
158
157
157
156
157
157
156
155
155
158
157
159
160
159
161
162
160
160
159
159
157
157
157
157
157
157
158
156
156
155
154
154
154
155
155
155
154
154
156
159
159
159
160
160
157
158
156
156
157
158
158
157
157
154
156
156
157
155
154
153
153
155
154
154
155
155
154
153
153
154
153
153
155
154
153
152
152
155
155
156
155
155
153
152
150
150
150
149
150
151
153
153
153
152
152
153
155
154
154
154
153
153
153
152
153
153
153
152
152
152
153
155
155
154
155
155
156
156
155
154
154
155
155
154
154
154
155
153
154
153
154
154
153
152
152
153
152
153
151
151
150
152
151
150
151
151
151
152
150
151
151
151
151
152
152
153
154
154
153
153
153
152
153
154
153
153
154
152
152
152
152
152
152
153
154
153
153
154
154
154
154
153
150
153
154
152
153
153
151
152
153
153
152
152
154
155
155
156
157
156
156
157
156
157
157
157
158
156
156
156
156
156
156
157
157
157
158
158
159
159
157
157
158
160
158
157
156
156
156
155
156
159
158
157
158
157
157
156
155
155
154
154
154
154
153
153
153
154
154
154
152
152
152
152
151
151
150
150
150
151
152
151
151
151
152
152
152
152
152
151
149
149
148
149
149
150
151
152
152
151
152
154
155
155
153
151
150
150
150
148
148
149
149
149
149
148
147
148
147
147
147
147
147
147
146
147
148
147
147
148
149
149
149
149
149
148
148
148
149
150
150
150
149
149
149
149
148
148
148
148
147
147
147
147
145
146
146
145
145
145
145
145
145
145
145
145
145
144
146
145
145
145
145
145
146
146
147
150
150
149
148
148
148
147
147
147
148
148
150
152
152
150
150
151
150
150
151
150
151
151
149
149
150
150
150
149
149
148
150
148
147
147
147
146
147
147
147
147
148
148
148
147
147
147
146
146
146
145
146
144
146
146
146
146
146
147
147
146
146
145
146
146
147
147
146
147
147
147
147
146
145
147
147
149
148
147
148
148
147
146
148
148
149
149
149
149
150
151
149
148
148
148
147
146
146
146
146
146
146
146
146
146
147
146
146
146
147
146
146
147
147
147
149
150
149
149
149
150
150
150
152
152
152
150
151
148
149
149
147
146
147
145
145
148
147
146
146
147
147
148
147
147
150
150
151
152
152
152
150
149
149
148
147
147
145
145
145
145
146
147
145
144
144
144
144
146
146
146
148
147
147
148
148
146
146
145
145
145
145
145
143
143
143
145
145
145
145
145
144
144
144
142
142
142
143
143
143
143
143
142
141
141
141
142
142
142
142
142
142
142
144
143
144
145
145
145
144
144
145
146
145
145
145
144
144
145
146
146
146
146
146
147
144
145
146
143
143
143
143
143
143
144
144
143
143
145
143
142
143
143
142
143
143
143
143
144
144
144
144
144
143
143
143
143
143
143
143
144
143
143
143
144
144
144
144
145
145
145
146
146
146
147
147
146
146
146
147
147
147
149
149
150
149
149
148
148
148
148
147
145
145
146
148
146
147
147
147
147
146
146
147
147
145
145
146
147
148
147
147
146
144
144
145
144
146
146
147
148
146
145
145
144
145
143
143
144
145
145
144
143
143
144
145
144
144
146
146
146
146
146
145
146
146
146
146
146
146
145
143
143
144
144
145
146
145
146
146
147
145
145
142
142
142
142
143
144
144
145
145
144
145
146
147
146
144
143
143
143
143
144
144
144
145
143
141
141
141
141
140
140
139
139
140
140
141
139
140
140
140
140
138
138
137
138
138
138
138
138
139
138
137
138
139
139
140
140
141
141
140
138
139
141
142
143
143
142
142
142
143
142
139
138
137
136
137
136
136
139
139
138
139
140
139
140
138
139
141
141
141
142
140
137
138
136
137
137
137
135
135
136
137
138
138
138
136
136
138
139
137
136
137
137
136
136
137
138
137
137
136
136
135
135
135
135
135
134
135
136
136
135
135
137
136
136
137
138
138
137
137
136
134
134
135
135
135
136
136
134
134
134
133
134
133
135
135
135
134
135
136
135
135
136
135
135
135
135
135
135
136
135
135
135
137
138
135
136
136
136
137
137
138
137
139
139
138
138
138
139
139
139
140
138
137
137
138
138
137
138
137
134
134
133
134
132
132
132
131
131
131
131
130
131
131
131
131
131
131
131
131
131
132
133
133
133
133
132
133
133
133
133
134
135
136
136
136
136
135
135
135
135
135
136
136
137
136
136
137
137
136
136
137
137
137
137
137
137
135
135
135
134
133
133
132
133
133
133
134
136
135
136
137
136
135
134
134
135
135
136
134
133
133
133
133
132
133
133
132
133
133
133
133
134
133
132
133
134
135
135
133
133
133
132
133
133
133
133
134
135
134
133
133
133
135
136
134
134
135
134
133
133
133
133
131
132
130
130
130
131
132
132
133
133
133
134
134
134
133
133
134
134
133
132
131
132
132
131
131
131
133
133
133
134
132
130
130
130
130
130
129
129
130
130
130
131
131
133
132
131
130
130
130
130
130
130
131
130
131
129
130
130
130
130
131
132
129
130
130
131
131
131
132
132
132
133
132
132
131
133
133
133
133
133
133
133
132
132
132
132
132
131
132
132
133
133
132
132
133
133
133
133
132
131
131
130
130
130
130
131
131
131
133
133
133
132
134
135
135
135
135
135
133
133
132
133
133
132
132
130
130
133
132
133
134
133
132
136
137
136
137
136
136
136
137
137
137
135
135
135
135
136
136
136
135
135
134
133
134
135
134
135
136
137
135
133
133
132
132
133
134
133
132
132
132
131
131
131
131
132
132
131
132
131
132
132
131
131
131
129
129
129
129
129
131
131
132
132
132
132
132
131
131
132
132
131
132
132
132
133
131
131
133
134
133
133
132
131
131
132
132
135
135
137
137
135
136
136
134
133
133
132
131
130
131
131
132
131
132
131
131
132
131
130
130
130
131
132
134
135
132
133
134
133
132
132
133
131
131
131
130
131
131
130
131
130
131
129
129
131
131
131
131
132
132
131
133
133
134
134
135
136
139
136
135
135
135
133
133
132
132
132
133
132
132
131
132
131
131
130
131
130
131
131
132
132
132
132
133
130
130
130
130
130
130
130
130
130
130
129
129
128
129
130
130
131
131
131
131
132
132
132
131
131
130
130
131
134
133
134
133
132
132
132
131
130
131
132
131
131
131
131
132
132
131
131
133
132
132
132
132
131
130
130
132
132
131
132
132
132
131
131
132
134
135
134
133
132
132
132
132
133
131
130
130
128
129
130
130
130
130
128
128
128
128
128
128
128
128
128
128
129
129
129
131
131
131
131
131
132
133
132
133
132
132
132
134
133
134
133
133
133
134
134
133
133
134
134
132
133
132
134
132
131
131
131
130
130
130
130
131
132
131
130
130
130
133
131
130
130
129
129
130
130
130
130
129
129
129
127
128
130
131
131
131
130
131
128
128
127
128
128
128
127
127
128
128
128
129
130
129
129
129
128
129
129
129
129
129
128
128
128
129
130
129
129
128
128
128
128
128
129
127
127
127
127
127
128
128
128
128
127
129
129
130
131
130
130
130
130
131
131
132
132
131
130
130
131
130
131
130
130
130
130
130
130
132
131
130
130
131
132
130
129
130
129
129
130
131
130
130
130
129
129
130
131
131
131
133
134
134
134
135
134
133
132
132
132
133
133
132
133
134
135
135
135
135
135
135
134
133
134
135
134
134
133
133
131
131
130
130
129
129
129
129
130
131
130
130
131
130
128
128
128
128
129
129
129
129
129
129
131
132
133
132
131
132
132
133
134
133
133
135
135
135
135
132
132
132
131
129
129
129
130
130
129
129
128
128
129
129
129
128
128
127
128
129
128
127
128
128
129
128
128
129
128
129
130
130
130
130
131
131
131
130
130
131
129
128
128
129
128
129
129
128
128
129
130
130
130
130
128
127
127
127
127
127
126
126
127
128
128
128
129
129
129
130
130
129
129
129
129
128
128
130
131
131
130
128
128
128
130
129
126
125
126
126
126
126
124
124
125
125
125
124
124
126
126
127
125
125
124
124
124
126
125
125
125
125
124
125
124
123
123
123
123
123
123
123
125
125
125
126
126
127
127
126
125
124
124
124
125
124
124
124
125
125
125
126
126
127
128
128
128
128
128
128
128
129
128
128
128
128
128
129
130
128
127
127
127
129
128
127
127
126
126
128
126
126
126
125
125
126
126
127
126
126
126
126
126
126
125
125
125
124
125
125
125
127
127
126
126
126
127
127
127
129
129
129
133
133
131
128
128
129
126
126
123
122
122
122
123
124
124
124
124
124
122
122
125
126
127
127
126
126
125
125
125
125
125
126
124
124
124
124
123
124
123
124
125
126
125
126
126
125
125
124
125
124
123
122
122
122
122
123
123
122
122
123
123
122
123
123
123
123
123
123
124
125
124
125
125
124
123
124
124
122
122
123
123
123
122
122
122
122
123
123
122
122
122
122
121
122
122
122
123
123
123
123
124
123
122
122
122
122
123
123
124
123
123
123
126
125
125
125
124
124
124
122
123
123
123
124
123
122
123
124
124
122
123
123
123
121
120
119
118
120
120
120
121
121
121
121
121
120
119
120
120
121
122
123
123
122
123
121
121
121
123
125
123
123
124
124
124
122
122
122
122
122
122
124
123
120
121
120
119
119
119
118
118
119
119
119
120
120
119
