0.00014655172413793104 0.0006586206896551723
300
292
290
287
284
280
279
279
279
279
275
275
272
272
271
271
270
270
269
269
268
268
268
269
268
267
267
266
265
266
265
266
265
264
262
263
263
263
261
260
259
258
260
260
260
261
262
262
262
262
262
264
265
265
261
260
260
260
260
259
259
259
260
259
260
260
258
258
258
261
261
260
260
263
261
263
263
263
262
264
264
264
264
265
265
265
265
264
265
265
265
265
265
266
266
266
266
266
266
266
266
265
266
265
263
264
262
262
262
261
262
262
262
263
264
267
267
265
266
264
263
264
264
265
266
267
267
269
269
269
268
268
268
268
267
267
266
266
266
267
266
266
264
263
263
263
263
263
265
264
265
265
266
266
269
269
270
267
265
268
267
266
266
267
268
267
265
263
265
265
264
264
266
266
268
267
268
269
266
266
264
264
262
262
263
264
264
264
263
264
263
263
265
264
264
266
266
266
266
265
264
265
266
268
267
270
266
266
264
264
264
264
263
263
262
262
260
261
260
260
259
259
259
259
259
261
260
261
261
259
258
256
256
256
257
259
260
262
261
258
260
262
262
261
260
260
260
258
258
256
255
257
256
255
254
253
254
253
255
255
257
257
255
257
257
258
260
261
260
258
258
258
259
259
258
260
259
257
258
258
260
261
261
260
259
256
258
257
254
254
254
255
256
257
257
256
256
256
255
256
256
256
255
255
255
254
254
254
253
253
252
253
253
254
254
255
254
254
257
255
255
255
256
255
254
254
256
256
256
258
259
256
257
257
256
257
256
255
255
256
256
255
255
257
256
257
256
255
255
255
252
252
253
252
252
256
254
252
253
253
254
255
253
253
254
255
253
253
253
253
253
254
253
254
253
254
255
256
256
257
255
254
254
255
254
255
256
258
259
258
256
256
256
255
255
255
254
253
252
252
251
252
252
252
253
254
255
256
257
256
256
255
256
255
255
254
253
253
253
253
256
256
256
254
255
256
256
256
256
255
254
254
253
252
251
251
252
253
253
253
253
255
257
256
255
254
256
254
254
255
255
254
254
253
252
251
251
251
252
252
251
252
252
252
252
252
252
252
253
254
253
253
252
251
251
250
250
250
250
249
250
251
251
252
254
253
251
250
251
251
249
249
248
248
248
248
248
247
248
248
248
248
250
250
249
248
247
249
250
249
249
250
251
252
253
253
253
252
253
254
254
251
249
249
250
251
251
252
252
251
251
252
251
249
249
249
249
249
250
250
249
249
249
250
251
250
249
250
251
250
251
252
252
251
251
251
252
252
249
247
247
247
248
247
247
247
245
244
247
247
248
248
248
248
248
248
248
248
249
248
249
251
251
251
250
249
249
248
248
247
247
249
250
251
250
252
254
253
251
250
249
248
247
248
248
248
248
248
248
248
249
250
251
248
247
248
247
247
250
250
249
250
250
249
248
251
251
250
250
250
249
249
249
248
248
246
246
246
246
246
245
244
244
243
244
244
244
244
244
243
243
244
247
245
245
245
244
245
244
245
244
245
244
245
247
248
247
246
246
248
248
248
247
248
246
246
246
246
246
247
247
246
246
246
245
246
244
246
246
245
245
246
245
243
243
243
243
242
243
241
240
240
240
241
241
243
244
243
241
242
242
242
243
242
243
244
243
243
242
243
242
242
242
243
243
243
243
242
242
241
242
241
241
241
241
243
243
243
244
244
246
247
247
246
243
243
242
241
241
241
241
243
244
244
243
244
245
246
246
247
247
245
246
248
247
249
245
246
246
246
245
244
244
242
243
244
244
244
243
243
243
243
242
241
241
243
243
241
242
241
241
241
241
242
241
242
241
240
241
242
241
243
242
243
244
244
244
242
243
242
243
241
242
242
239
240
238
237
239
240
241
240
240
240
238
236
236
235
236
236
237
237
237
237
237
237
237
236
235
237
236
235
235
236
236
236
235
234
237
237
237
239
238
238
237
237
236
238
238
239
240
240
240
240
240
239
239
240
240
236
236
236
238
238
236
236
235
235
235
235
235
235
235
235
234
234
235
235
234
236
235
237
240
238
238
237
237
236
238
239
240
240
240
237
237
237
236
237
236
235
234
234
235
234
234
233
233
232
232
233
232
232
232
232
232
232
232
232
233
234
236
235
235
235
234
233
233
233
233
233
233
235
235
236
237
237
240
239
242
242
240
241
240
240
241
240
239
240
239
238
239
240
240
239
239
235
236
236
237
235
236
236
237
238
237
235
234
235
234
235
235
235
234
233
233
232
232
232
231
231
231
230
230
230
229
229
232
232
232
232
234
234
234
235
236
235
235
237
237
237
236
236
237
236
236
235
235
237
236
238
236
237
237
237
237
241
239
237
235
234
234
234
234
234
232
232
232
232
232
232
232
232
232
232
232
232
232
232
232
232
232
232
232
232
231
231
232
234
235
238
238
238
238
239
238
237
239
236
236
234
234
234
235
234
234
234
234
235
236
238
235
234
235
233
232
232
232
234
235
235
235
235
235
235
235
235
236
237
238
237
236
235
236
235
234
235
234
234
234
233
231
230
233
234
232
232
234
235
235
235
236
235
235
235
235
234
234
233
232
232
232
234
234
233
233
233
232
230
230
232
231
231
230
231
233
233
234
234
233
233
232
232
233
232
235
235
233
235
236
235
234
234
233
233
233
233
233
233
231
230
230
230
233
230
230
230
230
230
229
227
227
227
227
227
227
227
228
228
228
228
227
227
227
227
227
229
230
229
229
229
229
229
229
230
228
229
229
229
228
227
227
227
227
227
228
228
228
228
227
227
227
227
227
227
227
227
227
227
229
229
230
231
231
230
230
229
227
226
225
226
227
227
227
227
228
228
229
230
231
231
232
231
230
230
230
230
229
228
228
228
229
227
228
228
230
230
230
229
229
229
229
231
231
230
229
229
230
229
228
228
229
228
228
231
231
232
231
233
235
234
236
233
230
228
228
227
227
228
228
229
228
229
230
229
229
228
227
226
227
227
228
228
227
229
229
229
228
229
230
230
231
231
231
231
233
233
232
231
232
231
232
231
231
230
230
230
229
229
230
229
229
229
228
229
229
231
233
233
233
231
230
229
227
228
230
231
229
227
226
227
228
226
227
228
228
227
227
227
227
227
228
227
227
227
227
227
227
228
229
229
229
228
226
226
227
226
226
226
227
227
226
225
225
225
225
226
226
227
226
227
226
226
227
226
225
225
224
224
226
226
226
226
224
225
225
226
227
228
228
228
228
228
228
229
229
227
227
226
227
227
227
228
228
229
229
229
230
230
229
229
227
227
228
227
227
227
227
227
228
227
227
227
228
230
230
230
231
229
229
231
231
230
231
231
230
228
228
227
231
230
229
229
230
229
228
229
229
230
229
229
229
228
228
228
228
228
227
227
227
226
227
227
227
226
226
227
226
227
226
226
225
225
223
223
223
224
225
225
225
225
223
223
223
224
223
224
225
225
226
226
227
227
228
228
227
226
224
224
224
225
224
226
225
224
223
223
224
224
224
225
224
224
224
224
224
224
226
226
226
226
224
224
223
224
225
225
225
226
227
228
229
230
230
227
228
227
226
228
228
229
228
228
227
227
227
229
228
228
228
228
228
227
227
227
227
227
227
227
225
224
224
226
228
229
226
225
224
225
225
225
222
222
221
221
224
226
227
226
228
228
228
227
227
228
229
228
229
229
228
229
228
228
226
226
228
228
227
227
228
228
226
223
223
222
222
222
223
224
224
225
225
225
224
225
224
225
225
224
225
223
222
222
223
220
220
221
221
221
221
222
222
222
223
223
221
221
221
222
222
220
218
218
219
218
218
221
222
222
223
223
225
225
226
226
226
227
226
226
224
225
225
225
227
226
226
225
225
226
227
226
227
227
227
226
226
226
226
226
226
227
226
224
223
225
224
223
224
221
220
220
220
220
221
221
221
221
222
222
221
219
220
221
221
221
219
218
218
217
217
217
217
217
217
217
218
218
217
218
217
219
219
219
218
219
219
219
220
219
217
217
217
217
216
216
216
216
216
215
215
214
215
215
216
216
217
215
217
217
217
216
216
217
216
215
217
216
218
217
217
217
218
217
217
215
215
215
215
215
215
213
215
215
216
217
216
215
216
216
217
218
218
218
217
218
217
216
216
217
217
217
218
217
217
217
216
215
218
221
221
220
219
217
215
215
215
216
216
214
214
213
214
215
216
216
217
218
218
217
217
216
218
219
219
217
219
218
220
220
220
220
220
219
219
219
219
218
217
219
219
218
218
218
215
215
215
215
216
216
216
217
216
216
217
217
214
215
216
216
215
215
215
212
212
214
214
214
214
213
212
213
213
214
213
214
214
214
215
216
216
216
216
215
215
215
216
217
214
215
214
214
213
213
212
212
211
211
211
211
212
211
212
211
211
212
211
211
211
211
211
211
212
212
212
213
216
214
213
212
212
211
212
212
212
212
212
212
212
213
214
212
212
213
214
213
212
212
211
211
212
213
214
216
217
217
218
217
216
216
216
215
214
213
214
214
214
213
213
215
214
214
213
212
213
213
213
213
212
212
211
212
212
212
210
210
210
209
209
210
211
212
212
212
212
211
209
209
210
209
209
209
209
209
210
212
211
210
210
209
210
210
210
208
209
207
209
209
210
211
212
213
212
211
212
212
213
213
212
211
209
208
209
211
210
210
211
211
211
214
216
215
216
215
213
213
213
211
211
211
214
215
216
214
213
213
212
211
211
211
214
214
213
213
211
211
209
209
209
208
209
209
209
208
207
207
207
207
207
207
208
208
208
208
208
208
208
208
208
208
208
207
205
207
209
209
209
211
212
212
213
213
213
214
214
211
211
211
211
211
211
210
210
210
210
211
209
208
208
210
210
208
207
207
207
208
207
207
209
209
209
209
209
210
212
210
209
210
209
209
210
209
210
211
209
208
205
204
205
206
206
206
206
207
207
207
206
206
206
207
207
207
209
210
209
208
208
208
209
209
209
209
209
209
209
209
207
205
207
207
207
207
207
207
207
207
206
206
206
205
204
203
204
204
204
204
204
203
203
205
205
204
205
205
205
204
204
204
204
205
205
205
205
205
206
208
209
207
206
206
206
206
206
206
208
207
207
206
206
206
207
206
204
204
202
202
203
203
203
204
202
202
203
203
204
205
204
204
205
206
207
206
206
205
204
204
204
204
205
205
206
206
205
207
207
206
207
208
208
207
207
207
206
206
208
209
208
208
207
207
208
207
208
209
209
206
206
206
207
209
209
208
207
207
203
203
202
201
202
202
202
202
205
204
204
205
206
204
205
206
206
206
207
207
206
206
205
205
205
205
205
205
206
205
206
206
206
206
205
205
204
204
204
204
204
203
205
205
204
204
204
204
204
204
204
204
203
203
203
204
204
204
203
204
204
204
204
204
205
205
206
206
206
207
208
210
210
210
208
207
208
208
208
209
209
208
206
206
206
207
207
208
208
209
209
209
209
209
208
208
208
206
204
205
206
207
206
207
206
204
203
204
203
203
203
203
203
204
204
204
204
204
204
204
205
202
202
202
202
202
203
203
204
204
204
204
203
205
204
204
203
203
203
203
203
204
205
205
207
208
209
207
207
208
207
204
205
205
205
209
209
209
208
208
209
208
208
208
208
207
207
207
207
206
205
205
206
206
205
207
208
207
208
206
206
206
206
209
209
209
208
207
206
206
206
205
206
206
206
205
206
206
205
205
206
206
206
205
205
205
205
205
205
206
206
205
205
207
206
206
206
206
207
208
206
204
206
207
209
210
209
209
207
208
208
207
206
205
207
206
206
206
207
208
208
208
208
207
206
206
206
206
207
207
207
205
205
204
203
203
203
203
203
203
203
203
202
202
201
201
200
201
200
200
201
203
202
201
201
201
203
203
203
204
204
204
205
205
205
205
204
204
204
203
202
201
201
201
202
202
202
202
202
202
204
203
203
205
204
206
206
207
207
205
206
206
205
205
204
203
202
202
203
204
204
204
203
204
204
204
203
203
203
204
204
203
202
202
202
202
203
202
202
204
207
207
209
207
207
207
207
207
208
209
210
209
209
210
210
209
207
206
206
207
206
207
206
206
204
204
204
204
204
203
203
203
203
203
202
204
204
203
202
203
203
205
205
206
206
206
206
206
206
205
203
205
206
206
205
202
203
202
202
203
204
204
204
205
205
203
202
202
201
201
200
200
200
201
201
201
202
202
202
202
202
201
202
200
201
201
201
201
202
202
203
205
204
203
205
205
205
206
207
208
207
206
206
206
206
207
204
205
206
204
204
204
204
203
203
204
202
203
204
205
206
205
205
204
202
202
203
203
203
204
203
203
203
203
203
203
203
203
204
204
204
202
202
202
200
200
201
200
201
200
201
200
200
200
201
200
199
199
200
200
199
198
198
198
199
199
201
199
199
199
200
200
200
200
201
201
202
202
203
200
200
201
202
202
201
201
203
203
203
202
201
201
200
199
198
198
198
198
199
198
197
197
197
198
198
199
199
199
199
200
200
202
202
202
203
203
203
203
203
201
201
202
201
200
200
201
201
200
199
199
199
199
198
198
198
198
198
199
199
199
200
201
201
201
201
202
201
201
201
201
200
200
201
201
201
201
201
201
201
201
201
202
202
202
202
202
200
200
200
201
199
200
201
201
204
204
203
203
203
201
201
201
200
200
200
201
201
201
201
201
202
202
200
200
200
201
201
201
201
201
202
202
204
202
202
201
200
199
198
197
197
197
197
197
197
198
196
196
196
197
197
198
198
197
197
198
198
198
199
200
200
201
201
201
202
202
200
199
199
200
201
201
202
204
202
202
201
201
200
200
199
199
199
199
199
200
200
202
202
201
202
202
203
203
203
205
204
204
205
204
202
201
201
201
200
199
200
202
202
200
200
198
199
199
199
199
200
200
200
200
203
204
203
202
203
203
203
202
202
202
202
200
200
200
203
205
205
203
202
201
201
200
197
197
198
197
197
196
196
196
198
198
198
198
198
198
198
199
199
200
200
199
198
197
197
197
197
199
199
200
200
197
197
198
197
198
198
198
198
200
200
200
197
196
196
196
195
195
196
198
198
198
198
198
197
197
196
195
198
197
197
199
199
199
200
201
200
198
198
198
197
196
196
196
195
195
195
195
195
196
195
195
195
197
197
197
197
199
200
202
201
200
200
202
202
200
199
199
199
200
200
199
196
196
197
197
197
197
199
199
198
198
200
200
198
198
198
198
198
197
196
197
197
197
196
197
197
195
195
196
196
195
198
198
200
200
199
199
198
199
200
201
200
200
200
201
202
202
200
199
199
200
201
202
201
199
201
201
201
198
198
198
199
200
200
200
200
201
201
197
197
197
199
198
196
195
194
194
196
197
196
195
195
196
197
196
197
196
196
196
196
195
193
194
194
195
195
193
194
193
193
193
193
193
194
194
193
192
192
192
192
192
192
192
192
192
191
192
191
191
192
192
192
191
190
190
190
190
190
190
191
193
192
193
193
193
194
193
194
193
191
191
190
190
191
191
192
191
192
191
192
191
192
192
192
192
192
193
194
194
195
195
196
196
196
194
193
193
193
193
193
193
193
192
192
192
192
192
193
193
193
192
193
193
192
192
192
192
192
192
193
192
192
193
193
193
194
194
193
193
194
194
194
194
194
194
194
193
194
193
193
193
194
194
192
192
192
192
192
192
192
193
194
192
193
193
192
192
192
193
194
193
193
193
194
192
192
191
191
191
190
190
190
190
190
191
191
191
191
191
190
189
190
189
189
188
188
188
189
189
189
189
188
188
188
188
188
189
189
190
189
189
189
190
190
193
193
193
193
192
193
193
191
191
191
191
191
193
193
194
193
193
193
194
191
191
193
193
195
192
190
191
191
191
190
190
190
190
191
190
190
190
189
191
189
189
190
190
190
190
190
190
191
190
190
190
190
193
191
191
191
191
192
191
191
190
189
188
188
189
190
190
189
189
189
188
188
188
188
189
190
190
190
190
191
191
189
190
190
192
193
192
191
190
190
189
189
189
189
189
188
189
190
190
191
191
189
189
189
192
192
190
190
189
191
190
190
190
193
192
192
192
192
193
191
192
188
189
189
188
188
188
189
189
192
190
190
190
190
190
189
189
189
190
189
188
188
188
188
188
188
187
186
187
188
188
188
187
188
188
188
188
189
189
189
190
189
189
189
189
189
189
190
188
188
189
188
188
188
189
191
191
191
191
191
191
190
190
191
192
191
191
191
192
192
192
192
191
193
189
189
190
190
191
191
192
192
193
193
193
192
189
190
190
190
189
189
188
188
187
187
187
187
184
184
184
184
184
184
186
186
186
186
185
185
186
183
183
183
183
184
184
185
185
184
184
184
185
185
186
188
188
189
190
190
190
190
189
187
187
188
188
187
187
187
187
188
188
188
189
189
189
190
188
188
186
187
187
189
189
187
186
187
186
186
186
187
188
189
189
189
188
188
186
186
186
187
187
187
189
189
189
188
188
187
187
188
189
189
191
191
189
188
186
187
188
190
189
189
186
187
187
189
190
189
187
185
184
184
184
185
185
186
184
184
184
183
186
186
185
185
184
186
186
186
186
185
187
187
187
186
186
188
187
188
187
187
186
186
187
186
186
187
186
184
184
183
183
182
182
183
183
183
184
186
185
185
186
188
187
187
188
189
190
189
187
185
185
185
186
185
186
188
187
186
185
185
187
188
188
188
188
188
187
187
186
186
187
187
187
189
187
186
185
185
186
187
187
185
184
182
182
183
183
181
181
181
181
181
183
183
184
184
185
185
185
185
183
185
184
185
185
186
185
186
185
183
183
183
183
183
183
183
182
182
183
183
182
183
183
182
182
182
182
182
182
184
185
184
183
183
183
184
184
185
184
183
184
184
183
182
184
184
184
184
185
186
186
186
185
185
187
184
183
182
184
183
183
182
183
182
182
182
182
182
182
182
182
182
183
183
182
182
182
182
182
181
181
181
182
182
181
181
181
181
181
181
181
181
182
181
181
181
180
183
183
184
183
183
182
182
182
182
181
179
180
180
180
180
179
179
179
180
180
181
181
181
182
182
182
182
183
183
183
182
182
182
182
182
181
182
182
182
182
182
182
183
182
180
180
181
179
180
180
180
180
181
181
180
180
182
182
180
180
181
181
182
181
183
182
183
183
182
182
180
181
180
181
181
181
181
181
182
183
184
183
183
182
182
181
181
181
181
179
179
179
179
180
179
178
178
179
178
180
180
180
179
179
180
180
180
180
180
181
180
180
179
179
179
179
179
178
178
178
178
177
177
177
178
178
178
178
178
178
178
180
180
180
181
183
183
182
182
182
182
182
183
183
183
183
180
181
181
182
180
180
180
179
179
180
179
179
180
180
180
180
180
180
179
180
181
182
183
184
185
185
184
184
184
183
182
181
181
180
179
179
179
179
179
180
180
180
180
177
177
177
177
175
175
175
175
175
176
175
175
175
175
175
176
175
175
175
176
178
179
180
181
181
183
184
182
181
180
179
179
180
180
180
180
181
182
182
182
181
179
179
180
178
178
177
177
177
177
178
177
177
177
176
176
176
176
176
176
177
177
176
176
175
176
176
176
178
177
176
176
176
176
175
175
175
175
175
175
175
175
175
175
175
175
175
175
175
175
177
177
177
175
174
175
175
175
175
175
176
176
176
176
176
177
177
177
176
176
176
176
176
175
175
175
176
176
176
176
176
176
176
176
176
178
179
180
180
181
180
179
179
179
179
179
180
181
180
179
179
179
177
178
177
177
178
179
179
179
178
179
178
178
178
178
178
178
178
178
178
178
180
180
181
181
181
182
182
182
180
179
180
182
184
183
183
184
184
184
182
183
184
183
183
184
185
183
182
182
181
181
181
181
180
178
179
179
179
179
177
177
177
178
178
178
178
178
178
178
178
181
181
181
182
181
182
182
182
180
181
180
179
179
179
179
179
180
179
178
178
178
179
179
179
180
180
180
181
180
180
179
179
180
180
179
179
180
180
181
180
180
179
179
178
178
178
178
177
177
177
178
179
179
180
180
180
180
178
179
178
178
177
177
177
177
175
175
175
175
175
177
177
179
180
179
178
180
180
178
178
179
179
179
180
182
181
181
181
182
183
183
185
184
185
185
185
184
184
183
181
182
182
180
181
181
181
180
180
180
179
178
177
179
178
177
177
177
177
178
178
179
178
178
177
177
176
176
175
176
176
176
176
176
177
178
178
178
178
178
180
181
179
180
179
179
180
180
179
178
179
178
179
180
180
180
180
180
182
181
181
179
178
178
178
179
178
179
180
179
179
179
179
179
179
179
179
177
176
175
177
177
177
176
176
176
175
175
175
176
176
176
175
175
174
174
174
176
174
175
175
175
175
175
176
176
174
174
173
174
175
175
175
175
175
175
175
174
174
174
175
174
175
175
176
176
178
178
177
177
177
177
177
175
175
174
175
175
175
175
175
175
175
175
175
175
176
176
173
173
175
176
177
177
177
176
177
176
176
174
174
175
175
175
176
175
176
177
178
179
179
179
179
179
180
180
180
180
180
181
181
182
181
180
180
179
178
177
177
178
179
179
177
178
178
178
178
178
178
176
178
177
177
177
176
176
175
175
174
174
174
174
174
174
174
174
174
173
174
175
175
175
176
177
177
176
176
174
174
175
175
173
174
174
175
175
175
174
173
173
174
174
174
174
174
174
173
173
172
173
173
173
173
174
175
176
176
176
175
175
175
175
176
178
176
177
176
177
175
175
174
174
174
173
173
173
174
173
172
172
172
173
173
173
174
175
174
174
173
172
173
173
173
173
173
173
174
174
176
177
175
175
175
175
174
173
173
173
174
173
172
172
173
173
172
171
171
171
172
172
172
172
172
172
172
173
172
174
174
176
177
177
178
176
177
177
179
178
177
178
177
177
176
175
176
177
176
174
173
174
173
174
173
173
174
174
174
173
173
174
172
172
174
174
174
174
176
176
176
175
175
175
174
174
174
175
175
174
175
176
175
174
175
175
174
172
171
171
172
173
173
173
173
174
174
175
174
174
174
175
175
175
175
175
175
174
174
172
172
170
171
171
171
171
170
172
171
171
171
171
171
170
171
171
172
172
171
170
170
170
171
170
170
170
170
171
171
172
170
170
170
170
171
171
171
170
171
171
170
170
170
171
170
170
172
171
171
170
170
171
170
170
171
172
173
172
172
171
170
170
171
171
172
172
172
172
172
171
171
171
170
169
169
169
170
170
171
171
171
172
172
172
171
172
172
173
173
173
173
173
173
173
173
172
171
173
173
172
172
171
171
172
173
173
173
173
173
174
175
173
173
174
174
174
173
173
172
171
171
171
171
171
171
172
172
