0.00035137931034482766 0.0005220689655172415
300
293
290
284
281
270
268
266
264
267
266
266
267
264
261
259
259
258
259
258
258
256
255
256
258
257
256
256
256
257
258
256
258
256
256
254
254
252
253
253
254
254
255
254
252
251
249
248
248
247
248
244
245
243
242
241
238
237
238
238
243
242
245
244
246
242
242
240
240
240
240
242
239
240
240
239
239
238
239
238
240
238
237
238
240
238
238
241
241
242
240
237
236
234
233
235
236
236
234
236
236
238
236
235
236
236
236
236
235
236
235
235
238
236
234
232
234
234
235
234
235
234
234
233
234
235
235
236
237
239
236
234
234
234
231
230
230
229
230
230
229
230
233
231
231
231
230
233
233
233
230
229
230
232
229
228
230
231
231
232
230
230
229
228
228
227
225
225
225
226
226
226
226
226
226
227
228
228
227
226
226
227
228
229
229
229
230
231
231
230
231
232
228
229
229
228
227
226
224
228
230
233
233
232
233
232
228
228
228
228
226
226
225
224
224
224
224
226
225
226
226
225
225
227
228
226
227
229
230
231
234
230
231
230
228
227
226
225
227
224
226
228
225
225
227
225
225
225
226
228
230
228
227
228
229
230
230
229
230
229
228
229
230
229
231
231
230
230
227
228
230
230
228
229
230
229
227
226
227
230
232
233
232
230
228
226
224
227
226
223
223
223
222
223
224
222
221
222
222
221
220
221
222
221
220
221
221
219
218
221
221
219
220
221
221
220
221
220
221
222
221
220
223
222
221
220
219
220
219
221
221
220
221
220
220
220
220
220
217
217
217
215
215
214
214
216
216
216
216
219
218
218
217
216
215
219
220
219
219
217
216
218
218
218
218
220
219
219
222
222
219
219
220
221
220
217
217
217
215
214
214
214
215
216
216
216
217
217
217
219
220
220
219
219
221
219
218
219
219
218
216
217
216
216
216
216
216
216
217
218
219
220
219
219
219
218
221
220
218
218
216
216
214
214
214
215
216
215
213
213
214
215
216
217
219
221
218
218
216
216
217
216
215
214
215
215
215
213
218
218
218
217
218
218
218
217
215
214
214
214
216
217
217
216
217
217
217
215
216
216
217
215
214
215
215
214
213
213
213
212
212
212
211
215
214
212
215
214
214
214
210
210
209
211
210
209
211
212
213
214
212
212
212
213
212
211
213
211
212
211
214
215
215
215
214
215
215
217
218
215
215
217
217
217
218
218
217
216
213
211
211
212
214
211
213
215
213
213
215
212
213
213
213
213
213
210
211
212
214
214
215
215
216
214
211
210
211
211
211
212
212
213
213
209
208
209
209
209
208
208
207
209
210
210
211
211
211
211
211
212
214
215
214
215
214
214
214
215
213
213
212
210
210
211
213
213
213
211
211
212
210
209
209
208
207
209
208
208
210
213
214
216
215
215
214
215
215
211
209
208
208
207
207
206
207
210
208
209
207
208
209
211
212
213
213
213
213
214
212
210
208
209
212
212
210
211
212
213
211
210
208
208
209
206
206
206
208
207
205
205
204
203
204
203
204
203
206
206
207
206
205
203
202
205
204
205
206
206
205
205
205
208
208
207
207
210
208
209
209
210
209
207
206
207
207
207
208
208
207
207
209
210
210
211
209
211
211
212
212
211
209
208
207
206
207
208
209
210
210
208
208
207
208
207
208
208
208
207
206
206
207
211
210
208
208
208
204
204
204
204
204
204
204
205
205
203
206
207
206
205
205
207
207
208
208
208
209
206
200
202
201
201
201
201
200
201
202
202
203
204
203
202
199
199
199
200
199
198
198
197
197
200
198
198
199
200
199
198
198
199
200
201
201
200
200
199
199
205
205
206
205
204
204
204
205
204
200
200
201
201
200
200
197
197
199
199
200
202
201
200
204
205
203
204
200
199
202
202
198
200
199
200
198
198
196
196
195
195
194
194
196
198
196
194
193
194
192
193
194
195
196
196
196
196
194
195
195
194
192
192
191
191
191
191
192
192
192
194
194
194
195
198
195
195
196
198
199
197
196
194
193
192
194
193
190
191
192
194
195
195
194
193
194
194
194
194
191
189
189
190
190
191
191
190
191
191
190
190
190
190
189
190
189
190
190
191
190
191
192
194
192
191
191
191
190
192
191
195
196
196
193
189
190
190
191
191
190
190
191
191
193
192
193
194
192
193
193
193
194
195
196
195
195
193
194
193
194
194
193
193
193
193
195
195
195
196
197
196
194
194
191
192
193
193
190
190
191
191
191
192
192
193
193
193
194
194
194
193
195
194
193
192
193
194
193
193
193
193
195
195
197
197
198
198
199
198
198
197
196
197
196
199
200
201
200
200
198
198
199
197
197
200
197
197
196
196
196
197
194
195
194
196
197
196
196
195
194
195
194
192
192
192
191
193
194
195
194
194
193
192
191
193
194
192
191
192
194
194
194
196
197
199
199
204
205
206
207
204
204
200
198
198
196
196
196
194
195
194
195
195
196
197
197
197
194
193
191
192
192
191
191
191
191
193
193
192
194
195
194
195
192
192
192
194
194
193
193
193
194
195
195
194
194
194
194
194
196
195
194
195
194
193
195
197
195
195
195
194
194
192
191
190
191
191
191
193
194
195
196
195
192
191
193
192
191
190
192
192
192
192
194
194
195
195
194
196
198
200
200
198
198
199
196
196
195
193
192
191
193
191
189
189
186
186
186
186
185
186
188
188
188
188
189
188
188
188
187
187
188
189
188
188
189
188
188
189
191
191
188
189
187
186
185
185
185
187
187
188
187
186
186
188
189
188
188
188
188
188
187
186
186
185
186
185
185
186
188
188
188
186
185
185
186
187
189
189
190
190
190
190
188
188
189
189
190
188
187
188
186
184
184
185
184
183
184
184
183
184
184
184
186
188
186
183
181
181
181
181
182
183
183
183
184
183
184
181
181
181
183
181
181
181
181
182
181
183
184
183
182
182
184
185
182
184
184
184
183
181
181
183
183
181
181
181
182
183
184
184
184
184
183
184
185
186
187
186
186
184
183
183
183
181
181
182
182
182
180
180
181
181
182
181
182
180
180
180
180
180
180
180
181
180
181
181
182
185
184
184
183
183
183
183
182
182
181
180
181
181
179
179
179
179
178
179
178
178
179
179
178
178
179
179
180
180
181
181
180
182
182
182
183
184
184
182
181
181
181
178
178
179
179
178
179
182
186
182
181
180
182
179
180
182
181
181
179
183
181
181
180
179
179
179
180
180
179
178
177
176
178
177
176
176
177
177
177
179
178
178
178
180
180
181
180
181
180
180
179
179
179
180
177
178
178
178
179
179
180
182
183
183
183
183
188
184
183
179
179
179
179
176
176
176
175
175
174
175
177
178
179
179
180
180
179
177
176
175
175
174
175
175
175
175
175
176
176
177
177
177
178
178
179
179
179
177
177
178
178
174
174
175
174
176
176
175
176
174
173
173
173
173
173
175
174
175
176
176
176
175
178
177
177
177
175
174
176
175
175
177
176
175
174
176
176
175
178
178
178
176
175
175
174
175
174
175
177
176
176
176
175
175
175
176
177
176
176
176
178
177
175
174
177
177
174
173
174
173
173
173
173
173
173
173
174
173
173
173
173
173
174
174
174
174
174
171
172
172
172
172
172
172
173
172
170
170
172
171
170
171
171
172
172
172
171
172
172
171
172
174
173
173
173
174
173
172
171
172
169
169
170
169
169
167
168
170
170
171
172
172
171
172
172
171
170
169
168
169
170
171
169
169
166
167
168
169
168
168
169
171
172
173
173
172
172
169
169
169
171
170
171
171
169
170
169
169
168
169
170
171
171
172
171
172
172
172
173
176
175
175
175
175
177
176
174
173
174
174
171
174
177
175
175
174
173
175
177
178
178
177
175
174
176
176
174
173
172
173
172
173
173
172
172
172
172
171
171
172
173
172
173
172
172
171
172
172
172
172
171
171
170
172
171
171
171
171
172
171
171
171
171
170
169
169
170
170
170
170
169
169
167
166
166
166
169
169
169
171
170
168
168
168
167
165
165
166
166
167
167
168
166
167
164
165
166
165
166
166
166
166
164
164
164
165
166
168
168
167
167
164
164
167
167
171
171
171
171
172
172
172
170
167
167
166
165
165
164
165
164
164
164
164
163
163
163
164
163
164
162
162
161
161
162
165
164
163
163
165
164
163
162
162
162
160
160
160
161
161
161
162
162
163
163
164
162
162
164
163
163
163
164
164
166
166
167
164
164
162
163
163
163
163
161
160
161
162
161
162
162
161
161
162
162
163
163
163
164
164
165
167
169
167
166
164
163
165
166
162
164
164
161
161
160
162
162
164
165
164
163
162
163
163
164
164
164
165
166
167
166
166
165
168
167
165
166
166
166
167
167
167
166
165
163
163
164
163
164
165
165
165
163
162
161
159
159
159
158
160
161
161
159
158
159
159
159
159
159
158
157
157
157
158
159
158
158
156
156
157
157
158
159
160
158
157
157
157
159
160
159
159
159
159
158
159
159
160
160
161
162
164
163
164
163
162
161
161
158
158
158
159
159
159
158
159
160
160
161
162
159
159
157
157
155
156
155
155
156
156
157
157
157
157
158
158
159
159
160
159
160
158
158
158
158
159
158
158
158
159
158
158
157
157
158
158
158
159
159
158
158
158
159
159
160
158
158
158
156
157
156
155
155
155
155
156
160
159
159
159
160
159
158
158
157
157
157
157
158
159
161
160
157
156
156
156
157
157
158
159
157
155
155
156
155
156
156
156
156
157
157
157
157
156
156
156
155
156
155
156
156
154
153
153
154
154
154
154
154
155
154
156
156
155
155
156
156
156
156
155
155
155
155
155
155
155
155
156
158
160
158
158
160
160
158
156
156
157
157
157
157
158
159
157
157
157
157
157
158
158
158
159
159
160
160
160
160
161
162
162
162
163
162
161
162
163
162
162
163
164
163
162
160
160
160
158
158
157
158
161
162
163
163
160
161
159
162
160
158
158
158
158
157
157
157
155
156
158
156
156
157
158
157
156
156
155
155
154
154
154
154
152
152
152
152
151
150
150
149
149
149
149
149
149
150
150
150
150
151
151
153
153
152
152
153
152
153
153
152
153
153
152
154
154
156
154
154
154
154
154
154
154
153
153
153
154
157
158
155
155
155
155
153
153
151
152
151
151
151
152
153
153
153
155
155
154
153
153
152
153
151
153
153
153
153
154
155
156
155
155
156
157
158
157
156
157
157
156
156
155
156
155
155
156
154
154
156
155
154
154
151
150
153
153
153
151
152
151
152
153
152
151
151
151
152
152
152
152
152
153
153
153
154
156
155
155
156
158
158
158
157
157
157
159
159
158
158
158
156
154
153
155
155
154
155
156
157
158
158
155
155
155
154
154
154
154
153
153
153
153
152
152
152
153
153
152
154
154
154
155
154
154
154
155
156
156
157
155
155
157
158
158
158
157
157
156
156
154
151
151
152
154
154
153
153
152
153
153
153
153
154
154
156
159
158
159
155
157
157
155
153
154
156
152
151
151
152
152
151
151
150
148
149
148
149
150
148
149
149
149
149
149
148
150
151
152
154
155
155
153
153
153
152
153
154
154
154
154
152
151
151
150
149
151
150
150
149
150
150
149
150
150
149
150
149
150
150
147
148
150
148
147
148
149
147
147
147
147
148
146
146
146
148
146
147
145
145
145
145
145
145
145
145
145
146
148
148
148
151
151
148
148
149
148
146
146
146
147
147
147
148
144
146
145
146
146
146
145
146
146
146
147
147
147
148
148
148
148
148
147
147
147
146
148
148
148
146
147
148
148
148
148
148
148
148
148
148
147
148
148
148
148
149
149
152
151
150
151
151
151
151
152
151
152
150
150
147
148
145
145
145
145
144
145
145
144
144
144
144
145
145
144
144
144
146
147
147
147
146
146
146
147
145
143
144
146
147
146
146
145
143
144
144
147
145
147
147
149
149
148
148
146
146
147
147
148
149
148
146
148
147
147
146
146
145
144
144
144
144
144
145
145
144
145
144
144
142
143
144
143
145
144
144
142
142
143
144
145
144
143
144
143
144
144
143
143
143
143
143
143
143
143
143
144
143
144
144
143
143
143
143
143
144
145
145
143
145
144
143
143
143
145
145
145
145
145
145
143
142
141
140
141
142
142
143
142
142
141
142
143
143
146
144
145
144
145
145
145
147
146
146
145
145
145
146
144
144
143
144
143
143
141
140
140
138
138
138
138
138
138
138
138
137
137
137
137
138
138
138
139
138
138
138
138
139
139
139
140
141
142
143
144
145
145
146
145
145
145
143
144
143
143
143
143
142
143
142
141
141
142
143
142
142
143
145
144
145
147
148
147
145
145
146
145
141
142
141
140
139
140
140
140
139
138
141
141
142
141
141
141
141
142
141
141
140
141
141
141
141
141
140
140
140
140
140
138
138
138
138
138
138
137
137
137
137
138
138
140
140
140
141
140
141
140
140
141
142
141
141
141
142
142
141
141
142
141
142
142
142
142
142
141
141
141
141
141
141
144
145
145
146
146
145
145
144
141
141
142
142
142
139
139
141
142
141
141
141
142
142
142
142
140
140
138
140
139
139
139
139
138
139
139
139
141
142
141
141
141
141
140
143
143
143
145
146
146
146
146
149
150
149
148
146
145
144
143
142
142
143
144
144
143
145
145
146
149
149
149
149
148
148
149
146
146
144
145
146
144
143
143
144
145
143
143
143
143
144
143
142
143
144
145
145
144
144
143
144
144
145
146
147
146
146
146
145
146
144
143
143
143
143
142
141
142
141
141
142
142
145
144
142
142
142
142
142
143
144
146
148
147
147
149
148
147
146
145
145
145
145
147
148
145
144
144
144
145
144
143
143
144
144
143
144
143
142
143
143
143
142
142
142
141
140
140
141
142
142
142
142
140
140
140
139
138
138
140
141
140
139
140
141
141
141
140
138
138
139
138
136
136
138
138
137
137
137
137
137
137
138
140
140
140
139
138
137
137
137
137
137
137
137
137
135
134
134
134
134
134
134
135
134
136
137
139
141
143
142
142
143
142
141
139
139
137
137
138
139
136
136
139
136
136
136
135
134
134
137
138
137
139
138
139
139
138
135
135
135
136
135
137
138
137
137
139
138
139
139
139
139
139
138
140
139
136
138
138
137
136
135
135
134
134
134
134
133
135
135
135
136
137
137
137
137
136
135
136
138
139
140
140
140
139
138
136
137
138
138
138
138
138
139
139
138
138
139
138
139
139
139
138
136
136
136
136
137
138
136
137
138
139
137
137
139
137
137
137
138
137
137
138
138
137
135
133
132
133
134
135
135
135
134
135
134
134
133
131
131
131
131
131
132
132
132
131
131
131
132
132
132
132
131
130
129
129
129
131
133
132
131
131
131
131
131
131
130
129
129
129
130
130
130
130
131
133
134
131
131
132
132
132
132
133
133
132
133
132
133
131
131
131
132
132
132
130
131
131
132
132
132
131
131
129
132
132
132
131
132
132
133
133
132
131
132
133
131
130
130
129
129
128
129
130
130
130
130
131
131
131
131
132
132
132
129
128
128
128
128
129
129
130
129
128
128
128
127
127
127
127
128
128
130
130
129
129
129
129
128
128
129
128
128
128
127
127
126
126
126
126
126
127
127
126
128
127
128
128
127
127
128
130
130
130
130
129
129
129
127
127
128
129
129
128
128
129
126
126
126
125
125
125
125
124
124
125
125
125
126
126
126
127
128
127
127
128
129
127
129
129
130
129
129
129
128
128
128
128
130
129
130
131
130
130
129
128
126
125
125
125
125
125
126
126
127
128
129
129
128
129
130
130
132
130
127
127
126
126
126
127
126
127
128
127
126
127
128
128
127
127
128
128
128
129
129
130
129
129
128
127
128
128
128
127
127
128
128
127
127
127
127
125
125
125
126
127
127
128
127
126
126
126
127
127
127
128
129
131
131
133
132
131
130
129
128
129
129
129
129
128
128
129
129
128
128
132
131
130
129
130
131
133
134
134
134
134
133
131
130
131
131
134
134
134
132
133
130
130
130
129
128
129
128
129
129
128
129
130
129
129
128
128
128
130
131
130
129
128
128
127
127
126
127
127
127
126
126
127
126
126
127
127
128
127
127
127
127
127
129
129
129
130
130
129
128
127
127
127
126
126
126
126
127
125
125
126
126
125
125
125
126
127
126
126
126
126
126
125
125
124
126
126
124
124
124
123
122
125
124
124
124
124
125
124
124
125
125
127
127
125
124
123
123
124
124
123
124
124
123
122
123
125
125
126
127
126
127
127
127
127
127
127
128
128
128
127
126
125
125
127
127
126
126
126
127
128
129
129
130
130
129
128
128
128
128
128
127
126
126
125
125
124
125
123
123
123
124
124
124
124
123
122
122
122
123
124
125
124
124
123
123
123
123
123
122
124
125
125
125
125
126
126
125
125
125
126
125
125
127
127
126
127
127
128
129
128
128
127
124
123
125
125
125
125
124
124
124
124
124
126
127
126
125
124
123
124
124
124
123
121
121
121
121
121
121
121
120
124
125
123
123
123
123
123
122
122
123
125
126
128
128
130
130
130
128
129
126
126
126
126
125
124
122
122
122
122
122
123
125
125
124
123
123
123
123
122
121
122
122
124
123
125
124
123
123
124
124
123
121
121
122
122
122
122
122
124
124
123
124
123
123
123
123
123
124
124
124
123
123
124
124
125
124
123
123
122
120
120
120
120
119
119
119
119
119
119
120
120
120
121
120
121
121
122
122
123
123
123
123
123
123
122
122
121
120
121
121
121
120
121
122
122
122
122
122
122
123
125
122
122
123
122
123
124
124
124
125
127
125
124
124
124
124
125
125
123
122
124
121
121
122
121
121
120
120
121
119
120
120
120
122
121
122
121
122
122
121
120
120
120
121
122
122
121
120
120
120
120
120
119
119
120
120
120
119
119
119
118
118
118
118
118
118
118
120
120
121
121
121
123
122
122
121
121
122
122
120
120
119
119
119
120
119
121
121
121
121
120
121
121
121
120
119
119
119
119
122
122
121
121
120
120
120
120
120
121
120
120
120
119
119
119
119
118
118
118
119
120
120
121
120
119
120
120
122
123
122
122
122
123
123
123
124
123
123
124
123
122
123
123
122
122
122
123
123
123
123
122
123
123
123
123
124
124
123
122
125
122
122
122
122
123
122
122
122
120
120
121
122
123
125
125
123
125
126
126
129
127
128
123
123
123
123
123
123
122
123
123
122
121
121
120
121
122
121
120
121
120
120
120
120
121
121
120
121
121
121
121
120
121
121
121
120
120
120
119
121
121
120
120
121
122
123
123
121
120
121
120
122
122
124
123
122
123
122
124
123
121
122
119
120
119
120
119
119
119
118
119
119
118
118
118
118
118
119
119
119
119
120
120
121
122
121
122
123
123
123
122
123
124
123
122
122
122
122
123
124
124
122
122
121
121
121
121
123
123
125
123
122
122
123
123
121
120
121
119
119
119
119
121
119
118
119
119
119
120
119
120
121
121
122
120
121
120
120
120
120
119
119
120
120
120
119
117
120
121
120
121
121
121
121
121
122
123
123
121
121
122
121
121
121
119
121
120
120
120
120
118
118
119
120
119
119
120
120
118
118
118
117
117
118
118
119
120
117
117
117
117
117
118
119
118
119
120
120
121
120
122
123
122
123
124
125
125
123
124
123
123
123
123
124
123
122
122
120
119
118
119
119
118
118
118
118
118
120
121
122
122
121
121
121
119
119
119
119
118
118
120
120
120
120
120
120
120
120
119
119
119
119
119
119
119
120
120
120
121
122
122
123
123
123
124
124
124
124
123
123
123
124
124
126
125
125
125
125
124
122
120
120
120
120
120
121
122
123
122
123
120
119
119
118
118
117
119
119
118
118
119
119
118
117
118
117
117
117
117
117
117
117
117
117
117
117
118
119
119
119
118
118
118
117
116
116
116
117
117
117
116
117
118
117
117
118
118
119
120
121
121
122
123
124
123
123
122
122
122
123
121
120
119
119
119
119
121
121
123
122
121
121
120
120
120
120
120
120
123
124
123
123
122
120
119
119
119
118
118
118
119
119
118
118
116
116
116
117
117
118
117
117
117
117
114
114
115
115
115
116
116
116
116
116
118
117
118
118
118
117
117
119
119
118
119
118
119
119
119
119
119
118
118
118
119
121
120
119
118
119
119
117
118
118
117
117
117
117
118
118
118
118
118
118
118
119
119
120
119
119
120
119
120
119
118
117
114
115
116
117
117
117
117
117
116
115
115
115
115
117
118
118
117
117
118
117
118
118
118
118
119
118
117
117
119
117
117
116
118
118
117
118
117
119
120
124
124
124
125
124
124
123
122
121
121
120
120
120
121
122
123
122
121
120
120
121
121
120
120
119
118
120
121
121
121
120
121
121
119
118
117
117
117
118
119
119
119
120
118
117
115
114
116
116
116
117
116
115
118
118
119
121
120
121
119
119
118
118
116
116
115
113
113
115
115
115
113
113
113
113
114
114
112
112
112
112
112
112
113
113
114
114
113
113
113
113
113
114
113
113
114
113
113
113
113
113
114
112
113
114
114
114
113
113
114
114
115
115
115
115
113
113
114
115
115
115
114
113
114
114
114
114
114
114
114
114
114
114
115
117
117
117
119
119
117
116
117
114
115
115
115
114
114
113
114
112
114
114
114
114
113
113
113
113
113
112
113
113
113
114
114
114
113
113
113
113
113
113
112
112
111
111
111
113
115
114
113
112
112
113
113
113
113
113
113
113
113
113
112
112
112
113
114
114
114
114
115
114
113
114
114
114
114
112
112
113
113
113
115
115
115
115
115
116
116
116
115
115
115
114
115
115
114
114
114
115
115
115
114
114
114
115
112
112
113
113
114
114
114
114
113
113
111
110
110
110
110
111
111
111
111
111
112
113
114
115
116
115
116
115
114
114
113
114
115
116
116
117
118
116
116
116
115
115
115
115
115
115
115
116
114
113
114
113
113
115
115
114
114
114
114
114
114
114
113
112
113
113
114
113
112
112
112
112
112
111
111
110
110
111
111
110
110
110
110
110
110
110
110
110
109
110
110
112
111
111
112
111
111
112
113
111
112
111
111
111
111
111
111
111
113
114
113
116
115
115
114
113
112
113
113
113
113
110
109
110
112
112
112
112
111
109
108
107
107
107
107
107
107
107
107
107
107
108
108
107
108
109
110
112
110
109
110
110
111
108
109
110
110
110
111
111
113
113
112
110
110
110
110
109
110
109
109
108
108
108
108
109
110
111
111
113
115
115
113
112
112
110
110
109
109
110
110
109
109
110
110
110
110
112
111
109
109
108
110
109
108
109
108
110
110
111
113
113
113
113
115
115
113
