0.0007610344827586207 0.00024896551724137937
300
300
298
291
294
292
291
293
288
291
290
291
291
291
291
290
290
293
293
294
295
296
295
297
295
297
296
293
294
294
293
293
292
290
291
292
293
291
292
293
293
292
292
296
299
296
294
296
296
295
298
298
299
300
300
298
298
299
301
302
303
301
301
303
301
299
299
302
301
302
303
303
306
304
302
304
302
305
304
304
303
304
304
306
308
308
309
308
307
310
308
310
311
313
315
312
311
309
309
309
307
304
305
305
306
308
308
308
311
312
312
309
310
309
307
307
308
309
311
312
311
309
311
310
308
305
306
306
305
306
306
305
307
305
307
309
311
310
311
311
312
312
314
316
313
313
312
311
312
314
314
313
311
312
312
314
315
315
317
317
317
317
317
321
323
321
319
319
318
320
320
318
317
315
316
315
317
319
322
324
326
327
330
329
330
329
329
328
328
328
329
327
326
325
325
325
326
329
328
328
329
332
332
333
333
330
330
329
330
330
329
329
329
329
330
330
332
334
333
333
335
337
334
333
333
334
334
335
336
339
338
338
338
335
335
335
336
338
338
337
340
339
341
343
343
345
346
345
346
344
348
351
351
351
355
353
355
354
355
358
360
359
360
362
361
364
363
360
359
361
361
357
356
358
360
361
358
359
359
358
356
355
356
358
358
358
362
359
359
356
356
358
357
355
357
358
360
360
360
362
362
361
365
364
362
362
363
363
364
365
363
363
362
360
361
363
364
364
365
369
367
368
367
368
370
371
367
368
365
363
367
369
371
368
370
370
372
369
368
368
369
370
368
368
370
372
372
373
374
373
373
372
372
374
373
372
370
368
370
371
370
367
368
368
367
368
369
372
370
370
371
371
375
380
380
381
377
378
378
378
378
381
379
381
380
380
383
383
383
386
387
389
389
388
391
391
390
391
388
391
388
385
387
386
390
389
389
387
385
382
381
380
383
384
387
390
390
389
387
389
388
389
389
389
392
389
391
393
389
387
388
386
389
390
393
393
391
391
390
390
388
389
390
390
389
389
388
382
382
381
383
388
388
389
392
390
391
395
392
392
391
391
392
391
391
391
389
391
390
391
391
393
392
397
400
400
399
401
402
403
401
401
403
402
402
401
405
407
404
403
404
405
407
405
407
405
406
407
406
404
408
408
413
413
411
410
412
413
411
410
409
408
409
409
411
413
415
414
412
412
408
411
410
411
412
411
413
415
415
417
416
418
417
419
417
416
414
416
414
415
414
415
415
415
416
418
417
419
419
419
419
419
420
422
423
425
425
424
424
423
425
425
425
422
425
424
432
434
433
437
436
434
436
434
434
432
431
433
430
430
430
430
429
427
427
428
425
427
431
431
429
429
427
426
425
427
428
428
429
430
432
432
433
431
431
432
429
431
429
428
428
427
429
429
431
429
432
430
431
430
429
434
436
438
438
435
432
430
429
429
426
427
426
425
424
422
425
425
422
418
417
416
419
420
420
419
421
421
424
425
427
425
423
422
423
427
429
429
431
431
430
429
429
431
431
430
429
429
428
426
424
424
423
424
423
423
423
425
426
428
428
427
428
426
426
427
426
427
424
425
426
425
427
429
425
427
428
428
429
432
429
429
426
429
430
428
428
433
434
433
429
432
432
431
429
427
429
432
431
430
428
429
428
432
431
433
436
434
433
433
431
432
437
439
437
440
439
439
436
438
433
437
432
433
432
433
433
432
434
433
434
435
435
440
441
441
441
443
436
438
439
441
440
439
440
441
439
439
437
436
437
438
440
439
438
436
437
438
437
437
439
443
444
445
444
442
444
443
443
450
447
446
442
441
444
445
443
446
447
449
451
447
445
446
445
445
445
445
449
446
448
448
447
446
447
446
447
446
449
451
451
450
446
444
441
441
442
444
441
440
441
445
447
452
448
448
450
453
455
459
457
456
455
453
453
453
455
455
454
453
453
453
454
455
451
452
454
455
458
457
455
454
453
455
453
455
456
455
458
455
459
456
451
450
450
452
449
452
451
450
448
448
446
445
446
447
452
450
452
455
455
454
449
448
449
450
447
451
451
452
451
452
456
455
453
454
455
455
455
453
453
456
456
457
453
452
453
452
455
457
456
456
457
456
456
457
459
458
460
461
465
464
467
467
468
467
467
471
466
465
463
462
463
462
461
464
465
467
468
464
466
467
463
462
462
465
462
463
463
462
462
461
465
466
467
465
465
465
465
463
462
462
462
462
464
466
465
462
464
464
468
464
467
467
465
464
465
465
465
464
465
462
461
460
461
460
463
463
460
457
457
458
460
463
465
465
463
463
464
461
466
468
471
472
470
469
471
469
468
471
471
475
474
477
476
475
474
475
478
479
477
472
471
470
471
472
474
475
474
473
474
474
475
474
474
476
477
475
475
474
474
475
476
475
475
476
475
473
473
472
474
476
476
475
478
473
472
473
472
472
473
473
473
474
473
473
476
478
478
475
474
475
478
479
484
484
481
477
476
476
477
478
481
480
483
485
485
483
486
486
484
484
485
486
486
487
487
486
488
489
493
491
491
498
496
494
493
496
495
491
493
491
492
493
493
495
498
496
494
493
493
493
493
495
495
495
496
493
492
491
493
491
491
491
489
485
485
483
482
483
484
487
488
490
488
485
486
487
485
485
479
480
483
487
489
489
487
486
486
486
486
481
486
485
483
484
482
485
486
488
488
489
489
488
486
488
489
490
489
490
488
489
491
491
492
492
493
494
493
490
490
486
488
489
485
491
493
494
497
499
500
503
504
502
500
498
496
493
495
500
500
501
502
506
501
498
500
500
498
497
501
501
504
507
508
507
502
502
503
505
504
504
506
506
505
506
509
508
505
507
507
504
504
504
505
503
501
502
505
505
508
506
507
511
511
511
512
517
514
511
511
510
512
510
511
513
519
519
517
513
510
512
516
518
517
515
521
521
522
524
525
522
523
521
521
519
518
517
517
517
518
521
520
519
521
517
517
514
514
515
514
515
516
516
514
515
517
514
513
512
513
514
516
517
516
514
512
509
511
514
513
511
512
516
519
519
518
516
516
521
521
523
518
521
520
521
517
515
517
518
518
518
517
517
513
511
510
511
510
510
514
512
513
514
513
513
509
510
511
512
516
515
519
519
522
522
520
521
522
522
520
521
513
513
512
516
517
517
516
519
514
513
512
511
508
510
511
514
512
512
512
513
512
511
512
512
508
510
509
508
506
508
508
511
510
509
510
511
509
511
510
511
515
516
518
517
517
517
519
516
518
523
522
523
523
523
522
525
521
520
519
518
516
518
516
514
517
517
517
518
516
516
514
514
519
522
526
524
525
525
524
524
523
517
517
517
514
515
514
513
512
510
512
513
510
512
511
511
511
513
513
513
512
513
514
515
515
517
518
519
519
522
519
515
518
518
517
518
520
523
524
522
521
520
520
519
519
516
517
517
514
512
513
513
510
510
512
511
509
511
513
516
517
518
518
519
516
521
519
521
523
525
527
524
526
528
525
523
521
519
520
519
517
518
521
519
517
519
524
522
523
521
520
522
522
520
521
522
520
522
523
525
524
527
527
528
531
532
533
538
538
537
539
538
540
539
537
532
527
528
528
530
533
534
531
530
530
528
533
532
535
531
532
534
535
535
531
531
532
530
530
532
531
532
533
529
528
527
529
528
530
530
533
533
532
536
538
534
533
529
530
533
531
535
534
536
533
530
530
529
527
530
530
532
531
529
531
532
530
530
529
529
528
531
533
534
538
538
537
538
538
537
536
540
542
542
544
544
545
547
546
543
541
538
537
539
539
541
540
543
541
541
541
541
537
539
536
533
532
533
535
533
532
532
532
531
532
531
529
529
531
527
526
528
529
529
529
528
529
532
534
533
536
538
538
539
538
539
538
535
536
539
539
540
540
541
543
541
548
546
546
548
549
550
551
553
554
547
546
547
547
546
546
548
547
546
547
545
546
547
552
556
556
557
557
557
557
556
559
559
559
562
562
563
566
565
570
570
568
568
566
563
562
562
561
561
563
563
563
563
563
565
565
561
558
558
558
555
554
556
553
555
556
559
555
563
569
570
570
566
566
564
567
567
566
568
570
574
573
565
564
562
556
557
556
555
553
555
557
558
556
554
555
553
555
554
553
553
551
550
552
552
554
553
558
556
555
555
555
558
556
560
560
559
559
559
559
558
555
555
554
556
559
556
558
558
559
560
558
554
556
554
554
550
553
552
553
554
554
553
555
556
556
555
553
553
559
560
559
560
558
558
560
559
559
559
561
560
560
561
565
566
565
561
560
563
562
558
559
558
557
557
560
559
561
563
559
560
562
565
565
565
563
558
558
558
559
559
561
562
564
562
562
562
560
557
557
555
557
557
560
556
555
553
551
554
558
559
556
556
556
557
553
551
554
552
550
550
550
549
545
547
547
544
542
543
544
546
547
544
545
543
542
541
541
544
541
542
542
541
543
541
539
540
544
544
541
537
539
535
535
535
534
535
536
536
538
538
536
540
538
540
542
540
541
539
539
541
544
548
548
548
552
550
549
545
549
544
544
542
541
543
542
541
542
545
546
548
547
547
548
547
549
550
552
555
560
552
552
553
556
554
552
552
552
554
556
555
557
557
557
555
556
557
555
555
560
555
556
556
556
557
555
556
556
556
557
558
558
560
559
558
555
554
552
554
553
551
552
552
554
558
556
556
557
557
559
562
563
564
567
568
568
573
573
575
577
579
577
578
578
575
572
571
568
569
569
566
567
567
567
567
563
569
571
568
568
569
570
569
569
569
578
579
578
576
576
573
570
574
571
574
576
574
581
577
575
576
578
576
576
576
579
577
575
571
571
570
571
574
575
571
571
574
577
574
575
576
576
576
576
577
575
576
577
578
578
577
572
572
569
568
567
565
566
568
566
567
567
568
563
562
563
560
560
561
563
564
565
565
568
568
569
568
564
562
563
562
562
563
564
571
572
573
572
570
569
570
571
572
571
571
569
574
576
574
574
572
573
570
570
570
569
569
569
572
572
578
579
582
581
584
582
578
577
579
582
579
580
579
580
581
579
578
576
575
570
570
571
572
569
570
571
573
575
577
575
578
577
574
577
578
584
585
588
583
586
589
588
587
587
589
584
587
589
590
592
591
589
584
582
583
585
584
585
586
585
588
592
593
592
592
593
591
589
588
587
587
590
588
586
584
586
585
587
587
587
589
591
588
589
588
588
584
585
584
583
584
583
584
583
585
582
584
582
582
585
585
588
586
585
587
584
584
587
582
584
577
577
576
580
581
579
579
579
574
575
576
577
575
573
572
574
574
577
578
577
578
580
581
583
583
584
586
583
581
581
584
584
585
587
584
583
581
577
576
580
578
579
575
576
579
580
576
573
575
578
578
579
574
577
579
579
580
579
577
578
581
582
581
579
577
577
580
577
578
580
583
582
582
586
586
592
590
591
588
584
583
583
583
584
579
579
579
579
579
582
582
580
582
584
582
586
584
583
583
582
582
576
579
581
582
585
583
585
584
584
582
580
581
582
582
588
589
588
586
584
586
586
586
586
588
587
589
585
584
586
587
588
586
586
585
585
588
586
588
583
584
583
584
582
584
584
588
589
589
589
591
588
585
586
584
579
579
579
578
583
585
587
584
585
584
582
582
576
576
580
581
582
582
582
584
586
586
585
581
579
579
578
578
577
573
578
577
577
579
582
584
582
585
581
577
577
578
581
582
582
582
586
584
583
588
587
586
587
587
589
587
589
587
587
593
591
592
594
596
598
597
597
595
595
597
600
602
604
603
601
602
600
600
598
597
598
596
598
597
596
596
597
596
596
598
600
601
598
602
600
597
597
598
596
595
595
599
599
597
597
597
599
596
596
592
594
595
596
595
592
594
592
593
596
594
592
593
591
592
593
591
589
587
590
588
590
590
588
589
590
585
586
586
588
588
588
591
594
593
593
593
593
595
596
593
588
588
586
586
591
589
594
593
599
597
596
598
595
597
596
597
597
595
594
594
593
590
592
594
594
595
594
593
596
590
589
588
591
592
592
591
593
594
595
593
592
596
595
596
598
598
596
595
597
595
598
595
597
600
601
601
602
603
605
610
609
607
605
600
601
599
603
600
595
597
596
597
598
597
599
594
596
599
601
601
602
601
600
603
605
602
604
600
600
600
598
599
598
597
597
599
596
596
598
593
593
594
595
595
596
599
603
601
601
602
603
607
605
605
608
608
605
607
608
609
609
605
606
608
607
606
609
607
606
605
607
611
612
606
608
611
612
609
612
606
609
612
615
613
614
613
611
615
614
613
612
612
615
613
613
616
619
621
623
625
620
614
615
616
614
612
609
611
615
616
617
616
617
615
615
614
615
613
612
616
613
614
614
613
613
614
610
610
605
607
613
611
612
613
612
614
615
611
610
608
607
602
602
604
606
608
609
608
607
606
603
602
602
603
603
604
602
603
605
602
604
607
607
607
608
612
611
612
613
613
613
617
615
618
612
614
613
614
615
614
616
610
609
606
606
606
606
609
610
608
610
610
609
608
611
609
608
609
607
607
607
605
609
611
612
613
611
610
610
608
608
611
611
607
608
604
601
602
598
598
599
599
600
603
602
602
600
598
593
592
593
594
594
592
594
595
596
591
594
596
599
600
594
596
598
597
597
600
604
604
601
603
602
598
597
595
597
598
602
601
602
600
600
599
599
599
598
597
597
598
597
598
593
597
597
599
599
600
603
601
601
598
596
594
596
594
597
592
592
592
595
596
595
591
592
590
590
590
592
593
595
595
595
597
600
597
598
597
591
589
591
588
593
590
589
591
593
593
593
593
590
591
596
595
595
595
592
593
594
592
593
594
595
599
596
596
595
598
599
603
598
598
602
602
602
604
603
601
599
599
599
599
600
598
601
602
599
598
597
597
595
597
599
598
600
602
603
604
607
608
607
610
609
607
611
610
609
615
619
616
616
614
617
619
618
618
619
613
614
613
612
614
618
618
618
619
618
618
617
617
617
619
619
620
617
614
611
612
610
613
617
620
618
619
619
621
620
624
625
621
621
622
624
623
622
622
621
618
616
619
613
616
617
617
618
618
618
616
611
610
609
606
604
606
605
604
604
604
605
604
603
603
604
605
604
604
603
605
605
608
608
609
606
611
611
609
609
615
612
615
616
614
618
618
617
621
625
617
619
618
616
615
616
613
613
620
616
612
615
613
614
614
614
616
618
619
621
622
622
622
622
622
620
619
621
623
622
620
618
618
618
617
614
616
617
616
615
614
614
615
613
611
611
613
614
616
614
611
611
612
615
613
615
614
614
616
618
620
618
617
620
616
612
614
617
615
618
613
614
615
613
613
614
610
607
608
608
609
610
611
611
613
620
619
619
617
617
615
616
616
618
617
615
614
612
611
614
613
611
615
617
618
617
615
613
614
615
616
617
621
621
622
623
617
615
611
612
613
615
614
613
609
608
610
612
611
612
612
615
613
619
622
619
618
617
615
616
616
621
618
625
624
621
621
623
622
623
620
620
620
617
620
618
616
619
619
618
620
622
620
618
622
621
621
622
622
622
619
621
623
623
622
627
627
628
633
632
631
632
630
630
633
633
631
627
629
630
631
630
632
636
636
636
635
636
634
628
630
635
635
632
630
627
629
630
631
630
630
631
631
630
629
629
629
633
631
631
632
628
625
624
624
624
625
625
623
625
620
622
624
627
628
630
629
634
629
628
631
633
639
636
638
637
637
641
641
641
638
637
634
633
636
633
633
634
636
637
639
637
639
638
643
639
641
642
639
640
640
639
643
644
646
643
645
644
643
639
644
646
645
640
637
639
641
639
639
639
638
636
637
639
639
640
638
636
639
641
641
641
641
642
643
639
636
636
637
640
641
646
646
649
646
643
646
651
649
649
648
650
651
651
653
650
647
646
645
648
649
651
652
651
651
649
648
649
647
647
646
645
643
645
646
644
646
650
650
649
649
650
651
650
650
650
653
656
657
655
655
655
654
655
654
653
658
655
655
658
656
651
650
652
653
653
655
653
654
652
653
652
652
651
651
653
655
653
658
659
656
652
652
652
653
653
653
653
653
655
657
655
655
656
656
661
660
660
667
666
664
666
664
665
666
663
665
661
658
659
657
663
660
660
660
658
659
662
658
660
663
663
659
662
661
659
664
661
664
664
665
663
659
658
661
661
660
660
661
662
661
661
659
657
662
661
663
665
664
664
662
659
658
666
659
662
662
660
659
661
661
661
658
660
661
663
663
661
659
658
658
665
662
661
656
658
653
652
653
654
652
653
658
658
657
656
656
653
653
661
666
668
668
668
671
673
673
673
678
674
676
672
667
664
669
671
670
670
669
668
667
669
670
673
676
675
673
671
667
668
666
662
662
658
660
659
656
657
658
663
662
663
663
663
663
661
663
667
668
668
669
670
670
668
667
667
671
678
676
676
677
675
675
674
676
673
671
669
670
669
672
674
673
670
665
667
669
669
669
664
667
669
668
669
666
664
664
664
665
664
662
663
664
666
664
663
658
663
666
666
664
661
662
662
665
664
666
668
665
665
666
662
660
660
657
658
658
658
656
656
658
662
663
663
662
664
665
668
665
663
662
667
669
673
670
673
669
671
672
671
669
669
669
671
669
672
671
669
670
668
667
672
673
672
671
673
673
669
668
664
666
672
668
671
669
670
670
673
675
675
671
672
671
670
668
670
667
666
668
668
673
671
669
669
671
666
667
670
666
671
673
672
669
670
676
677
672
672
670
671
672
672
673
670
671
670
673
675
675
672
672
674
675
674
672
671
672
678
681
678
676
672
676
679
682
679
676
678
676
673
675
678
680
681
679
678
681
679
676
675
677
675
674
676
673
672
673
677
671
671
673
672
674
674
672
669
670
670
668
670
665
663
661
664
665
666
665
672
666
666
667
667
667
668
665
666
665
665
666
662
663
668
668
666
668
670
668
669
673
673
669
672
672
673
672
671
672
670
666
669
669
666
668
671
674
676
674
673
675
671
669
667
665
667
668
668
669
665
665
662
665
665
666
667
665
669
669
671
669
672
672
671
670
668
667
667
668
666
665
665
662
663
664
667
667
671
672
668
671
676
669
666
664
661
661
660
664
664
666
669
667
665
664
663
664
662
661
662
660
660
658
660
662
660
661
661
663
661
664
664
665
663
664
666
668
667
666
666
667
669
666
668
668
667
668
666
665
665
666
668
666
667
666
663
659
659
660
663
665
664
667
668
670
671
672
673
666
667
669
666
668
665
662
664
665
666
667
666
665
665
669
674
676
676
677
678
676
680
676
679
678
674
672
675
673
671
672
670
667
667
665
662
662
663
660
662
662
665
663
664
667
667
667
668
665
666
666
663
659
664
665
666
665
666
663
665
665
667
670
669
671
669
670
671
669
670
669
670
671
672
674
673
676
674
676
673
669
669
671
672
665
665
665
666
664
661
662
663
665
666
663
664
664
663
664
667
666
670
672
671
670
666
667
668
665
671
671
671
675
672
673
674
679
677
679
676
675
672
674
677
677
673
673
672
676
672
675
671
667
668
671
669
671
664
664
661
664
666
664
662
666
669
670
671
667
671
673
678
672
674
674
675
667
664
668
668
670
666
667
668
668
670
671
670
674
673
676
677
680
680
678
675
678
677
676
676
674
677
680
681
681
682
686
683
676
676
676
673
673
672
673
671
671
670
667
670
669
663
665
667
669
669
669
665
663
665
669
672
669
670
671
672
671
671
670
670
674
672
674
670
668
667
669
670
669
671
674
674
670
671
672
675
671
671
672
670
671
668
670
667
664
666
667
673
671
671
674
676
677
677
678
677
675
677
673
673
670
663
664
667
670
676
677
676
674
674
674
675
673
675
676
675
677
677
679
684
682
680
681
681
679
678
676
673
671
672
678
678
679
677
675
674
675
675
674
679
679
683
686
688
689
687
683
683
681
684
680
677
678
683
682
679
680
683
683
684
684
682
680
679
679
680
676
678
674
675
674
676
678
678
677
679
681
681
684
688
689
689
689
688
686
683
690
689
686
688
689
687
686
688
684
688
689
690
689
690
687
687
689
690
691
692
692
702
700
698
700
698
698
700
706
706
706
706
702
705
709
707
703
702
697
703
700
699
701
702
703
700
698
696
693
697
697
694
695
696
696
699
698
696
696
694
693
692
690
688
691
691
689
687
688
690
690
694
698
697
700
707
704
704
705
702
704
707
712
706
706
707
703
703
700
698
700
697
697
699
701
701
700
705
707
712
711
711
712
713
713
707
706
704
708
709
707
706
707
707
708
705
702
700
698
699
701
700
701
701
696
697
700
700
701
701
701
704
702
704
701
708
704
705
708
707
709
708
715
715
717
715
717
715
714
717
713
713
713
709
710
705
703
703
703
703
703
705
705
708
713
713
712
710
708
703
704
705
704
706
709
706
704
707
705
705
703
705
705
705
710
711
711
710
708
709
710
706
706
705
703
700
699
701
702
700
698
694
696
695
694
695
694
694
699
698
700
697
695
692
697
696
702
699
696
696
693
695
696
694
694
692
691
686
687
685
686
688
685
686
685
685
685
687
688
688
687
689
685
685
685
682
679
680
686
686
685
682
688
684
681
680
683
683
685
685
689
689
692
693
690
688
685
686
688
690
692
688
689
693
689
688
686
687
685
683
687
689
690
689
687
686
688
687
688
691
689
686
687
686
686
688
689
688
686
688
690
693
692
692
694
699
702
699
698
695
697
695
697
695
697
697
696
697
700
700
701
696
695
696
696
697
699
699
699
698
699
701
697
698
700
698
700
703
701
699
703
702
699
704
703
702
704
706
709
709
706
709
707
706
712
704
705
709
707
707
706
704
702
706
703
707
705
703
704
701
703
702
698
698
702
703
704
707
706
707
702
701
702
705
707
709
712
715
713
714
713
714
713
711
708
710
715
717
713
714
716
716
719
721
722
723
725
721
722
723
724
724
720
719
718
719
720
720
722
722
720
722
728
735
738
737
738
737
736
735
734
731
736
737
735
736
738
740
733
730
735
738
731
734
734
732
727
731
735
730
729
727
729
730
727
720
722
721
721
720
718
719
721
725
729
734
724
730
728
732
735
733
734
736
730
732
737
737
737
735
736
736
736
736
738
741
742
739
738
739
739
738
742
742
747
746
744
744
745
745
742
749
748
740
736
733
734
734
734
737
740
736
733
734
734
736
739
741
746
743
744
742
740
739
739
738
737
739
739
742
746
743
737
736
733
739
740
740
742
738
732
731
731
732
732
731
731
732
731
728
731
732
731
731
732
731
728
731
732
731
727
731
732
731
730
729
724
723
720
716
710
713
717
718
720
717
721
722
722
