0.0006927586206896553 0.0009658620689655174
300
294
284
280
270
265
266
263
263
256
253
253
250
245
241
235
236
235
233
229
226
222
220
215
214
210
209
209
208
209
206
205
206
202
201
204
204
205
204
202
202
202
199
199
200
200
198
197
197
195
193
194
193
193
192
193
190
189
188
188
186
185
186
186
187
186
186
185
187
185
183
183
181
184
183
183
184
184
183
184
185
185
186
184
183
185
185
184
183
184
181
182
182
180
180
180
180
179
179
179
178
179
179
178
179
179
180
182
183
184
185
185
183
181
180
180
180
179
178
175
176
175
174
175
173
171
173
171
171
172
172
174
173
172
175
176
177
177
177
176
175
176
174
175
175
177
175
175
175
175
175
175
175
173
174
173
173
174
174
175
172
173
173
174
172
172
172
173
174
174
174
174
175
178
178
177
179
179
181
182
181
182
181
180
180
182
182
182
179
178
180
180
181
184
183
181
179
179
179
178
180
179
178
176
176
172
174
175
177
175
176
176
177
175
174
170
170
169
169
171
171
170
169
169
170
172
173
173
174
173
171
171
171
171
173
173
171
173
173
173
173
172
175
175
175
174
174
174
176
175
173
173
174
173
175
177
175
174
175
176
177
175
174
174
174
176
177
177
176
175
176
175
176
177
177
175
174
174
177
177
177
178
177
177
178
178
181
180
179
178
180
181
179
178
177
177
176
175
173
173
173
173
174
173
173
175
174
174
175
176
175
176
177
179
179
179
178
181
180
181
178
179
180
180
178
176
176
175
176
175
176
178
179
178
178
176
176
175
175
175
173
171
171
172
173
171
171
171
173
173
173
172
174
175
174
174
174
175
173
172
172
170
170
172
171
171
169
170
170
170
172
170
168
168
167
167
167
169
170
169
170
173
174
172
170
170
170
171
170
169
170
168
168
167
167
167
168
170
169
169
169
169
171
170
171
170
172
175
174
175
176
176
175
175
174
175
176
176
176
175
174
174
175
176
173
173
173
170
171
168
170
170
172
172
172
171
172
170
171
170
171
170
171
174
173
173
172
173
172
172
172
172
171
171
170
171
170
171
172
173
172
172
172
172
172
174
174
172
173
173
172
173
173
171
174
172
173
174
174
174
173
172
170
169
169
170
169
169
168
169
168
168
169
169
168
166
167
166
166
165
165
166
167
167
166
165
164
163
163
163
163
163
163
165
164
165
165
165
166
167
168
165
166
165
163
162
163
163
163
164
164
163
164
164
162
163
163
162
163
164
163
165
165
166
166
167
168
167
167
166
165
166
164
165
163
162
163
163
160
162
161
161
161
160
161
164
165
165
165
165
163
163
162
162
162
161
160
160
161
163
163
165
166
165
164
163
162
162
164
162
161
161
160
160
160
161
161
161
162
162
161
161
160
157
160
161
162
161
162
160
161
162
161
161
161
160
160
160
161
159
158
157
157
156
157
156
155
156
155
154
153
153
153
154
154
153
153
154
154
155
156
157
157
158
159
159
159
160
163
161
159
158
157
156
158
158
158
158
158
157
158
158
158
160
160
158
158
158
156
157
158
157
156
155
156
158
157
160
161
159
159
158
160
161
161
159
162
164
163
161
160
157
156
156
156
156
158
161
161
161
162
160
161
159
158
153
154
153
153
153
153
154
155
154
155
156
156
157
156
156
158
157
157
158
157
156
155
153
153
153
154
153
155
155
154
156
155
155
154
155
155
155
156
155
156
155
156
154
155
152
152
151
153
153
154
154
154
154
152
149
149
149
149
149
150
150
150
151
152
152
152
151
151
151
149
148
147
149
149
149
149
148
148
148
149
152
153
151
152
152
153
153
153
153
151
153
153
154
152
153
152
153
151
150
151
151
151
150
150
150
150
149
150
148
145
144
144
144
145
144
144
144
144
144
145
145
146
146
146
146
148
150
151
150
149
148
148
148
146
146
147
147
145
144
145
146
146
146
149
148
147
146
146
146
146
148
149
148
149
149
150
150
150
150
150
149
148
151
153
153
153
154
155
152
152
149
149
148
148
149
150
151
151
151
151
150
148
149
149
150
150
148
147
150
151
149
148
147
148
146
144
144
144
146
144
144
146
147
146
146
145
146
146
148
147
147
149
149
151
151
151
151
150
150
149
149
150
150
150
150
151
150
151
150
149
149
148
146
145
145
145
144
146
145
148
148
149
148
148
148
149
149
149
148
148
148
147
147
147
148
148
147
149
150
151
150
149
147
147
146
149
149
148
149
146
147
146
147
147
149
149
150
150
150
151
150
149
149
149
149
148
147
146
145
146
147
146
147
146
146
147
147
149
148
149
151
150
150
149
148
148
147
147
147
149
150
148
148
149
148
148
147
148
148
150
150
150
152
152
156
155
151
150
150
151
151
151
150
151
151
151
151
148
148
148
146
148
149
148
147
148
148
149
148
148
147
147
149
148
147
145
145
144
142
142
142
142
143
145
144
144
142
143
145
145
145
146
148
147
148
147
148
148
148
148
148
148
146
146
146
148
147
147
147
146
146
148
149
149
149
146
146
147
145
145
146
144
145
145
144
144
143
144
145
146
146
147
146
147
147
147
147
147
147
147
147
148
147
148
149
150
150
149
149
147
147
148
146
146
146
145
143
143
144
143
142
142
142
141
141
143
144
145
146
146
147
147
146
146
146
146
145
145
146
146
146
145
146
144
143
142
143
145
146
147
149
149
148
150
149
150
149
150
149
148
148
148
149
150
150
152
154
151
149
149
149
150
149
147
147
147
147
147
147
148
148
149
151
151
150
149
150
151
152
153
151
151
152
152
152
151
152
151
151
150
148
148
148
146
145
143
144
145
144
146
147
146
146
145
144
144
145
146
146
147
147
146
145
142
142
143
143
143
144
144
146
146
146
147
146
145
146
144
145
143
143
142
144
143
142
141
141
141
142
142
143
142
141
140
141
142
143
144
145
144
143
144
144
143
143
144
144
145
143
143
142
142
142
142
142
144
145
145
146
146
145
147
147
146
146
144
145
145
144
145
145
144
145
144
144
146
147
147
148
146
147
147
147
148
147
145
144
146
147
147
146
146
145
144
144
146
143
144
145
146
147
147
144
144
144
145
145
144
144
143
141
142
140
144
144
143
143
141
141
141
140
141
140
141
142
145
144
141
140
140
142
142
142
144
143
143
142
141
141
141
141
145
144
143
143
143
143
143
142
144
144
145
142
142
141
142
143
145
145
144
142
144
145
144
143
143
143
141
142
142
141
141
141
141
143
144
145
144
144
144
146
145
146
145
145
145
144
143
144
142
142
141
141
141
141
142
143
144
144
144
145
144
142
140
140
142
141
143
144
144
146
144
144
143
142
143
143
143
141
140
140
139
141
140
138
138
139
139
139
138
140
139
142
142
144
146
144
143
144
144
144
144
143
142
143
145
141
141
140
140
140
141
141
140
141
141
142
142
143
144
144
144
144
142
141
142
141
141
142
142
142
142
141
140
140
140
140
139
139
143
143
145
144
141
141
142
142
143
144
146
146
145
147
146
146
145
145
146
145
145
145
146
147
146
147
147
144
145
145
146
146
146
144
144
143
143
142
143
144
145
145
144
144
144
143
144
143
145
145
145
145
145
145
144
144
146
146
145
144
144
144
144
144
146
144
144
143
143
145
145
142
140
140
139
139
139
139
139
141
142
142
142
142
141
141
140
140
141
140
139
139
139
139
139
140
140
141
140
139
138
138
140
139
139
139
137
139
139
139
139
138
138
138
139
140
140
139
139
139
140
140
141
141
144
144
145
145
146
145
145
145
144
144
145
145
146
145
144
144
145
144
145
145
145
145
145
147
146
146
149
147
148
147
147
146
143
144
141
141
138
138
138
138
139
139
138
138
136
137
136
136
136
136
137
137
136
135
135
136
136
135
135
135
137
138
135
135
134
135
137
139
140
139
139
138
137
135
135
135
135
136
137
138
135
135
135
135
136
136
136
136
136
137
135
135
135
133
133
132
134
133
135
133
133
133
134
134
134
133
135
137
134
134
134
134
134
133
133
134
135
136
135
136
134
136
138
138
139
140
137
135
134
134
134
134
133
132
132
132
134
136
135
135
134
136
136
133
132
132
132
131
131
131
132
132
130
132
132
132
132
132
132
128
128
128
129
129
129
130
129
130
129
129
130
132
132
131
133
134
136
135
134
135
134
133
133
133
132
132
132
132
132
132
132
131
130
131
131
132
132
132
133
132
133
133
132
133
134
133
133
131
129
128
127
126
126
125
125
125
125
124
124
125
124
124
124
124
124
126
126
126
126
126
126
129
129
129
129
131
130
130
131
131
131
130
131
131
131
132
130
129
129
131
131
128
127
128
128
127
128
128
129
130
130
131
130
131
131
131
130
131
131
129
129
130
131
130
130
132
131
130
131
132
132
133
131
131
129
127
125
125
126
127
127
126
126
127
127
128
125
125
124
123
123
124
125
125
126
128
128
126
125
125
126
126
126
128
128
129
129
129
130
129
129
128
129
130
130
130
128
126
126
127
128
127
125
124
124
125
125
126
125
126
126
126
125
126
125
125
124
124
125
126
126
127
127
128
127
130
130
130
129
129
129
128
128
127
129
128
128
129
128
128
127
128
127
126
127
127
126
125
126
125
125
126
126
126
128
131
131
131
132
132
132
131
131
131
131
132
132
129
129
129
128
129
130
130
129
128
127
126
125
125
125
125
127
126
125
126
127
127
129
130
130
129
129
132
132
133
131
131
130
130
128
128
128
128
129
130
130
130
130
130
130
130
130
130
131
133
132
132
132
132
130
130
131
130
130
130
131
130
131
132
129
132
134
135
135
136
135
137
135
135
131
131
130
130
129
129
129
129
130
129
130
132
133
131
130
131
130
130
130
131
129
128
129
130
130
130
130
131
131
132
132
133
132
132
132
132
130
130
129
129
129
127
128
128
128
126
126
127
127
127
128
130
130
130
131
132
133
131
131
131
130
131
133
134
134
134
135
135
135
134
134
134
134
134
134
134
135
134
133
133
133
128
128
128
128
129
131
129
129
129
129
130
129
129
131
130
131
131
129
130
129
129
129
129
128
129
130
130
128
128
127
127
127
128
128
131
132
133
133
132
131
131
131
130
130
130
129
132
131
130
129
129
128
126
127
126
126
126
127
127
127
126
126
125
125
125
123
124
123
123
124
125
123
125
125
125
123
122
119
119
119
119
119
119
120
121
122
122
122
121
121
119
120
120
119
118
118
118
118
118
120
120
121
122
121
123
123
123
123
123
123
123
123
123
122
121
120
119
118
118
119
119
120
120
120
118
119
119
119
119
119
119
118
119
118
118
119
119
119
119
119
117
118
122
121
121
121
119
118
118
118
118
118
119
119
118
118
117
116
115
115
116
117
117
117
118
118
118
117
116
116
116
116
117
118
117
117
117
117
117
117
117
117
116
115
115
115
116
116
116
117
117
118
118
118
118
118
118
118
118
118
118
121
122
122
122
122
122
125
126
126
126
126
125
120
117
118
118
119
120
121
122
123
123
123
124
125
127
126
127
125
125
126
127
127
126
126
127
125
124
124
123
123
124
124
126
126
126
128
125
127
124
125
125
127
127
129
128
128
128
127
127
127
128
127
127
125
124
122
123
123
123
120
120
120
120
120
121
121
120
118
118
118
121
121
121
121
121
122
122
121
123
122
121
122
121
121
121
121
120
121
121
122
122
124
124
124
123
123
121
122
122
122
122
122
122
122
121
122
122
122
121
122
121
122
122
121
121
121
120
121
120
120
118
119
119
121
121
120
120
120
120
121
122
122
122
122
122
123
123
126
128
124
122
123
122
121
123
123
123
122
124
123
122
122
122
122
123
119
120
119
119
119
119
120
120
119
118
118
119
120
120
121
122
122
121
121
120
121
121
121
120
119
118
117
118
117
117
117
116
117
117
118
120
120
119
118
118
118
118
119
118
117
117
116
117
118
120
121
121
123
123
122
122
121
120
120
122
122
121
120
120
120
121
120
120
121
121
124
124
121
119
117
115
117
117
115
115
115
116
116
117
115
115
115
115
116
116
116
117
116
116
116
115
114
113
113
113
115
114
116
115
114
112
112
110
110
111
112
112
112
113
112
112
111
112
110
110
110
110
110
110
110
111
111
110
111
111
111
112
114
114
114
112
111
111
111
111
111
110
112
112
112
113
114
114
114
114
114
114
114
113
115
115
115
115
116
117
115
115
116
116
115
115
115
117
117
117
120
119
119
119
120
120
120
120
119
118
117
116
116
115
114
115
113
114
114
114
115
116
116
113
113
115
113
113
113
113
113
113
115
115
113
118
117
117
117
116
115
115
115
115
116
116
116
116
118
117
117
119
118
117
117
117
116
115
117
117
116
115
115
115
115
117
116
115
116
115
114
111
111
111
111
111
112
112
112
111
111
110
110
110
109
109
111
112
112
112
112
111
111
111
112
110
109
109
110
108
109
110
110
110
111
112
110
110
109
109
110
110
110
110
112
111
111
111
111
112
112
111
110
110
112
112
112
111
114
114
114
114
113
112
111
111
111
112
114
114
115
114
114
115
115
114
115
113
113
112
113
112
113
114
115
113
113
113
113
113
112
111
110
109
111
112
113
114
113
112
112
112
113
113
113
113
110
110
113
114
115
112
110
109
110
110
110
114
114
113
113
114
116
116
115
115
115
116
116
116
115
115
114
114
114
113
112
112
112
112
113
113
114
114
115
115
115
118
118
118
121
120
120
120
120
119
118
118
118
119
117
117
118
118
118
116
117
117
117
117
117
116
116
115
116
117
116
113
113
114
114
113
113
113
114
114
115
116
116
115
115
115
116
116
116
114
114
113
112
113
111
111
111
112
111
111
110
111
111
111
112
110
110
111
111
112
112
113
113
113
112
114
114
115
114
115
115
114
114
115
115
115
114
115
114
111
111
112
111
110
109
110
111
111
113
113
113
114
114
114
115
114
116
116
116
115
115
115
115
115
115
115
115
117
116
114
115
116
116
117
118
119
119
118
117
116
115
115
116
115
116
116
116
116
116
116
117
119
119
118
118
119
117
117
116
115
115
115
115
114
114
115
117
117
116
116
116
116
116
116
117
115
113
114
114
116
116
116
117
116
115
114
114
114
113
114
114
115
114
113
110
110
110
110
110
109
109
109
109
109
109
111
111
111
111
111
112
111
111
110
111
112
111
111
111
112
115
115
115
115
115
116
116
114
114
116
115
116
114
113
112
110
111
110
111
110
110
109
109
109
109
109
108
109
110
110
110
111
111
111
111
113
112
113
113
114
114
114
113
113
113
113
113
112
110
109
110
110
110
111
111
112
113
112
113
111
111
113
114
114
113
112
112
113
113
112
113
112
112
112
112
112
111
112
112
114
114
114
115
117
116
115
114
112
112
112
115
115
116
116
116
117
116
115
115
116
117
117
117
117
117
116
118
117
119
119
120
120
119
121
120
118
118
117
115
115
114
114
116
115
116
117
114
113
113
115
116
116
117
116
116
118
118
118
117
117
116
116
115
116
117
118
116
114
116
114
111
110
110
111
112
112
113
113
113
115
113
114
116
114
116
115
117
117
117
116
116
116
115
115
117
118
117
117
117
119
120
119
121
121
119
119
119
116
116
116
115
116
115
112
112
112
113
112
112
112
113
113
112
112
112
111
110
110
112
111
111
110
109
108
108
108
108
108
108
108
108
108
107
108
110
109
110
110
111
110
110
109
109
109
109
110
109
109
109
108
108
108
108
108
109
109
109
109
107
107
105
105
105
105
106
106
106
106
106
106
106
106
106
107
108
108
108
108
107
108
108
108
108
108
107
107
107
107
107
108
108
108
108
109
109
109
107
107
105
106
106
106
106
105
105
105
106
107
106
106
106
106
106
107
108
107
107
107
108
107
107
107
106
107
108
108
108
108
108
109
110
109
108
110
110
110
110
112
112
112
114
114
116
116
117
118
116
116
116
114
114
115
113
114
114
113
114
114
114
115
116
113
113
113
113
114
114
114
115
116
118
119
121
122
122
120
121
120
119
120
120
119
120
120
120
118
120
121
119
117
114
113
114
115
114
114
114
115
113
114
112
113
113
113
111
112
111
111
112
110
109
110
110
110
109
111
111
111
111
111
112
109
110
109
109
109
110
110
111
110
111
108
108
108
108
108
109
109
111
111
112
112
112
113
115
116
115
114
115
113
113
112
112
111
110
111
110
110
110
110
109
108
108
106
107
108
107
106
106
105
106
106
107
109
111
111
111
111
110
109
109
112
112
112
113
111
110
110
108
108
108
108
108
108
108
108
108
107
108
108
110
110
111
112
112
112
111
111
112
110
110
111
111
111
110
111
111
111
112
111
111
110
111
110
111
112
111
112
110
111
108
107
107
109
109
108
108
108
107
109
108
108
109
110
110
111
111
112
111
110
108
107
105
106
108
110
110
110
108
108
108
109
108
110
110
111
112
114
114
115
115
114
114
116
117
118
115
114
113
113
111
110
109
109
108
107
107
107
107
107
106
105
105
106
105
104
104
104
103
104
106
106
107
109
109
110
110
111
111
111
112
111
111
110
111
110
109
109
109
110
110
109
110
110
110
110
109
108
108
108
108
107
108
107
108
109
108
108
108
108
109
109
109
110
110
109
110
110
109
109
108
109
108
109
109
109
109
109
109
110
113
111
111
109
108
106
107
107
107
107
107
108
108
107
107
106
105
105
104
105
104
105
105
105
105
107
105
109
108
108
108
107
107
107
107
108
108
108
108
108
109
109
107
107
107
108
109
109
109
109
109
110
109
108
110
111
110
110
109
109
110
110
109
109
110
110
111
108
108
109
110
110
110
110
111
109
108
109
109
109
108
108
111
111
110
107
107
109
109
107
106
106
104
105
105
105
105
104
106
106
107
106
106
105
105
106
106
107
107
107
107
108
108
108
109
109
107
107
108
108
107
107
111
111
111
110
109
109
108
109
109
109
107
106
106
107
108
108
106
107
107
107
107
108
108
106
105
105
104
105
105
105
107
107
108
108
108
108
109
107
106
105
105
106
106
106
106
106
106
105
105
105
104
104
106
106
107
106
107
107
107
108
106
106
104
105
104
104
105
105
105
105
105
104
103
103
103
103
103
103
104
105
105
104
106
106
106
106
106
107
105
110
109
109
110
112
112
113
113
113
113
113
113
114
115
114
112
113
113
115
115
114
114
114
113
112
112
112
112
112
112
111
110
110
108
109
108
109
109
110
111
110
108
108
107
106
105
104
104
104
104
105
105
105
106
106
106
106
106
106
106
106
106
103
103
102
101
101
101
101
103
103
103
103
103
103
102
102
104
104
104
104
106
106
105
105
106
108
109
109
107
106
106
106
107
107
107
105
106
105
106
105
105
105
103
102
102
103
103
104
104
104
106
105
106
107
108
109
109
110
110
111
111
110
110
111
110
108
106
107
107
105
107
108
106
107
107
106
107
106
106
106
106
104
106
106
103
102
102
103
103
103
102
101
101
101
102
103
103
103
104
106
106
106
107
106
104
104
104
104
105
105
107
107
107
107
107
107
105
108
107
106
106
106
106
108
107
105
106
107
107
106
106
107
107
107
107
107
107
105
106
108
106
106
106
107
106
107
107
107
106
106
105
102
103
103
103
104
102
103
103
104
106
106
107
108
108
107
107
105
105
106
105
105
104
104
107
105
104
105
106
106
106
105
105
106
106
106
104
104
105
105
106
105
107
109
109
106
106
106
106
106
107
105
102
102
102
100
100
100
101
100
100
100
101
100
100
100
100
100
99
99
99
99
99
99
99
98
98
98
98
98
99
101
102
101
101
102
103
103
104
105
105
105
106
105
104
104
103
103
103
103
102
101
102
102
101
101
101
101
100
101
101
101
100
99
98
99
100
100
100
100
100
100
100
102
103
102
102
102
102
102
102
103
105
107
107
106
103
103
104
104
104
104
102
103
102
103
101
103
102
102
102
103
103
103
103
102
102
101
100
99
99
98
99
99
99
100
99
99
99
98
98
98
97
97
98
98
97
97
97
99
97
97
97
97
97
96
96
95
95
96
96
96
96
96
97
97
98
100
101
100
100
99
101
101
102
102
101
101
101
102
103
103
102
101
101
101
101
101
99
98
101
99
99
100
99
99
100
100
100
100
102
102
101
101
100
101
99
100
99
100
100
100
101
101
102
102
102
101
100
100
100
102
101
100
99
99
100
100
100
101
103
104
107
103
102
103
103
103
102
102
102
102
102
103
103
102
102
102
103
102
102
102
102
103
101
101
101
100
100
101
102
102
104
104
105
106
105
104
104
105
104
104
103
102
101
101
100
99
101
101
102
101
101
102
101
100
97
97
98
98
100
100
100
100
101
103
101
101
101
101
102
101
100
98
99
102
102
102
102
102
102
103
103
102
101
99
98
98
98
98
98
99
99
98
97
96
98
98
98
97
97
98
99
98
97
99
98
98
99
100
102
101
101
103
103
103
103
101
102
102
101
100
101
100
101
101
101
101
102
101
101
100
100
101
100
99
98
98
97
97
98
98
97
98
98
97
97
96
97
99
99
97
97
98
98
99
100
99
99
99
98
99
98
100
101
101
101
101
102
101
99
99
99
98
99
99
98
99
99
99
100
100
100
100
101
100
100
100
100
99
100
100
100
101
101
101
100
100
100
100
100
99
101
100
100
102
103
103
102
103
103
105
105
104
103
103
103
102
102
103
105
106
105
104
104
104
103
102
102
102
101
102
101
102
102
102
102
101
100
99
99
99
99
99
102
101
101
100
100
100
100
99
99
99
99
99
99
101
101
103
101
100
99
99
99
99
99
99
99
100
99
99
100
100
101
101
102
102
103
103
103
103
103
102
102
102
102
101
101
102
101
102
102
102
102
101
100
100
101
101
100
100
99
100
101
101
100
100
99
99
99
99
98
98
98
99
99
99
97
97
97
98
98
98
97
97
97
97
97
99
99
99
99
99
99
99
99
100
101
101
100
99
98
98
98
100
100
100
100
100
99
98
98
96
97
97
97
97
98
99
98
98
101
101
101
102
102
102
102
103
102
101
101
101
100
99
99
99
99
99
100
100
100
100
100
98
98
98
98
98
97
96
95
95
95
95
95
95
95
95
96
98
97
97
100
99
99
100
101
102
102
101
100
99
98
98
99
98
98
100
99
100
99
99
97
97
98
99
100
100
101
101
99
99
99
100
99
98
99
100
101
102
102
102
102
103
103
103
102
102
102
102
101
101
101
101
100
100
99
99
100
101
100
100
100
100
100
99
98
98
97
97
98
101
100
100
100
100
100
97
97
96
97
97
96
96
95
95
95
95
95
96
94
94
94
94
94
96
96
96
97
97
97
96
95
95
