0.00014655172413793104 0.0008293103448275862
300
296
294
288
284
282
279
278
278
278
275
274
272
271
270
269
267
268
268
266
264
264
265
264
262
261
262
261
262
260
259
258
259
260
260
259
259
257
257
257
256
256
256
255
255
254
256
256
256
256
255
256
256
257
257
259
258
258
259
258
257
257
257
257
255
255
255
256
255
254
253
253
254
254
254
253
253
255
254
255
255
256
253
252
252
255
256
256
256
256
256
255
256
255
253
252
251
251
252
252
252
252
253
254
254
254
253
252
252
253
252
252
253
253
253
255
254
254
255
255
255
259
256
257
257
257
257
257
257
256
257
257
257
258
259
259
258
260
260
260
260
261
260
261
261
262
262
262
261
262
260
260
261
259
259
258
257
257
258
258
258
258
257
257
255
255
256
258
258
257
259
257
258
258
259
258
258
258
257
257
256
257
256
256
256
257
257
257
258
257
259
258
258
259
259
259
259
259
260
260
259
261
259
259
260
261
259
260
260
259
259
259
259
258
257
253
254
253
255
256
256
256
257
257
257
258
258
259
260
257
260
260
261
259
261
263
261
258
260
261
262
259
255
256
256
255
254
254
253
251
249
248
249
250
249
250
251
252
251
250
251
251
251
251
251
250
250
250
248
249
250
250
249
249
249
249
248
248
250
249
249
251
250
251
252
251
251
250
254
253
253
253
251
249
250
251
253
253
252
251
251
252
252
251
251
250
250
251
252
253
255
254
257
257
257
254
254
253
251
251
254
252
253
252
251
252
250
251
250
249
250
249
252
251
250
249
250
250
250
251
251
251
251
250
249
249
250
250
251
251
251
251
251
253
255
255
256
253
250
251
252
252
250
249
248
248
249
248
247
247
245
246
246
246
246
245
245
244
245
244
244
244
244
243
242
242
242
242
243
243
243
244
244
245
245
244
243
244
244
244
244
244
244
244
245
244
243
243
243
246
246
245
245
246
246
245
245
244
244
244
242
243
244
245
246
246
246
246
246
247
248
247
247
247
248
248
249
249
248
248
247
249
247
246
245
246
246
245
244
245
247
248
246
246
245
243
243
242
242
243
243
242
241
241
240
240
241
242
242
242
242
243
244
244
244
245
246
245
246
246
245
245
245
244
242
241
241
241
242
243
244
244
245
245
245
245
244
242
242
242
242
243
244
244
244
245
246
247
246
247
247
246
246
247
247
249
248
247
245
246
247
247
249
249
249
249
249
248
248
247
247
245
243
241
242
243
244
246
244
242
241
242
241
242
240
239
239
238
238
238
237
237
237
237
239
238
238
239
240
240
241
241
241
241
241
241
239
239
240
239
240
239
237
235
236
236
235
235
235
234
236
237
238
239
238
238
238
238
238
237
235
236
238
238
239
239
237
240
242
242
241
243
243
244
245
245
244
243
243
242
241
244
243
244
243
243
242
242
240
240
240
240
238
239
239
240
242
241
241
241
242
242
242
243
243
242
243
243
242
242
242
242
240
239
239
238
239
239
239
239
237
237
237
237
234
234
235
236
236
236
236
235
234
235
235
234
234
234
234
235
233
233
234
235
235
235
236
236
236
237
237
237
236
234
234
235
236
235
238
239
240
240
241
244
246
247
248
248
248
246
246
242
241
239
236
237
237
236
235
236
236
237
237
236
235
236
237
237
237
236
235
236
236
236
236
236
236
237
237
236
236
235
235
234
234
235
234
232
231
230
231
233
234
234
234
235
237
237
236
236
234
234
234
234
236
238
236
236
235
234
235
236
235
236
235
234
234
234
234
234
234
235
235
233
234
232
231
230
230
230
230
231
231
231
230
231
229
229
229
230
230
229
229
229
232
233
232
232
232
232
232
232
233
233
234
234
234
235
235
238
238
238
237
236
234
234
234
236
236
236
235
234
233
232
232
233
232
232
232
232
232
232
229
229
230
229
228
228
229
229
229
229
229
229
229
228
229
229
230
230
230
231
234
234
233
233
233
233
234
233
234
234
233
232
234
232
233
233
231
230
230
232
233
232
232
230
230
230
229
229
229
229
230
228
227
227
227
227
227
226
227
228
228
228
229
228
230
229
230
230
229
229
229
228
229
230
230
230
230
231
231
231
230
232
232
233
235
233
234
234
236
234
236
235
236
237
235
235
235
234
234
232
231
230
231
233
233
233
234
234
234
232
232
232
233
230
230
229
230
230
229
227
227
228
227
228
229
231
231
230
230
231
232
230
232
232
231
231
229
230
232
234
233
232
231
231
232
233
233
234
233
231
228
228
228
227
227
227
227
227
228
228
229
228
227
227
226
226
226
225
227
227
228
228
227
227
227
227
227
227
229
230
230
230
228
229
228
228
228
228
227
227
227
227
228
228
227
226
227
228
228
227
227
228
227
227
228
229
231
231
231
231
231
232
232
232
231
232
232
232
232
231
232
232
232
231
232
232
232
233
233
233
233
233
234
232
234
235
233
231
229
229
228
229
229
228
226
226
226
227
228
228
228
227
226
227
227
228
229
228
227
227
227
227
227
226
226
226
227
227
228
228
229
228
229
228
228
228
229
228
228
228
228
228
228
230
227
227
227
227
227
227
228
226
227
227
227
226
226
225
225
225
225
225
225
224
225
228
227
227
226
227
228
230
229
228
228
228
228
229
229
227
225
225
226
227
228
227
227
227
227
226
225
225
226
226
226
226
226
226
226
225
225
225
225
226
226
226
227
227
227
227
228
228
228
232
231
227
227
227
230
229
228
227
226
227
227
227
228
228
230
231
231
231
231
231
231
232
233
233
233
234
234
233
231
231
231
232
231
229
229
230
230
230
231
230
228
230
228
227
227
226
226
226
228
226
226
225
225
225
225
225
224
223
223
224
225
224
224
224
223
223
223
222
222
222
222
222
222
222
225
226
226
226
226
227
227
229
230
230
230
230
230
230
228
228
228
228
226
227
228
228
229
228
227
227
227
227
227
228
228
230
229
230
228
228
228
228
228
228
226
227
228
230
230
229
228
229
227
227
228
229
229
230
228
229
229
229
228
229
229
229
230
230
231
229
228
228
228
228
228
227
227
228
228
229
229
228
228
226
227
229
229
229
230
230
228
228
228
228
227
228
227
226
225
224
225
225
225
224
224
225
224
224
224
225
225
225
228
228
228
228
228
227
226
227
226
227
227
227
225
225
225
225
225
226
227
225
225
224
224
223
225
226
225
224
224
224
225
223
223
223
223
226
226
225
224
224
223
222
222
225
225
226
226
226
225
227
226
225
225
225
225
223
223
224
224
223
223
223
224
223
224
224
223
225
224
221
221
222
222
222
223
222
220
221
222
223
224
225
225
224
225
227
226
226
225
225
224
224
225
225
225
228
228
225
226
227
228
229
227
224
225
227
229
226
226
226
226
227
230
228
226
225
226
226
224
224
225
225
224
224
224
224
225
226
225
226
227
228
228
227
226
227
226
225
225
222
221
220
220
222
222
223
223
223
224
224
225
224
222
223
223
223
222
221
223
222
221
220
219
221
221
221
220
220
221
219
219
217
217
217
217
215
218
220
221
221
221
221
221
220
220
220
220
220
221
220
220
220
221
222
221
220
222
221
219
219
219
219
219
218
218
217
216
217
217
217
219
217
216
216
216
216
216
216
217
217
217
218
218
216
216
217
216
218
218
218
218
218
219
221
221
220
220
219
218
218
221
221
221
221
222
221
221
223
222
222
222
221
222
221
220
218
218
217
217
216
216
217
217
217
217
217
217
217
218
218
217
216
216
216
216
216
217
217
217
216
218
218
219
217
215
215
217
217
218
219
220
220
219
218
218
220
218
218
219
218
218
218
218
218
218
219
221
218
218
219
219
219
217
217
219
217
217
216
216
216
214
214
214
215
214
216
215
215
215
215
216
218
217
218
216
217
217
217
217
215
215
213
212
212
212
212
212
212
213
213
212
212
211
211
213
213
213
212
212
212
212
212
212
213
213
213
212
213
213
214
213
212
212
214
214
214
213
212
214
214
214
214
213
213
213
214
214
214
214
215
214
213
213
213
213
214
214
214
215
212
212
212
212
212
214
214
214
215
215
214
213
213
213
213
212
213
213
213
213
213
215
215
217
215
212
213
213
213
213
212
213
214
213
213
213
214
213
213
213
213
214
214
215
215
215
213
213
213
215
216
219
217
218
218
219
217
216
216
216
216
218
217
216
216
216
216
216
216
215
215
215
213
212
212
211
213
213
213
212
213
213
214
214
214
213
211
210
211
209
208
208
207
207
207
208
208
209
209
210
211
212
211
210
208
208
209
211
211
213
213
213
213
212
213
211
210
209
209
209
209
208
208
209
211
211
212
212
211
211
210
209
209
209
209
210
210
209
210
210
209
209
210
210
211
211
212
213
210
211
209
207
207
207
208
208
208
207
208
208
208
209
212
212
215
216
215
214
215
214
213
215
216
215
215
213
210
210
210
211
211
211
211
211
211
211
208
208
208
209
210
209
210
211
211
213
213
212
212
213
214
214
212
212
212
213
214
215
214
215
215
210
210
210
211
211
210
211
211
211
211
210
209
208
208
208
208
207
207
207
208
208
210
210
210
212
213
213
213
213
213
212
211
212
209
209
209
209
209
209
209
209
210
209
209
208
208
207
207
207
206
206
206
207
206
206
206
206
207
207
207
208
208
208
207
206
207
207
207
208
208
208
207
207
207
208
207
207
210
211
210
210
210
210
210
211
211
212
211
211
210
211
210
209
209
208
208
206
207
207
208
208
209
209
210
210
210
210
209
210
209
208
208
209
209
209
209
210
210
209
209
208
209
209
209
208
207
207
208
208
208
208
208
209
209
208
208
209
209
210
210
211
211
212
210
210
209
209
208
208
208
208
208
207
207
207
207
207
209
209
209
208
209
210
210
210
211
211
210
208
207
208
208
207
207
208
208
207
207
206
205
205
205
205
205
206
206
206
207
208
207
207
207
206
207
206
206
206
204
205
205
206
206
206
205
205
205
205
206
207
207
207
208
208
208
207
208
208
208
208
208
209
207
207
207
207
207
209
209
209
210
207
206
205
205
205
204
205
205
205
206
206
206
207
207
208
210
210
211
210
210
211
211
212
212
212
212
211
210
211
211
211
211
210
212
213
210
209
208
208
207
206
207
208
208
207
207
207
207
206
205
205
205
205
205
204
204
204
204
205
207
207
207
206
207
206
207
207
207
207
206
205
206
207
207
207
208
209
210
211
211
210
210
210
209
209
207
207
207
207
207
208
207
207
207
207
206
206
207
207
206
206
205
205
205
205
204
204
203
203
203
203
203
204
203
204
204
202
202
202
203
202
204
205
206
206
205
205
205
204
204
203
201
202
202
202
203
205
206
208
207
207
205
204
202
202
203
203
203
203
203
204
203
203
203
204
205
206
205
205
206
206
205
205
206
206
206
206
208
208
206
205
205
206
207
206
206
205
207
205
205
205
205
205
205
204
205
206
206
206
208
207
205
205
205
205
205
207
205
205
205
204
204
203
204
204
204
204
204
204
204
205
205
205
205
206
205
205
205
205
205
205
205
206
206
205
205
205
205
205
205
206
207
206
206
206
207
205
207
207
207
207
207
208
207
207
206
206
205
205
204
204
204
204
204
206
207
207
208
208
208
208
209
209
209
211
210
210
210
210
212
211
211
212
209
209
208
208
208
209
209
209
208
208
208
206
206
205
205
205
203
203
203
203
203
202
203
204
204
205
203
203
203
203
202
202
202
202
202
202
202
202
202
202
202
202
202
200
201
202
203
203
203
203
203
202
202
202
202
201
201
201
203
203
203
203
204
205
204
205
206
205
207
206
207
206
205
205
205
205
206
206
207
206
206
205
205
205
206
207
208
207
207
206
203
203
202
202
204
204
204
204
205
206
203
204
204
205
205
207
208
207
208
207
206
206
205
205
205
205
206
205
204
202
201
201
201
201
202
201
201
200
200
199
199
200
202
203
203
203
203
204
206
205
205
205
208
208
207
206
207
207
207
207
204
204
204
203
204
202
201
200
200
200
201
202
202
201
201
200
200
200
199
199
200
198
197
198
198
198
199
198
199
200
200
200
200
201
201
202
202
203
201
201
199
198
199
199
199
198
199
198
197
198
198
197
199
199
199
199
197
198
198
197
197
196
197
197
197
197
196
196
196
196
196
197
198
199
199
198
197
197
198
198
196
196
196
197
197
198
199
198
197
197
198
199
200
199
199
200
199
200
200
199
200
201
200
199
199
199
200
199
200
200
200
200
198
200
199
201
201
201
201
199
199
200
201
201
200
198
199
200
200
198
198
198
199
199
199
200
200
200
200
199
199
199
199
198
199
199
199
198
198
198
198
198
201
201
202
201
201
202
202
202
202
202
201
202
200
199
199
200
199
199
200
198
198
200
200
203
203
203
201
200
201
203
203
202
201
201
202
200
200
199
199
199
199
198
198
198
198
198
199
200
200
199
199
199
200
200
200
200
200
199
198
200
200
201
200
201
201
202
201
201
201
200
200
201
202
203
202
202
202
202
203
202
202
201
201
200
201
200
200
200
201
201
200
200
198
198
199
198
198
197
197
197
197
197
197
196
197
197
199
199
198
198
198
198
197
197
197
196
197
198
198
198
198
199
200
199
200
200
200
198
197
198
198
200
200
200
200
201
200
200
200
199
199
200
199
199
198
198
198
199
199
197
197
198
198
196
196
195
196
196
195
195
195
195
195
195
196
196
197
197
197
197
198
200
198
199
200
200
199
198
198
199
198
199
200
201
200
200
200
200
200
200
201
201
200
199
200
200
200
200
199
197
198
197
195
195
196
196
197
197
198
196
197
197
197
197
197
196
196
196
196
196
196
197
197
197
199
198
198
198
199
199
200
198
198
197
197
198
198
198
199
199
199
199
200
200
199
198
198
198
198
197
197
197
196
196
196
196
196
196
196
196
198
197
197
197
198
197
198
197
198
199
200
201
201
202
201
202
202
203
203
204
202
201
199
200
200
199
201
201
200
201
201
201
201
200
200
200
200
199
198
198
198
198
199
199
199
199
201
200
200
200
200
200
200
200
201
198
198
198
197
197
199
198
197
196
196
196
195
193
193
193
193
195
196
196
197
197
197
195
196
196
196
197
196
196
197
196
196
196
196
194
194
196
196
195
195
195
196
195
194
195
196
196
196
197
197
197
196
196
194
193
193
193
194
194
194
193
192
192
194
194
194
194
194
194
195
195
195
196
196
197
198
197
196
198
198
197
197
197
197
197
197
198
199
198
199
196
196
195
197
196
195
195
195
195
195
195
194
195
195
196
194
195
196
195
195
195
195
194
193
194
194
195
196
196
197
197
198
197
195
194
194
194
191
192
192
192
192
192
192
194
194
194
194
195
196
196
194
193
194
193
195
195
194
195
195
195
192
192
191
191
191
191
191
192
192
191
191
192
191
191
191
191
191
192
192
192
195
197
197
198
198
198
194
193
193
193
193
192
191
191
193
192
192
191
192
191
193
193
192
193
193
193
193
194
194
194
193
193
195
195
195
196
197
199
199
201
202
200
197
197
199
199
197
196
195
194
194
194
193
192
192
192
193
194
194
193
193
193
194
194
196
198
200
200
203
201
201
199
198
199
198
199
199
199
198
199
198
197
197
198
196
196
196
196
196
196
194
194
193
192
192
191
192
192
192
192
192
191
192
193
193
194
194
194
194
194
194
193
192
191
191
193
195
195
197
195
192
192
191
191
191
190
190
190
190
189
189
189
190
191
191
191
191
191
189
189
189
190
190
190
191
192
192
191
191
191
191
191
191
190
191
192
193
193
193
193
193
192
191
190
190
192
193
195
194
194
195
194
194
195
197
198
198
198
196
196
198
197
197
198
197
199
199
198
197
198
198
197
198
197
197
196
197
196
195
193
193
192
192
193
193
193
193
193
192
192
191
190
191
191
192
191
192
193
192
192
194
193
194
194
195
195
196
196
196
195
195
193
193
194
193
193
192
193
194
194
192
192
191
191
191
192
192
193
194
193
194
194
194
195
195
193
194
193
192
192
191
191
191
191
191
191
192
193
193
193
194
193
192
191
191
191
190
190
192
193
193
193
193
193
193
193
194
194
194
194
195
195
196
197
198
198
198
197
197
197
197
196
196
196
195
195
195
195
195
195
195
194
194
193
193
192
193
193
192
192
192
191
192
192
191
190
192
192
192
192
194
195
195
194
194
193
193
193
190
190
190
191
189
189
189
187
187
187
188
189
187
188
188
188
189
191
190
190
192
192
192
192
192
191
191
191
191
190
190
191
193
193
193
192
193
193
193
193
192
192
192
192
191
191
191
191
190
190
189
189
190
190
190
190
190
190
190
190
191
191
190
190
190
190
190
190
189
189
190
190
190
191
191
192
192
191
192
193
193
191
195
194
194
194
190
192
191
190
190
192
190
189
188
188
191
190
190
190
189
191
191
191
191
191
192
192
191
191
190
188
188
189
189
190
190
190
188
188
187
187
187
186
186
186
186
186
187
186
187
188
187
186
186
185
186
184
185
184
184
184
184
184
184
184
183
183
183
184
186
185
185
186
186
187
189
190
189
187
186
187
187
188
188
188
189
189
189
190
190
190
190
190
189
188
189
189
190
191
191
192
191
191
190
189
189
188
188
187
186
185
185
186
188
189
189
188
188
188
188
187
187
187
186
186
186
185
185
185
184
185
185
186
184
184
185
185
183
184
185
183
183
183
183
183
186
186
185
182
183
183
183
183
183
184
184
184
185
185
186
188
188
188
188
187
186
186
187
187
188
185
185
185
185
185
184
183
184
185
185
184
184
184
184
183
181
181
181
181
182
182
182
182
182
183
181
181
181
184
182
182
184
183
183
183
182
184
183
183
183
183
183
182
181
182
183
183
183
184
184
184
185
183
185
185
186
184
182
182
182
184
185
185
184
184
183
184
184
184
184
184
184
183
183
184
183
183
180
180
181
182
184
184
184
184
184
183
182
183
182
182
183
182
183
183
182
181
181
182
182
183
185
187
184
184
184
187
186
186
187
186
185
185
185
185
184
183
183
183
183
183
182
182
181
181
181
181
182
184
184
184
183
184
184
183
182
182
182
181
181
181
181
181
181
181
182
182
182
182
182
182
182
183
184
185
186
186
186
186
184
184
184
185
184
183
184
184
184
184
185
184
186
185
186
185
186
187
186
186
187
187
188
188
188
187
188
187
186
187
188
188
188
188
187
187
187
187
187
186
185
188
188
186
185
185
184
183
183
183
183
184
185
185
184
185
185
185
185
186
186
187
188
188
187
187
187
187
187
186
186
186
186
186
187
186
187
189
190
190
188
188
186
184
183
184
182
183
183
183
182
183
183
182
183
183
183
184
185
185
184
182
180
180
180
181
180
181
181
181
181
181
181
182
182
182
183
184
183
182
182
181
181
181
181
180
180
180
179
181
181
181
180
181
181
181
181
180
180
179
179
179
179
179
180
181
181
181
181
181
181
181
181
181
182
181
180
181
181
181
181
182
182
183
181
181
181
181
182
182
182
182
183
182
182
182
182
182
182
182
182
183
183
181
179
179
179
180
180
180
181
183
183
181
182
182
182
183
184
182
183
179
179
179
180
181
181
180
179
180
178
178
178
178
179
179
179
179
179
178
178
178
178
177
177
177
176
176
177
176
176
176
177
177
177
177
175
175
175
175
175
174
176
176
176
176
177
178
178
178
178
177
176
176
176
175
175
175
175
175
175
175
176
177
176
176
177
177
177
177
178
179
179
178
178
178
178
179
180
180
178
177
176
177
176
176
176
176
178
178
178
178
179
178
179
179
180
179
179
181
180
179
179
179
181
180
178
178
178
177
177
177
179
180
179
181
181
181
182
182
182
183
182
181
181
179
178
178
178
179
179
178
178
178
178
178
177
178
177
177
179
179
179
180
180
180
180
178
178
180
180
180
180
179
179
179
179
179
179
178
179
177
177
177
178
178
178
178
177
178
177
177
178
178
178
179
179
179
179
180
179
178
178
180
181
181
182
182
182
183
183
182
181
178
178
178
178
178
177
177
177
176
176
175
175
174
174
175
175
175
175
176
177
178
179
179
179
180
180
181
180
180
179
176
176
176
176
176
176
176
175
176
177
177
177
177
177
177
177
173
173
174
173
173
174
174
174
174
174
174
174
174
174
175
177
175
176
176
177
177
176
177
179
179
178
178
178
177
178
179
179
180
179
178
179
178
177
178
179
178
178
177
176
176
174
173
173
173
173
173
173
173
173
173
173
173
173
173
174
175
175
177
178
179
178
175
174
173
173
173
173
174
174
175
174
174
174
173
173
173
173
175
174
173
173
174
174
175
174
175
174
174
174
173
173
172
172
173
173
173
173
173
173
173
173
175
175
175
174
174
175
174
174
174
174
174
174
173
172
172
172
173
173
173
174
175
175
175
175
175
175
174
174
175
175
175
176
175
175
176
176
176
174
174
175
176
175
175
175
176
176
177
176
175
176
176
176
176
176
175
175
175
175
176
176
176
177
177
177
176
176
175
175
175
175
175
176
177
177
177
177
177
177
178
178
178
178
180
180
180
181
181
180
179
179
179
177
177
178
176
175
174
174
176
175
176
176
176
176
177
177
177
177
177
178
177
178
178
179
179
179
178
178
179
179
179
180
178
177
177
176
174
174
173
173
173
173
173
173
173
173
172
172
172
172
172
172
173
173
173
174
174
174
174
175
175
175
175
175
175
176
174
175
176
176
176
178
177
177
178
178
178
178
178
178
178
179
179
176
176
176
176
177
175
176
175
174
174
174
175
175
175
175
175
176
175
174
174
174
173
173
173
172
172
172
173
174
174
174
174
174
174
176
176
175
175
173
173
173
174
174
174
174
174
174
174
172
172
172
173
173
173
173
173
174
173
172
173
173
173
173
172
172
172
173
173
173
172
172
172
172
171
171
171
171
171
172
172
173
173
174
174
173
173
173
173
173
174
174
175
175
175
174
174
174
176
177
178
175
175
175
174
174
174
173
174
174
174
176
177
178
179
178
178
178
178
178
178
178
178
177
177
176
176
176
175
175
175
175
175
174
175
175
175
174
174
173
173
173
174
174
174
175
175
176
176
176
176
175
177
178
178
177
177
176
176
176
177
175
176
176
176
175
175
176
177
176
176
177
176
176
175
176
176
176
176
177
177
177
177
178
178
176
177
177
177
176
177
177
177
176
176
176
175
175
174
174
174
175
174
174
174
173
173
173
174
176
175
178
178
176
174
175
173
173
174
174
174
174
173
172
172
172
170
170
171
171
171
170
170
170
170
170
171
170
170
171
172
172
172
173
172
172
173
172
171
172
172
173
173
172
171
171
172
174
174
174
174
176
176
175
175
174
