0.0009658620689655174 0.00035137931034482766
300
295
292
288
286
285
283
283
282
280
279
277
274
272
268
266
267
269
266
268
268
268
268
268
267
266
265
265
265
265
264
264
262
263
265
265
265
266
268
267
267
263
264
266
268
267
267
268
266
267
267
267
267
269
269
269
267
267
265
263
264
265
264
263
263
265
264
268
267
268
267
266
269
269
269
271
271
270
270
270
270
270
268
272
274
273
274
274
275
275
275
275
277
276
274
275
276
277
280
280
283
281
281
280
278
277
277
278
279
281
280
279
280
281
280
280
283
282
281
280
281
281
282
282
280
281
282
282
285
286
285
287
287
289
284
284
285
287
286
289
287
286
286
284
282
284
284
279
280
281
281
281
282
281
281
282
280
281
282
282
282
282
281
281
281
281
283
283
283
282
281
280
281
280
279
279
279
279
279
280
281
282
281
280
280
280
282
284
285
285
284
284
285
285
287
288
285
286
287
286
286
287
288
289
287
286
288
290
291
291
291
291
292
293
296
297
298
297
297
299
302
299
299
299
296
297
297
295
295
297
296
295
297
298
296
296
297
297
296
295
295
296
295
295
296
296
297
300
298
299
300
300
299
294
294
294
294
296
296
295
297
297
300
302
304
305
306
306
305
305
305
307
304
304
305
306
304
302
304
303
302
302
303
305
305
306
305
304
304
303
307
310
311
309
309
309
311
310
308
308
305
305
304
305
304
302
303
303
304
304
304
305
306
303
303
303
305
303
301
302
303
302
300
300
300
303
304
304
304
305
304
305
306
304
307
307
306
302
302
303
304
304
303
303
303
304
305
305
306
304
302
299
295
295
296
296
298
299
299
300
298
299
297
299
301
300
300
302
301
298
297
298
301
300
301
299
299
300
300
302
302
303
301
300
299
300
300
302
302
303
307
308
307
306
304
305
304
305
303
305
304
303
304
301
301
301
304
305
306
304
307
308
309
309
309
308
305
306
305
305
306
304
308
307
309
312
312
314
315
315
314
314
312
315
313
313
312
310
311
311
309
309
311
310
308
307
307
308
309
310
308
308
308
309
309
311
311
312
313
315
315
316
315
314
314
315
313
311
313
316
315
315
314
314
315
314
314
315
314
313
315
311
311
310
311
315
314
313
313
313
315
315
316
314
314
316
315
316
314
315
316
316
317
316
317
319
320
320
321
319
321
324
327
327
328
328
326
323
323
324
326
329
329
329
327
326
329
329
327
326
329
329
328
331
329
329
329
327
327
329
329
329
329
329
330
331
332
335
336
337
335
335
333
333
333
336
336
337
339
338
338
336
336
339
343
343
342
341
338
339
339
338
340
341
341
342
343
344
343
343
342
337
337
336
337
336
337
337
335
335
333
332
331
329
328
331
332
333
333
332
334
335
335
333
331
333
332
332
334
332
330
329
329
330
330
329
330
329
331
333
335
336
336
336
339
334
334
334
337
339
337
334
334
335
335
336
336
340
344
342
343
343
343
343
343
342
340
342
343
341
344
343
341
342
343
344
345
346
346
352
353
352
350
349
350
349
350
349
349
349
350
350
349
348
348
347
346
347
349
350
351
350
352
353
353
355
352
353
357
360
356
354
348
350
349
350
350
348
348
350
349
351
350
349
349
349
352
355
354
353
350
347
345
345
346
345
347
346
346
349
348
347
348
348
349
349
349
349
350
350
352
349
347
349
348
348
347
348
349
350
350
349
349
347
348
349
351
350
349
352
352
352
351
351
351
353
353
354
352
353
351
351
350
349
347
348
349
346
346
349
350
352
351
353
353
354
355
353
355
353
353
353
354
355
355
356
358
355
354
353
350
351
351
350
349
352
353
352
355
351
354
354
355
355
353
352
354
355
356
360
358
359
361
360
363
364
362
367
363
364
361
361
358
357
359
363
362
363
366
365
368
369
368
366
368
369
367
367
369
368
370
370
371
370
372
372
370
370
368
367
364
365
364
365
359
357
356
356
357
354
356
355
356
358
357
358
357
356
358
363
363
365
364
364
364
361
361
360
359
361
362
361
360
358
359
358
359
357
356
355
356
358
359
359
357
356
358
357
357
358
358
359
360
361
361
361
359
362
358
357
354
355
358
361
361
363
361
362
364
366
365
365
362
362
363
364
366
367
365
366
366
366
367
368
369
368
370
370
370
368
367
363
362
361
360
361
361
357
360
358
358
354
354
352
352
351
353
354
355
355
355
353
353
356
357
356
358
357
355
359
357
358
360
359
358
362
362
362
362
360
363
365
367
368
369
367
366
367
364
364
360
360
358
361
362
359
360
358
360
360
360
357
355
355
359
359
358
358
360
362
363
361
362
360
362
360
359
359
357
355
354
353
356
354
354
354
355
353
357
352
352
351
351
351
353
350
351
354
352
352
351
351
352
352
353
353
355
355
355
356
356
357
358
358
358
355
352
352
352
352
353
352
352
351
355
355
353
356
354
355
355
354
356
360
358
356
355
358
357
360
359
358
358
358
358
359
358
364
362
362
364
364
362
362
362
365
366
365
366
366
370
368
368
365
365
365
364
367
367
365
362
362
360
359
360
361
364
365
367
365
366
366
367
365
359
357
357
361
362
360
359
357
358
359
359
359
357
357
358
357
357
356
354
353
355
355
355
354
353
352
353
354
354
354
352
354
354
353
349
351
349
350
351
350
351
353
349
350
348
349
349
348
350
351
351
350
350
351
350
347
346
347
348
351
352
353
356
358
358
358
354
355
357
357
357
359
358
357
359
358
362
363
364
364
361
360
361
360
362
361
360
364
363
363
360
363
364
366
365
366
367
368
364
363
367
367
368
367
367
368
363
364
365
368
367
368
366
364
365
365
366
369
369
369
368
369
370
368
362
364
362
362
362
360
362
364
364
364
367
365
364
365
364
365
363
365
368
370
369
368
369
368
368
367
369
367
364
365
366
366
368
368
369
370
368
368
372
371
367
367
369
369
369
369
367
369
367
369
368
367
364
363
362
363
363
363
363
364
368
372
373
370
370
369
373
373
368
366
367
367
366
365
364
364
365
366
368
370
369
367
369
368
369
370
370
370
371
371
371
371
367
368
369
368
366
367
368
371
372
371
373
370
365
365
366
367
367
368
367
367
369
370
370
373
374
373
370
369
369
370
373
371
369
371
372
372
372
372
374
375
370
369
368
368
370
371
373
373
376
375
374
376
374
373
372
371
369
372
371
369
373
371
373
371
369
371
370
369
370
371
370
368
369
369
370
368
367
367
366
365
368
370
373
370
371
370
369
373
373
371
373
373
371
372
370
371
372
372
371
371
372
373
372
371
371
372
377
378
377
380
378
374
372
371
371
371
370
369
367
366
371
374
373
371
374
374
371
374
376
378
374
374
374
372
371
370
369
370
370
371
373
371
373
373
375
374
374
375
374
374
375
375
377
375
375
376
376
375
377
378
377
379
379
380
380
381
381
385
383
384
384
384
382
383
384
384
387
384
384
384
382
382
381
381
380
381
382
381
377
379
380
379
380
382
381
381
378
375
375
375
379
380
378
377
379
379
381
381
381
381
382
381
378
378
379
381
379
377
379
378
378
378
378
382
378
379
379
378
376
377
377
378
379
380
379
383
383
382
381
379
382
381
380
378
378
379
379
379
378
377
375
373
375
374
377
380
376
375
374
371
373
375
375
371
372
373
373
369
369
371
373
371
373
370
370
371
370
372
371
370
370
370
370
373
376
372
374
371
369
369
368
367
366
367
366
364
367
366
366
371
371
371
372
369
370
367
368
369
371
373
373
370
369
371
371
370
372
373
372
372
371
370
370
368
368
373
375
375
372
371
372
374
374
376
376
376
373
371
370
369
370
369
370
370
369
369
367
369
369
370
372
372
373
372
379
381
379
382
379
379
381
377
375
375
373
375
374
375
375
378
373
375
375
376
379
376
379
376
375
374
374
373
375
375
376
376
377
377
379
379
379
377
377
375
373
375
375
375
378
378
377
378
378
378
377
379
376
378
377
375
375
372
373
374
374
373
371
371
370
370
370
370
374
371
370
372
372
373
371
371
373
374
375
374
375
378
380
379
379
380
382
382
382
382
385
387
386
387
386
386
385
385
386
384
382
383
383
383
385
383
384
385
381
379
379
380
379
380
380
381
381
382
381
381
379
382
384
383
384
386
388
387
390
391
390
391
389
389
390
388
385
387
385
386
387
386
388
387
386
387
384
386
390
389
383
384
386
386
386
388
388
389
385
382
386
387
387
386
383
384
383
388
386
385
387
388
392
392
390
389
391
393
393
393
391
393
395
399
397
397
394
391
391
392
391
392
392
394
394
393
393
395
395
395
398
393
393
390
391
392
392
391
395
396
395
396
395
393
394
391
390
390
390
388
390
389
390
390
390
391
390
388
390
388
389
392
391
389
388
389
391
391
394
392
394
395
393
393
393
394
390
388
388
391
388
387
386
387
389
388
389
386
386
385
382
382
383
386
385
382
383
382
382
382
382
381
380
382
383
382
381
384
384
383
386
385
385
386
386
386
386
387
389
391
390
393
394
397
398
398
399
398
398
398
398
398
398
398
401
399
400
402
400
399
402
398
399
400
401
401
401
402
402
402
403
403
400
399
398
401
401
400
405
404
401
399
396
395
392
394
395
393
395
392
393
393
391
393
396
397
396
394
395
396
395
394
389
390
390
391
390
390
390
389
391
395
393
394
397
396
394
399
401
400
398
399
401
401
399
399
400
402
401
400
397
398
399
398
397
399
398
398
397
396
398
397
395
395
396
395
395
394
394
394
394
394
391
393
394
392
392
393
391
390
391
394
394
393
393
388
385
384
385
382
385
383
384
384
391
391
391
391
389
386
390
392
389
387
388
388
389
390
390
391
390
389
392
390
391
389
391
390
391
392
394
393
395
394
394
394
394
395
396
394
392
394
393
395
395
394
394
394
400
402
400
403
403
403
403
399
402
401
403
402
399
401
401
401
404
400
401
403
406
405
406
407
408
408
406
406
404
401
403
405
407
407
406
404
401
403
401
401
402
400
406
407
405
406
409
407
407
406
407
403
404
406
404
403
406
407
407
408
408
409
411
413
412
409
409
408
409
411
410
412
411
409
409
413
415
413
410
408
411
410
409
408
407
407
407
408
413
417
415
413
415
416
417
418
416
415
417
417
422
426
425
425
423
421
423
427
426
424
426
426
428
429
425
424
425
428
428
426
422
423
424
423
424
425
424
426
428
429
429
425
425
427
425
427
428
430
431
432
431
428
425
425
426
425
425
424
424
422
423
423
423
421
418
417
415
411
412
415
414
413
416
414
414
412
412
411
414
415
414
412
411
415
416
414
412
412
414
415
416
417
416
415
411
413
408
408
410
412
411
409
410
409
409
407
407
408
407
407
408
409
414
417
418
415
413
416
416
414
417
416
413
413
414
414
416
415
413
413
413
414
416
419
419
419
419
419
420
424
426
428
425
424
421
418
417
418
418
418
416
414
411
409
410
410
408
407
404
404
403
403
404
405
406
404
403
403
406
409
409
406
407
407
407
406
408
409
410
412
413
412
411
413
413
413
412
414
415
416
414
414
413
412
411
410
413
415
415
417
417
419
422
421
422
424
421
423
422
422
422
422
423
421
421
423
420
418
418
418
419
419
419
416
411
411
410
409
409
410
408
411
415
414
412
413
416
417
418
419
419
419
418
415
413
414
416
416
417
420
418
418
421
423
423
422
424
421
424
425
426
428
428
426
425
425
428
426
428
432
434
431
429
425
424
422
422
423
421
422
417
414
413
413
415
416
414
416
416
415
416
415
417
418
417
417
418
419
419
415
416
416
414
416
415
411
411
411
412
413
415
416
416
417
414
413
417
417
420
417
415
415
419
418
417
416
418
417
418
423
423
422
421
424
423
423
427
427
426
428
431
428
426
427
430
431
429
430
432
432
432
432
429
430
431
433
431
431
430
431
434
432
427
427
429
433
428
429
427
423
422
424
424
423
423
422
422
422
421
420
418
418
418
418
421
419
419
418
420
422
418
417
418
416
416
415
417
416
418
417
416
417
418
418
423
424
426
427
427
426
428
425
429
431
428
431
430
432
432
431
428
427
426
427
428
427
426
423
419
419
420
416
417
419
422
422
420
419
418
419
420
420
419
418
417
416
418
420
421
421
418
416
416
417
417
418
420
418
419
418
418
422
422
422
420
420
419
421
424
421
423
420
423
424
423
423
424
423
421
421
422
422
422
425
428
431
425
425
423
419
417
419
422
422
423
425
425
425
421
422
424
425
424
423
424
425
424
421
423
424
425
425
429
432
431
429
429
427
427
428
427
426
425
425
426
424
425
424
427
427
426
424
426
426
426
425
426
426
427
425
425
423
423
423
424
425
427
426
429
429
432
435
434
435
434
435
433
437
436
437
437
435
432
430
432
432
431
429
426
428
431
432
432
432
433
432
431
429
428
430
432
432
433
433
434
434
436
441
440
439
438
439
437
439
436
435
435
437
437
437
437
437
435
438
436
434
435
435
433
435
436
433
434
436
437
439
440
437
436
437
436
439
440
439
439
438
437
433
432
429
427
425
425
425
421
423
424
425
424
423
426
426
425
425
428
425
427
426
422
423
423
424
424
424
424
424
423
426
424
421
420
419
415
411
413
414
415
417
418
415
418
416
416
416
417
416
415
414
415
416
418
421
425
424
423
422
422
424
425
425
424
425
424
426
428
428
425
428
425
425
422
423
421
421
420
418
420
421
424
422
423
422
421
420
420
422
423
422
426
429
428
425
425
421
419
420
421
421
422
422
423
425
425
427
422
420
421
421
425
421
423
421
420
419
419
420
422
425
424
425
423
422
423
422
422
421
421
421
419
420
419
417
418
417
417
418
417
416
416
418
422
420
422
422
424
423
424
421
419
421
420
420
417
417
421
420
420
421
418
418
416
419
419
418
417
417
416
419
421
421
419
419
420
419
417
417
421
423
423
426
428
426
424
426
426
423
423
423
424
426
428
428
428
431
428
427
427
429
428
429
427
428
427
428
426
426
427
426
426
428
428
430
430
430
430
430
431
431
437
435
434
433
433
430
428
426
429
431
428
426
425
428
429
430
429
426
428
435
433
430
427
425
423
423
422
423
423
421
424
426
428
425
424
422
422
425
423
424
424
423
423
425
423
424
423
421
421
421
422
422
420
421
423
422
423
422
422
427
428
425
420
419
419
419
421
419
417
418
417
418
418
417
419
419
420
420
419
418
418
416
414
415
417
418
419
417
419
420
419
417
417
417
419
422
422
421
423
421
420
417
414
416
417
417
417
417
414
413
412
413
414
413
414
415
414
414
415
416
420
423
420
421
418
419
420
423
422
422
425
424
425
421
419
417
415
416
416
419
422
423
425
426
427
423
421
416
419
418
416
417
418
420
419
419
419
417
418
416
416
416
415
416
416
417
416
418
417
417
414
411
409
414
413
410
410
410
408
408
403
402
402
403
405
402
402
401
401
401
402
402
400
399
400
401
400
401
398
400
400
403
403
402
405
400
404
405
402
403
402
400
399
400
401
402
404
405
403
406
405
404
403
405
406
403
402
402
401
399
400
402
402
400
400
397
399
400
400
400
402
397
401
401
401
403
404
405
400
398
396
398
396
400
396
397
396
397
399
396
397
397
401
405
403
403
405
408
407
409
409
412
414
411
406
403
402
402
402
403
405
407
406
406
407
404
405
404
405
402
404
405
404
405
403
404
404
404
404
403
404
406
405
407
406
405
406
406
407
406
406
409
409
409
412
408
412
412
411
410
410
412
413
416
414
413
414
413
412
412
413
412
412
410
408
406
407
408
406
406
409
408
408
407
405
404
404
406
406
404
402
406
407
406
407
409
408
406
407
410
414
413
410
408
408
408
411
410
409
414
413
414
416
417
416
416
416
415
416
418
421
420
417
419
417
415
418
418
417
419
418
419
420
420
419
419
417
421
424
423
420
419
419
419
417
419
417
418
421
422
424
426
427
424
423
423
424
424
424
422
420
415
414
417
416
417
416
414
415
415
411
413
413
416
416
416
418
418
418
420
419
420
419
421
422
424
425
423
425
425
427
426
431
430
434
434
430
430
428
429
430
433
434
433
433
433
428
429
429
428
425
427
428
430
430
428
432
435
437
438
439
438
434
436
434
436
435
432
431
429
429
433
432
433
434
434
433
434
430
432
431
432
434
435
434
435
437
433
433
435
434
434
436
438
438
439
439
439
438
442
441
438
440
442
442
439
440
442
441
440
442
441
442
442
443
443
443
444
444
446
448
443
441
439
439
439
441
443
444
446
443
445
444
444
442
442
442
443
442
442
444
445
448
448
448
452
451
450
442
444
441
442
438
438
436
437
436
440
442
442
442
443
446
444
442
441
443
442
442
444
442
443
442
442
446
446
442
440
441
442
443
445
444
446
442
441
442
441
442
443
440
439
440
441
443
442
441
443
441
441
441
445
447
444
442
442
442
442
443
442
441
445
445
449
449
447
449
447
445
446
448
453
452
451
449
449
450
450
451
451
448
447
449
453
455
453
452
450
452
454
453
458
458
456
455
457
458
460
461
461
459
459
462
461
458
457
454
454
454
454
454
454
455
455
457
458
456
458
458
459
462
462
460
460
460
460
462
463
462
463
461
464
464
465
461
461
461
462
462
463
463
461
464
466
466
466
466
464
463
460
457
462
461
460
460
460
462
466
467
464
461
463
460
462
464
464
463
460
460
462
461
458
459
455
454
454
454
454
453
453
452
455
456
454
458
460
463
460
457
459
459
456
456
456
455
452
453
453
450
452
449
449
454
453
448
449
452
448
450
451
454
453
454
450
452
455
453
454
452
456
455
458
464
463
462
461
462
461
463
463
464
468
473
472
470
470
472
474
471
470
471
474
480
475
480
480
475
475
474
472
470
471
474
474
474
476
472
472
474
475
476
472
472
472
473
472
473
476
476
480
479
479
478
476
472
470
469
466
467
463
464
460
459
457
459
457
456
459
462
464
460
462
458
458
458
458
458
456
459
460
457
457
456
457
458
459
460
460
460
458
457
457
456
456
458
462
461
463
460
459
464
462
465
462
461
459
457
459
454
454
453
449
448
451
448
448
448
445
447
448
450
447
449
456
456
458
459
458
461
462
462
460
456
455
456
457
459
457
454
452
456
458
456
460
459
459
457
455
458
461
460
460
458
462
460
461
461
462
460
459
459
459
459
461
458
457
456
455
457
457
458
459
455
458
462
461
464
466
469
468
472
470
472
473
473
469
471
470
473
471
472
477
475
473
470
469
469
469
472
468
466
469
468
468
468
469
467
464
466
466
469
469
470
467
467
470
469
470
470
468
472
470
469
472
475
474
474
475
474
474
477
475
475
475
474
477
476
474
470
467
468
470
464
465
461
457
458
456
454
454
451
453
455
457
455
456
453
454
454
456
454
455
456
457
458
461
461
460
456
456
457
458
459
457
457
454
454
457
458
459
461
464
461
464
465
465
467
467
469
468
467
465
465
465
466
464
466
463
462
460
460
460
459
460
457
455
454
457
459
457
456
453
453
455
457
455
456
460
459
461
461
460
461
462
457
457
455
456
455
451
449
451
453
455
455
456
455
456
458
457
460
459
457
457
458
457
453
453
455
458
459
460
460
463
464
465
465
464
465
469
469
471
468
465
465
466
469
470
472
473
473
474
471
473
474
473
470
472
470
470
473
473
475
477
479
480
483
480
475
473
474
475
478
478
480
482
478
483
485
483
484
485
481
480
479
477
479
480
479
476
476
476
476
476
475
474
474
476
478
478
477
478
475
474
476
476
478
479
479
479
476
477
476
475
477
475
475
474
476
474
474
471
472
472
471
471
471
469
469
470
472
475
478
482
482
477
475
476
478
475
475
475
477
477
474
471
473
473
474
472
472
473
477
479
482
480
480
480
478
474
476
477
478
478
476
476
474
470
472
473
472
469
465
466
465
466
469
468
463
462
464
466
466
465
465
465
462
461
462
461
465
466
467
466
467
464
463
462
459
458
460
461
463
465
468
469
468
467
470
472
470
470
473
473
473
474
472
474
476
476
478
482
483
479
477
477
478
478
475
477
476
478
475
474
475
475
478
478
482
484
479
478
481
481
480
479
481
479
480
478
477
478
477
478
477
475
473
472
473
472
473
475
473
471
470
467
467
471
473
472
471
471
469
471
471
472
468
469
467
468
466
465
464
463
461
463
463
460
461
458
457
459
459
458
456
457
456
458
458
455
451
451
452
449
450
449
450
451
451
450
450
449
448
452
453
453
452
451
450
452
452
454
453
455
456
453
452
451
452
452
453
453
454
456
459
459
457
458
458
458
460
460
461
460
463
465
463
464
464
463
459
460
460
461
462
463
465
464
465
464
465
467
467
467
467
470
470
472
471
473
474
475
475
470
469
467
466
463
466
462
463
465
467
467
467
461
463
462
464
466
467
465
467
462
460
459
459
457
458
459
457
455
452
451
453
452
454
454
456
458
456
456
454
455
454
455
458
454
455
456
454
455
455
456
454
454
455
454
455
459
459
460
460
461
462
462
462
466
466
467
469
463
462
463
463
462
461
462
462
463
465
467
468
469
467
466
466
463
464
465
465
464
469
470
466
466
468
468
471
473
469
467
467
467
467
470
468
468
466
466
468
469
467
463
463
463
464
462
461
458
458
458
457
456
456
454
457
458
458
457
456
458
461
460
461
461
461
459
460
461
463
465
469
469
473
477
472
476
472
469
468
465
462
462
461
463
462
465
468
468
471
469
468
466
469
469
473
471
471
471
465
464
466
469
469
471
473
470
463
464
467
468
471
475
474
474
475
476
475
473
471
474
476
483
484
486
484
482
480
483
485
485
480
483
478
476
477
479
477
476
475
477
478
479
477
476
477
477
477
478
477
477
479
476
478
482
486
487
484
480
476
475
472
471
474
472
472
470
467
466
467
467
466
465
465
462
464
466
467
469
470
476
471
473
474
472
475
481
479
476
479
479
479
479
474
474
477
476
475
476
475
476
478
478
476
475
474
473
477
476
475
476
475
474
476
475
478
475
474
477
479
480
483
479
484
481
473
468
470
471
469
467
467
471
471
472
472
472
473
474
474
473
471
474
473
473
466
464
464
467
469
469
467
470
467
468
469
467
468
468
469
467
468
465
463
467
466
463
461
458
459
459
459
460
459
457
455
461
462
461
460
460
459
459
457
461
459
463
467
466
465
461
463
463
462
462
463
462
466
463
461
459
461
462
460
462
466
468
466
466
465
463
461
460
462
463
460
456
464
465
463
459
460
459
456
458
456
457
461
462
465
465
464
462
464
466
464
466
464
463
465
463
465
465
465
465
461
461
459
462
