0.000863448275862069 0.00035137931034482766
300
290
289
289
286
285
281
279
274
275
271
271
268
266
266
268
267
272
271
271
271
271
270
272
274
274
273
273
274
273
270
270
267
266
265
265
265
264
264
264
264
264
265
266
265
267
265
265
266
265
263
264
264
267
266
267
270
270
268
268
265
266
264
262
264
265
266
266
266
269
268
266
267
266
267
268
271
273
273
271
270
273
274
274
274
273
275
274
274
273
273
272
271
273
273
272
274
272
271
270
270
271
270
268
268
268
268
271
271
270
268
268
270
270
267
267
267
267
267
270
269
268
270
269
268
270
270
270
271
272
272
274
274
273
274
274
274
276
277
276
276
276
273
273
274
273
271
271
272
274
275
275
274
274
277
281
279
281
283
281
280
281
280
280
281
283
284
285
285
283
283
283
283
283
286
286
286
287
288
287
289
288
290
290
290
290
290
289
289
289
286
286
287
286
285
284
286
286
285
284
283
284
283
282
280
281
280
282
281
280
280
280
282
283
285
287
287
291
291
289
291
290
289
290
290
292
294
295
293
292
294
295
294
290
293
295
295
297
297
298
301
303
303
303
301
300
297
298
299
298
298
299
300
301
300
300
299
298
300
299
299
299
301
301
301
302
299
300
300
301
299
298
299
298
300
301
300
300
300
299
300
300
302
300
299
302
301
302
303
302
301
302
302
300
299
299
297
298
299
300
300
297
298
297
298
299
299
297
297
296
294
296
296
296
297
297
299
298
300
299
301
302
300
297
297
297
299
299
301
302
300
301
301
302
303
301
301
300
301
299
300
302
303
303
303
304
307
305
302
304
304
307
308
307
306
307
305
306
304
306
306
307
307
307
304
306
304
304
304
305
305
307
309
311
313
309
308
309
311
311
310
310
310
312
308
309
308
307
308
308
307
306
304
302
302
302
305
307
307
307
306
309
309
309
311
311
310
309
308
307
308
304
305
305
304
304
304
306
305
305
303
304
304
305
305
303
303
302
303
303
307
303
304
305
308
307
308
305
305
303
300
300
300
302
302
299
297
297
297
297
299
299
297
298
300
302
302
304
305
302
303
303
302
300
301
300
300
301
302
300
300
300
300
300
303
301
300
299
301
301
301
300
299
298
298
298
294
299
299
298
298
300
302
303
304
305
303
303
302
301
303
303
300
299
300
301
303
301
299
299
297
298
297
298
298
301
299
300
299
301
303
304
305
307
303
304
304
304
304
305
305
305
305
305
305
305
304
304
305
304
304
305
307
307
307
307
306
303
306
307
307
307
309
307
307
309
308
308
307
309
311
309
310
309
310
307
308
306
308
308
306
308
309
311
309
309
306
306
308
308
308
309
311
312
311
312
311
310
311
315
313
310
311
311
312
311
311
311
309
312
313
311
309
311
310
310
309
309
309
308
307
307
309
307
311
315
314
313
313
308
306
308
309
309
307
306
306
307
309
308
308
310
310
312
311
312
314
314
314
315
314
311
310
309
311
314
316
316
316
315
317
316
316
316
314
315
315
315
315
315
318
319
315
314
313
313
314
312
317
318
318
313
313
314
318
317
316
313
315
315
315
315
319
320
322
321
323
321
321
320
318
318
317
315
314
315
311
313
315
314
314
317
312
313
315
312
316
319
321
318
319
315
316
318
318
318
320
318
318
314
310
311
311
310
308
309
310
311
311
311
312
310
310
311
312
312
314
316
316
315
315
316
315
314
314
312
314
314
315
316
316
315
313
312
314
315
317
320
319
319
321
320
319
320
322
319
318
319
321
323
322
323
326
327
330
327
329
329
326
327
328
330
327
327
325
323
324
325
324
322
323
323
324
325
326
328
327
327
324
324
325
325
324
324
321
319
320
322
326
327
326
325
325
326
329
326
327
327
324
323
324
326
325
324
323
324
324
326
327
326
327
329
329
329
326
327
329
331
327
325
323
323
322
322
323
320
321
318
317
319
323
326
326
323
319
319
318
320
319
316
316
316
315
315
314
314
315
315
317
318
318
322
320
323
322
322
320
321
320
321
320
323
322
321
320
320
318
317
318
318
322
322
321
319
320
321
322
322
322
322
322
323
322
323
324
324
324
323
325
324
326
326
324
323
324
322
321
322
320
321
322
324
325
326
327
326
324
324
326
326
324
322
321
321
319
322
323
319
321
323
323
323
322
322
326
323
320
320
319
319
319
320
320
321
320
321
322
321
320
324
323
325
328
327
326
326
325
327
327
327
327
327
325
326
326
326
323
323
327
327
331
329
331
332
329
331
328
328
328
328
328
328
327
330
330
330
329
330
330
329
331
332
329
329
328
328
325
329
328
327
327
330
327
328
330
329
331
335
336
333
333
330
329
327
328
329
329
331
329
329
328
328
329
328
327
326
329
332
332
331
334
334
335
338
336
339
339
338
337
338
337
335
334
338
338
338
341
342
339
338
335
334
338
337
336
336
337
338
341
342
339
340
340
338
339
339
338
341
339
341
341
343
339
339
339
336
336
336
337
336
335
338
338
336
339
339
333
334
334
336
338
336
337
335
338
337
335
335
335
336
335
334
333
333
334
334
333
334
333
329
332
335
336
335
334
333
334
332
333
335
335
335
339
338
335
336
336
337
338
339
340
340
338
337
338
338
338
340
340
339
338
341
342
340
339
340
340
337
335
335
335
334
333
336
335
335
336
334
334
335
334
335
336
334
334
334
338
339
337
337
338
335
337
337
337
337
336
336
335
337
335
338
342
343
345
343
342
343
342
339
339
341
342
341
342
343
340
340
341
338
337
337
335
332
330
329
329
330
331
333
334
333
332
332
331
332
332
332
332
332
328
330
329
328
326
326
328
331
330
331
332
330
330
331
332
330
330
330
331
333
332
330
327
328
328
328
329
330
330
331
331
331
330
328
327
328
327
328
330
327
326
327
328
328
328
329
330
330
330
331
328
329
329
329
329
327
328
327
326
329
330
331
331
330
330
330
327
328
329
328
330
330
327
330
332
332
335
337
335
332
333
333
333
334
337
338
343
345
345
345
346
347
346
345
343
343
345
347
344
342
340
340
345
342
340
344
343
342
342
341
340
342
342
342
342
344
340
339
340
341
342
344
347
347
345
344
347
347
347
347
344
343
341
341
338
340
341
342
342
339
339
340
342
343
343
344
340
340
341
341
342
341
339
340
341
338
339
339
338
340
342
342
341
341
344
345
344
344
341
341
339
341
341
340
338
339
338
340
341
341
340
340
340
339
338
338
338
342
344
345
347
346
346
348
348
346
344
346
345
345
344
344
344
344
347
347
346
347
347
346
346
345
345
346
348
349
349
349
350
350
349
347
345
344
343
343
349
350
351
352
349
348
348
348
346
347
348
345
344
344
343
344
344
343
344
345
340
339
339
341
339
343
343
344
347
346
346
344
345
343
345
348
350
348
345
345
346
346
348
348
347
348
350
351
349
349
349
350
348
349
348
347
345
346
346
344
346
344
345
344
345
346
345
345
347
347
351
351
353
351
350
348
349
349
350
346
347
351
350
349
350
350
352
351
351
352
354
354
356
356
356
358
353
351
351
352
352
356
356
353
349
346
346
342
340
340
340
340
342
346
347
349
349
350
351
352
350
345
344
346
347
351
348
347
346
345
347
348
350
353
352
352
349
350
348
348
350
352
351
352
351
354
353
352
351
350
350
351
355
360
360
358
355
354
356
357
357
357
356
356
357
351
354
354
354
353
352
353
353
356
355
357
354
353
353
351
353
351
350
349
347
348
349
348
348
348
347
347
348
348
348
348
345
346
346
346
346
348
350
351
349
350
350
348
350
348
347
350
351
354
353
354
354
353
354
353
354
350
347
348
349
348
354
352
352
350
347
348
349
348
350
349
347
348
349
348
351
353
353
351
353
351
352
354
355
353
355
356
353
354
354
354
357
355
357
356
356
354
355
358
361
362
361
359
359
357
359
360
359
361
360
361
358
359
358
358
356
357
357
360
361
363
361
365
363
363
363
362
362
363
363
363
362
362
362
363
362
364
365
367
364
365
363
364
363
364
363
363
363
362
363
360
360
359
358
358
356
357
356
356
354
355
356
358
361
362
362
360
362
361
361
359
360
361
361
364
360
361
361
362
366
364
364
360
358
359
357
357
357
357
358
357
357
357
356
354
354
353
351
351
353
356
357
361
360
361
360
358
356
356
356
354
357
359
357
358
358
355
356
357
358
357
357
357
359
356
358
355
354
354
355
355
355
355
353
353
353
354
357
358
357
357
359
360
361
361
361
362
363
364
367
365
366
363
367
362
364
366
368
369
371
372
370
373
372
370
371
367
367
368
370
373
373
372
371
372
371
374
375
375
374
372
371
371
372
373
371
369
368
368
371
372
370
372
369
368
366
365
363
363
360
361
361
361
363
363
362
360
364
364
364
363
362
359
360
360
360
359
360
357
357
354
355
356
356
355
355
356
359
361
362
362
364
365
366
367
368
368
368
370
371
371
370
371
371
371
371
374
374
374
374
375
372
372
375
376
374
375
374
370
371
371
372
373
373
372
371
370
370
368
366
364
365
365
364
364
364
365
364
363
363
361
361
359
356
356
356
354
353
353
352
354
352
353
356
356
357
357
359
362
365
367
368
366
365
364
365
367
365
364
363
360
360
361
364
364
364
365
368
364
364
365
363
364
365
364
365
367
368
368
370
367
367
366
367
366
365
365
365
364
363
364
366
365
364
366
367
363
364
364
366
365
363
363
365
366
367
368
369
367
366
365
367
365
367
370
371
370
370
372
373
374
375
373
374
373
371
369
368
371
371
371
371
372
371
373
368
370
368
369
368
364
365
367
369
369
370
367
367
368
366
364
363
363
363
360
361
358
358
361
363
365
363
362
361
359
360
362
364
365
365
365
366
367
367
367
366
365
364
365
365
364
365
366
367
369
370
371
374
374
371
373
373
373
372
369
368
369
371
370
369
371
368
369
369
369
368
367
368
369
369
367
367
368
371
372
373
375
374
375
376
374
375
371
373
373
374
373
373
372
374
373
374
376
377
377
376
375
376
376
381
381
381
381
379
378
379
379
379
378
378
381
381
380
381
382
385
385
387
388
385
388
389
388
388
384
383
384
383
383
384
385
389
389
392
393
393
395
393
394
395
394
396
393
393
393
395
396
394
396
392
390
389
392
393
394
392
392
393
395
393
393
394
398
397
393
394
394
394
396
395
394
398
397
396
393
397
394
395
396
391
393
391
393
392
395
396
393
396
392
393
392
392
393
391
392
391
389
390
392
392
393
393
393
393
392
392
395
395
395
396
396
396
397
396
398
400
402
398
397
399
398
398
396
395
399
399
400
404
405
406
404
405
404
404
402
405
403
401
402
401
403
402
403
401
402
401
401
400
398
400
400
401
404
403
401
401
400
399
397
396
401
401
400
397
397
400
399
399
399
399
398
400
399
398
398
396
397
398
399
400
399
397
399
399
401
401
398
399
399
400
402
400
402
403
405
403
399
399
399
400
402
400
401
402
402
402
400
401
402
401
403
404
404
404
406
405
405
402
403
403
402
399
400
399
401
396
398
400
399
398
399
398
397
397
399
401
405
403
400
400
401
402
404
401
401
399
401
401
403
404
404
404
400
400
403
401
401
400
399
397
395
395
395
397
395
396
396
398
397
398
398
398
398
397
400
401
401
400
398
399
401
400
398
398
396
400
400
397
398
399
401
400
399
397
394
396
404
403
400
399
399
400
400
398
397
396
397
395
397
398
400
401
398
400
401
401
402
401
402
399
399
399
402
403
401
401
400
400
398
396
401
403
404
405
407
407
410
406
409
410
410
407
406
404
405
403
401
402
403
405
405
405
407
409
410
410
405
406
407
406
406
407
409
409
410
409
407
410
411
412
409
406
406
409
410
412
411
410
411
408
408
406
405
403
400
399
403
399
397
397
396
393
390
393
394
394
396
396
393
392
394
396
393
393
392
393
397
398
396
398
395
397
395
396
396
400
400
398
397
398
396
398
399
399
398
396
396
397
402
405
405
406
404
403
401
402
403
402
401
403
402
404
405
405
408
406
407
406
408
407
410
411
407
406
406
405
405
405
408
409
408
409
410
408
408
409
408
410
413
414
413
410
410
412
413
411
411
409
412
412
411
412
412
413
414
413
413
412
411
411
412
414
416
417
420
415
412
411
409
404
404
404
402
403
404
404
403
402
404
405
405
407
408
407
410
411
409
409
413
410
408
409
412
412
412
409
408
410
408
410
410
410
410
408
407
408
408
411
413
411
413
414
412
414
417
417
416
415
413
415
417
416
414
413
412
411
411
413
416
414
413
413
419
420
420
419
418
416
420
419
415
414
416
416
415
416
417
416
416
413
413
410
411
412
412
414
415
416
415
413
416
417
415
415
413
413
413
413
412
413
415
414
414
415
415
415
417
416
415
414
415
415
415
416
415
416
415
414
412
412
412
411
414
418
415
414
416
412
410
407
409
409
410
410
406
402
404
406
406
407
407
403
403
403
405
406
408
411
410
408
407
408
408
410
411
409
408
405
401
398
396
397
397
397
396
397
396
393
394
399
400
402
398
400
399
399
400
398
399
399
401
401
402
402
401
399
401
399
401
403
403
404
405
410
409
409
409
409
409
408
406
405
404
403
402
401
401
401
401
402
401
403
406
409
410
411
410
407
409
408
407
408
409
407
411
412
414
415
413
417
420
422
422
419
416
418
417
416
419
417
421
417
416
416
416
421
419
421
415
416
413
412
412
411
410
410
409
409
410
412
413
413
415
413
415
414
412
411
409
414
415
416
413
413
413
415
415
412
411
410
409
406
406
407
405
407
407
406
407
409
408
407
407
410
410
409
408
408
407
407
408
408
408
405
409
412
413
417
417
415
412
411
408
407
407
405
405
404
407
409
410
411
409
407
407
408
412
410
411
414
412
410
406
406
408
411
410
409
412
411
408
408
404
405
404
407
406
405
403
399
399
395
392
392
394
396
395
396
399
399
399
399
400
400
399
398
397
396
393
392
393
397
395
396
392
393
393
396
394
392
395
397
397
397
399
400
401
400
397
398
398
396
397
398
395
394
395
397
396
395
396
391
391
392
390
394
397
396
396
396
394
393
395
391
392
392
394
390
390
392
394
396
396
395
393
393
394
395
396
397
398
395
394
394
396
399
402
402
405
407
406
404
404
404
404
404
400
400
396
397
396
395
395
396
394
397
399
402
404
402
404
404
402
400
401
400
399
400
400
403
401
407
408
405
405
403
401
399
397
399
400
400
400
400
400
398
396
398
396
395
394
394
395
398
396
398
398
396
398
397
397
397
396
397
392
393
392
390
390
392
392
394
395
396
398
397
395
394
387
387
387
386
387
390
390
392
392
390
390
390
389
387
388
387
389
392
391
393
396
398
399
397
395
396
396
394
393
393
395
397
397
399
402
399
399
396
396
399
400
400
400
401
400
400
401
402
397
395
393
392
390
390
392
393
394
395
395
395
394
394
392
393
393
394
395
395
393
392
393
396
398
399
395
392
391
393
396
397
397
397
395
394
393
396
394
391
390
390
391
390
393
389
390
390
388
391
388
387
385
387
386
386
389
387
385
384
384
384
383
382
386
386
386
388
386
384
384
385
385
385
385
382
384
384
384
384
386
386
386
389
387
388
389
388
389
390
391
391
391
389
387
387
386
386
386
385
387
390
391
387
388
386
387
385
386
386
384
384
384
386
387
387
389
391
388
388
390
391
391
391
388
390
389
389
387
386
389
389
390
390
389
388
388
387
386
389
389
393
393
391
390
388
388
388
389
384
386
383
383
385
388
389
389
389
391
391
389
389
385
385
385
384
385
385
388
386
386
387
387
389
389
388
382
383
385
382
381
381
379
378
379
378
378
379
380
378
379
378
381
381
381
377
380
381
384
385
385
387
388
389
390
388
389
395
394
395
396
397
396
398
402
400
401
399
400
400
398
398
400
399
397
399
399
398
401
400
399
401
403
403
402
402
406
405
407
405
404
403
401
403
404
401
398
401
400
401
401
401
404
408
406
400
401
400
398
398
399
398
400
402
400
400
401
404
403
403
405
406
407
406
405
404
409
406
409
406
403
403
404
405
405
405
406
406
407
409
408
406
405
407
408
408
410
409
405
405
403
403
405
404
407
406
407
407
406
404
406
406
406
407
407
410
409
408
409
412
411
410
411
408
409
407
405
405
401
401
401
401
401
402
404
407
406
404
405
405
405
406
410
408
410
414
411
412
409
410
412
411
414
414
416
417
414
413
412
411
414
412
413
415
414
414
418
414
417
419
419
418
418
415
412
411
411
410
412
414
415
417
419
421
415
414
412
411
412
410
409
411
411
411
409
408
413
410
412
413
414
414
417
415
417
415
416
417
418
421
418
416
415
411
410
410
409
411
409
411
411
414
414
413
413
414
416
418
417
416
415
416
417
415
414
414
414
414
412
413
415
414
415
412
414
413
413
409
410
407
406
404
404
406
404
406
406
406
409
410
405
404
403
407
406
406
403
405
404
407
409
409
408
407
407
405
404
401
399
400
401
402
401
401
401
407
409
409
410
410
408
410
408
408
407
409
408
408
408
409
410
411
413
412
411
412
408
408
410
411
412
412
411
412
412
412
414
410
410
411
410
409
411
411
409
414
414
413
410
411
413
413
412
409
409
407
407
408
409
408
409
410
410
410
409
410
408
408
409
406
409
408
407
407
405
403
406
407
407
407
405
406
405
408
409
410
408
409
408
406
405
404
403
400
401
402
403
405
405
405
404
403
402
402
400
402
401
400
401
401
400
400
400
400
401
398
399
403
401
397
395
395
394
391
394
395
396
396
400
399
397
397
402
404
404
406
407
406
407
406
402
405
409
412
408
410
411
409
409
409
406
408
410
409
408
407
409
409
409
409
408
409
409
407
407
410
411
413
411
410
410
412
411
412
411
410
408
409
409
412
410
409
409
410
410
409
413
414
414
417
418
417
417
415
410
412
409
409
407
405
407
405
405
405
401
403
401
397
397
397
395
396
395
394
396
394
395
393
394
393
392
394
395
398
396
398
401
404
404
405
408
408
408
409
406
405
403
402
406
404
404
404
403
403
402
400
402
403
405
403
402
401
403
405
403
401
400
399
401
402
399
397
397
397
401
402
403
402
402
404
402
403
404
404
407
410
409
407
407
406
407
405
408
406
406
408
407
404
403
402
398
399
397
397
396
397
398
397
398
400
400
399
400
398
399
399
399
398
397
397
396
399
402
401
402
396
396
395
395
397
398
398
397
397
399
400
400
401
401
402
406
407
409
410
408
406
409
408
409
407
408
407
410
415
418
418
419
417
418
419
416
415
416
413
415
416
414
414
418
418
414
416
416
413
414
413
415
416
413
409
406
407
405
404
404
407
405
406
408
409
411
411
412
409
406
408
406
407
408
407
403
402
402
404
402
403
402
403
403
400
400
399
400
405
404
406
406
406
407
407
409
407
408
409
409
410
411
412
413
414
417
416
413
411
411
412
411
410
410
410
411
412
414
414
413
415
419
415
416
415
414
413
412
410
410
411
414
414
413
419
419
418
416
415
412
414
416
416
413
414
414
414
415
413
414
411
411
410
411
412
411
415
414
413
416
415
417
419
419
418
423
421
424
421
418
418
419
423
423
423
421
421
422
423
426
426
427
428
430
429
430
431
432
433
429
430
431
431
430
430
430
430
426
425
425
424
420
419
423
427
427
425
423
424
423
423
422
415
415
412
411
407
408
407
408
409
410
411
413
415
414
411
414
416
417
416
421
421
426
425
422
421
423
422
420
421
424
420
421
421
417
417
419
419
416
415
415
416
415
415
414
415
414
415
418
418
420
417
413
414
417
421
417
415
415
418
420
417
418
421
418
417
413
412
413
414
417
415
415
414
415
414
414
414
413
411
409
409
407
407
410
412
410
413
412
414
414
416
416
416
412
409
407
406
406
406
408
408
410
414
413
412
413
411
414
417
418
417
415
416
421
418
416
419
418
417
419
420
422
418
418
418
418
419
418
419
423
423
422
419
423
424
424
427
425
427
425
425
425
425
426
426
427
426
432
428
428
425
426
429
430
422
423
421
423
425
425
424
427
428
429
426
426
425
424
426
429
433
431
433
435
436
435
437
437
438
437
434
437
437
440
439
439
434
439
437
436
436
435
435
431
432
433
433
433
435
436
432
432
431
430
430
428
429
431
434
433
434
435
435
434
433
435
431
430
428
423
425
423
425
425
429
432
431
430
430
429
430
429
431
432
432
431
431
432
432
428
431
430
431
430
428
429
430
431
430
429
429
428
426
425
427
426
430
430
428
428
430
430
429
429
430
433
433
432
432
433
432
431
430
430
432
430
429
430
429
428
428
430
429
427
427
425
423
423
422
419
421
421
423
423
423
422
422
421
422
421
424
427
425
428
434
432
430
429
429
428
426
426
423
421
422
422
422
424
423
425
423
424
423
425
425
429
430
430
427
426
426
424
422
425
423
426
424
426
430
429
428
428
428
426
432
431
428
427
428
430
428
429
425
425
428
424
422
426
420
422
418
420
415
416
414
414
410
412
411
407
405
406
406
404
405
405
403
408
410
410
410
412
412
409
406
408
411
409
406
408
407
407
406
407
405
405
410
409
409
407
408
409
411
411
412
410
411
411
413
409
406
406
405
405
402
404
404
404
407
403
405
407
406
409
413
412
413
412
412
411
411
414
413
415
417
414
410
408
404
405
400
402
403
403
402
400
401
400
399
398
399
402
399
397
395
398
398
397
396
398
398
398
399
398
400
401
401
401
399
402
402
400
402
402
401
401
403
404
404
404
402
404
406
405
406
407
405
401
400
405
404
403
406
405
401
401
400
400
399
401
402
404
406
405
407
405
408
405
407
408
409
411
410
416
417
415
413
415
414
414
415
411
409
409
409
411
414
412
418
420
420
423
424
425
420
419
419
421
420
419
419
418
418
417
413
412
414
417
413
410
411
409
414
413
411
408
405
406
405
405
407
407
405
405
408
410
410
410
413
412
410
413
413
413
414
413
415
415
414
414
413
415
415
413
414
414
415
418
414
414
414
416
419
419
420
420
421
417
417
418
419
418
419
423
423
422
425
422
421
421
419
420
420
419
417
418
419
421
422
423
424
424
424
423
419
421
419
420
422
421
419
417
418
420
423
424
422
421
420
419
419
420
414
414
417
418
419
418
422
421
416
415
414
415
410
408
410
409
410
412
414
416
414
416
415
415
415
412
411
408
411
411
409
404
405
405
401
401
402
401
399
399
402
404
404
406
408
406
404
402
405
402
400
401
403
404
403
404
406
406
406
407
404
404
400
399
399
401
403
403
402
403
406
406
405
404
