0.0007610344827586207 0.00031724137931034486
300
295
291
284
283
285
284
280
277
274
274
273
271
271
271
268
269
270
269
267
266
265
268
268
267
267
267
267
266
267
269
268
267
267
267
267
268
269
271
271
273
272
271
273
276
279
278
278
277
275
275
273
273
271
271
270
270
271
271
273
271
271
270
271
273
273
272
270
270
272
272
273
274
274
275
276
278
279
279
278
278
277
276
276
275
275
277
276
275
275
276
276
279
279
280
282
285
283
283
289
289
286
284
282
283
282
282
283
283
284
289
291
287
287
288
285
283
280
282
282
285
286
288
291
292
291
293
293
295
294
291
292
292
296
295
295
294
293
292
292
292
290
291
291
291
292
294
293
291
291
292
292
293
295
295
296
296
295
297
298
297
296
297
297
297
298
297
298
298
298
299
299
300
299
298
301
299
299
300
300
300
301
299
298
299
299
299
300
300
301
302
305
308
305
305
306
305
305
307
304
307
306
306
307
308
309
308
308
309
311
311
308
309
308
307
308
309
309
308
309
312
313
313
313
312
313
313
311
310
310
312
310
310
312
311
312
312
311
317
317
320
317
319
318
320
319
320
327
325
320
320
320
320
320
318
317
317
316
315
319
318
313
313
312
315
316
317
315
316
317
318
318
314
315
315
313
314
316
314
316
317
316
314
315
314
314
315
312
315
315
316
316
315
311
312
315
314
315
313
313
317
318
315
313
312
312
314
314
315
315
315
316
317
318
319
320
320
321
318
319
317
315
315
315
315
315
312
312
313
313
314
317
317
318
319
318
320
320
323
323
322
321
323
324
323
325
326
325
326
324
324
327
327
327
327
325
323
322
322
323
326
324
325
324
322
322
322
320
320
319
322
323
324
325
326
325
326
327
325
324
325
327
327
326
326
323
325
324
325
326
327
327
327
327
330
329
327
326
326
324
326
325
325
328
327
327
329
333
330
330
330
330
330
328
328
324
322
321
322
322
324
324
323
324
323
325
324
322
323
322
322
322
321
319
320
320
320
321
322
322
322
323
319
318
320
317
317
316
316
316
318
317
317
318
318
319
318
319
319
318
321
322
322
323
327
328
331
334
332
333
332
331
331
329
328
328
325
325
326
323
324
323
323
325
327
327
328
329
330
329
330
328
327
326
325
324
322
325
325
325
326
327
329
329
329
329
324
322
323
324
323
324
328
328
326
326
328
326
328
328
329
331
330
331
331
330
328
329
330
332
332
335
334
333
333
333
334
336
335
333
329
330
330
328
327
328
326
325
324
327
326
325
323
322
321
321
321
322
322
324
324
323
324
323
324
324
324
323
323
325
324
324
325
324
325
326
326
326
325
325
325
326
327
327
325
325
327
327
326
325
325
326
325
325
330
332
331
330
332
330
331
330
332
330
333
332
332
334
335
334
337
337
338
336
337
336
336
334
331
331
332
334
334
334
337
337
337
337
338
338
339
339
339
338
336
336
336
332
332
334
333
336
335
337
338
338
336
336
336
338
339
341
343
345
346
346
346
349
349
349
349
347
348
344
347
346
346
345
345
344
348
348
347
346
349
351
348
347
346
346
347
349
349
352
349
349
349
348
350
352
354
354
356
359
353
357
354
352
351
353
354
355
356
355
354
352
354
354
352
353
354
353
351
352
350
350
348
348
348
348
347
346
346
350
350
351
350
354
356
356
355
357
356
359
360
358
358
359
359
359
359
356
360
362
363
367
367
365
364
365
364
362
364
361
362
360
360
361
361
361
362
363
363
360
361
362
362
364
361
362
362
361
362
363
360
359
357
357
357
358
357
359
359
359
360
362
362
362
361
362
360
361
360
361
364
367
366
361
359
360
359
360
362
359
357
358
353
354
354
354
356
355
355
359
360
361
359
361
364
362
362
362
362
362
361
360
362
361
361
362
361
359
359
362
361
362
360
363
365
364
365
364
367
362
367
364
367
368
369
367
371
369
371
367
367
366
366
367
367
366
368
369
371
370
369
367
364
364
364
367
368
368
366
367
364
363
361
362
362
363
364
366
367
365
365
365
366
367
368
365
364
364
365
366
367
368
369
366
363
364
364
362
364
359
356
355
358
360
358
361
360
361
363
364
364
363
364
365
363
365
365
366
364
365
364
366
366
368
367
367
369
367
365
367
368
367
369
369
369
369
367
367
367
365
367
366
366
366
364
366
369
366
367
368
369
368
371
372
371
370
369
371
368
370
370
368
368
367
366
367
366
365
363
364
364
367
371
371
374
373
375
375
374
373
373
374
375
372
372
374
376
375
376
374
374
375
375
376
374
374
372
373
372
375
372
377
375
373
374
370
367
367
368
370
370
370
371
370
371
375
374
373
374
376
374
371
370
370
372
373
375
373
375
375
371
371
369
370
368
368
369
371
370
373
372
371
371
373
372
372
371
370
370
370
372
369
373
373
373
373
374
376
375
376
375
373
374
377
374
374
373
374
372
370
369
367
366
365
367
367
367
369
373
374
375
375
376
376
374
368
371
370
371
374
373
375
375
376
373
373
373
373
373
374
374
374
373
373
371
373
374
372
372
372
372
376
377
379
379
377
376
376
376
378
376
375
374
374
376
374
373
375
374
371
370
368
372
376
372
372
370
370
369
370
370
367
365
366
368
370
369
370
371
369
369
370
371
371
370
369
369
368
370
368
372
374
375
370
371
370
372
370
373
374
376
378
379
377
378
376
375
373
370
370
369
371
375
379
381
380
379
382
376
376
377
377
374
377
376
376
375
373
373
373
373
371
370
374
374
371
372
369
369
371
371
370
372
373
372
373
374
374
375
379
378
377
376
376
376
376
378
378
377
378
378
379
377
377
376
376
377
375
373
373
373
376
377
379
383
383
380
379
376
376
377
378
378
378
377
377
378
380
378
382
382
382
381
386
384
383
386
385
389
388
386
386
385
385
383
384
383
382
382
384
386
383
382
382
382
384
384
385
384
384
381
383
382
380
380
381
382
385
388
388
391
391
392
391
393
390
389
390
391
392
391
397
396
392
390
390
390
391
392
393
395
396
398
395
394
389
390
389
385
386
387
389
387
386
381
384
384
385
383
382
383
386
386
387
387
382
380
381
382
382
384
383
383
383
382
381
376
376
377
378
380
380
379
378
378
380
379
380
379
379
378
380
381
380
384
386
386
387
387
385
384
385
384
383
387
388
387
385
383
384
380
378
378
379
379
378
377
378
376
376
376
377
376
378
377
376
376
377
379
380
380
378
374
373
374
374
375
375
376
377
375
377
377
380
379
376
378
376
380
378
376
378
380
380
380
380
377
380
379
378
376
376
376
378
379
379
378
377
377
379
377
379
379
381
383
382
380
378
379
380
381
380
382
379
382
381
381
379
378
376
373
369
369
367
369
368
368
369
368
368
368
370
369
368
365
368
368
367
367
371
371
372
371
372
371
369
373
377
378
376
374
376
375
374
373
372
369
370
373
375
381
381
380
380
381
377
376
376
376
379
380
377
379
377
378
378
379
377
377
377
376
377
379
379
376
374
375
374
373
372
368
368
367
368
369
370
372
373
373
375
375
377
375
373
376
373
373
369
370
368
369
370
373
370
370
368
369
368
369
369
368
367
370
371
369
370
369
368
367
366
367
366
364
364
366
365
367
367
365
365
365
366
367
367
367
369
368
368
368
373
373
374
374
375
375
373
375
375
375
376
374
374
375
377
377
373
373
376
376
372
374
375
375
372
371
372
376
372
374
374
376
377
377
377
377
376
376
377
377
380
377
377
378
379
379
379
377
375
374
376
381
383
384
385
385
385
386
386
385
386
387
389
387
386
386
384
383
383
384
383
386
385
384
386
385
385
386
386
382
382
380
377
378
381
380
379
379
378
381
383
381
382
381
382
384
385
384
382
380
378
379
380
381
383
383
384
384
383
386
382
382
384
384
385
387
386
387
387
390
391
389
388
388
386
383
386
384
381
380
381
382
381
379
378
379
375
380
380
377
374
373
374
379
379
381
383
382
379
379
379
379
380
379
381
382
384
388
386
386
383
385
386
389
388
388
386
386
387
387
388
387
384
385
384
386
388
386
387
386
383
383
383
384
384
383
381
381
381
381
382
384
383
382
376
376
374
373
373
374
376
375
374
378
379
378
375
375
375
376
377
376
379
379
381
382
380
380
382
381
381
381
383
381
379
377
378
376
379
375
371
373
372
373
375
375
371
374
375
376
377
376
379
379
379
379
375
372
372
372
370
367
363
364
365
369
370
366
366
368
369
368
366
366
363
362
358
357
359
359
363
364
365
365
368
368
367
368
366
366
367
367
369
371
368
369
367
367
366
368
367
368
368
372
373
369
369
365
365
365
363
364
364
365
364
370
369
370
367
365
367
363
366
363
365
365
365
365
365
362
362
365
367
370
371
373
373
374
374
372
374
372
372
371
372
373
371
372
375
371
373
373
375
373
374
372
371
367
367
366
366
368
369
372
370
372
372
373
372
372
370
369
369
371
370
370
370
369
372
370
368
369
370
368
369
369
366
367
368
367
368
368
366
366
367
366
365
364
366
367
368
370
371
369
367
369
367
364
365
363
364
363
363
363
366
366
366
369
369
368
369
366
366
368
365
366
364
363
364
365
364
365
370
368
365
367
368
370
371
372
372
372
374
372
371
373
373
372
370
368
369
372
370
372
374
373
373
374
370
371
374
374
373
373
372
373
373
372
371
369
367
369
372
370
369
366
365
365
363
366
365
366
366
367
364
364
364
365
365
363
364
365
363
362
363
363
365
365
368
368
367
368
368
371
370
367
369
366
368
370
368
364
366
366
366
366
365
365
367
370
371
373
369
370
371
370
372
374
372
374
375
377
378
380
382
382
384
382
379
379
381
377
373
376
376
378
378
379
381
380
380
381
380
380
382
380
381
382
382
382
381
380
379
380
381
380
378
380
378
378
380
380
379
381
379
379
382
382
381
378
379
377
375
375
376
378
378
379
377
377
375
376
377
378
378
376
377
375
376
377
375
373
371
372
372
371
371
374
371
370
370
370
369
366
365
369
368
369
370
370
372
370
370
371
372
373
376
374
377
378
379
379
382
385
383
382
380
381
384
384
386
381
378
379
377
378
377
381
379
379
380
378
379
378
378
378
385
384
380
383
381
380
381
382
383
383
381
380
378
377
376
374
373
372
374
374
374
375
373
373
372
373
375
376
375
378
375
376
376
377
376
375
373
377
378
379
380
377
377
377
375
375
374
376
377
377
376
373
374
373
372
370
370
373
369
369
370
371
370
367
369
369
368
369
369
369
370
371
372
372
370
370
372
375
373
373
372
373
374
373
373
375
376
376
376
377
378
376
378
380
377
380
381
382
382
380
381
379
378
376
374
375
374
374
375
375
377
375
374
373
373
372
371
371
371
366
370
371
370
371
372
371
372
370
365
365
366
363
362
362
361
360
361
362
361
362
361
362
363
364
364
366
365
363
363
363
365
365
366
367
370
369
369
367
370
374
374
371
367
369
370
370
371
373
374
373
375
374
373
372
372
372
374
375
374
375
376
375
374
374
372
374
372
375
376
378
379
378
375
374
373
377
377
381
381
379
379
377
381
380
381
382
380
381
379
380
381
381
379
379
379
382
382
382
380
381
378
377
377
376
377
378
380
380
376
372
374
374
373
373
374
372
372
371
372
374
378
379
378
379
379
380
379
380
381
380
379
381
382
381
382
378
376
376
379
378
377
378
375
376
377
375
373
372
372
372
374
373
373
374
375
376
377
376
377
378
375
374
372
373
373
377
375
375
375
377
376
377
382
382
380
379
380
380
384
383
386
382
386
383
383
385
384
383
381
379
377
377
377
379
381
381
382
382
383
383
386
386
385
386
386
388
389
394
395
398
396
394
389
387
387
386
388
387
383
382
381
381
382
384
383
387
385
385
382
383
385
381
380
380
382
381
384
382
385
384
387
388
387
387
388
386
386
384
381
382
381
379
378
380
379
378
378
380
380
381
380
379
381
382
378
378
378
379
379
379
381
384
384
388
389
390
392
389
388
391
385
385
384
386
387
389
387
384
387
387
386
389
388
389
388
385
384
386
389
386
387
388
385
386
383
383
387
387
387
389
389
388
388
388
390
396
399
398
396
396
395
395
396
398
399
400
399
396
395
399
401
402
400
394
395
395
395
396
392
397
397
394
395
393
394
392
389
390
389
391
390
389
387
383
382
383
381
380
379
380
380
382
382
384
382
381
380
382
382
381
384
384
385
384
386
385
385
387
390
388
387
385
387
388
387
388
386
384
384
386
388
388
388
389
389
392
389
389
388
389
389
389
390
390
390
389
390
391
391
391
390
391
391
390
386
384
383
386
386
385
383
385
386
385
387
389
386
383
385
384
388
388
390
384
383
381
378
377
378
379
379
380
379
379
376
379
379
380
381
386
386
383
385
385
387
385
386
386
383
385
387
384
385
388
388
386
387
385
382
383
382
381
380
380
381
378
380
381
382
382
382
384
386
385
384
387
387
385
384
384
386
387
386
383
382
384
388
387
386
386
384
388
388
387
386
389
390
391
390
392
392
392
392
390
393
395
394
395
396
394
393
393
393
391
390
389
391
394
394
395
396
394
393
396
395
393
393
395
397
396
395
395
395
395
394
397
395
391
390
391
391
394
393
393
393
391
393
392
394
393
391
390
391
391
390
390
392
392
393
393
393
391
389
389
389
387
387
384
384
381
380
378
380
382
379
380
385
388
386
384
383
384
385
385
383
378
381
382
382
380
381
378
381
383
381
381
384
383
385
388
387
386
384
383
385
382
381
385
383
383
381
381
384
384
385
384
382
382
383
382
383
385
383
385
388
390
388
385
387
390
393
393
393
394
393
391
393
395
396
399
398
397
396
398
402
403
404
405
406
406
408
410
408
405
403
403
404
403
402
404
405
403
404
405
404
402
403
405
405
404
403
403
403
403
403
404
404
406
406
406
408
410
406
406
406
406
410
409
406
404
405
403
402
402
403
404
400
402
402
402
397
398
401
401
398
398
397
397
400
401
397
392
392
395
396
398
397
397
394
392
394
394
394
394
394
396
395
396
397
393
391
393
395
392
391
394
393
390
389
389
390
391
392
389
388
390
390
389
390
389
391
393
393
393
393
391
394
393
393
391
387
387
388
388
386
387
386
387
387
389
390
390
389
389
388
387
389
392
395
392
395
393
392
394
396
394
397
395
396
398
397
395
392
392
393
393
394
396
397
397
398
397
398
399
401
402
406
403
403
403
401
400
401
400
402
403
404
402
399
400
401
403
404
404
406
407
405
405
407
411
414
415
418
415
416
414
415
416
412
413
413
410
412
412
411
414
416
414
415
417
417
418
418
415
414
414
416
419
421
418
415
417
417
417
418
418
420
420
418
422
419
421
420
416
413
416
414
414
415
413
416
413
415
412
412
412
415
416
417
420
420
418
418
421
419
421
416
418
415
414
418
418
416
418
418
419
418
416
421
420
419
419
417
416
413
418
416
417
419
416
413
412
411
410
409
411
408
404
407
406
409
410
404
403
403
404
405
406
403
402
403
402
401
402
405
405
405
407
407
408
409
408
406
406
404
405
404
406
407
407
406
406
407
407
405
405
404
409
408
411
412
413
415
417
417
417
414
412
413
416
412
410
409
407
410
407
405
406
409
408
411
409
411
410
408
407
407
410
410
409
409
409
408
406
408
405
404
405
402
404
403
402
401
399
402
401
399
399
402
400
403
405
404
407
406
404
403
400
401
402
400
396
398
396
395
397
392
393
393
394
396
396
399
397
391
393
398
398
399
402
401
402
401
400
405
404
403
402
403
404
404
403
403
401
403
405
406
407
410
410
412
409
408
406
407
406
407
408
403
404
406
404
403
402
404
403
404
403
407
406
407
405
403
405
407
408
411
409
408
412
408
408
410
407
408
410
408
408
407
408
409
412
411
413
409
406
407
404
406
407
406
404
406
407
406
405
408
409
410
409
410
411
414
413
412
410
413
413
413
410
411
412
411
410
409
409
411
412
414
413
413
412
410
411
408
409
409
407
409
408
408
407
410
409
415
410
408
411
409
411
411
407
408
411
409
410
411
411
412
411
414
411
413
413
415
414
409
406
406
407
407
407
408
408
406
405
404
404
406
408
407
406
406
405
405
401
403
403
405
406
410
409
410
408
408
408
407
409
409
409
409
408
407
409
409
405
408
412
409
409
412
408
409
408
407
408
408
407
407
405
404
403
403
404
406
405
404
407
407
408
407
410
408
408
411
411
411
409
409
408
407
404
403
402
403
403
404
405
404
406
405
405
406
405
406
410
407
409
410
411
411
414
413
415
415
415
414
413
414
412
412
412
413
411
410
411
410
411
410
413
414
414
414
414
419
422
423
424
425
427
427
425
425
427
426
427
428
427
429
431
429
429
432
436
434
435
434
435
437
436
432
434
435
434
436
437
433
431
430
427
427
428
429
430
429
431
434
430
432
432
431
426
426
429
428
428
425
423
425
423
424
426
428
427
429
431
428
429
427
427
426
427
427
427
427
430
430
429
429
426
429
429
431
429
427
427
425
424
426
425
426
427
426
426
425
425
425
428
428
431
428
429
431
432
436
438
436
438
438
436
434
434
435
434
435
433
431
430
432
431
431
433
433
435
436
434
437
435
432
432
438
438
437
437
437
435
436
438
436
436
435
434
433
433
434
437
441
440
440
438
437
434
435
434
438
438
439
441
444
444
445
445
444
445
446
448
447
447
446
446
446
445
446
441
439
439
436
435
438
439
437
436
438
437
440
441
441
439
439
436
439
440
443
442
442
444
447
447
444
444
442
440
439
439
437
437
437
436
437
438
440
440
439
440
439
440
441
440
440
440
437
437
438
439
440
440
441
439
438
442
440
436
434
433
432
428
429
428
429
429
428
426
426
423
423
426
427
431
433
429
430
428
431
430
429
432
433
432
433
432
431
434
434
436
436
437
434
433
431
431
428
427
429
429
427
427
429
429
429
428
427
427
428
425
423
422
425
424
422
423
423
424
423
424
422
423
426
425
425
428
427
428
430
430
427
426
425
425
427
427
426
425
422
422
419
418
420
420
421
424
423
422
421
421
422
425
426
429
427
427
429
430
428
426
426
426
431
430
429
430
428
431
431
431
431
432
431
430
428
424
424
423
421
421
421
425
424
425
425
429
427
425
427
427
427
426
422
420
421
416
415
415
415
417
416
418
416
415
416
416
413
411
411
413
412
411
412
412
411
410
409
409
408
410
412
412
415
414
417
415
415
421
420
420
420
417
419
418
417
413
410
410
410
410
410
410
409
412
412
414
415
418
416
416
414
414
415
416
415
415
420
422
421
419
417
419
420
420
420
418
422
420
422
421
424
427
428
427
429
427
427
428
427
424
425
422
423
422
421
421
422
419
421
421
421
417
421
422
420
422
420
421
422
421
423
422
420
419
418
417
418
415
418
418
420
420
419
418
420
418
421
420
421
422
425
425
424
425
429
425
427
425
429
431
429
430
426
425
426
426
426
428
426
424
422
422
418
419
420
420
420
418
418
418
419
420
421
418
419
419
418
417
417
418
414
416
417
418
412
413
415
416
415
414
414
414
415
419
415
417
417
417
416
416
418
418
415
413
414
416
417
413
417
416
415
416
418
417
417
416
416
417
415
418
418
416
416
417
418
418
418
416
420
421
422
420
418
418
418
415
417
415
415
417
420
420
419
417
418
417
420
422
421
420
422
423
426
426
425
423
425
426
424
427
425
425
425
422
423
423
424
424
425
425
424
424
421
421
418
419
421
419
417
415
416
416
415
417
418
418
418
417
418
421
421
423
420
419
417
418
419
418
422
423
424
424
425
422
422
420
419
420
419
417
420
417
415
415
417
420
418
416
415
414
417
417
419
420
421
420
424
422
422
420
421
421
424
424
425
422
422
421
422
420
420
419
418
419
421
418
417
417
420
420
417
420
418
418
415
414
415
416
418
421
423
424
422
421
415
417
416
417
417
419
416
415
419
417
416
418
416
416
416
417
417
417
417
417
421
416
418
418
419
423
423
424
424
426
430
433
436
432
434
431
430
425
426
423
423
423
422
423
424
425
431
431
433
434
435
429
424
425
424
425
427
428
429
431
430
428
427
426
427
428
428
436
437
435
434
435
437
439
438
439
439
436
437
437
435
436
437
438
437
435
437
440
438
438
440
441
442
439
436
433
427
427
429
428
428
430
429
430
435
430
431
429
432
433
432
432
432
430
432
432
436
434
432
432
434
433
432
432
432
433
434
432
430
430
426
425
427
427
427
425
423
424
425
425
427
429
423
423
421
423
422
422
420
423
421
423
424
425
427
425
422
423
422
424
422
423
424
425
427
427
426
424
423
423
424
425
423
419
422
423
422
420
421
420
423
422
420
417
421
420
417
414
413
416
415
415
413
414
416
416
415
414
415
419
421
421
424
420
419
419
420
421
424
424
424
419
422
424
424
423
422
420
421
420
423
425
422
425
422
418
418
418
417
414
416
414
413
414
413
411
410
409
409
410
410
412
411
413
416
420
420
421
420
421
422
418
420
420
421
420
419
419
422
423
423
417
414
413
414
417
417
418
416
417
418
418
418
416
423
418
418
418
418
418
417
416
415
416
417
416
416
414
415
414
414
414
416
416
417
421
423
422
419
420
419
419
416
422
422
421
421
421
422
420
416
413
415
415
413
412
415
414
413
411
416
410
409
410
410
411
411
409
409
412
414
415
414
415
415
414
408
407
405
409
410
410
408
406
408
408
409
409
410
412
412
411
410
411
412
415
417
417
416
417
414
414
413
414
415
414
419
418
417
418
420
422
424
421
422
424
425
424
423
426
427
426
425
429
428
425
425
423
422
423
422
425
423
423
420
422
422
423
425
428
425
425
423
422
423
422
422
421
422
422
421
419
420
419
421
420
420
419
420
420
419
416
418
418
418
418
420
423
423
422
420
420
421
421
424
423
423
427
427
426
426
425
422
422
424
425
423
423
423
422
425
425
424
424
424
425
424
423
423
425
425
426
426
424
421
420
420
418
419
418
418
417
418
421
424
422
422
423
421
418
418
417
415
412
411
410
410
413
411
414
413
415
413
416
413
415
418
420
419
419
416
417
419
422
422
422
420
416
415
415
418
416
415
418
418
420
424
423
422
421
424
428
426
425
424
425
424
423
422
422
420
423
421
424
423
423
421
423
427
429
427
429
432
428
426
428
424
427
429
429
425
420
419
419
421
420
420
417
416
417
417
417
417
416
416
413
410
408
410
411
415
416
415
413
415
414
413
413
413
414
412
410
411
412
413
416
417
413
412
410
406
407
409
411
410
412
412
410
411
409
409
410
412
