0.0006244827586206897 0.0005903448275862068
300
295
294
289
281
272
267
266
260
255
254
252
248
247
246
247
241
240
237
237
235
236
238
239
240
237
235
236
236
236
239
236
234
231
232
229
229
233
233
232
233
231
231
232
234
231
231
232
232
232
229
228
226
226
227
225
221
219
220
221
223
220
222
224
226
227
228
227
228
225
224
223
223
224
221
220
220
220
219
219
220
223
223
224
226
226
227
227
228
227
229
228
228
227
225
226
229
228
225
227
227
227
226
226
226
227
227
227
227
229
230
231
229
228
227
228
227
228
226
226
225
227
227
227
229
228
226
225
223
227
227
228
227
225
221
221
218
218
218
217
216
216
215
214
214
213
212
213
213
215
216
215
214
214
215
216
216
216
215
216
215
215
216
214
213
214
215
213
213
214
215
214
213
212
214
212
211
211
211
208
208
208
208
208
211
212
214
214
214
213
212
213
211
212
211
211
212
212
212
213
213
213
211
213
213
213
213
213
213
212
212
213
217
219
215
215
213
214
212
212
211
213
215
213
215
213
213
212
214
220
220
217
216
215
215
213
215
213
214
211
211
212
212
214
214
215
215
215
213
211
214
213
213
214
214
213
214
214
213
213
211
210
207
205
205
207
210
210
208
207
208
210
210
210
210
209
208
210
214
214
214
213
213
213
212
212
211
211
211
210
209
211
209
208
208
210
211
211
213
212
213
213
211
209
211
211
211
210
207
206
203
204
205
205
205
204
204
206
206
206
206
208
207
207
207
207
208
208
208
205
205
207
207
207
205
207
207
209
209
209
209
210
212
212
211
211
209
208
208
208
209
208
207
204
206
204
204
204
203
204
203
204
203
203
203
202
200
201
203
203
204
204
202
202
204
204
203
202
203
203
202
203
203
204
204
204
204
204
204
203
203
201
200
200
199
197
198
198
199
200
202
199
199
198
200
201
201
201
201
198
196
196
197
195
195
195
196
195
195
195
195
195
195
195
196
196
195
194
195
197
196
195
194
194
193
193
193
193
192
193
194
193
189
188
189
189
188
188
190
190
188
188
188
189
189
191
189
192
192
192
193
192
192
192
193
192
193
195
195
195
194
192
191
191
191
191
191
191
193
191
191
189
189
189
187
186
187
187
187
187
188
190
192
192
190
190
188
188
190
188
189
189
189
189
190
190
191
191
191
190
190
189
189
190
189
188
189
190
192
192
193
191
191
191
190
191
192
192
192
193
195
195
193
192
193
193
191
192
190
190
188
188
187
187
186
187
187
185
187
186
186
187
189
187
187
187
186
186
185
185
184
183
183
183
183
183
183
184
182
182
184
184
185
187
187
186
188
187
186
185
185
186
186
185
185
185
185
184
184
185
185
188
187
188
190
189
189
190
187
187
187
188
187
186
187
185
184
183
185
184
184
182
184
185
184
184
184
184
183
184
183
183
181
182
183
184
184
181
181
180
184
184
182
182
180
181
181
182
182
181
182
182
182
181
181
181
180
180
182
182
181
183
183
184
185
185
182
181
181
181
181
181
180
178
177
178
178
178
178
179
179
180
182
182
181
183
183
184
186
185
185
185
186
186
186
186
186
187
186
185
184
185
184
185
185
182
183
185
185
185
183
183
184
182
182
182
180
180
180
180
182
180
180
179
179
181
182
181
184
187
187
186
187
188
187
186
186
186
188
187
187
185
185
186
184
184
182
180
182
181
181
181
182
182
183
182
182
179
180
180
180
180
180
180
181
181
182
181
179
181
181
182
182
183
182
182
182
180
182
184
183
182
184
184
185
185
185
183
183
185
183
184
185
185
185
186
186
188
187
187
187
189
187
190
190
190
190
190
191
190
189
187
186
186
186
186
184
183
183
184
183
184
184
183
184
187
187
187
186
186
187
186
185
184
184
183
183
182
180
179
180
182
180
181
181
181
182
182
182
180
180
179
179
179
180
179
180
180
179
179
180
178
178
179
179
179
180
179
178
176
175
178
178
179
180
180
181
182
182
182
182
181
181
182
183
183
185
182
183
184
184
182
183
181
184
185
185
185
184
187
188
184
182
181
180
181
177
178
179
179
179
179
183
182
182
181
181
183
181
181
181
181
181
178
183
185
184
185
183
184
183
182
182
182
182
183
182
180
179
182
182
180
180
180
181
183
184
183
180
179
181
182
183
180
180
179
180
181
181
180
180
179
180
177
178
180
181
178
177
178
179
178
177
177
177
176
175
173
174
175
175
177
178
178
179
176
176
175
175
175
177
177
178
179
176
174
176
176
178
176
175
176
177
177
175
176
177
177
176
177
178
178
180
179
179
178
179
179
179
178
180
180
180
180
179
179
179
179
179
178
178
179
177
177
177
178
177
176
176
177
178
178
177
176
176
176
176
177
178
176
175
177
177
172
173
172
173
174
173
174
174
174
174
173
173
173
173
172
173
174
173
174
175
175
174
174
174
175
178
178
178
176
176
177
176
179
177
178
174
172
173
172
173
174
174
173
173
175
174
175
173
173
174
174
174
172
173
172
173
172
171
171
170
171
172
170
170
170
172
172
172
174
173
172
172
172
171
170
169
170
170
172
170
170
171
170
169
168
168
167
167
167
169
169
170
170
171
171
170
170
171
170
172
172
173
173
173
172
171
171
170
169
169
167
169
169
167
169
168
168
168
167
167
169
172
171
171
171
171
173
172
172
172
172
172
174
173
175
175
176
176
176
174
174
172
173
173
172
171
171
171
171
174
174
172
171
170
171
171
171
172
172
173
171
171
171
171
171
171
171
171
169
170
170
172
175
175
176
175
174
172
173
172
172
172
171
171
170
171
171
170
169
168
169
171
173
171
170
169
170
169
170
169
170
170
171
172
172
174
175
176
177
177
176
177
175
174
176
176
177
175
175
176
177
177
175
174
174
175
171
172
172
172
173
173
172
173
172
172
173
173
171
173
172
173
172
171
172
172
172
173
173
172
171
171
171
171
170
172
174
176
174
173
172
172
172
172
169
169
168
167
167
166
167
169
169
169
168
168
170
166
165
164
164
164
165
163
163
163
164
163
164
168
168
166
167
169
172
171
174
173
172
171
171
169
169
167
166
167
167
164
163
164
164
163
164
163
165
166
167
169
168
165
165
166
168
166
165
165
164
163
163
163
165
164
166
166
166
166
166
164
164
164
165
167
169
165
165
167
168
168
165
164
163
163
163
164
166
168
169
169
169
168
167
167
168
167
167
168
167
166
165
165
164
163
163
164
163
163
163
163
163
166
165
163
161
162
161
163
163
163
164
164
166
166
168
169
169
169
169
170
168
170
169
169
169
168
168
167
169
169
169
170
169
169
169
169
169
168
168
167
168
168
168
164
163
164
165
165
165
167
167
167
167
168
168
168
167
167
168
166
166
166
166
164
164
166
166
168
169
170
169
169
168
168
166
163
163
164
166
166
164
163
161
162
161
162
161
161
163
163
162
163
165
165
165
165
164
164
165
167
165
164
167
165
164
164
163
164
165
165
165
163
162
162
164
164
164
164
164
164
165
165
168
168
166
167
167
167
166
166
163
161
161
161
161
163
162
162
161
163
163
164
164
163
162
162
162
162
162
164
163
162
161
161
162
163
163
163
164
166
164
164
164
162
163
164
164
165
165
164
162
161
160
158
158
159
161
162
160
160
160
160
161
162
161
161
161
162
162
162
160
160
160
162
162
162
161
159
159
160
160
160
160
160
160
164
163
163
161
164
163
162
162
162
163
163
163
164
164
163
165
165
166
164
162
163
164
164
164
165
164
166
165
165
164
163
163
163
163
162
162
160
160
161
160
161
163
163
162
163
162
162
163
163
163
161
162
162
161
163
163
164
164
164
166
165
165
165
165
164
165
165
166
164
163
163
162
161
161
162
163
163
164
163
163
164
164
164
164
165
165
165
168
168
167
166
167
167
167
168
167
167
167
167
168
167
167
167
166
165
164
165
166
164
164
163
163
165
165
164
164
165
165
164
164
165
166
166
165
162
161
162
162
162
164
162
162
162
162
161
162
161
160
160
159
159
156
156
157
156
157
157
156
157
157
156
158
158
159
158
160
160
159
160
161
160
160
159
159
159
158
160
160
158
159
159
160
162
163
163
165
168
169
170
169
170
168
167
167
168
167
165
166
165
166
165
165
163
162
162
162
161
161
161
162
161
160
159
158
158
159
159
159
158
158
157
156
157
157
157
156
156
156
157
158
158
159
159
158
158
156
157
158
158
158
158
158
161
161
162
160
161
160
162
162
162
161
161
160
161
161
162
160
160
161
161
161
162
162
163
163
163
163
162
162
159
161
162
162
162
161
160
161
162
161
160
160
161
162
163
163
163
160
162
163
165
166
166
165
163
162
165
165
165
166
166
166
165
166
165
165
165
167
164
165
164
165
166
166
165
164
165
165
165
164
163
163
164
163
165
166
165
166
165
165
163
163
161
159
160
161
161
161
161
163
163
163
163
163
160
161
161
161
161
162
161
160
160
161
160
160
157
157
156
156
157
157
155
155
156
156
159
159
159
160
159
159
159
157
157
156
156
156
156
159
160
160
164
166
164
161
160
160
160
162
163
160
160
160
159
159
160
158
159
159
157
156
155
155
155
155
155
155
156
157
157
157
159
160
160
158
157
157
158
158
160
159
159
156
155
156
156
158
158
158
157
157
154
153
153
153
154
154
154
155
154
154
154
157
156
155
157
157
157
157
157
157
157
157
158
157
158
157
156
156
156
155
155
154
154
155
155
155
154
154
153
154
157
155
155
155
152
153
152
154
155
155
155
153
152
151
151
151
150
151
151
151
152
152
151
150
151
152
150
150
151
149
149
149
149
149
148
148
148
148
148
149
149
149
149
148
148
149
150
150
151
151
151
150
150
151
151
150
150
150
150
152
152
153
152
152
153
152
152
153
152
150
150
152
151
151
150
151
151
153
155
156
156
156
158
157
157
158
157
155
156
155
156
157
157
157
157
155
155
154
154
153
153
153
151
151
152
152
151
151
150
151
152
150
151
150
150
148
148
148
148
149
149
150
151
152
153
154
155
155
155
151
151
151
153
153
152
151
150
150
150
150
151
151
150
153
152
152
153
152
152
152
152
152
152
153
152
151
151
150
150
149
150
150
150
150
150
150
151
150
148
148
147
149
150
149
150
151
151
151
148
149
149
151
152
151
151
147
147
147
147
146
148
149
150
150
149
148
148
149
148
149
151
151
150
150
151
151
151
152
151
151
150
150
150
148
148
146
145
146
147
147
148
148
146
147
148
148
148
149
150
151
150
151
151
150
152
150
149
149
148
149
149
151
151
150
151
153
152
152
154
153
151
151
151
151
152
151
151
150
150
150
150
150
150
149
149
150
152
152
152
153
152
152
153
154
153
154
152
153
153
153
152
152
151
150
151
153
154
154
152
151
151
151
151
151
149
149
149
149
149
149
149
149
147
148
148
148
150
151
150
151
151
149
149
149
148
148
148
149
150
150
151
153
154
156
156
154
154
154
153
154
155
156
154
157
156
158
157
156
155
156
155
153
154
154
153
152
152
152
152
149
150
147
146
148
148
147
146
149
150
148
148
148
146
146
146
147
147
147
148
148
150
149
149
147
148
149
149
151
151
150
151
152
155
155
154
153
152
154
156
155
156
157
158
157
157
158
159
160
159
157
159
157
158
158
158
160
159
158
156
155
154
157
156
156
153
152
149
147
146
146
146
145
146
148
148
149
150
151
152
151
149
150
150
149
151
150
153
151
152
151
151
150
149
148
148
148
149
146
147
146
146
147
147
147
146
147
147
147
147
145
146
147
148
148
150
149
148
149
147
147
147
147
144
145
143
144
145
144
145
145
142
143
144
142
142
143
142
141
140
140
141
142
142
141
141
139
139
141
141
143
142
141
140
138
139
140
139
140
139
139
140
142
138
139
139
139
139
139
139
140
140
140
140
139
139
139
140
140
142
143
141
140
139
139
139
139
139
140
141
142
143
144
143
143
144
144
146
146
146
146
146
146
145
144
146
147
148
147
148
146
145
145
147
147
147
147
149
149
148
146
147
148
148
146
146
147
148
147
146
146
146
146
146
146
147
147
146
145
143
143
140
140
140
141
142
143
144
144
144
143
144
145
143
143
143
144
142
142
140
139
139
139
139
140
140
140
139
139
139
139
139
139
140
140
139
139
138
139
139
139
141
141
141
142
142
142
142
142
144
145
147
146
143
143
143
145
144
142
142
141
142
143
144
143
144
144
142
142
144
145
146
146
146
145
145
146
144
145
144
144
143
143
143
144
145
145
144
145
145
145
144
144
143
142
141
141
139
139
140
139
142
143
143
143
142
140
138
138
139
138
138
138
140
141
141
142
140
140
139
142
143
142
140
141
143
144
144
145
146
146
145
147
146
146
144
144
144
147
145
145
144
145
143
143
143
142
141
140
140
141
143
144
144
144
144
142
140
137
137
139
139
139
139
137
138
138
139
139
137
137
137
135
135
136
136
136
137
136
136
135
137
139
139
140
140
141
138
138
138
138
138
140
140
142
143
143
142
143
141
140
140
141
139
139
140
139
139
139
139
141
141
141
144
143
143
143
141
142
141
140
140
140
139
138
138
139
139
139
139
138
138
138
139
140
140
140
141
141
142
142
141
139
138
139
139
138
137
137
137
137
137
136
135
135
136
135
136
136
136
136
136
138
137
139
139
141
139
136
135
136
137
137
138
138
138
137
139
139
139
139
139
138
137
137
135
136
136
136
136
133
132
131
133
134
133
133
135
135
134
133
132
133
132
131
130
131
131
131
131
131
131
134
137
138
138
139
140
142
137
137
138
138
137
137
137
138
138
137
138
139
139
139
138
138
136
138
140
141
141
141
140
140
138
136
137
136
136
137
136
138
138
136
135
135
135
136
136
136
136
138
140
139
139
139
139
140
143
145
143
142
143
144
145
146
147
146
148
147
142
141
140
140
138
138
137
137
137
138
138
138
139
138
137
137
137
137
136
136
136
137
137
135
135
135
137
137
136
135
135
135
135
136
135
133
134
133
134
134
136
135
135
136
137
138
136
136
134
134
135
135
136
135
135
135
136
136
135
136
136
136
135
134
134
134
133
133
131
132
131
132
131
131
131
132
134
133
134
134
134
134
134
134
135
133
133
132
131
131
132
132
132
133
133
134
134
134
135
134
134
133
135
136
137
137
136
135
136
135
135
133
132
132
132
131
131
131
131
132
132
132
132
133
133
133
133
135
134
132
133
133
134
135
135
137
136
134
134
133
132
132
134
134
132
131
131
131
130
130
132
132
133
133
132
131
131
131
131
129
131
131
131
132
133
133
133
132
132
132
133
131
130
130
129
128
128
128
127
128
128
128
127
128
129
129
129
129
127
127
126
127
127
126
126
126
128
128
129
128
129
131
132
132
131
131
131
129
129
129
128
128
129
129
128
128
129
129
130
128
128
129
130
130
130
130
129
130
130
131
133
132
131
130
132
132
133
134
134
133
133
133
132
131
131
132
132
132
132
132
132
134
134
135
137
137
138
137
136
136
132
131
131
130
132
132
132
131
130
131
131
132
132
131
131
130
129
129
129
128
128
127
128
128
128
130
130
131
130
131
131
132
131
130
130
131
131
132
134
133
133
134
134
134
135
135
132
130
130
130
130
130
129
129
130
132
132
131
131
131
130
129
129
129
129
130
131
131
131
131
131
133
133
133
133
133
133
133
133
133
132
132
132
133
133
133
134
134
133
135
134
135
133
132
133
133
134
135
136
134
134
134
131
131
131
131
131
131
130
130
130
129
129
129
129
130
129
129
130
130
131
130
129
128
128
129
130
130
130
131
130
132
135
137
138
136
136
131
128
129
126
125
124
125
125
126
127
127
128
129
129
130
130
130
130
129
130
131
131
130
131
133
132
132
130
131
131
131
129
129
130
129
128
128
128
129
129
129
129
130
129
130
130
131
130
130
131
131
135
132
131
132
131
130
130
128
128
126
126
126
128
128
128
128
130
128
128
129
129
128
127
128
129
130
130
131
128
127
127
126
126
126
128
128
129
129
129
131
130
131
133
133
132
134
136
137
138
138
136
138
138
136
137
137
137
138
138
136
135
134
131
132
131
133
134
133
133
133
133
133
136
135
134
134
135
137
139
138
139
138
137
137
136
137
135
134
134
133
134
136
135
133
132
131
132
133
132
132
135
131
127
127
126
126
126
125
125
128
126
125
125
125
125
125
125
125
125
125
126
127
127
127
128
128
127
127
127
125
123
123
124
125
126
126
125
127
127
127
127
127
126
126
127
126
127
126
126
126
126
126
124
124
125
127
126
125
125
126
127
126
127
128
128
126
126
126
125
127
128
128
127
127
128
128
128
128
127
127
128
128
126
126
126
127
127
126
126
126
125
127
127
127
126
128
126
125
125
124
124
124
124
125
125
125
123
123
123
124
123
121
121
121
122
122
122
122
122
122
122
122
124
124
123
122
121
121
121
121
122
123
122
123
124
124
125
125
125
125
127
127
127
125
124
126
124
121
121
121
122
122
123
124
124
124
124
126
127
127
127
128
128
128
129
128
129
128
129
128
128
128
128
127
126
127
127
127
127
126
126
126
125
124
125
126
128
129
128
128
128
127
127
127
126
126
125
127
127
126
127
127
127
131
132
133
132
130
130
131
132
133
133
134
132
131
132
133
133
133
134
133
130
130
132
131
131
133
132
133
134
135
134
133
132
130
131
132
132
132
133
132
131
131
128
127
127
127
127
126
126
127
127
128
128
127
127
127
126
126
126
126
124
124
123
123
122
122
122
122
123
123
124
124
124
124
124
124
123
124
126
126
127
128
127
126
126
126
127
126
127
127
127
127
124
126
127
126
124
124
124
124
124
124
124
124
123
123
123
121
121
121
122
122
123
124
123
122
122
122
124
123
122
122
122
121
122
122
123
123
125
126
126
127
127
128
131
133
131
133
131
132
131
130
130
129
131
130
130
129
129
128
126
128
128
130
132
132
133
133
131
129
130
130
127
128
126
126
126
127
127
127
130
128
128
124
124
123
122
123
123
124
123
123
124
124
124
124
124
124
124
125
125
126
125
126
127
128
127
128
128
128
130
130
129
126
126
126
126
126
127
128
128
128
127
126
126
126
127
127
127
126
126
126
126
126
127
125
125
126
128
129
131
133
131
131
131
131
130
132
133
133
130
130
131
132
132
131
129
128
128
127
128
129
129
129
129
130
130
131
131
130
127
126
127
127
126
126
127
129
131
129
128
128
128
128
129
128
126
125
126
125
125
125
125
127
129
128
126
125
126
126
127
126
126
127
128
128
127
127
127
127
126
128
127
126
125
126
127
127
127
128
128
130
130
130
130
130
130
128
127
127
129
129
128
125
124
124
124
124
125
124
123
124
124
125
125
125
124
121
122
123
124
127
127
128
129
129
129
130
129
129
129
129
129
128
127
127
125
126
125
126
128
128
126
125
127
127
127
123
124
124
123
123
123
123
124
122
122
122
120
121
121
120
121
122
122
122
122
122
123
124
123
124
127
125
125
124
124
122
122
121
123
125
125
125
125
125
126
126
127
125
127
126
126
126
126
125
125
125
127
128
127
127
128
129
129
128
127
126
126
126
126
127
127
126
126
126
127
126
127
127
129
128
129
128
128
127
127
127
126
125
125
125
125
126
125
125
125
125
125
124
123
123
124
125
125
124
124
124
124
125
124
124
121
121
121
121
121
121
121
122
123
121
122
122
122
121
120
120
120
120
120
121
121
121
122
124
124
124
123
124
123
124
123
122
122
122
120
120
120
120
120
120
121
121
121
120
119
119
119
119
117
117
118
118
118
118
118
117
116
117
117
118
118
120
118
119
118
118
117
117
117
117
117
118
120
119
119
118
118
120
119
119
119
118
119
115
118
118
118
117
116
115
115
115
115
116
115
115
115
115
115
116
115
116
116
115
116
117
116
115
114
114
116
116
116
115
115
115
113
113
113
114
114
114
114
114
114
115
116
116
115
117
116
116
116
115
114
114
116
116
116
116
116
117
116
116
119
119
118
116
117
117
118
117
118
118
116
118
117
119
119
119
119
121
122
121
121
120
120
121
121
121
121
121
121
120
121
121
121
121
122
122
122
123
123
123
123
124
124
123
123
123
123
122
122
122
122
121
119
120
122
121
120
122
122
122
121
117
120
120
122
123
123
123
123
123
122
123
122
122
121
120
121
120
120
120
119
118
119
119
121
121
121
121
119
121
120
121
120
120
120
120
117
118
118
117
118
118
118
118
118
117
116
118
119
118
118
119
117
116
115
115
115
114
115
115
115
117
117
117
116
116
116
117
118
117
117
116
117
118
118
118
116
118
118
119
119
119
119
120
118
118
117
118
118
117
118
117
115
115
115
114
114
115
115
114
113
113
112
112
112
113
113
113
112
115
115
115
115
115
114
115
116
115
115
114
112
111
111
111
113
114
116
115
114
115
115
115
114
115
116
117
117
117
116
116
116
115
114
114
113
113
115
115
115
115
115
113
111
111
111
113
113
114
114
114
115
115
114
114
112
113
112
113
113
113
115
114
114
113
112
112
112
111
111
112
112
114
115
116
116
115
117
117
116
115
115
113
113
111
113
113
115
112
112
112
112
113
111
109
109
109
110
111
111
111
111
113
112
112
111
109
110
112
114
113
113
112
111
111
110
110
111
111
111
113
113
112
112
113
112
112
110
112
113
113
112
112
112
112
113
114
113
113
112
113
113
113
115
115
115
114
113
113
112
111
111
111
112
114
112
114
114
114
113
114
113
113
112
113
113
111
111
111
111
111
110
112
113
113
110
110
112
112
113
113
112
112
112
112
112
112
112
111
111
111
111
111
110
110
109
109
110
111
111
111
111
111
110
112
110
110
111
111
110
108
108
110
110
108
108
108
107
107
108
108
108
107
107
107
109
107
107
107
108
107
107
108
107
107
107
107
108
109
109
109
109
109
109
110
112
113
113
113
113
113
112
113
112
112
111
110
110
110
109
109
110
110
111
111
113
114
116
116
116
118
117
117
116
116
115
115
115
115
114
114
114
113
114
114
114
114
113
111
111
111
111
110
110
109
111
110
110
109
109
109
110
110
110
110
110
111
111
110
110
111
111
110
110
110
110
110
111
111
111
111
112
111
110
110
109
108
109
110
110
110
110
109
109
109
109
110
110
111
111
111
112
111
110
111
111
111
111
110
109
108
108
108
107
106
105
104
104
105
105
106
105
106
108
109
110
110
110
110
111
110
110
111
111
111
112
114
112
112
110
109
110
112
113
113
111
111
110
110
110
110
108
107
109
109
108
109
109
109
108
108
108
108
108
108
107
106
106
106
