0.0008975862068965518 0.00031724137931034486
300
295
296
293
291
288
281
280
277
275
275
277
276
276
275
274
274
275
274
274
275
276
278
278
278
277
278
280
282
282
282
281
281
278
274
275
274
273
274
274
274
274
274
276
279
278
280
280
278
277
279
279
278
280
281
278
279
278
279
279
279
278
279
280
280
280
279
280
281
278
279
282
282
284
284
284
286
286
285
285
283
283
280
280
281
280
282
281
279
282
282
282
281
281
282
282
282
283
282
282
284
284
284
283
285
282
284
285
282
282
284
283
285
285
286
285
287
290
292
293
290
291
288
289
289
289
289
290
291
293
294
289
289
289
290
290
291
291
291
292
292
292
293
293
290
288
289
289
291
289
290
288
291
293
293
293
293
294
296
296
294
295
296
297
299
298
296
298
299
302
301
300
301
300
299
299
301
301
302
302
302
301
302
304
304
303
304
304
304
303
303
303
302
301
298
297
297
297
297
299
303
304
305
305
304
304
302
304
304
304
303
303
302
304
305
304
303
304
303
302
301
301
301
303
304
306
306
304
303
304
306
307
309
310
310
312
313
315
318
316
314
314
311
312
311
310
310
310
311
312
311
311
310
314
314
313
313
313
312
310
309
307
310
309
308
308
308
305
307
304
305
305
305
304
304
303
304
307
311
306
304
304
303
303
304
305
306
308
309
309
308
307
309
308
309
309
309
310
312
309
306
308
307
307
308
309
309
311
311
308
309
311
312
313
313
314
316
314
315
315
315
315
314
314
315
318
315
316
318
315
316
316
316
318
318
316
316
317
317
318
319
320
321
323
325
327
327
324
325
324
325
326
326
323
323
322
320
320
319
320
320
321
322
322
321
326
325
328
328
329
327
328
327
329
329
330
331
330
331
334
334
334
333
332
332
332
333
332
332
333
336
334
331
332
331
333
334
334
334
333
331
332
330
331
332
331
332
331
332
333
330
330
333
334
334
334
334
334
337
337
337
339
337
338
338
337
335
337
338
337
336
339
340
342
343
344
345
343
342
342
341
339
342
340
340
337
337
339
337
336
339
338
335
335
335
333
333
335
337
337
338
337
339
340
340
339
339
340
342
346
344
343
345
345
343
344
344
340
341
341
340
342
342
341
342
344
347
347
346
344
345
344
343
343
344
344
341
338
340
341
340
342
344
341
341
343
341
344
345
341
341
342
340
338
336
337
337
335
336
337
336
336
336
339
338
338
338
339
336
337
337
337
337
335
335
336
335
335
336
336
337
336
335
336
335
334
333
334
336
338
339
340
342
342
340
340
341
343
341
340
342
343
342
343
347
349
347
348
345
344
349
349
350
353
354
353
353
355
357
356
357
358
357
356
355
356
354
353
355
356
357
360
358
356
357
358
358
361
359
359
359
359
360
362
360
360
361
360
362
363
365
365
365
363
364
362
363
365
363
361
361
361
359
358
359
359
359
359
358
362
363
361
362
362
360
363
364
365
362
366
368
367
369
368
370
369
370
369
367
365
365
365
367
368
366
365
365
363
359
358
359
359
358
359
362
362
365
363
362
363
366
366
366
362
363
366
369
370
369
368
368
369
367
367
369
374
378
374
372
379
376
377
378
377
377
373
373
377
379
376
375
372
371
370
369
369
371
371
372
370
372
373
373
373
371
372
374
373
373
374
373
374
374
373
374
375
379
380
379
380
383
381
381
381
382
381
382
382
382
382
382
378
376
379
379
380
381
381
380
379
380
382
381
381
386
389
387
386
385
382
383
385
386
387
387
388
392
391
393
393
391
391
392
390
391
391
390
389
388
387
393
393
392
391
392
391
391
392
392
393
393
391
389
390
391
391
392
390
387
387
387
387
390
391
393
393
392
393
391
393
396
396
394
392
392
393
393
395
395
395
396
394
395
394
392
390
389
389
388
388
387
387
388
390
391
389
388
387
388
388
386
385
385
383
383
385
388
388
390
391
393
392
390
390
389
391
392
390
391
390
394
394
395
393
396
394
394
393
390
390
389
389
387
388
388
387
388
389
390
390
391
390
390
388
388
392
393
391
394
395
394
395
397
398
399
401
402
403
405
404
404
403
404
404
404
402
401
402
404
401
399
400
401
402
402
403
405
407
407
408
409
408
410
411
411
413
414
413
413
412
412
412
413
415
414
412
411
411
415
412
413
413
415
415
418
416
418
416
418
417
414
412
413
413
412
412
414
413
414
412
413
414
414
416
417
416
416
416
417
415
416
415
417
413
412
412
410
410
412
413
413
413
412
412
412
412
410
412
415
414
414
414
414
415
419
418
420
419
421
421
421
421
421
422
426
422
424
426
426
427
425
425
423
428
429
428
428
428
427
428
425
426
428
432
434
430
433
431
431
432
433
436
435
435
437
437
437
431
431
428
430
429
428
426
425
426
427
427
431
431
431
433
429
428
428
430
431
438
435
439
439
438
437
436
437
435
434
431
431
434
439
438
438
438
436
436
439
433
435
434
434
435
435
433
431
431
432
432
430
427
426
427
424
425
423
423
428
428
426
430
429
429
427
426
423
422
420
422
423
424
424
424
423
421
420
421
423
426
430
431
429
431
430
431
431
429
427
429
429
430
430
431
434
435
432
435
435
436
438
432
432
431
432
431
429
430
431
430
429
425
424
425
426
427
430
430
429
428
431
427
427
428
430
430
431
431
433
436
434
432
430
430
430
428
427
426
423
424
428
424
426
429
431
434
432
434
433
431
431
427
426
425
424
425
422
421
424
425
424
424
426
424
423
424
423
423
427
428
430
429
427
426
425
425
425
424
424
420
421
424
425
425
426
426
427
427
430
429
430
430
429
428
429
431
429
427
426
426
424
424
425
425
426
425
425
424
426
427
427
428
427
428
431
430
430
433
433
434
434
434
433
436
435
436
439
438
440
440
439
440
443
442
442
444
445
444
445
445
443
442
442
440
439
439
438
439
437
437
436
433
431
433
434
436
438
440
439
443
444
443
443
444
443
441
443
443
442
445
444
441
441
440
440
444
448
446
442
440
443
440
440
436
438
442
439
440
440
438
436
433
434
435
437
437
437
438
435
433
433
429
432
435
433
432
433
438
436
440
436
435
433
433
436
434
437
439
436
438
437
434
433
433
433
433
433
433
432
435
435
439
439
441
442
442
444
445
447
445
443
443
446
446
444
441
443
444
442
439
437
438
437
438
438
438
440
438
440
440
442
440
442
440
440
438
440
439
439
438
441
445
445
448
449
449
450
450
449
450
451
452
452
453
454
455
457
455
454
458
458
456
456
453
455
453
453
456
456
455
452
450
451
451
448
447
445
446
449
448
448
448
447
445
448
449
450
449
449
448
449
448
449
446
448
449
449
449
446
451
456
459
457
457
458
457
459
460
459
457
458
455
456
454
452
454
456
454
456
454
455
457
459
459
458
458
460
460
458
457
459
457
457
458
459
458
460
459
461
461
460
459
457
460
460
459
462
461
461
461
461
461
463
464
463
467
468
466
466
466
469
468
465
466
466
471
470
470
469
467
468
466
466
466
463
463
462
463
462
461
462
460
462
463
463
463
461
461
459
458
458
459
457
456
453
452
452
453
455
456
457
455
457
459
463
460
460
459
459
455
449
448
448
453
451
449
450
452
455
455
455
458
459
459
454
459
462
461
457
458
457
459
456
457
456
457
459
463
464
464
463
460
461
463
464
463
465
462
461
461
459
456
457
454
454
458
456
456
456
456
459
461
461
461
464
461
462
464
463
462
464
464
467
468
467
469
467
467
462
462
459
461
462
462
463
465
467
462
470
468
467
468
468
467
468
466
467
467
470
464
459
462
458
459
459
458
457
460
463
466
467
465
470
468
471
469
469
468
466
466
464
465
462
463
459
464
465
466
468
468
471
468
468
467
464
461
459
460
462
463
464
461
463
465
467
466
466
467
465
468
465
468
468
468
468
468
466
467
468
465
465
465
465
464
464
467
466
469
466
465
467
468
469
473
475
475
474
474
472
472
472
472
473
471
474
473
470
469
469
467
466
467
467
468
470
468
471
475
474
473
474
471
470
471
472
473
474
472
471
471
470
472
474
475
474
470
473
478
474
473
475
476
476
475
478
480
481
479
480
480
485
484
483
480
479
482
478
477
477
477
480
482
482
482
476
474
475
474
478
478
479
476
478
480
482
482
481
481
481
483
484
485
484
482
484
486
488
486
483
481
481
479
482
481
480
480
480
479
481
483
483
484
488
489
489
491
488
488
484
482
483
486
484
484
484
480
480
483
483
484
482
483
481
485
485
486
487
486
486
489
492
490
490
489
493
494
493
495
497
497
497
494
495
493
494
493
495
498
498
499
498
495
492
489
488
493
496
498
498
496
493
497
498
497
502
499
495
498
499
502
505
503
506
501
503
501
504
500
504
502
501
502
504
505
508
504
506
502
502
502
498
500
502
503
503
507
509
509
508
505
505
506
505
503
503
500
501
502
504
504
504
503
499
499
496
495
495
497
495
493
492
493
494
498
499
499
493
490
492
493
495
500
504
506
505
504
508
508
506
508
504
507
506
507
506
506
505
509
508
511
506
503
504
504
502
501
500
500
500
499
498
498
495
494
496
497
497
497
499
500
501
500
503
506
505
506
506
506
507
506
504
503
503
503
505
507
506
505
504
506
505
505
504
506
507
511
509
511
509
510
513
511
509
510
510
513
512
509
507
509
512
512
506
506
510
509
509
508
509
510
508
511
510
505
506
504
505
506
506
507
508
511
513
514
510
509
509
511
510
513
509
509
511
513
517
518
516
515
515
513
510
509
508
508
510
512
510
506
503
506
504
504
505
503
505
504
504
501
501
504
503
504
506
506
505
503
498
498
496
498
496
499
501
501
502
501
497
500
501
503
503
501
498
500
499
499
501
500
500
500
499
499
502
502
500
498
500
498
500
500
500
503
504
508
506
508
509
507
505
503
504
506
508
508
508
507
503
504
502
500
502
501
499
500
503
499
504
502
501
499
500
503
507
508
507
505
503
503
501
502
505
505
503
500
504
504
504
505
505
504
504
503
502
506
508
508
509
511
513
510
509
508
514
509
509
509
509
508
505
503
501
500
498
497
498
499
497
499
503
503
505
508
504
501
501
504
506
508
508
507
509
509
510
509
510
510
511
512
512
512
510
510
509
511
511
513
511
510
512
512
514
520
520
524
523
524
528
529
528
526
524
519
517
514
514
518
516
512
510
511
510
508
512
514
515
514
516
517
514
515
518
518
519
523
524
523
526
525
528
529
530
525
524
523
526
525
524
521
519
520
520
519
518
523
528
524
522
524
522
522
514
518
518
515
515
517
519
524
529
530
530
528
529
530
534
534
536
533
535
530
529
530
532
533
533
533
530
524
527
528
525
521
515
519
521
526
525
524
523
523
520
519
518
519
518
519
520
520
521
520
518
517
516
517
516
518
520
517
511
514
515
517
516
512
512
514
514
516
511
516
515
516
520
519
514
516
521
521
520
520
519
520
522
523
521
521
515
512
512
513
515
517
518
518
519
519
519
516
520
520
517
514
510
511
509
509
513
516
519
522
521
522
524
518
522
522
520
519
520
522
524
529
529
528
530
527
526
527
525
523
524
524
524
523
521
523
525
529
529
525
524
521
524
522
518
520
518
519
519
517
515
514
517
515
515
512
513
515
513
512
515
516
521
520
522
521
520
520
519
516
518
518
514
514
513
516
515
520
517
517
516
516
517
517
515
516
516
519
520
520
523
521
522
523
525
525
524
526
526
527
524
522
523
521
515
515
515
511
509
509
509
511
514
516
516
513
509
509
509
503
506
506
507
509
510
512
511
513
510
511
511
512
517
513
511
512
513
516
517
518
515
512
512
512
511
513
512
513
515
513
511
510
508
510
508
509
511
511
512
513
513
510
509
510
511
507
506
503
503
505
504
505
504
505
506
506
507
505
509
505
503
503
503
503
507
505
505
502
505
502
502
496
494
495
494
491
494
496
497
497
500
502
503
500
504
502
502
504
504
504
506
502
500
501
500
502
499
500
501
501
505
507
504
506
506
504
501
504
505
505
504
506
506
507
507
507
506
504
504
504
504
503
503
500
499
498
497
498
499
501
502
499
498
493
498
501
504
506
506
502
504
503
505
507
506
504
507
501
502
501
501
503
504
504
505
503
506
507
510
510
512
510
512
514
514
514
514
515
517
522
520
518
514
517
514
514
515
518
517
516
518
516
517
517
518
518
520
521
521
522
519
520
522
521
523
520
520
518
515
516
517
518
518
518
521
520
519
523
524
522
524
524
527
526
525
525
524
525
529
529
528
526
524
523
527
526
530
530
527
524
525
526
529
532
537
534
533
531
530
531
533
534
535
536
538
538
541
545
541
542
542
544
544
542
541
539
538
542
541
540
539
539
536
536
539
539
537
542
542
544
545
541
539
538
540
538
537
538
538
538
537
537
534
536
537
539
545
545
544
543
544
544
543
541
539
540
537
534
534
528
527
529
534
536
536
535
533
533
535
531
531
533
534
535
534
533
535
534
532
531
531
528
531
533
532
534
536
540
540
540
541
542
539
544
541
538
537
538
541
543
541
539
539
540
540
537
537
535
536
541
542
541
539
539
544
542
540
538
536
539
540
537
533
533
535
535
534
535
530
529
529
528
524
524
523
523
524
523
522
521
521
524
524
522
525
524
524
525
525
525
525
528
530
531
532
532
529
529
527
529
532
533
534
532
533
533
534
535
532
534
532
530
526
527
526
524
523
524
523
523
524
524
523
525
527
527
528
528
528
531
531
530
530
529
533
532
533
534
534
538
535
535
537
537
539
538
538
537
541
541
536
536
534
535
535
535
534
536
536
533
534
537
540
543
543
541
542
542
541
542
540
541
540
538
540
538
540
543
543
548
546
542
541
543
540
537
538
538
540
540
540
540
543
544
545
545
545
545
541
544
546
544
545
543
544
543
544
546
544
544
541
540
545
542
543
538
539
540
541
541
539
537
538
533
535
537
536
535
535
534
533
537
534
532
530
534
535
533
535
538
540
538
539
539
537
535
537
536
535
530
529
530
531
529
531
530
532
535
538
538
539
536
538
534
534
535
536
536
533
536
535
537
539
538
537
536
534
537
537
537
539
540
536
536
535
536
538
537
539
537
540
539
540
537
533
534
533
535
537
536
543
545
542
539
540
538
537
538
538
539
538
537
539
537
540
542
541
539
538
541
543
544
545
543
544
547
545
547
544
543
543
544
544
549
548
548
553
554
551
553
550
550
549
552
553
555
555
554
553
554
555
554
545
547
543
542
545
544
543
545
546
546
546
548
545
545
543
538
539
539
540
541
541
542
542
540
540
540
537
536
536
536
536
535
534
535
535
536
536
532
529
529
529
530
535
534
532
532
536
537
534
533
534
535
536
533
535
532
531
529
527
531
533
536
536
534
539
534
535
534
534
536
534
538
537
535
535
533
527
526
526
530
534
534
533
527
527
527
524
522
523
524
524
525
529
524
525
522
523
523
521
522
523
524
526
531
531
532
537
538
543
544
544
539
534
532
533
534
531
532
536
537
534
532
529
530
532
531
532
531
532
532
532
529
530
529
528
529
534
538
535
536
534
536
531
529
528
532
534
531
532
531
529
529
528
529
530
531
527
528
527
529
527
528
529
530
530
530
531
532
533
531
532
531
530
531
530
530
532
533
532
531
528
532
532
533
532
533
538
538
539
541
543
548
547
546
546
545
544
546
549
552
552
545
544
545
545
546
544
543
544
542
543
543
542
539
539
540
543
539
537
537
537
534
532
531
531
531
533
533
534
533
533
532
535
533
533
536
536
538
538
539
538
536
535
535
534
533
534
531
532
533
532
532
535
532
532
533
532
532
532
534
535
538
542
540
541
541
548
546
545
549
547
546
542
542
544
541
545
544
544
544
542
543
540
539
540
542
538
537
538
536
538
538
540
537
537
539
543
540
539
538
539
538
540
542
539
540
544
539
543
547
545
543
546
548
546
544
548
547
541
539
544
545
546
549
546
543
544
544
544
541
540
545
542
544
545
542
543
543
540
542
541
539
537
532
531
532
536
536
535
532
531
532
533
534
535
535
538
541
543
541
541
543
541
544
547
546
544
546
543
544
552
551
552
553
551
552
550
547
545
545
543
545
544
542
545
545
545
544
542
546
543
546
546
555
554
550
549
552
551
550
552
548
545
547
547
545
543
544
544
547
546
547
545
540
536
536
539
543
542
540
541
539
538
538
539
538
535
537
535
538
538
539
538
538
538
541
543
545
544
542
540
540
542
544
544
545
547
542
540
539
543
546
547
547
546
546
546
549
551
549
547
546
545
544
544
545
546
547
548
546
544
546
545
540
541
541
539
542
545
547
549
550
552
549
549
544
546
546
547
548
547
547
547
543
543
541
544
546
547
546
546
545
545
542
544
548
548
545
546
547
549
548
550
547
546
548
547
545
545
546
547
546
549
548
551
549
550
546
546
543
543
545
544
544
541
539
536
535
532
536
542
543
544
548
549
548
549
546
547
547
545
540
538
540
538
536
539
539
539
542
538
536
535
533
538
535
534
534
534
536
538
536
539
539
540
538
539
542
544
546
548
550
550
551
551
550
552
552
551
553
549
549
548
548
549
549
545
544
543
544
545
545
546
547
547
547
544
548
552
552
552
557
558
551
554
552
550
550
549
548
550
548
545
547
552
552
554
552
554
553
549
544
543
544
545
544
547
551
547
545
546
541
542
540
545
545
545
546
544
542
540
540
543
539
537
540
536
536
538
539
540
540
542
542
540
538
539
544
544
545
545
541
542
546
547
547
549
548
550
550
549
549
547
549
550
552
553
552
553
553
552
551
549
544
545
546
551
549
548
550
547
544
548
548
547
551
550
549
550
551
554
551
552
553
553
554
556
558
559
563
566
572
572
572
569
569
563
559
560
558
555
558
560
555
553
554
553
553
555
557
558
556
556
558
561
565
564
568
566
563
566
564
565
562
570
565
562
556
563
569
560
560
558
561
561
558
562
560
559
560
560
561
562
558
559
555
556
557
557
556
556
557
560
558
556
552
552
551
550
551
551
552
550
550
551
551
551
544
549
551
546
545
546
545
543
541
541
542
543
543
543
540
538
542
545
546
544
546
546
545
544
542
544
544
542
540
538
538
538
536
538
539
539
535
537
535
533
533
533
537
536
534
533
532
530
529
531
531
532
531
530
528
527
527
530
530
530
530
531
531
531
530
532
535
534
534
533
531
531
530
530
530
531
532
535
538
538
539
538
538
539
539
540
538
537
535
535
534
536
536
536
534
531
531
532
533
534
535
536
536
538
537
537
539
538
537
540
538
540
542
542
541
538
539
540
539
540
541
539
539
539
543
544
543
540
543
547
546
549
548
548
543
540
544
543
543
541
541
538
537
537
538
541
545
544
548
545
544
547
551
553
544
543
541
540
542
544
536
541
541
537
534
539
542
540
538
539
538
541
537
535
538
536
537
537
538
533
532
533
534
537
543
543
537
539
540
541
541
542
541
546
542
542
542
541
539
538
537
534
535
532
533
534
538
536
534
536
535
536
539
542
546
549
551
551
553
551
551
551
550
556
551
551
544
547
546
544
541
541
542
540
540
540
543
543
542
543
546
545
544
549
546
546
548
544
542
544
544
546
549
548
549
552
549
550
550
547
546
548
550
551
548
546
544
548
554
552
549
549
547
544
539
540
540
538
541
540
540
543
539
535
532
532
535
536
538
537
538
537
534
534
531
531
534
535
535
537
540
541
542
542
543
547
546
548
543
544
542
545
547
546
544
541
541
539
542
542
542
542
540
539
542
541
540
539
541
539
538
539
539
538
539
539
544
541
538
541
539
537
535
532
533
531
531
532
534
538
535
536
533
532
532
531
530
529
527
528
529
529
527
526
524
524
525
521
523
525
527
527
528
529
529
528
526
526
524
525
526
525
525
528
532
532
532
535
537
540
540
538
540
543
541
539
541
537
538
538
538
541
539
539
535
535
532
533
532
530
535
535
533
532
532
534
535
534
536
539
538
537
537
534
536
541
540
539
541
538
538
538
538
538
539
539
540
539
535
533
531
532
535
533
531
530
532
535
534
533
534
532
533
534
532
532
529
526
526
529
529
532
530
530
532
533
529
527
526
525
525
524
526
531
532
532
527
527
525
523
523
523
522
523
520
522
519
519
518
519
517
521
523
524
525
525
525
521
523
521
520
520
522
527
527
527
524
524
527
527
530
533
531
532
538
538
535
533
530
528
529
529
530
529
532
530
531
533
532
531
530
532
534
536
537
535
533
530
526
528
529
526
527
525
525
529
527
527
527
529
530
529
528
529
527
527
524
525
526
527
526
529
526
528
529
527
525
527
526
529
527
525
526
530
528
526
525
525
525
529
530
527
523
522
520
516
521
525
523
522
521
525
526
527
523
521
519
522
522
521
524
524
528
525
527
527
523
524
520
520
520
523
522
520
520
521
521
517
521
520
519
522
523
523
524
525
525
525
524
525
524
525
522
520
517
517
522
523
524
522
521
517
517
518
522
523
523
524
522
523
523
526
521
522
524
525
522
522
521
521
526
527
527
524
524
524
525
527
530
532
531
530
530
528
528
525
524
526
521
518
516
514
518
518
516
515
512
516
514
512
511
511
514
515
515
516
516
516
512
512
517
516
520
519
517
517
519
518
518
517
521
523
528
525
523
524
522
523
526
528
527
528
526
521
525
524
524
525
527
528
530
530
530
532
527
524
525
530
527
528
532
534
535
532
531
531
528
530
529
531
533
534
535
534
539
537
535
534
536
540
540
539
536
535
531
532
531
531
529
528
529
527
530
529
530
529
530
531
534
536
534
536
537
536
539
536
535
537
539
538
537
535
535
534
537
540
538
538
536
535
537
538
539
537
539
540
541
547
540
541
544
544
544
543
540
544
541
539
542
541
542
544
546
548
545
543
543
541
539
539
540
542
540
539
537
534
532
533
537
537
534
535
534
537
534
534
535
532
535
535
534
536
534
534
534
536
537
535
538
539
542
540
540
541
542
538
542
546
546
547
545
549
551
551
550
551
553
555
554
555
552
554
552
550
553
554
556
555
555
553
550
552
550
553
554
555
553
554
555
555
552
550
551
546
543
544
542
540
539
543
544
542
542
541
544
545
546
543
542
542
540
543
542
540
543
541
539
539
538
538
537
537
538
539
539
537
537
533
533
533
537
538
536
531
530
532
532
531
534
534
537
536
539
543
545
550
549
547
544
539
539
539
540
539
538
541
543
542
542
545
545
544
544
542
540
537
536
538
539
538
539
540
538
539
537
536
534
530
532
533
534
533
532
535
537
536
537
534
535
534
536
537
535
