0.0002831034482758621 0.0005562068965517242
300
292
288
283
278
277
274
274
274
271
267
265
261
261
260
258
258
256
256
258
255
255
253
254
254
254
254
255
254
255
256
252
253
251
250
251
253
252
251
254
252
250
248
246
245
245
247
246
245
245
245
246
247
248
250
251
251
251
249
247
247
244
246
247
246
245
241
240
239
238
239
240
243
241
242
240
240
240
240
239
240
240
238
240
240
241
240
240
241
240
240
240
239
239
240
241
243
242
240
240
241
241
241
241
241
241
241
242
242
242
243
242
242
242
244
243
244
244
247
246
246
246
243
242
242
242
242
240
240
240
240
241
240
240
239
239
240
242
242
243
243
240
242
242
241
239
238
240
240
241
242
243
245
247
247
246
246
246
248
247
245
244
244
243
243
242
242
243
243
243
240
241
242
240
240
241
241
244
246
246
247
247
248
247
246
247
245
243
243
241
241
243
243
241
241
241
242
242
242
242
242
239
238
238
239
239
240
242
242
243
242
242
242
239
239
238
238
239
238
238
237
237
235
237
237
240
241
240
239
238
237
237
237
238
238
238
239
237
237
235
236
238
240
239
239
240
239
238
237
238
239
237
238
238
238
237
238
238
233
233
233
234
233
233
233
234
234
235
232
232
233
231
231
231
231
231
231
231
233
234
235
234
234
236
235
233
232
233
233
235
233
233
232
233
233
235
236
236
237
237
236
235
235
235
235
233
234
234
232
232
232
232
234
233
232
232
230
228
227
230
232
232
231
231
230
230
230
228
229
230
233
234
235
237
237
239
236
238
233
233
234
233
233
233
232
232
234
234
234
235
235
232
233
234
232
232
231
229
230
230
228
228
229
229
228
229
229
229
230
228
229
229
228
229
229
228
227
227
227
228
228
228
229
230
230
232
232
231
232
230
228
227
227
228
226
225
226
226
225
224
224
225
225
226
225
225
225
226
226
227
228
230
227
229
227
227
227
226
224
224
226
225
226
226
228
231
233
231
230
232
232
231
232
232
231
229
230
230
234
231
231
228
229
229
229
229
231
233
234
231
230
231
230
231
231
231
233
233
231
230
230
232
233
233
231
230
229
228
230
230
229
227
226
228
228
229
230
229
227
227
226
227
228
228
229
233
229
228
227
226
225
226
225
224
224
224
224
225
225
227
227
225
227
225
226
225
226
226
223
223
222
222
222
223
221
221
222
222
222
224
225
223
222
223
224
223
224
226
223
225
225
225
224
225
223
222
223
220
220
218
221
221
220
218
216
216
217
217
218
218
216
215
216
216
219
220
220
222
224
221
221
220
219
219
217
217
216
216
215
215
216
216
217
216
216
214
215
215
216
215
213
215
216
217
215
215
215
217
218
216
216
220
218
218
214
215
214
214
216
217
216
217
216
217
216
217
217
216
214
214
215
215
218
218
218
215
216
216
216
217
216
215
215
214
214
217
215
212
212
213
214
212
212
213
213
213
213
213
213
214
213
214
216
215
213
213
209
210
211
213
214
215
215
213
213
213
212
212
212
212
212
211
213
213
214
215
211
212
213
211
210
208
209
210
210
210
215
216
216
212
210
210
209
209
209
210
213
212
211
212
215
214
213
214
214
214
214
214
214
213
213
212
211
210
212
210
211
212
207
207
207
207
206
208
207
207
208
208
208
208
208
208
210
210
210
210
209
211
212
212
212
211
213
213
213
213
211
211
212
211
209
210
212
212
214
213
213
213
214
213
214
214
213
212
213
213
212
212
211
212
213
213
214
211
211
212
211
210
210
211
214
214
213
213
212
214
212
212
211
210
208
210
210
210
210
209
209
209
210
209
210
211
212
214
213
211
210
207
207
208
208
208
205
205
208
209
209
207
207
207
208
209
211
212
211
206
207
207
205
205
206
205
204
204
206
205
206
207
205
204
205
205
204
205
206
208
209
208
209
211
211
212
212
211
210
207
206
207
206
206
206
204
205
206
206
206
206
207
207
208
205
205
208
209
209
208
208
207
207
209
205
203
202
204
205
205
205
205
205
206
206
207
205
204
204
203
203
202
202
202
203
202
202
203
205
205
206
207
205
206
206
206
206
206
206
205
206
205
206
207
206
209
206
204
205
206
206
205
204
204
205
206
206
204
202
204
204
203
202
202
202
201
202
201
201
201
201
201
201
202
202
202
204
205
204
203
205
206
205
206
205
205
205
206
205
209
209
207
206
205
204
204
205
202
203
201
201
199
199
199
200
200
202
205
206
206
206
205
204
203
204
204
202
202
203
203
204
206
205
205
206
206
204
202
202
200
200
201
200
199
200
202
200
201
201
200
200
201
202
201
201
200
201
201
202
202
202
204
204
207
207
208
207
205
205
206
207
207
208
207
208
205
205
205
204
204
204
201
201
203
202
203
203
202
203
205
205
204
204
204
206
210
208
211
210
209
209
210
209
210
210
211
211
209
205
205
206
207
205
205
206
205
207
208
207
204
202
200
199
200
200
201
200
198
197
197
199
198
198
199
199
199
197
198
200
200
198
198
199
200
201
201
199
198
198
199
196
195
195
195
195
196
195
196
196
196
200
201
203
200
200
199
198
200
198
198
199
199
200
198
198
198
199
200
201
200
202
204
204
204
203
203
201
201
197
198
198
196
196
197
197
197
196
196
194
192
193
196
199
199
198
198
198
197
198
199
201
202
200
200
200
199
199
200
199
199
198
197
196
196
196
196
196
198
198
198
199
203
201
202
202
202
201
199
197
196
196
197
197
196
198
198
198
197
197
199
199
200
200
201
202
201
198
198
200
198
198
200
200
199
200
200
198
198
198
196
196
196
196
197
196
197
197
198
196
197
198
198
197
198
196
196
196
197
198
198
197
196
197
199
201
200
200
199
197
196
196
197
200
199
199
198
197
198
200
199
196
195
194
194
195
196
196
193
194
197
196
196
197
197
198
197
198
198
196
195
195
196
195
195
194
195
193
193
193
194
195
196
196
197
196
195
195
194
193
194
196
195
196
197
195
194
197
196
195
194
196
195
195
195
194
195
195
194
192
192
192
192
193
193
192
192
193
193
192
193
193
195
195
195
194
192
194
194
195
193
192
193
192
192
192
191
191
192
192
192
193
193
193
193
195
194
193
192
194
195
195
191
192
189
188
188
189
191
191
191
190
191
192
192
191
192
192
192
192
192
193
191
191
193
192
194
194
194
191
192
189
188
188
189
189
190
190
190
190
189
189
188
188
188
188
192
190
190
189
188
190
189
190
190
190
190
190
188
187
187
188
188
188
188
188
188
187
187
187
187
187
187
187
188
187
187
189
189
189
188
188
189
190
191
191
189
189
189
192
191
189
190
191
190
190
190
190
189
190
193
193
192
191
191
189
187
186
187
187
188
189
189
188
188
188
187
188
188
189
189
190
193
193
191
192
192
191
190
189
189
191
189
191
191
192
192
189
190
191
193
194
193
191
192
192
192
192
191
190
189
189
189
189
188
190
191
190
190
191
188
186
186
186
188
188
188
189
187
186
186
188
187
186
186
186
187
186
186
187
188
189
190
193
193
192
192
192
190
190
191
191
190
189
188
188
190
191
192
194
193
192
193
193
193
194
193
192
191
192
195
195
193
192
189
188
188
188
189
188
187
188
188
189
189
190
190
190
190
191
192
190
191
188
187
186
187
185
186
186
186
185
185
185
187
186
185
183
184
185
186
185
184
186
185
187
188
187
186
186
188
187
185
185
185
186
187
187
187
187
189
189
189
187
187
186
187
187
187
185
186
186
186
182
183
184
184
185
187
185
185
185
186
187
186
186
185
184
184
184
184
184
184
183
183
183
182
183
184
184
184
182
182
184
183
183
182
182
182
183
184
181
183
181
182
182
181
181
181
182
182
182
182
182
182
182
182
182
182
184
182
182
183
183
183
184
183
185
185
185
184
185
185
185
185
186
186
186
185
184
185
184
184
183
184
184
184
184
184
184
186
188
185
184
185
185
185
185
185
185
185
184
184
184
183
183
184
183
183
183
184
182
182
182
182
182
184
184
183
182
182
185
185
186
185
186
184
184
185
185
186
184
184
183
183
183
182
181
181
181
180
179
179
180
179
181
181
181
181
182
183
183
183
184
181
182
180
181
181
180
179
178
178
178
179
180
181
183
184
184
183
182
183
183
182
183
183
184
183
181
181
181
181
179
178
180
181
180
180
180
179
179
177
178
178
178
179
180
180
180
180
180
181
180
179
179
177
177
177
177
178
181
181
182
184
183
183
183
185
184
185
184
183
182
181
182
181
181
180
178
180
179
179
179
178
178
178
179
180
180
180
177
178
181
183
183
184
185
182
183
183
180
181
183
181
182
184
186
184
184
184
183
185
186
185
184
185
184
185
186
187
186
185
184
183
182
182
182
182
182
181
181
182
180
178
179
180
179
180
181
182
181
181
182
182
182
183
183
184
185
183
184
184
182
184
182
182
182
182
182
182
186
187
186
185
185
183
182
183
183
184
183
181
181
180
180
179
178
178
179
180
179
179
178
181
181
182
185
184
184
183
182
181
180
180
180
179
179
179
179
178
179
178
178
178
177
177
178
180
181
181
180
178
179
177
177
176
177
176
175
175
176
179
179
179
181
180
179
179
179
177
174
174
174
175
175
175
173
173
175
175
175
175
177
178
178
176
175
174
175
174
174
176
176
175
174
175
176
176
176
176
176
176
178
176
176
177
177
176
176
177
178
178
178
179
182
177
177
178
177
178
176
178
176
176
175
176
176
176
176
175
175
174
174
174
174
174
175
176
176
177
175
176
176
179
180
180
179
181
180
180
179
181
180
179
178
178
178
180
181
180
179
180
181
182
178
176
174
173
172
172
172
171
171
171
172
172
171
171
172
170
171
171
170
170
169
170
170
170
172
172
173
172
171
172
171
171
171
171
171
167
167
167
168
168
168
169
169
170
169
170
172
172
170
170
171
171
172
169
168
168
168
168
169
170
170
170
171
171
171
170
171
170
171
175
171
172
172
172
171
171
171
172
172
173
172
171
171
171
172
172
172
171
170
170
173
171
173
174
173
174
173
175
177
175
175
175
173
174
174
173
172
173
173
172
172
172
173
173
171
171
170
170
170
170
172
171
170
170
169
169
168
168
168
169
169
168
167
168
167
167
167
169
170
170
169
168
168
167
168
168
168
169
169
167
167
170
170
170
169
168
168
167
168
168
168
169
169
167
168
167
167
167
168
167
167
169
171
171
170
170
170
169
167
169
169
170
170
171
172
171
170
170
168
169
169
169
171
170
170
170
171
170
170
169
169
170
170
170
171
172
171
170
168
168
169
170
170
171
170
169
168
168
167
167
167
167
167
169
170
170
170
170
170
170
168
166
164
163
163
163
163
164
164
164
162
162
165
166
168
171
170
169
168
168
169
169
170
170
168
168
168
167
166
165
165
165
164
164
164
164
163
164
165
165
165
164
163
163
162
162
162
162
162
162
163
161
161
161
161
162
163
163
163
162
161
161
161
161
161
162
162
163
163
165
166
168
166
166
165
165
164
167
167
168
169
169
168
166
165
166
166
166
166
164
162
162
162
163
163
163
164
165
164
164
164
165
166
165
163
164
164
165
166
165
165
165
165
165
165
164
164
165
165
165
165
165
166
165
166
166
168
169
169
167
169
170
170
167
167
168
168
170
170
168
168
167
166
165
166
167
165
165
166
165
166
165
165
162
161
162
163
163
163
164
164
166
164
163
162
161
160
160
161
161
161
161
161
161
161
162
162
163
164
164
165
165
162
163
162
161
163
165
164
163
164
163
161
161
161
162
162
162
159
159
159
159
160
160
160
160
160
160
161
163
163
162
161
162
162
162
160
160
159
160
163
162
164
161
164
163
164
165
163
162
161
161
161
160
160
159
159
158
160
160
159
160
159
159
160
160
160
160
160
160
160
160
157
158
159
160
161
161
161
159
159
159
159
159
159
160
160
160
160
161
162
160
161
160
159
159
160
159
160
160
159
159
160
160
159
159
160
159
159
159
158
160
160
160
160
158
157
157
158
158
159
159
159
157
159
158
157
157
157
157
158
159
162
162
163
161
160
160
160
160
159
160
159
158
158
157
155
155
155
155
155
155
154
156
157
157
157
158
159
157
157
157
157
157
157
156
158
160
158
159
158
158
158
159
159
160
160
157
158
158
158
157
157
157
157
157
158
157
158
160
159
158
157
157
155
155
154
154
153
154
154
154
153
153
154
155
155
156
156
154
155
155
155
155
154
154
155
155
156
154
155
155
154
154
154
156
157
155
155
154
154
152
153
151
151
150
150
150
151
152
153
153
154
153
154
154
153
153
152
153
153
154
154
153
153
153
154
154
154
154
153
153
155
156
156
155
156
157
158
158
158
157
156
156
157
156
156
155
155
153
153
154
154
156
157
158
157
157
156
157
157
158
158
158
158
158
160
161
161
159
160
158
157
158
158
156
157
157
157
158
160
158
158
158
158
158
158
160
159
158
157
157
157
157
156
156
154
154
153
155
156
155
155
154
156
156
156
158
158
159
157
157
158
158
157
156
156
159
158
157
158
157
156
156
159
158
158
159
160
158
158
158
157
156
156
155
153
152
152
152
152
153
155
154
153
154
155
155
154
157
157
154
153
153
151
151
151
151
150
150
150
151
151
151
150
150
150
150
149
149
149
149
150
150
151
151
151
150
151
152
153
153
156
152
152
152
151
153
153
151
151
149
149
150
150
151
150
152
153
152
151
152
151
151
151
151
151
151
152
150
151
152
152
149
150
151
148
149
149
150
151
153
153
153
151
151
151
151
149
150
149
149
150
149
150
149
149
149
149
150
149
148
150
148
149
149
147
148
148
148
146
145
146
146
146
145
144
144
145
146
146
146
146
146
147
147
147
147
146
145
144
144
144
144
144
144
143
143
144
143
142
142
142
142
142
143
143
144
144
142
142
143
143
143
143
144
144
144
143
141
142
144
144
144
144
144
144
144
144
143
142
143
143
142
142
143
143
141
142
142
142
142
142
142
142
143
141
141
141
141
141
142
144
145
146
144
145
145
145
145
144
145
144
144
144
144
144
146
147
148
146
148
147
147
145
145
144
143
142
142
142
142
142
142
142
144
144
145
144
146
146
150
150
149
149
149
146
147
147
146
145
145
145
145
148
147
147
149
149
148
146
144
144
140
141
141
141
142
143
143
143
144
143
143
143
143
144
144
145
146
145
146
146
147
147
145
146
145
143
143
143
144
144
142
143
144
144
143
143
143
144
146
145
145
146
146
146
147
147
148
146
146
147
145
145
145
143
144
145
146
144
145
146
147
148
146
147
145
148
149
148
145
145
145
146
146
146
147
147
147
145
146
143
144
144
144
144
144
143
144
143
144
144
145
143
142
142
142
141
141
141
141
141
141
140
142
143
145
146
146
146
144
143
142
140
140
140
140
142
142
141
141
142
142
142
141
141
143
144
144
145
146
145
143
140
140
140
140
142
141
142
142
142
142
141
142
141
140
140
141
141
141
141
141
139
139
140
141
142
142
142
143
142
143
142
143
144
144
142
143
142
141
141
141
141
141
142
142
142
142
143
143
143
143
143
142
141
139
139
140
140
140
138
141
139
140
140
141
140
140
140
139
140
141
140
140
141
142
141
141
141
142
142
143
141
142
143
143
142
140
139
139
139
139
139
139
139
139
139
138
138
135
137
137
137
139
139
139
140
140
139
140
139
138
138
136
137
137
136
136
136
136
136
137
136
137
137
137
137
137
136
136
136
137
137
137
137
138
138
137
137
138
140
139
139
139
137
137
137
138
139
139
139
138
139
138
138
139
138
139
140
140
142
139
138
138
139
138
137
137
138
137
137
136
137
137
136
137
137
138
138
136
136
137
137
137
138
139
140
139
140
140
139
139
138
137
137
137
137
136
136
136
138
139
140
139
139
139
139
137
137
137
137
137
137
138
136
138
136
136
135
136
136
136
136
137
138
139
138
138
138
138
137
136
136
135
135
135
136
135
135
134
134
135
135
135
135
135
135
134
135
137
137
134
134
134
134
134
134
137
135
135
135
136
137
137
137
137
137
139
138
139
139
139
140
139
141
141
141
139
138
138
139
139
136
136
138
138
138
138
138
139
139
139
138
138
139
139
137
136
136
136
135
135
136
135
134
133
133
133
133
134
133
133
133
134
134
134
134
134
134
132
133
132
133
134
133
134
135
134
133
134
134
133
133
134
134
134
133
132
133
133
132
132
132
132
132
132
132
132
132
131
131
131
132
133
135
135
134
133
133
133
133
133
132
133
133
134
134
133
134
133
134
133
133
132
132
132
132
131
132
132
130
131
131
130
131
131
131
131
131
131
132
133
132
134
132
132
132
132
132
133
134
133
134
133
131
130
130
130
130
130
129
130
130
131
129
130
131
131
131
131
131
132
132
132
131
130
129
132
134
136
136
136
136
137
136
135
135
135
135
135
134
133
132
134
132
133
133
133
133
133
133
133
135
134
135
133
132
131
131
132
131
131
131
132
133
133
132
133
134
133
133
131
133
133
133
131
130
130
129
130
130
129
131
132
133
133
135
135
133
133
132
132
132
131
133
133
131
132
131
131
131
129
129
129
128
129
129
128
128
129
129
130
129
129
128
130
129
129
129
128
128
128
127
128
129
129
129
129
129
130
130
130
128
127
129
129
130
129
128
128
127
125
125
127
127
125
125
127
127
127
127
127
128
129
128
127
127
128
128
128
129
130
131
131
131
130
130
131
130
129
127
126
126
126
125
125
126
125
125
125
125
123
123
124
125
125
125
127
127
126
127
126
127
127
127
127
127
128
130
128
128
129
129
130
130
129
128
128
127
127
128
128
127
126
126
125
125
126
127
125
124
124
124
125
125
125
125
126
126
125
124
124
125
125
125
123
124
125
125
125
126
126
124
125
125
126
127
124
124
124
123
123
124
123
124
124
124
123
123
123
123
123
124
123
123
122
122
122
122
122
122
122
121
121
121
122
123
123
122
122
123
122
122
123
123
124
123
123
124
123
123
124
123
123
123
121
121
122
122
122
123
123
123
124
124
124
124
122
122
123
123
124
124
123
123
121
120
120
121
121
123
124
125
125
124
123
122
122
123
123
122
122
122
123
123
125
125
125
124
123
122
123
123
122
123
123
123
124
124
124
125
125
125
124
123
122
122
121
120
120
120
120
120
120
120
120
120
120
122
121
121
121
123
123
122
122
122
122
122
122
123
123
124
124
124
124
123
123
124
125
126
127
127
126
127
126
126
125
125
125
125
125
124
124
123
124
124
124
122
123
123
123
123
124
124
124
123
123
123
123
124
123
123
123
123
123
124
124
124
125
125
122
123
122
123
123
123
125
125
126
127
127
127
127
127
128
128
127
129
126
125
123
124
125
125
124
126
126
127
125
124
124
123
123
122
124
126
124
123
123
123
124
122
122
123
123
124
123
121
122
122
124
126
125
124
124
124
123
125
125
123
123
121
122
121
121
121
121
121
121
120
120
120
119
119
119
120
119
119
119
118
119
118
118
118
118
119
120
118
118
119
121
121
121
121
121
122
119
119
119
118
118
118
115
115
115
115
115
115
116
116
118
118
119
119
118
117
116
115
114
114
114
116
115
115
115
115
114
114
114
115
115
115
116
116
116
116
116
116
117
117
116
117
114
114
115
115
115
115
115
115
115
117
116
116
117
117
117
116
117
116
116
116
117
117
117
117
117
118
119
119
119
120
121
122
122
122
120
120
120
120
119
119
119
120
120
120
118
118
117
116
116
117
119
119
119
119
119
117
116
116
116
116
116
116
116
117
118
119
116
116
117
117
117
117
117
117
117
119
118
118
119
118
119
119
119
119
119
119
120
119
118
118
116
118
119
120
119
119
120
120
119
119
118
119
119
118
118
119
119
119
120
120
122
122
121
121
120
117
117
117
116
116
116
116
117
118
118
118
118
118
118
116
116
115
116
115
115
115
115
116
116
116
116
118
117
117
117
117
117
116
117
117
115
115
115
115
115
115
116
116
117
118
120
118
118
118
119
119
118
118
118
121
123
121
119
120
120
120
119
120
120
120
121
120
118
119
119
118
118
118
118
117
118
118
118
117
117
117
117
116
116
117
116
116
117
115
115
115
115
115
115
115
118
119
117
117
117
117
116
116
117
115
115
116
115
113
112
113
113
113
114
114
114
113
113
114
113
115
116
117
117
116
116
116
117
115
115
116
116
116
118
117
117
117
118
117
115
115
115
116
114
114
114
116
116
115
115
115
114
114
114
113
113
113
113
114
114
114
115
115
114
114
115
113
114
112
111
111
111
112
114
114
114
113
113
113
114
116
116
117
117
116
117
117
116
116
116
117
119
120
119
118
118
117
116
116
115
115
115
114
113
112
113
114
115
114
114
114
114
115
114
114
113
113
115
116
115
116
117
117
116
115
115
118
118
117
115
114
114
114
114
114
115
115
115
115
115
114
115
114
115
116
117
119
119
119
120
120
120
119
118
117
115
117
116
115
116
115
115
114
114
114
113
114
112
114
114
115
115
115
115
114
113
112
112
111
112
111
111
111
111
112
112
113
112
113
113
112
112
112
112
113
112
111
112
111
111
111
111
113
112
113
110
111
110
110
112
112
112
112
110
110
110
110
109
111
111
110
111
110
110
111
112
112
112
112
112
112
113
112
112
112
115
115
114
114
115
113
113
113
112
111
111
111
111
111
109
109
109
109
109
109
109
109
109
109
109
109
111
111
110
110
109
111
113
112
112
112
112
112
112
112
112
112
112
112
111
111
112
111
110
111
112
111
111
112
112
112
113
113
114
114
112
112
112
111
111
111
110
110
111
112
112
111
112
113
110
111
111
112
112
113
113
112
111
111
113
110
110
109
109
109
109
109
109
109
109
111
110
110
111
111
111
111
110
110
110
110
109
108
109
109
109
111
111
110
110
109
109
109
109
110
110
109
109
110
110
109
109
110
110
110
110
110
111
113
112
113
112
112
112
112
113
112
113
114
113
113
113
114
112
112
112
111
112
112
112
111
111
111
110
110
109
110
109
109
109
109
109
109
108
110
110
109
110
109
109
109
109
109
108
107
107
107
107
107
107
107
107
107
107
108
109
109
109
109
109
109
109
108
109
109
108
108
108
107
108
108
107
109
109
110
109
109
109
110
110
110
109
108
108
108
107
107
107
107
108
108
108
108
109
109
109
109
109
109
107
108
109
109
109
109
110
110
109
109
109
109
109
109
110
110
111
110
113
111
111
111
110
109
109
109
109
108
108
109
108
109
108
110
110
109
108
108
107
107
107
107
106
106
106
106
106
106
106
106
106
106
106
106
107
108
108
108
108
108
108
