0.0005903448275862068 0.0001124137931034483
300
301
300
299
299
298
302
303
305
304
304
308
308
311
311
314
317
316
318
320
320
319
320
322
323
324
326
327
326
329
329
330
330
329
328
328
329
331
332
334
334
334
336
338
338
338
339
340
339
341
341
342
343
343
342
343
343
342
342
343
343
344
346
348
350
353
353
353
354
356
356
359
359
361
359
363
364
363
363
364
365
367
371
369
370
373
375
376
377
378
378
380
381
380
380
379
379
379
380
382
383
382
381
383
383
384
386
388
388
391
392
392
396
400
400
400
401
402
404
403
403
403
402
404
405
406
407
406
407
411
415
418
417
415
416
417
418
417
419
420
423
424
424
425
427
428
428
428
428
430
430
432
434
434
435
437
438
441
442
441
441
442
443
445
442
445
446
447
445
444
445
445
446
443
446
445
445
450
451
452
454
453
453
453
452
453
452
454
453
451
453
453
454
456
457
459
458
461
464
464
466
469
469
473
475
475
474
473
476
478
478
478
480
483
485
486
489
491
492
495
497
496
499
502
504
503
503
502
502
502
502
504
507
506
506
504
503
504
506
511
512
510
511
510
510
509
508
508
508
510
510
512
513
515
515
516
517
520
519
521
526
528
529
527
531
534
538
539
542
543
543
545
546
545
544
547
549
550
549
555
557
557
557
562
561
559
557
560
564
564
564
566
569
572
572
577
577
576
575
576
575
575
574
576
575
575
577
580
582
585
589
593
593
593
595
601
603
604
601
600
600
600
599
599
597
599
597
598
598
600
600
605
607
609
610
613
617
619
616
617
616
616
616
619
621
620
624
622
627
628
628
628
631
629
628
630
632
637
640
639
642
644
646
646
647
646
647
650
654
660
659
662
666
665
665
667
667
670
671
671
672
676
672
676
676
679
680
681
682
683
682
683
686
688
687
685
685
685
688
689
690
690
689
689
690
692
697
696
699
700
702
701
701
704
700
703
705
707
705
705
709
709
711
710
712
707
709
711
710
709
710
711
714
712
714
712
716
719
716
714
712
709
708
712
712
712
716
716
720
720
720
718
720
721
720
718
723
726
723
727
727
728
729
733
736
734
734
739
742
744
744
744
752
751
755
756
758
759
759
764
767
765
768
768
768
768
769
768
769
768
769
774
774
771
769
770
771
775
777
780
779
779
781
783
780
780
781
781
784
781
782
782
786
788
793
795
796
798
793
795
792
796
800
804
808
804
804
804
804
803
804
803
802
807
809
807
808
805
807
810
811
818
814
815
820
822
826
825
830
827
828
830
831
834
838
840
841
841
842
838
836
837
840
840
841
846
848
852
852
849
849
849
851
853
855
855
855
853
850
851
852
857
860
855
857
859
865
863
869
875
877
876
874
877
879
879
882
883
879
877
870
877
873
873
871
875
878
874
874
877
874
872
874
879
878
880
882
884
886
888
885
892
891
895
891
892
894
894
893
896
900
899
898
900
905
907
911
918
914
919
926
931
929
927
928
927
922
923
925
927
927
930
935
936
938
937
938
939
939
936
940
936
938
939
944
945
947
951
952
954
957
961
965
968
967
970
974
974
972
973
975
973
972
978
980
975
976
976
972
975
982
980
980
980
983
980
982
984
985
989
989
989
991
988
986
986
990
993
996
1002
1009
1011
1013
1014
1012
1012
1013
1016
1019
1019
1017
1019
1023
1024
1027
1030
1031
1029
1030
1033
1037
1037
1043
1044
1046
1045
1045
1048
1051
1052
1055
1056
1056
1054
1054
1056
1058
1060
1063
1064
1066
1067
1070
1070
1068
1067
1069
1067
1070
1070
1070
1071
1077
1079
1080
1082
1081
1079
1079
1078
1080
1080
1083
1089
1088
1089
1088
1086
1090
1088
1087
1093
1090
1090
1090
1092
1093
1092
1092
1097
1096
1101
1099
1101
1100
1103
1107
1100
1099
1096
1099
1102
1106
1105
1104
1107
1106
1106
1105
1109
1109
1114
1116
1118
1121
1125
1128
1126
1126
1131
1132
1132
1131
1137
1145
1149
1143
1144
1141
1151
1151
1149
1151
1153
1156
1158
1163
1166
1171
1172
1171
1171
1169
1169
1171
1176
1175
1180
1178
1181
1182
1182
1186
1187
1186
1184
1189
1188
1195
1198
1197
1202
1201
1201
1204
1208
1207
1210
1211
1209
1211
1217
1216
1225
1229
1233
1230
1233
1236
1238
1239
1245
1247
1252
1257
1260
1255
1255
1257
1264
1272
1276
1278
1280
1280
1286
1286
1288
1286
1288
1293
1295
1292
1293
1290
1291
1287
1284
1282
1284
1289
1290
1284
1277
1287
1289
1291
1292
1292
1297
1297
1294
1294
1299
1304
1309
1312
1319
1315
1320
1315
1310
1315
1317
1319
1316
1316
1320
1315
1318
1314
1315
1320
1327
1329
1327
1331
1331
1329
1333
1338
1343
1346
1351
1348
1340
1345
1349
1347
1349
1347
1351
1354
1357
1358
1361
1362
1360
1359
1360
1366
1374
1376
1378
1380
1382
1385
1388
1386
1391
1389
1388
1391
1388
1390
1394
1391
1389
1394
1395
1396
1402
1400
1401
1401
1407
1405
1407
1409
1412
1415
1415
1417
1421
1421
1421
1419
1421
1415
1418
1414
1416
1422
1436
1431
1433
1433
1436
1438
1435
1437
1444
1443
1441
1439
1441
1446
1448
1447
1447
1451
1458
1459
1463
1466
1465
1461
1464
1465
1463
1465
1464
1471
1469
1473
1476
1480
1482
1487
1489
1491
1492
1495
1491
1494
1497
1495
1493
1492
1483
1489
1486
1490
1492
1485
1490
1489
1486
1484
1480
1479
1480
1487
1490
1492
1488
1493
1494
1497
1496
1494
1495
1499
1495
1500
1500
1503
1504
1510
1513
1516
1516
1515
1516
1525
1529
1531
1535
1531
1531
1536
1535
1540
1542
1541
1540
1543
1551
1554
1549
1546
1546
1545
1549
1546
1550
1553
1554
1551
1558
1558
1564
1567
1563
1564
1570
1571
1570
1570
1570
1567
1568
1570
1570
1573
1577
1582
1584
1582
1585
1592
1589
1592
1590
1596
1599
1601
1599
1602
1600
1607
1614
1620
1620
1620
1622
1623
1626
1627
1629
1623
1625
1629
1630
1625
1627
1627
1632
1635
1637
1640
1635
1634
1638
1638
1642
1643
1652
1650
1649
1654
1658
1664
1668
1671
1671
1671
1674
1671
1677
1680
1687
1689
1696
1695
1698
1693
1688
1689
1689
1694
1693
1697
1700
1702
1706
1703
1699
1699
1696
1695
1693
1697
1705
1705
1708
1715
1716
1706
1711
1720
1723
1718
1714
1716
1715
1714
1714
1716
1723
1725
1726
1729
1725
1730
1734
1735
1739
1736
1733
1735
1729
1731
1737
1740
1741
1741
1743
1742
1746
1748
1755
1756
1762
1766
1770
1770
1769
1781
1784
1785
1783
1785
1787
1789
1792
1787
1787
1793
1797
1799
1795
1799
1795
1793
1795
1794
1795
1793
1794
1791
1792
1794
1790
1798
1798
1802
1803
1803
1804
1807
1810
1813
1816
1816
1818
1823
1818
1816
1820
1825
1826
1826
1823
1828
1829
1832
1837
1831
1832
1835
1836
1839
1839
1838
1838
1843
1838
1838
1841
1843
1849
1843
1841
1843
1851
1852
1855
1857
1856
1863
1871
1868
1864
1864
1863
1861
1867
1879
1876
1879
1885
1891
1892
1891
1897
1898
1896
1894
1894
1898
1895
1895
1892
1894
1898
1898
1902
1903
1902
1896
1898
1904
1909
1908
1903
1904
1899
1900
1900
1900
1912
1918
1929
1935
1936
1941
1937
1936
1939
1931
1939
1939
1937
1938
1939
1940
1944
1947
1949
1953
1949
1952
1949
1950
1954
1957
1962
1965
1962
1959
1965
1963
1960
1964
1964
1970
1974
1976
1980
1984
1982
1986
1983
1988
1989
1991
1991
1995
1996
1993
1991
2001
2000
2006
2000
2007
2014
2015
2017
2013
2014
2021
2020
2024
2023
2029
2038
2030
2032
2033
2037
2035
2038
2036
2038
2033
2036
2039
2040
2042
2039
2042
2038
2038
2038
2044
2041
2039
2038
2044
2052
2054
2056
2057
2058
2061
2060
2056
2060
2068
2064
2067
2065
2067
2056
2059
2057
2066
2075
2074
2074
2078
2082
2080
2088
2091
2092
2099
2099
2102
2101
2107
2108
2104
2101
2103
2099
2099
2099
2102
2104
2102
2107
2115
2109
2113
2117
2117
2124
2127
2131
2133
2134
2133
2140
2134
2135
2135
2143
2144
2146
2146
2146
2150
2145
2145
2147
2146
2145
2145
2144
2143
2146
2149
2153
2145
2144
2144
2155
2163
2167
2165
2165
2171
2174
2179
2171
2170
2171
2170
2175
2168
2171
2175
2173
2170
2174
2182
2183
2183
2182
2178
2170
2174
2178
2179
2180
2182
2187
2197
2191
2193
2198
2200
2198
2194
2198
2187
2190
2200
2195
2195
2199
2199
2201
2210
2213
2209
2214
2213
2208
2211
2212
2219
2222
2219
2215
2223
2228
2225
2221
2220
2217
2225
2232
2234
2232
2239
2235
2236
2248
2246
2250
2258
2265
2260
2260
2263
2270
2271
2271
2273
2272
2272
2274
2268
2271
2269
2272
2275
2278
2276
2277
2279
2268
2271
2261
2261
2259
2266
2274
2280
2283
2284
2287
2288
2291
2297
2300
2298
2297
2293
2292
2297
2307
2306
2307
2306
2299
2302
2303
2311
2315
2311
2312
2309
2311
2310
2311
2307
2304
2297
2294
2296
2295
2303
2303
2310
2304
2305
2303
2309
2309
2303
2311
2310
2309
2311
2309
2314
2316
2323
2327
2323
2324
2323
2321
2323
2326
2328
2324
2324
2325
2332
2335
2338
2332
2333
2336
2340
2339
2342
2341
2347
2346
2350
2351
2352
2358
2351
2343
2342
2348
2353
2357
2354
2355
2356
2348
2356
2357
2361
2357
2362
2357
2365
2353
2357
2367
2365
2371
2375
2377
2382
2386
2388
2387
2388
2391
2409
2407
2403
2402
2402
2397
2400
2393
2391
2397
2402
2404
2410
2410
2412
2408
2406
2408
2405
2411
2414
2410
2420
2421
2425
2426
2422
2427
2427
2435
2435
2431
2440
2442
2444
2446
2453
2455
2450
2456
2466
2472
2460
2460
2457
2459
2460
2464
2472
2477
2480
2477
2477
2471
2477
2480
2481
2480
2475
2475
2481
2493
2487
2485
2478
2484
2488
2493
2493
2493
2493
2490
2498
2498
2492
2491
2484
2482
2489
2491
2491
2495
2502
2500
2501
2502
2503
2502
2507
2506
2510
2502
2505
2503
2509
2514
2523
2525
2526
2530
2536
2535
2535
2533
2540
2547
2540
2538
2542
2551
2551
2550
2555
2551
2544
2547
2550
2546
2555
2552
2555
2556
2554
2560
2560
2563
2571
2566
2563
2566
2570
2567
2571
2578
2581
2575
2572
2571
2571
2575
2572
2569
2570
2573
2559
2559
2560
2567
2568
2571
2566
2562
2570
2561
2566
2569
2569
2572
2580
2573
2583
2577
2574
2582
2581
2581
2581
2579
2580
2582
2581
2587
2583
2586
2588
2589
2592
2595
2597
2596
2599
2599
2603
2602
2606
2608
2610
2611
2619
2618
2616
2616
2610
2603
2608
2606
2610
2619
2621
2629
2625
2626
2629
2633
2636
2641
2639
2643
2645
2654
2661
2657
2651
2660
2659
2661
2671
2676
2672
2668
2668
2676
2673
2676
2677
2680
2676
2675
2676
2670
2667
2668
2677
2678
2674
2678
2687
2693
2699
2694
2693
2698
2697
2694
2701
2702
2708
2710
2712
2714
2711
2718
2717
2715
2713
2716
2707
2721
2729
2725
2723
2723
2727
2729
2742
2736
2735
2731
2731
2735
2732
2742
2735
2735
2736
2750
2753
2765
2763
2763
2760
2756
2762
2766
2768
2769
2777
2779
2780
2782
2783
2798
2801
2794
2790
2788
2791
2795
2794
2794
2802
2802
2817
2825
2825
2821
2818
2814
2813
2815
2814
2808
2802
2808
2812
2813
2809
2818
2827
2824
2824
2834
2837
2847
2836
2840
2854
2858
2860
2857
2860
2859
2866
2863
2868
2862
2864
2865
2868
2863
2870
2856
2861
2865
2867
2866
2866
2867
2865
2861
2867
2875
2876
2879
2889
2897
2897
2902
2901
2899
2902
2901
2900
2892
2904
2907
2904
2907
2910
2904
2902
2911
2921
2917
2922
2934
2933
2934
2930
2930
2925
2932
2940
2944
2949
2938
2936
2932
2939
2937
2940
2935
2931
2929
2933
2933
2930
2933
2936
2938
2938
2934
2942
2949
2953
2959
2959
2974
2982
2987
2987
2987
2987
2993
2986
2982
2978
2980
2985
2992
3002
3006
3007
3004
3005
3010
3014
3019
3027
3034
3032
3030
3041
3037
3030
3034
3035
3037
3035
3035
3040
3040
3043
3038
3040
3050
3049
3048
3048
3050
3054
3050
3052
3056
3053
3053
3063
3068
3060
3066
3065
3067
3070
3082
3081
3078
3073
3068
3074
3070
3071
3073
3076
3082
3079
3089
3091
3094
3088
3084
3098
3101
3108
3108
3116
3109
3108
3115
3104
3113
3112
3121
3123
3130
3129
3133
3142
3144
3152
3153
3145
3145
3140
3141
3144
3148
3154
3163
3165
3171
3167
3170
3170
3169
3168
3167
3176
3177
3164
3175
3182
3183
3193
3191
3191
3201
3205
3209
3210
3214
3218
3215
3209
3214
3209
3216
3218
3217
3218
3225
3222
3221
3219
3209
3211
3211
3211
3216
3219
3216
3223
3225
3226
3235
3232
3231
3237
3234
3247
3246
3256
3262
3264
3264
3268
3272
3280
3275
3275
3271
3277
3278
3283
3280
3286
3289
3293
3299
3289
3285
3291
3292
3295
3296
3297
3287
3287
3281
3285
3291
3293
3294
3299
3306
3310
3312
3319
3313
3308
3309
3319
3321
3318
3311
3308
3315
3315
3317
3319
3328
3330
3337
3340
3342
3339
3341
3335
3334
3339
3346
3343
3346
3342
3335
3335
3338
3341
3357
3344
3350
3351
3347
3358
3359
3359
3364
3366
3374
3376
3365
3365
3365
3374
3374
3374
3378
3392
3393
3393
3393
3396
3405
3398
3400
3403
3402
3410
3422
3423
3433
3430
3427
3429
3426
3435
3433
3431
3426
3434
3434
3439
3435
3442
3455
3460
3457
3463
3460
3459
3457
3456
3459
3469
3461
3465
3471
3474
3476
3480
3476
3481
3475
3475
3476
3490
3492
3486
3489
3496
3494
3502
3503
3504
3507
3511
3520
3502
3511
3510
3516
3513
3521
3523
3522
3518
3517
3521
3514
3524
3521
3515
3527
3522
3522
3513
3524
3520
3519
3521
3515
3516
3520
3529
3526
3535
3537
3548
3550
3554
3549
3553
3555
3561
3556
3564
3562
3570
3568
3576
3571
3569
3568
3566
3562
3566
3567
3566
3569
3566
3569
3580
3580
3577
3572
3577
3591
3587
3588
3592
3591
3585
3592
3593
3593
3601
3593
3601
3606
3608
3600
3599
3601
3601
3599
3596
3596
3600
3604
3607
3607
3626
3628
3636
3645
3639
3635
3636
3639
3642
3642
3645
3653
3650
3657
3653
3642
3644
3643
3640
3637
3642
3643
3648
3652
3656
3664
3669
3665
3662
3666
3672
3666
3672
3669
3677
3678
3670
3663
3660
3653
3655
3648
3649
3652
3656
3667
3666
3665
3662
3674
3683
3691
3693
3680
3685
3691
3693
3689
3688
3691
3693
3697
3691
3694
3694
3690
3688
3693
3690
3688
3689
3694
3698
3696
3701
3691
3696
3700
3695
3687
3696
3695
3695
3686
3695
3695
3704
3707
3709
3712
3721
3723
3724
3736
3734
3736
3740
3750
3745
3745
3746
3747
3748
3759
3763
3765
3763
3770
3771
3777
3789
3779
3793
3790
3797
3800
3795
3802
3807
3806
3809
3806
3810
3808
3804
3813
3820
3824
3825
3829
3831
3816
3817
3828
3818
3812
3815
3815
3815
3814
3821
3823
3822
3826
3828
3824
3821
3835
3836
3839
3834
3831
3832
3835
3832
3834
3837
3839
3833
3829
3831
3825
3827
3818
3820
3824
3824
3829
3828
3827
3839
3843
3842
3847
3847
3841
3852
3857
3867
3857
3865
3861
3860
3863
3867
3870
3875
3872
3877
3880
3887
3879
3885
3886
3885
3886
3883
3894
3897
3898
3891
3904
3906
3906
3905
3903
3907
3914
3912
3915
3919
3909
3912
3913
3919
3924
3925
3929
3933
3927
3930
3924
3926
3923
3924
3934
3927
3932
3925
3927
3935
3935
3939
3937
3937
3938
3930
3936
3938
3943
3952
3950
3943
3940
3943
3941
3939
3947
3955
3952
3947
3953
3956
3955
3968
3976
3976
3976
3971
3965
3954
3958
3960
3967
3974
3980
3983
3990
3998
4004
4013
4002
3999
4003
4008
4018
4011
4008
4020
4018
4008
4002
4002
4008
4017
4021
4026
4029
4036
4042
4041
4043
4041
4051
4062
4064
4057
4057
4061
4069
4064
4061
4070
4075
4075
4070
4075
4076
4076
4073
4081
4081
4083
4082
4083
4091
4091
4088
4093
4094
4094
4104
4098
4102
4099
4101
4103
4106
4116
4108
4113
4113
4106
4105
4107
4110
4108
4108
4110
4110
4107
4100
4097
4104
4113
4108
4109
4113
4112
4109
4110
4110
4116
4121
4120
4118
4126
4127
4134
4134
4130
4136
4137
4154
4151
4151
4158
4161
4165
4167
4169
4188
4186
4195
4193
4195
4194
4196
4201
4207
4201
4207
4218
4222
4226
4223
4232
4238
4243
4251
4242
4248
4247
4247
4253
4263
4264
4266
4266
4267
4269
4267
4272
4277
4280
4277
4273
4283
4287
4292
4294
4303
4298
4308
4299
4300
4296
4303
4313
4323
4318
4326
4319
4315
4318
4319
4317
4314
4313
4317
4323
4319
4315
4322
4318
4324
4323
4320
4335
4335
4334
4340
4333
4346
4358
4354
4357
4348
4355
4353
4357
4363
4369
4369
4369
4372
4379
4385
4376
4373
4377
4384
4388
4391
4391
4394
4396
4401
4408
4401
4405
4410
4409
4409
4414
4419
4424
4417
4415
4421
4428
4428
4416
4422
4429
4419
4426
4433
4436
4428
4435
4433
4435
4438
4427
4431
4428
4435
4440
4440
4441
4449
4450
4449
4461
4455
4457
4467
4470
4469
4464
4470
4471
4459
4452
4456
4460
4458
4463
4467
4460
4459
4466
4456
4467
4472
4467
4463
4468
4474
4476
4478
4474
4481
4484
4485
4488
4483
4490
4497
4502
4505
4516
4517
4520
4508
4514
4512
4522
4530
4533
4538
4535
4544
4535
4538
4542
4535
4534
4535
4540
4536
4537
4537
4522
4530
4523
4522
4532
4537
4537
4539
4540
4533
4531
4529
4532
4536
4538
4538
4539
4548
4547
4550
4561
4550
4565
4555
4553
4559
4559
4569
4578
4582
4592
4597
4598
4586
4579
4579
4577
4588
4580
4585
4578
4590
4607
4609
4608
4615
4616
4604
4600
4606
4613
4615
4606
4615
4606
4612
4616
4624
4630
4632
4632
4628
4628
4627
4632
4622
4629
4627
4629
4631
4629
4635
4635
4641
4637
4638
4638
4639
4639
4632
4639
4637
4656
4664
4664
4660
4674
4667
4670
4671
4679
4672
4684
4686
4683
4696
4696
4692
4695
4691
4699
4713
4715
4719
4722
4724
4736
4727
4736
4744
4747
4740
4741
4744
4756
4762
4743
4742
4744
4750
4749
4755
4756
4743
4751
4755
4745
4747
4746
4745
4744
4740
4753
4751
4754
4768
4777
4775
4772
4775
4776
4770
4771
4761
4765
4764
4776
4779
4786
4786
4790
4795
4797
4807
4813
4800
4802
4798
4791
4785
4797
4800
4796
4794
4810
4811
4802
4787
4792
4792
4798
4809
4805
4802
4814
4816
4814
4823
4822
4827
4823
4832
4838
4840
4837
4839
4835
4838
4823
4831
4826
4821
4822
4821
4825
4837
4838
4839
4843
4842
4840
4848
4841
4845
4846
4837
4842
4847
4839
4850
4854
4858
4852
4854
4856
4858
4864
4864
4852
4868
4863
4871
4867
4874
4872
4878
4890
4894
4894
4895
4905
4893
4893
4903
4908
4907
4899
4896
4890
4889
4891
4894
4888
4894
4897
4894
4895
4888
4896
4904
4906
4906
4909
4914
4916
4918
4910
4914
4927
4932
4943
4951
4945
4946
4957
4964
4967
4960
4963
4971
4976
4972
4966
4970
4975
4982
4982
4982
4980
4988
4988
4980
4976
4987
4985
4986
4992
5000
5007
5002
5014
5014
5020
5020
5012
5017
5014
5011
5006
5011
5013
4999
5007
5008
5011
5024
5029
5022
5025
5029
5027
5035
5026
5032
5044
5053
5062
5054
5049
5060
5068
5076
5071
5072
5079
5079
5079
5088
5076
5072
5069
5060
5067
5064
5068
5066
5064
5068
5078
5066
5074
5088
5100
5098
5092
5097
5091
5097
5106
5112
5123
5120
5124
5124
5127
5136
5132
5137
5136
5145
5151
5155
5161
5165
5165
5173
5172
5181
5177
5167
5165
5175
5168
5172
5176
5184
5172
5174
5180
5181
5196
5193
5201
5199
5194
5191
5188
5194
5196
5197
5204
5204
5211
5213
5224
5218
5224
5217
5216
5223
5230
5226
5215
5226
5238
5250
5253
5247
5241
5233
5240
5245
5253
5254
5248
5261
5252
5257
5252
5254
5263
5260
5263
5268
5273
5261
5250
5258
5266
5260
5265
5273
5274
5279
5281
5275
5279
5284
5287
5287
5282
5286
5283
5297
5306
5308
5304
5308
5317
5313
5317
5328
5321
5325
5333
5343
5344
5344
5348
5358
5360
5357
5362
5374
5369
5364
5372
5387
5391
5397
5393
5395
5405
5409
5405
5406
5409
5415
5410
5417
5427
5434
5434
5444
5446
5442
5441
5438
5445
5457
5453
5457
5458
5466
5477
5470
5476
5468
5471
5464
5470
5477
5485
5493
5501
5498
5504
5505
5509
5521
5508
5498
5513
5520
5534
5548
5550
5545
5550
5555
5567
5562
5564
5568
5569
5570
5562
5570
5567
5581
5581
5590
5594
5595
5604
5604
5603
5606
5607
5623
5632
5626
5634
5631
5639
5644
5647
5639
5629
5634
5625
5646
5641
5641
5647
5654
5649
5644
5648
5657
5649
5671
5673
5673
5671
5671
5665
5680
5693
5680
5685
5695
5694
5694
5699
5709
5698
5695
5712
5707
5720
5716
5715
5719
5733
5722
5732
5734
5736
5740
5737
5747
5750
5751
5754
5760
5764
5771
5774
5784
5787
5790
5788
5799
5801
5810
5808
5814
5809
5819
5831
5842
5848
5840
5846
5852
5860
5866
5861
5864
5871
5877
5885
5889
5892
5893
5894
5889
5893
5898
5888
5899
5905
5909
5910
5919
5933
5916
5923
5932
5947
5952
5955
5974
5994
5981
5984
5997
6005
5997
5999
5993
5995
5993
5989
5987
5997
6000
5999
6014
6010
6007
6018
6026
6027
6020
6017
6024
6028
6044
6065
6070
6069
6072
6076
6077
6075
6076
6069
6076
6089
6093
6096
6104
6101
6112
6117
6112
6127
6125
6130
6139
6136
6129
6137
6134
6139
6127
6125
6131
6135
6145
6147
6158
6170
6173
6168
6172
6191
6186
6186
6193
6203
6210
6223
6218
6227
6233
6226
6231
6242
6239
6243
6248
6250
6264
6259
6265
6267
6268
6270
6283
6274
6261
6274
6274
6283
6299
6292
6286
6281
6275
6282
6282
6284
6284
6280
6273
6275
6288
6290
6280
6299
6305
6298
6301
6296
6312
6314
6318
6313
6309
6316
6331
6339
6339
6336
6344
6333
6360
6364
6359
6359
6356
6358
6360
6363
6363
6383
6380
6378
6382
6385
6381
6399
6417
6416
6415
6416
6412
6416
6421
6435
6427
6420
6411
6405
6418
6424
6441
6433
6426
6428
6444
6451
6459
6450
6447
6460
6452
6457
6458
6465
6465
6467
6468
6476
6472
6474
6476
6488
6494
6499
6507
6504
6504
6508
6518
6523
6533
6543
6531
6532
6533
6538
6537
6542
6542
6554
6547
6549
6553
6564
6571
6563
6579
6587
6594
6591
6588
6591
6587
6585
6595
6600
6603
6611
6602
6609
6610
6615
6618
6610
6605
6614
6616
6611
6623
6629
6628
6617
6621
6626
6632
6637
6640
6642
6645
6651
6661
6660
6668
6671
6683
6683
6688
6690
6696
6699
6704
6708
6714
6707
6715
6718
6725
6716
6718
6723
6729
6746
6758
6761
6759
6763
6774
6767
6770
6797
6806
6811
6793
6804
6812
6816
6809
6822
6821
6820
6829
6839
6836
6846
6840
6852
6846
6848
6855
6847
6836
6852
6865
6869
6879
6891
6902
6896
6896
6903
6919
6920
6928
6934
6913
6919
6912
6920
6935
6942
6951
6966
6966
6957
6960
6959
6965
6979
6982
6975
6974
6978
6981
6988
6988
6980
6983
6982
7001
7013
7018
7018
7020
7021
7037
7037
7040
7044
7049
7053
7054
7053
7041
7046
7057
7049
7059
7071
7066
7065
7064
7061
7054
7057
7062
7068
7082
7078
7082
7086
7089
7091
7106
7113
7115
7117
7121
7128
7144
7143
7139
7148
7149
7151
7155
7159
7168
7163
7169
7172
7181
7188
7178
7188
7175
7177
7183
7186
7191
7198
7197
7191
7187
7188
7207
7222
7221
7213
7216
7227
7227
7223
7250
7249
7259
7272
7266
7267
7261
7258
7256
7273
7277
7280
7280
7293
7305
7298
7315
7316
7329
7337
7343
7343
7353
7353
7355
7371
7366
7367
7368
7355
7363
7369
7366
7378
7391
7391
7389
7386
7381
7392
7401
7401
7405
7401
7418
7418
7420
7417
7428
7437
7435
7437
7439
7456
7467
7470
7468
7485
7473
7481
7482
7476
7490
7491
7500
7503
7502
7507
7514
7513
7517
7532
7539
7553
7562
7559
7550
7561
7558
7571
7569
7569
7572
7580
7582
7576
7575
7579
7573
7584
7587
7596
7603
7617
7626
7625
7635
7646
7652
7657
7655
7679
7680
7676
7683
7684
7683
7692
7700
7709
7706
7708
7715
7724
7732
7741
7740
7742
7756
7759
7764
7765
7758
7758
7761
7762
7753
7758
7758
7748
7750
7758
7761
7776
7786
7791
7793
7800
7798
7794
7809
7800
7800
7803
7816
7813
7832
7843
7846
7850
7866
7877
7861
7863
7867
7866
7861
7853
7851
7845
7860
7844
7858
7864
7875
7871
7881
7874
7871
7886
7891
7897
7902
7908
7903
7888
7919
7908
7894
7887
7913
7916
7913
7919
7917
7931
7937
7947
7949
7935
7944
7960
7954
7946
7947
7964
7960
7963
7985
7980
7983
8001
8009
8003
8007
8023
8024
8032
8032
8020
8027
8038
8039
8044
8061
8043
8058
8064
8068
8063
8064
8074
8090
8083
8094
8091
8095
8093
8107
8124
8129
8146
8149
8155
8169
8178
8176
8180
8184
8180
8170
8176
8193
8193
8194
8203
8222
8213
8215
8222
8228
8236
8239
8246
8248
8244
8246
8255
8249
8272
8281
8289
8291
8300
8305
8313
8302
8310
8318
8328
8333
8329
8331
8327
8328
8328
8335
8349
8347
8347
8360
8371
8370
8374
8377
8381
8387
8394
8400
8415
8413
8414
8417
8413
8431
8450
8457
8463
8479
8478
8469
8475
8490
8486
8483
8498
8507
8506
8511
8516
8516
8528
8533
8538
8547
8549
8552
8555
8570
8567
8580
8588
8586
8589
8600
8599
8607
8609
8618
8627
8616
8632
8646
8637
8635
8636
8644
8647
8644
8648
8659
8662
8659
8665
8676
8679
8689
8700
8714
8704
8708
8715
8719
8718
8723
8716
8735
8741
8760
8759
8767
8763
8754
8758
8779
8786
8796
8814
8813
8802
8816
8825
8824
8847
8856
8850
8860
8874
8882
8872
8871
8880
8871
8887
8899
8899
8912
8914
8903
8920
8922
8941
8943
8946
8938
8946
8961
8953
8967
8977
8991
8995
8994
8995
8993
9009
9020
9027
9040
9045
9048
9064
9062
9085
9085
9096
9099
9106
9112
9120
9112
9126
9137
9149
9145
9150
9164
9151
9160
9168
9180
9165
9177
9179
9192
9192
9200
9206
9203
9211
9199
9214
9217
9228
9243
9231
9239
9256
9268
9272
9268
9274
9283
9291
9294
9290
9291
9300
9298
9290
9291
9305
9326
9320
9310
9325
9330
9334
9335
9331
9348
9356
9367
9362
9365
9375
9381
9387
9403
9415
9410
9410
9420
9424
9429
9428
9427
9440
9459
9460
9455
9464
9463
9471
9477
9486
9477
9491
9489
9500
9518
9526
9519
9534
9539
9534
9534
9553
9569
9583
9582
9594
9604
9591
9598
9600
9592
9601
9592
9595
9594
9598
9613
9603
9602
9616
9636
9657
9649
9640
9628
9641
9648
9652
9652
9639
9626
9644
9657
9661
9678
9679
9675
9679
9688
9702
9705
9702
9713
9728
9728
9741
9742
9746
9745
9749
9768
9759
9769
9777
9769
9780
9809
9799
9799
9822
9829
9823
9836
9853
9855
9858
9865
9879
9877
9871
9882
9890
9901
9911
9918
9931
9937
9952
9940
9937
9948
9948
9962
9966
9977
9985
9982
9996
9999
10012
10021
10030
10028
10034
10053
10049
10050
10066
10073
10071
10085
10086
10107
10120
10130
10124
10139
10156
10153
10154
10170
10160
10174
10186
10177
10187
10200
10218
10202
10215
10225
10216
10222
10234
10231
10228
10230
10245
10245
10241
10254
10258
10265
10288
10293
10292
10304
10292
10307
10314
10328
10319
10326
10338
10351
10356
10375
10372
10380
10380
10396
10391
10398
10398
10391
10386
10391
10402
10418
10437
10430
10423
10418
10427
10438
10442
10474
10484
10489
10493
10479
10483
10495
10501
10514
10526
10548
10572
10580
10605
10591
10613
10619
10622
10622
10619
10642
10659
10672
10683
10683
10695
10703
10702
10699
10705
10725
10728
10724
10741
10754
10753
10752
10752
10744
10750
10755
10776
10792
10789
10786
10790
10793
10813
10807
10816
10814
10838
10855
10864
10855
10864
10869
10876
10880
10887
10914
10909
10913
10914
10939
10927
10938
10941
10932
10944
10954
10969
10969
10972
10997
10994
10990
11000
11017
11010
11015
11013
11018
11037
11046
11046
11055
11069
11071
11081
11084
11072
11093
11122
11109
11119
11116
11115
11147
11130
11147
11155
11179
11171
11176
11191
11197
11181
11192
11195
11213
11231
11232
11242
11249
11265
11273
11300
11300
11297
11298
11300
11284
11299
11317
11336
11324
11333
11340
11347
11349
11375
11368
11375
11392
11406
11407
11424
11442
11422
11418
11439
11450
11447
11469
11473
11490
11490
11501
11517
11510
11523
11538
11522
11529
11534
11551
11567
11556
11568
11590
11591
11607
11604
11616
11627
11629
11643
11649
11655
11658
11656
11665
11667
11676
11673
11680
11671
11678
11685
11696
11704
11716
