0.0005220689655172415 0.0009317241379310344
300
292
286
286
280
280
273
272
269
266
265
266
264
260
255
255
254
251
248
245
246
243
242
243
239
238
238
237
232
231
228
226
227
228
226
224
224
224
223
223
224
224
225
225
222
223
221
222
221
221
220
220
222
223
223
225
227
227
227
227
228
228
230
227
225
223
223
222
223
221
222
221
219
220
220
219
222
222
222
222
223
223
224
224
223
223
221
220
218
218
217
216
216
215
213
213
213
214
213
213
215
213
213
212
212
212
211
210
210
211
211
211
211
209
211
211
210
210
209
207
208
208
207
209
208
210
209
209
211
210
210
204
204
204
204
205
205
207
208
210
208
209
207
207
206
206
206
207
205
206
206
208
209
210
211
210
211
211
212
208
209
211
211
215
217
214
211
211
212
210
209
209
208
209
211
211
211
210
211
212
209
207
206
204
203
204
201
202
201
202
201
201
201
204
203
202
201
201
201
202
202
202
200
200
200
199
199
198
198
200
202
202
201
199
199
198
198
198
200
201
201
203
202
203
201
203
203
203
203
202
202
202
201
201
200
199
200
199
200
200
199
200
200
202
203
204
202
204
202
203
202
199
200
200
200
199
199
198
198
198
199
198
196
197
198
197
197
196
197
200
199
200
198
198
198
198
198
198
198
198
197
196
197
197
197
198
200
201
201
201
199
198
198
198
199
200
201
200
199
200
201
202
203
203
202
204
203
203
203
204
205
207
208
207
207
206
206
207
205
204
203
203
200
197
197
195
195
193
193
192
192
193
193
193
198
198
197
196
196
196
197
196
195
194
195
196
194
194
192
193
194
195
196
196
197
197
198
198
197
197
197
199
199
198
199
197
200
199
200
198
201
200
201
201
203
204
204
203
204
204
203
204
202
201
200
201
202
200
200
200
199
201
203
202
202
202
203
204
205
207
204
203
204
203
205
204
205
204
203
202
204
201
200
199
199
198
199
199
202
205
206
205
203
204
204
202
202
203
205
205
204
206
204
202
204
201
203
203
203
205
204
204
204
204
202
200
202
200
199
199
197
197
194
192
191
190
189
192
190
190
192
191
191
191
191
192
191
191
190
191
190
191
191
192
192
191
190
190
190
192
193
193
192
191
192
193
195
195
199
200
199
198
196
195
192
193
193
190
191
190
190
190
192
192
193
194
193
195
195
194
194
194
195
195
197
197
199
199
200
201
201
200
199
199
198
197
195
197
198
196
199
199
197
196
196
196
196
195
195
194
192
193
193
192
192
190
191
191
191
190
191
190
187
188
187
187
188
188
189
185
185
185
187
188
188
188
189
188
188
189
190
190
186
186
185
185
186
186
186
186
186
185
187
188
188
189
190
191
192
192
191
191
192
195
193
195
192
189
189
189
188
190
193
191
191
190
188
189
190
192
191
190
192
191
190
191
191
192
190
190
189
188
187
188
188
186
185
185
185
185
184
185
184
185
186
186
186
186
188
188
187
184
185
186
186
186
187
187
187
188
186
186
186
186
185
185
185
184
184
185
188
187
188
189
188
185
184
184
188
189
188
188
187
188
187
185
183
183
183
184
184
182
182
180
179
179
179
179
180
178
180
181
180
181
181
182
181
180
179
179
179
182
183
183
185
183
184
184
184
182
181
183
183
183
182
184
186
187
187
188
186
184
185
187
189
187
189
186
183
182
181
182
181
180
179
178
179
177
176
176
174
175
176
176
176
177
178
179
179
181
181
177
177
177
177
177
176
176
177
177
178
178
178
178
179
180
180
178
180
180
180
179
181
180
180
179
178
180
183
181
183
185
181
180
180
179
179
179
178
177
177
177
179
179
181
180
180
180
175
173
176
178
177
175
174
174
173
174
175
176
176
174
173
172
174
174
174
173
173
173
172
172
170
171
171
171
171
173
174
175
175
175
177
176
177
177
177
177
176
175
176
176
176
178
176
178
177
176
176
175
174
174
173
173
173
173
172
172
173
172
172
172
172
172
174
174
172
172
172
172
171
170
174
173
172
172
169
170
170
168
167
169
168
168
168
168
168
169
168
168
170
170
169
169
168
168
168
169
169
166
165
166
164
164
163
164
162
161
160
160
160
161
161
162
162
163
162
162
163
165
164
164
164
163
163
164
162
162
162
162
160
161
162
161
163
163
161
159
160
159
159
159
159
160
160
161
162
162
162
162
160
159
158
158
159
158
158
156
158
157
156
159
159
158
156
157
158
159
159
158
158
158
157
158
159
161
158
159
159
158
159
158
160
160
161
161
161
162
163
162
161
164
164
165
164
162
164
167
164
165
166
167
167
166
165
164
162
162
160
160
160
159
160
161
160
160
160
161
160
157
157
156
155
159
157
156
156
156
156
157
158
158
158
160
160
161
165
164
164
164
163
161
161
161
160
158
159
158
158
159
157
157
158
159
161
160
159
157
155
156
157
155
157
157
157
157
157
155
155
157
156
156
156
156
157
157
157
157
157
157
157
158
158
158
158
159
158
157
157
156
157
157
157
158
158
159
160
159
159
157
156
154
154
153
155
155
156
158
159
159
160
158
157
154
153
154
157
157
156
155
155
156
159
160
161
162
163
165
164
165
166
166
165
165
165
164
165
163
162
159
159
160
160
161
161
160
161
161
160
159
159
161
162
162
162
162
162
164
163
164
163
162
165
164
164
163
162
160
159
160
159
159
163
161
160
161
161
160
159
159
158
157
157
156
157
158
160
160
160
163
163
162
162
162
159
159
159
159
160
163
163
163
163
162
162
164
162
163
163
162
161
161
161
160
161
162
162
163
163
161
160
160
160
161
162
163
162
162
163
162
162
163
162
162
163
163
165
166
164
166
166
164
165
165
165
164
163
163
162
162
164
163
163
163
165
166
166
165
163
160
158
159
158
160
159
157
157
156
157
156
156
156
155
155
155
155
156
157
159
158
158
159
159
159
157
157
157
156
157
157
159
159
160
160
161
161
160
159
160
160
159
160
162
161
161
160
160
160
159
158
159
159
158
159
160
161
160
160
160
158
158
158
157
157
156
158
156
156
156
155
155
156
156
158
157
158
158
159
159
161
163
163
161
157
157
156
156
158
157
157
157
157
157
156
156
158
157
159
159
158
157
159
159
159
160
160
160
159
159
158
157
157
160
159
157
156
154
154
154
152
153
153
155
154
154
156
156
156
157
157
157
158
158
156
157
157
157
157
158
158
156
156
157
157
157
158
158
159
161
161
161
162
158
158
160
159
160
160
159
159
162
163
161
160
158
159
158
158
158
153
151
149
149
149
149
149
149
150
150
150
149
149
149
152
151
151
150
150
150
149
149
149
150
150
152
153
152
152
152
152
151
151
152
153
153
153
153
152
153
153
152
152
152
152
152
151
153
153
154
153
153
152
151
151
152
152
151
151
151
152
153
152
150
150
149
150
151
151
151
152
153
154
152
150
150
150
149
149
149
148
148
148
149
149
148
148
149
149
149
148
149
149
148
148
148
147
147
149
148
148
149
147
147
147
147
147
147
147
145
145
146
147
148
148
148
146
147
146
146
146
145
145
144
144
144
143
144
144
144
144
143
143
145
146
146
145
146
145
144
147
147
147
146
146
146
145
145
145
145
145
145
145
146
148
147
147
148
149
149
149
152
151
151
150
148
149
149
150
149
152
152
151
152
150
151
151
150
151
150
151
151
150
150
152
149
149
150
150
148
148
147
148
149
149
150
150
148
148
148
148
151
148
148
148
148
148
149
148
147
147
148
148
149
148
147
149
149
149
149
149
149
150
150
150
150
150
150
151
151
150
147
147
146
146
147
149
149
152
152
152
150
149
147
147
145
144
145
146
145
145
145
144
143
143
144
144
144
144
144
143
143
144
145
146
146
146
147
145
147
150
150
150
149
148
147
147
147
147
147
148
147
148
148
148
149
149
147
148
147
146
147
147
149
149
150
150
148
147
147
150
152
153
153
153
153
150
148
148
148
147
146
148
150
149
150
147
148
146
146
146
147
146
147
146
147
147
146
146
145
143
142
142
142
142
142
144
145
147
147
147
146
147
148
148
148
148
149
148
148
146
148
148
148
147
149
148
148
150
146
147
149
150
149
148
147
149
150
146
145
144
143
143
143
145
145
146
147
146
145
145
144
142
144
143
143
144
144
142
142
143
142
143
145
146
145
144
144
143
144
145
145
146
145
145
145
144
142
143
143
142
141
139
138
138
140
139
139
139
140
141
141
141
141
142
142
146
146
144
145
144
142
144
144
144
144
145
145
143
143
143
142
141
141
141
141
141
141
141
139
140
139
140
140
140
140
140
141
141
141
140
141
141
139
139
139
140
140
140
141
141
140
140
140
139
139
141
141
141
141
141
141
141
143
144
143
143
143
144
146
144
144
144
145
145
146
145
142
142
142
141
141
140
141
142
142
141
142
142
141
141
143
143
143
144
143
142
141
142
142
142
142
142
142
142
142
140
139
139
140
141
141
141
142
143
143
142
143
142
142
142
142
143
143
144
145
144
146
148
148
148
147
147
147
146
146
147
148
147
148
147
146
146
147
147
145
146
149
147
144
143
144
146
144
143
144
143
144
144
146
145
144
144
143
143
144
143
144
143
143
143
144
142
142
142
140
140
141
142
143
144
143
142
145
145
145
142
142
141
141
143
143
143
143
143
141
141
140
140
139
140
139
139
140
140
140
139
138
138
139
139
137
138
137
137
136
136
137
138
136
137
137
137
136
138
140
141
142
142
142
141
140
141
140
139
141
140
140
140
141
141
141
142
141
142
142
144
143
142
141
140
140
141
142
142
142
142
142
142
144
144
143
141
141
139
137
137
137
137
137
136
136
136
136
138
138
139
139
138
139
138
139
139
138
139
138
137
138
138
138
139
139
139
139
138
139
139
140
140
143
143
143
144
143
142
142
142
142
142
139
140
140
141
141
141
142
141
141
142
145
143
144
143
143
142
143
143
143
143
144
143
143
145
146
147
147
146
147
147
146
146
145
144
142
142
141
144
145
145
145
143
143
142
143
142
143
144
144
145
143
142
141
140
140
139
139
138
140
141
141
141
141
141
141
141
142
142
142
142
144
145
146
144
143
143
143
143
144
144
143
144
145
145
144
145
144
143
143
143
141
141
141
140
141
141
141
140
140
138
138
140
140
139
139
138
139
140
140
140
140
141
141
143
142
142
142
140
141
141
141
141
142
140
140
141
140
139
139
138
137
138
138
138
139
139
139
140
140
140
138
140
140
139
140
141
142
142
142
141
141
141
140
140
140
140
141
141
141
140
139
140
142
143
143
143
144
144
144
143
144
145
146
146
143
142
140
139
139
139
139
139
138
139
139
140
140
141
140
140
139
139
139
139
140
140
140
140
140
140
141
141
142
143
143
143
144
141
143
140
140
139
139
140
141
142
141
141
141
143
144
144
145
146
147
145
147
147
147
148
147
146
146
146
148
146
146
147
147
146
144
145
145
148
149
148
149
148
147
147
145
144
144
143
142
141
142
141
140
140
141
139
141
141
138
138
138
138
138
138
138
138
137
137
137
137
137
137
138
138
138
138
139
139
139
139
139
139
140
140
140
139
140
141
140
139
139
140
139
138
138
138
137
138
138
139
139
137
138
138
138
138
138
138
138
138
138
139
139
139
138
139
139
140
139
139
140
141
142
142
142
141
140
141
141
141
141
142
142
144
143
144
142
143
141
142
142
142
141
140
139
140
140
140
141
141
141
141
142
141
141
140
139
139
141
142
141
141
141
141
141
141
142
143
141
140
141
141
141
143
142
139
139
139
140
142
144
142
143
144
144
144
145
143
143
144
144
144
143
141
139
138
138
140
140
140
140
140
138
138
139
139
140
138
138
139
139
140
138
137
137
137
137
138
139
140
138
139
140
139
141
141
141
141
141
139
139
140
139
145
148
146
146
147
147
145
147
148
146
144
143
143
142
141
144
145
143
142
141
141
140
139
138
138
137
137
136
135
136
136
137
137
136
138
141
142
143
139
138
138
138
137
137
137
138
138
139
137
136
135
136
137
137
137
136
136
135
136
136
136
136
135
136
138
137
137
137
138
139
139
140
141
141
141
141
141
142
143
141
138
139
140
142
140
140
140
138
137
135
133
133
133
133
132
133
132
133
133
132
132
132
132
132
133
132
134
134
134
136
136
136
136
136
135
136
135
135
135
135
135
135
134
135
135
134
133
134
134
134
135
138
138
139
140
141
141
141
139
139
140
142
141
140
138
137
136
137
137
139
141
139
138
138
138
140
139
138
138
140
139
138
138
137
137
138
138
138
137
137
137
137
137
137
138
137
137
136
135
134
134
134
134
134
134
135
137
137
136
135
135
134
134
135
136
137
138
137
138
138
138
138
140
140
141
139
139
139
139
139
139
140
141
141
141
141
141
141
140
139
140
141
141
142
141
139
138
139
138
137
137
137
138
137
137
134
135
136
135
138
138
139
139
138
139
139
139
139
137
136
139
139
138
138
135
135
135
135
135
136
136
136
135
136
136
135
137
137
137
135
134
134
134
136
136
137
138
136
135
135
135
136
135
135
135
135
134
131
132
133
133
133
133
132
132
131
132
131
133
133
133
133
133
132
130
129
130
130
130
129
129
129
129
128
128
130
130
130
130
130
130
130
130
131
131
130
130
128
129
128
128
128
128
129
130
130
129
128
129
129
129
129
131
133
134
135
136
135
135
135
139
139
140
141
138
137
138
136
137
139
140
139
139
137
138
135
134
135
134
134
135
135
136
136
134
133
134
133
132
133
132
132
132
134
134
134
132
133
132
133
131
131
131
132
131
130
131
130
130
129
129
129
129
129
129
130
130
131
131
131
132
132
133
133
132
132
131
132
133
133
131
131
131
131
131
130
130
131
131
130
130
130
129
131
131
131
131
130
130
130
129
129
130
131
132
132
131
131
130
131
131
130
130
131
131
130
130
129
130
133
133
133
134
135
136
135
135
135
135
134
134
135
134
135
138
139
138
139
138
137
138
137
137
137
137
138
138
138
138
139
139
139
137
137
137
136
135
134
135
135
137
136
135
136
135
136
136
136
136
136
135
134
133
135
134
133
133
133
133
132
131
131
131
131
132
131
133
133
133
133
132
132
132
133
133
135
135
137
135
136
135
135
135
135
137
137
135
135
135
134
137
138
137
136
134
134
134
132
132
133
131
131
133
134
134
135
134
133
133
134
132
132
131
131
130
130
130
133
134
134
134
134
133
134
133
132
132
133
135
135
135
135
135
134
133
132
134
135
136
135
134
134
134
134
134
133
131
132
133
132
131
131
129
129
128
129
129
131
130
133
133
133
133
134
133
133
137
135
137
137
137
137
135
137
136
137
136
135
133
133
133
133
133
131
131
133
134
132
131
130
129
130
130
129
129
128
129
129
128
128
128
127
127
128
129
128
129
129
130
130
129
130
131
132
132
132
133
133
135
137
135
135
136
133
133
135
134
134
135
136
135
133
130
130
130
129
129
130
130
130
128
128
128
128
130
131
130
129
129
130
130
130
130
131
131
130
129
129
129
128
129
129
128
129
130
131
131
132
133
132
133
132
132
132
133
134
134
134
135
135
132
133
131
131
131
131
131
131
132
131
130
130
130
129
130
129
129
129
129
130
131
131
132
130
129
129
129
131
130
130
131
130
129
128
128
129
130
132
133
133
133
134
134
135
134
132
131
130
130
131
131
131
132
131
132
132
134
133
134
133
132
131
131
131
131
130
129
130
129
128
127
129
127
129
128
131
134
134
136
135
135
135
135
132
131
132
133
132
133
133
132
132
133
133
134
135
135
134
132
131
132
130
131
128
128
129
130
130
130
130
130
129
130
128
127
127
127
127
128
131
130
130
131
130
130
129
130
131
129
129
128
127
128
131
130
132
132
133
133
133
133
134
132
132
132
132
133
132
132
133
133
133
132
131
131
130
129
129
128
128
128
128
127
127
128
127
128
129
128
127
126
126
125
125
126
127
126
126
125
125
126
126
127
127
126
124
125
125
125
124
126
126
126
128
128
127
128
128
128
129
130
128
127
127
126
126
125
125
122
123
122
122
122
122
122
122
122
124
126
127
127
126
126
126
127
127
127
126
128
126
127
127
126
125
125
126
127
127
126
127
128
129
128
129
129
129
129
129
129
130
127
127
128
127
126
125
125
127
127
126
125
125
124
124
124
124
124
124
125
126
126
127
127
127
127
129
128
128
127
126
127
128
128
127
128
127
126
127
129
129
129
130
128
127
128
128
129
128
127
127
126
126
124
124
123
123
122
122
122
121
121
121
121
121
121
122
123
123
123
122
122
123
122
122
123
123
123
123
123
123
122
122
123
124
123
123
122
122
122
122
123
123
123
123
125
125
123
123
124
124
123
124
124
125
125
125
123
121
121
120
120
120
121
121
120
120
121
122
122
122
123
123
124
124
125
123
124
123
123
123
122
122
122
122
123
122
123
123
124
124
126
127
125
125
123
124
123
125
125
124
124
125
125
124
124
124
124
124
127
127
127
127
128
128
128
128
128
127
127
127
130
130
130
129
129
126
124
124
122
124
123
123
123
123
124
124
125
125
122
122
123
124
124
123
125
125
123
125
125
125
125
125
126
127
127
128
128
127
129
126
125
125
124
123
122
121
123
122
122
122
122
122
122
124
125
125
124
123
124
124
124
123
122
122
123
123
123
125
125
126
125
125
125
126
125
123
125
125
125
124
122
123
122
122
122
122
122
122
123
121
122
122
123
125
125
124
124
124
122
123
123
124
124
123
124
124
124
121
121
121
121
122
123
123
123
122
123
122
123
123
122
122
122
121
121
121
121
121
121
121
121
121
121
121
119
119
119
119
118
118
117
116
117
118
120
121
121
121
121
122
122
122
122
122
121
122
123
123
123
122
121
121
120
119
119
121
120
120
121
122
122
122
121
120
122
122
124
126
124
124
124
123
124
123
123
125
124
126
125
124
123
123
123
125
127
130
130
129
128
127
128
127
129
128
127
128
129
128
129
129
129
127
128
129
129
127
125
124
124
123
123
124
124
124
124
123
123
124
124
122
124
124
125
126
125
126
125
126
124
123
123
123
125
126
124
124
124
124
123
123
122
122
122
121
121
121
121
122
122
124
124
123
123
122
123
123
121
121
121
120
120
120
121
121
121
123
124
124
124
125
126
124
124
124
123
123
123
124
124
125
126
123
123
123
123
123
123
123
123
125
125
126
126
127
127
126
127
127
128
127
127
127
125
125
125
128
128
128
127
129
127
128
127
126
127
128
130
129
130
130
129
129
130
132
131
132
131
131
131
132
133
132
131
130
128
128
127
127
127
124
124
125
122
121
120
121
120
122
122
121
120
121
121
120
119
120
120
120
120
119
120
122
122
122
123
124
124
126
126
123
123
123
124
125
123
122
121
121
120
120
121
122
121
122
122
124
124
124
125
125
125
124
124
125
125
126
127
127
127
127
126
128
129
130
128
128
128
129
128
129
127
128
127
126
125
126
125
126
126
124
124
124
123
123
123
123
123
123
121
122
122
121
122
121
121
123
123
123
122
122
122
122
122
120
121
120
120
120
120
120
120
120
119
119
119
119
119
120
121
120
119
120
120
118
119
119
120
120
120
121
122
122
123
122
120
122
121
119
120
119
120
120
120
120
119
120
121
120
120
120
121
120
122
126
126
126
126
125
125
125
125
124
123
121
121
122
122
121
122
122
123
121
120
121
119
119
121
121
122
122
125
124
123
122
122
123
123
123
123
124
124
122
122
121
119
119
120
118
118
119
119
119
119
120
120
121
121
120
121
121
120
119
119
117
118
117
118
119
118
118
119
118
118
118
118
118
119
117
117
117
115
116
117
118
117
116
114
114
115
115
114
114
113
114
113
113
113
113
113
113
113
113
113
114
114
114
114
114
114
114
113
114
115
118
117
117
117
117
119
117
117
117
117
119
118
117
117
118
119
118
118
118
119
119
118
120
120
121
120
121
121
119
119
119
120
118
117
117
117
117
114
114
114
114
114
114
113
113
114
115
115
114
115
115
116
115
115
115
114
115
114
113
113
112
112
112
112
113
113
113
111
111
111
111
112
111
111
112
112
113
114
114
116
116
116
116
117
117
117
117
118
118
118
118
117
119
120
119
117
119
119
118
117
116
117
119
119
119
119
119
118
119
119
119
119
118
118
117
116
115
114
113
113
112
112
113
113
114
113
114
113
113
113
113
114
114
114
114
115
115
116
115
116
118
117
117
116
116
116
116
116
118
118
117
117
117
115
116
115
115
116
116
116
117
117
118
118
118
120
120
120
120
121
121
120
119
120
120
119
119
119
120
118
119
119
119
120
119
119
119
118
119
119
119
121
121
122
123
121
121
122
121
119
120
119
120
121
123
121
121
121
122
120
121
121
121
122
122
122
120
123
122
121
121
121
121
121
121
118
118
118
117
117
116
117
117
118
118
118
119
120
120
120
121
121
120
120
121
121
121
122
122
120
120
118
118
117
117
117
118
117
118
116
116
116
116
116
116
115
115
114
115
117
118
120
120
121
120
120
120
120
121
122
122
120
119
119
116
114
113
113
113
113
113
113
114
116
120
120
119
119
118
118
118
118
118
116
116
114
113
112
112
112
113
113
115
116
116
115
115
115
114
112
113
112
113
112
112
111
112
111
110
110
112
113
113
112
113
113
111
112
111
111
111
111
111
110
110
109
109
109
109
109
109
111
112
111
111
113
112
112
113
112
113
113
115
115
115
115
115
115
115
114
114
115
114
115
115
115
115
115
115
114
114
115
114
113
113
112
111
110
109
110
110
111
111
110
110
112
112
112
112
113
112
112
113
113
113
115
115
116
115
116
116
116
116
117
117
116
117
117
118
118
118
117
117
116
116
116
116
116
114
114
115
115
114
115
116
116
115
113
114
114
114
115
116
116
116
116
118
118
118
117
116
116
115
116
117
115
115
115
116
114
114
113
113
113
113
114
113
112
110
110
110
110
110
109
110
110
110
110
109
110
111
111
111
111
110
110
110
109
109
108
107
107
107
107
107
107
107
108
110
110
110
111
110
111
110
111
112
112
112
112
113
116
116
118
118
119
119
119
118
118
117
118
115
114
114
115
116
117
114
114
114
115
112
112
112
111
111
111
112
112
112
113
111
111
112
113
113
114
114
115
115
115
115
115
114
114
114
114
114
115
114
115
115
114
114
114
114
114
115
114
114
113
112
112
110
111
111
111
111
110
108
107
107
109
109
108
108
108
108
108
108
111
112
111
111
111
113
113
113
114
111
111
111
110
110
110
110
110
109
108
106
107
108
107
107
107
107
106
106
107
107
107
107
107
107
106
106
106
106
108
