0.00021482758620689656 0.00031724137931034486
300
297
290
287
287
281
277
274
275
274
276
278
274
271
266
265
265
262
260
259
259
259
261
263
263
262
263
263
263
263
265
264
262
261
261
260
260
259
260
260
261
260
261
261
261
260
258
260
257
256
255
254
254
256
255
255
254
253
253
253
252
250
250
250
251
252
253
251
252
252
250
250
250
249
250
251
251
250
250
251
251
251
253
254
255
254
254
253
251
251
252
252
253
255
252
251
250
251
249
249
250
250
251
252
251
251
251
250
250
250
252
252
252
253
254
252
254
252
250
251
250
250
252
250
249
248
248
248
249
250
252
250
247
248
247
246
245
246
246
249
248
250
248
247
248
249
249
248
248
246
248
247
247
247
246
246
247
249
246
248
246
247
248
246
245
245
245
244
244
243
243
243
244
244
244
243
243
246
245
244
244
244
242
245
245
246
246
245
245
244
243
244
243
242
243
244
245
246
246
246
247
246
247
246
245
243
242
240
240
238
239
241
242
244
244
242
242
240
240
241
241
239
241
240
240
239
239
241
241
241
242
240
240
239
240
243
245
247
244
244
240
242
242
240
239
242
240
240
239
239
239
240
240
240
241
239
238
234
234
236
235
234
234
233
234
234
233
233
234
234
234
234
233
232
234
234
234
233
234
234
234
234
235
235
233
234
234
234
235
235
237
235
234
234
234
234
233
233
234
236
236
238
237
235
234
234
235
237
235
234
234
233
233
233
231
229
230
231
231
232
232
233
232
233
232
232
231
233
238
238
239
237
237
237
236
236
235
238
238
238
241
239
237
235
236
235
233
233
234
234
233
232
232
233
233
233
233
232
233
233
233
233
233
234
233
234
234
235
234
234
235
234
233
233
232
234
235
234
232
234
235
235
233
233
231
231
230
230
231
232
232
233
234
233
234
234
236
235
234
234
233
233
234
234
234
234
235
235
233
234
234
232
233
233
232
232
232
232
233
234
232
232
232
232
232
232
233
234
231
230
230
230
231
230
230
230
230
230
228
230
230
230
230
232
233
232
232
233
234
234
233
233
233
232
232
231
233
232
233
234
234
234
233
233
234
235
235
237
236
235
236
235
235
235
234
234
233
231
232
231
231
233
233
232
233
230
231
231
230
229
230
230
230
231
229
227
227
226
227
227
228
227
227
227
227
228
228
227
229
230
229
228
229
230
231
229
229
228
227
227
228
226
226
226
227
227
225
225
225
227
227
227
228
228
231
228
230
230
231
231
231
231
230
230
227
229
229
231
231
230
230
231
231
228
229
228
227
228
228
229
228
229
229
230
231
227
228
228
229
227
228
228
228
226
225
226
224
224
225
225
225
227
226
225
224
225
225
227
225
226
228
228
228
228
227
226
226
225
224
224
224
223
223
223
222
223
223
223
223
223
221
222
223
224
226
225
224
221
222
221
221
226
223
223
223
223
220
222
224
224
223
223
223
224
223
222
223
221
222
221
222
222
222
220
221
221
220
219
219
218
219
220
220
220
224
225
225
223
223
223
222
222
221
221
220
221
221
223
223
223
223
219
218
218
217
219
219
220
219
219
218
218
219
221
220
220
221
222
221
222
221
220
220
220
221
222
222
222
217
216
216
217
217
217
220
220
221
219
215
214
213
212
213
215
215
216
217
215
215
214
216
215
214
213
215
214
215
215
215
217
216
214
214
214
214
214
215
214
215
215
215
215
215
215
215
213
213
214
213
212
211
211
213
213
213
213
213
212
211
211
213
214
216
215
214
214
213
214
214
214
213
213
215
215
216
215
218
217
215
213
213
215
216
217
214
214
216
217
217
217
215
214
214
215
216
216
215
215
213
213
213
215
215
214
213
214
213
213
213
214
215
214
214
216
216
214
213
215
214
212
213
213
213
214
215
217
216
217
216
215
212
210
210
209
210
213
214
212
211
212
213
213
213
211
213
212
212
212
209
211
212
213
212
212
212
211
212
211
210
210
210
212
211
213
212
211
212
215
214
213
213
213
211
210
211
212
210
209
211
210
210
210
211
212
211
211
212
213
213
210
209
209
207
207
208
209
209
209
209
211
212
211
210
210
210
211
211
210
213
212
211
210
210
210
211
213
212
211
212
210
208
208
207
207
208
207
208
208
208
207
207
206
207
207
208
208
208
207
207
208
209
207
207
207
207
207
207
208
208
209
210
209
209
208
208
207
207
207
210
206
206
206
206
207
206
206
206
208
208
208
210
211
211
211
212
211
212
211
211
212
212
212
213
212
212
211
212
212
213
214
213
212
210
209
208
205
204
204
206
207
207
205
205
205
207
208
209
208
204
204
204
205
205
207
207
208
209
209
207
206
205
205
205
204
205
205
204
206
207
207
207
207
208
207
208
209
206
206
206
208
206
206
205
204
204
205
206
207
208
210
210
209
206
206
206
205
206
206
206
206
207
206
206
205
208
207
205
205
206
207
210
210
210
209
209
209
209
208
209
208
207
207
208
208
208
207
203
204
204
204
204
204
204
202
202
202
202
204
203
203
204
205
204
205
204
205
206
206
206
204
202
201
201
201
201
201
201
200
200
201
202
205
205
205
205
205
204
205
204
203
204
202
203
202
200
201
200
201
201
203
201
199
198
199
198
198
198
199
200
199
199
199
200
200
200
200
200
200
202
202
202
201
203
203
201
200
201
199
200
199
199
199
198
200
199
198
198
198
200
200
199
198
196
198
197
198
197
196
198
198
196
194
196
196
196
196
197
197
197
197
197
196
198
199
199
197
195
195
194
193
192
191
191
192
192
193
194
194
193
193
192
191
191
191
191
191
193
193
193
193
194
191
191
191
191
191
191
192
193
192
192
192
191
191
192
194
192
191
191
194
194
195
195
195
192
192
192
192
193
192
191
191
192
191
191
192
192
191
190
190
190
189
188
187
187
187
187
187
188
190
191
190
191
192
191
191
189
187
186
185
185
185
186
187
187
187
188
190
187
186
187
187
188
187
186
186
187
188
191
191
192
192
192
191
191
189
189
189
188
189
188
189
187
187
187
186
188
187
188
187
188
187
186
186
185
185
185
185
185
188
185
185
185
185
185
185
185
185
186
187
188
187
187
188
188
187
187
187
186
187
188
188
187
187
187
188
186
186
189
190
189
190
189
189
188
188
188
187
187
187
187
185
183
183
183
183
183
183
183
184
184
184
184
184
184
184
185
185
186
183
183
183
183
184
184
183
183
184
183
183
185
186
184
182
182
183
183
182
183
183
185
185
187
189
186
186
186
186
185
185
187
184
185
185
185
185
183
186
184
184
183
184
184
184
185
184
184
185
185
185
186
186
183
184
185
185
186
186
185
185
187
187
187
185
185
185
183
184
184
185
185
184
183
183
183
183
183
183
182
182
182
182
182
184
183
184
185
184
184
185
185
185
184
185
185
185
185
185
184
185
185
184
184
184
184
183
184
183
183
183
185
186
186
188
187
186
186
187
184
184
183
183
182
182
183
183
184
184
182
182
182
182
183
186
187
186
185
184
184
187
187
188
184
184
185
184
184
185
184
182
182
182
181
181
182
182
183
183
183
183
183
182
182
183
183
183
183
183
181
181
181
181
181
182
182
182
182
181
181
182
182
183
182
183
183
183
183
183
182
181
181
181
184
183
182
182
183
181
182
181
181
181
183
181
182
182
184
183
183
183
180
180
180
181
180
180
180
181
182
183
183
181
181
183
185
185
183
183
183
182
181
181
181
179
179
179
180
181
181
181
179
179
177
177
177
178
178
178
177
177
179
180
181
181
181
179
180
178
178
178
178
177
177
176
175
174
174
174
174
174
175
175
176
178
178
179
179
180
181
182
181
178
177
177
177
177
177
177
178
177
177
175
176
176
175
177
178
176
175
174
173
174
174
173
173
172
172
172
172
172
172
172
174
175
174
174
173
172
172
172
172
174
174
174
175
175
174
172
173
172
172
174
174
173
175
176
174
173
174
171
171
171
172
171
172
171
172
173
172
172
170
169
168
169
168
170
170
172
174
172
172
172
172
172
173
173
173
174
173
172
172
171
171
170
172
171
171
170
172
172
169
170
170
168
167
169
170
172
171
172
170
170
170
169
168
170
168
168
168
169
169
170
171
169
168
167
167
168
169
171
171
172
174
173
174
175
175
174
175
175
175
175
173
172
171
170
171
169
169
169
170
169
168
168
170
170
168
168
166
166
166
167
167
167
168
168
168
168
167
169
172
172
172
170
169
171
169
169
167
165
166
166
167
169
169
168
167
169
168
166
166
166
166
166
169
170
170
168
168
168
167
167
167
166
165
166
166
166
167
166
163
163
163
163
163
164
164
165
164
163
164
164
161
161
161
163
163
163
163
163
164
164
164
163
163
163
162
162
164
164
163
163
163
162
162
163
164
164
164
164
164
162
162
163
162
163
163
162
163
163
165
163
163
164
164
165
164
163
162
162
161
161
160
159
159
159
159
159
159
159
159
159
161
160
160
161
161
160
161
163
164
164
165
164
165
164
163
162
161
161
162
162
162
163
162
164
165
163
165
164
164
163
164
162
163
163
164
164
164
164
162
163
162
162
162
161
161
161
160
161
163
162
163
163
162
162
162
162
161
161
160
160
159
159
159
159
158
158
158
158
160
159
159
159
160
161
161
160
160
161
161
159
160
160
160
160
161
159
157
159
159
160
161
163
161
160
160
160
162
160
161
161
162
160
160
159
160
161
159
160
159
159
159
159
160
160
159
159
157
157
158
159
160
160
161
158
157
157
157
158
158
158
159
159
159
159
159
160
160
158
159
159
158
159
158
158
158
158
157
157
157
157
157
157
157
156
157
156
156
157
155
154
154
154
155
155
154
154
154
153
154
154
155
155
158
160
157
156
155
156
156
156
157
158
157
158
158
158
158
158
157
156
154
155
155
155
155
155
155
156
157
156
156
158
157
157
158
157
157
156
154
154
154
153
152
153
153
154
154
153
153
154
156
156
156
156
157
156
153
153
154
155
155
155
155
154
155
152
152
153
154
154
154
154
154
155
154
154
154
155
153
153
153
153
154
153
151
151
149
148
149
149
149
149
149
149
148
148
148
148
149
149
149
149
149
149
149
149
149
150
152
152
151
149
149
148
148
147
148
148
148
147
148
148
148
147
148
148
147
146
147
147
147
147
150
148
147
148
147
148
144
144
144
144
144
144
144
145
145
146
145
146
145
146
147
147
146
146
146
146
145
144
144
144
144
144
144
144
144
143
144
144
144
144
144
144
145
145
144
144
144
145
146
146
146
146
146
146
146
147
146
146
145
146
145
147
146
146
146
144
145
145
146
146
146
147
147
147
148
147
149
149
149
147
148
147
147
147
147
148
150
149
149
150
150
150
149
149
150
150
149
151
151
149
150
147
146
146
146
147
147
144
144
144
144
143
143
143
143
144
144
144
145
145
146
145
146
147
147
149
149
150
151
151
151
152
150
150
148
148
145
145
145
146
146
146
146
146
145
145
145
145
146
144
144
144
144
143
142
142
142
142
142
143
144
146
146
145
146
147
145
145
145
146
146
145
146
146
146
145
144
143
142
143
144
143
146
143
144
144
144
143
142
145
143
143
143
143
142
141
141
141
142
143
141
142
140
141
141
141
141
142
142
143
142
141
142
142
142
145
146
144
143
143
143
140
140
141
142
142
142
144
144
144
145
144
144
144
143
142
141
140
142
143
143
144
141
142
142
139
140
139
139
139
140
140
140
139
139
139
139
139
138
140
142
141
140
140
141
141
141
142
142
141
140
142
143
144
142
139
140
140
139
139
140
139
138
139
139
140
139
138
139
138
139
139
139
139
138
138
138
138
138
137
137
138
138
138
138
138
141
139
138
139
140
141
141
141
141
141
142
141
140
139
140
138
137
137
138
139
139
138
138
138
138
138
139
138
136
136
134
134
135
134
135
135
135
136
136
137
137
136
135
135
134
134
134
135
137
136
135
133
134
133
133
133
132
131
131
131
131
131
131
131
131
131
131
132
133
134
133
132
132
133
134
135
135
134
134
133
133
133
133
133
133
132
133
131
131
131
132
133
134
134
133
134
136
134
135
135
135
135
136
135
135
136
135
135
136
135
134
133
134
133
134
134
134
133
133
133
133
133
133
134
134
134
135
134
136
135
134
135
136
136
134
135
134
134
134
134
133
133
133
132
132
132
132
132
133
135
132
132
133
133
133
132
135
134
134
133
134
135
132
132
132
132
132
132
132
133
133
134
133
133
133
132
133
133
132
131
131
132
132
132
132
132
133
133
133
133
134
134
133
133
133
132
131
131
131
131
131
132
133
134
134
132
133
133
132
132
133
132
132
132
132
133
133
132
131
132
132
131
130
130
131
131
132
132
133
132
132
133
133
133
132
133
132
134
133
132
132
131
131
131
132
133
133
132
132
132
131
131
130
132
133
132
133
133
134
133
132
132
132
132
132
133
133
134
134
132
132
134
134
134
133
133
134
135
136
135
135
134
134
134
134
136
136
135
134
133
133
133
132
134
133
133
133
134
133
131
131
131
132
131
132
134
133
133
133
132
131
132
132
132
132
132
132
132
133
133
133
132
131
132
132
131
132
132
133
133
133
133
133
132
133
135
136
135
134
134
133
133
133
133
133
134
134
135
135
134
133
134
131
131
130
130
130
131
131
131
131
131
131
131
131
133
133
132
133
133
132
132
131
131
132
132
132
132
132
131
131
133
133
133
132
131
131
131
130
130
129
129
130
130
130
130
130
130
130
130
132
133
133
132
133
133
133
133
135
134
134
134
133
134
134
134
134
134
134
135
135
136
136
135
135
135
134
132
132
132
130
130
130
132
130
132
132
132
132
132
132
132
132
132
132
134
135
134
135
135
135
136
134
135
134
134
133
132
132
132
132
130
131
131
131
132
132
132
132
133
133
132
132
132
132
132
132
132
131
130
130
131
131
131
131
132
132
132
132
132
131
130
131
131
131
132
132
133
133
129
130
130
130
131
132
132
132
132
132
132
131
130
130
130
130
130
130
130
131
132
132
132
132
132
131
131
132
132
133
132
132
131
131
131
131
131
131
131
131
131
132
130
131
131
130
129
129
129
130
130
130
133
130
129
130
130
129
129
130
130
131
130
130
129
131
130
129
129
130
130
131
133
132
131
131
131
132
131
130
129
130
130
130
131
130
130
130
130
131
131
130
130
130
130
131
131
131
131
130
130
130
130
129
129
130
132
132
131
132
132
130
131
130
131
132
131
130
131
129
129
128
129
130
131
131
129
130
132
132
132
132
131
131
131
130
132
130
129
129
129
128
129
129
130
129
130
130
128
128
128
128
128
129
129
132
133
130
129
130
130
130
130
131
131
129
129
130
129
128
129
129
131
129
129
128
128
128
129
130
130
129
129
129
129
127
128
128
130
128
128
128
128
128
128
128
128
129
130
131
132
131
130
128
128
128
128
131
131
131
131
130
132
131
131
132
132
133
134
133
132
131
131
130
129
130
131
131
132
131
130
130
129
129
130
130
130
129
129
130
129
128
128
128
129
130
130
128
129
130
129
129
129
129
129
128
127
127
127
127
128
129
127
127
126
126
126
127
128
130
130
130
129
128
128
129
128
128
128
128
129
129
128
127
127
129
129
127
127
127
127
127
128
127
127
127
127
126
126
128
128
127
127
127
127
127
125
125
126
125
125
125
126
127
127
127
125
125
123
124
123
123
125
125
125
125
122
122
122
122
122
122
123
124
123
123
123
123
123
123
123
124
125
124
126
125
125
125
124
126
127
127
126
126
125
126
126
126
125
123
123
123
124
124
125
126
125
126
124
124
124
123
124
123
123
123
121
120
120
120
120
120
120
121
121
120
120
120
120
120
120
121
121
121
121
121
121
121
121
121
121
120
120
120
120
120
121
122
123
122
122
121
121
123
121
121
121
121
121
122
122
122
122
122
122
122
122
122
123
121
121
120
120
120
120
121
121
121
121
121
121
122
120
120
122
122
122
121
120
121
119
120
119
119
119
118
118
118
119
120
120
121
121
122
122
121
122
123
122
121
122
121
120
118
119
119
119
118
118
119
120
121
121
121
119
120
120
120
119
119
121
121
121
122
120
119
119
118
118
119
119
118
118
118
118
118
119
117
118
116
116
117
117
117
118
117
117
117
118
118
118
118
118
118
117
116
117
117
117
116
116
117
119
119
117
117
116
115
115
115
117
116
116
116
115
115
115
115
115
115
115
115
116
116
116
115
117
117
116
116
116
116
115
115
117
118
116
115
115
115
115
115
115
114
114
115
115
115
116
116
116
115
115
116
116
116
115
115
114
114
114
114
114
114
114
114
114
116
117
117
116
115
115
115
115
115
116
115
115
115
115
115
117
117
117
117
117
118
119
118
117
117
117
118
119
119
119
118
118
119
117
118
120
120
122
123
122
122
121
120
118
116
116
119
119
119
118
118
118
117
117
117
117
116
117
117
118
116
116
116
116
116
116
117
117
116
117
120
118
118
116
115
113
114
114
114
114
114
116
116
116
115
115
115
116
116
117
117
118
118
117
117
116
116
114
114
115
115
115
116
117
117
117
116
117
115
115
117
116
116
116
114
113
115
115
116
116
116
117
116
116
115
115
115
113
113
113
113
114
116
116
117
118
117
115
113
112
112
113
114
112
114
113
113
113
113
112
112
112
111
111
111
111
112
111
111
111
111
111
111
111
112
112
112
112
112
112
112
112
112
112
112
112
112
112
112
114
114
114
113
113
113
113
112
112
112
112
112
112
112
112
112
112
113
115
114
114
113
113
113
115
115
115
115
113
113
114
115
115
114
115
115
113
114
114
113
113
113
113
114
115
114
113
113
114
115
114
114
115
115
113
113
113
112
113
114
114
113
112
111
111
110
110
110
111
111
112
112
112
111
111
112
111
113
113
114
114
113
111
111
111
112
113
111
111
111
111
111
112
112
112
112
114
114
114
113
115
115
114
113
113
113
112
112
113
112
112
113
113
111
112
111
111
111
111
111
111
111
111
111
112
112
114
114
115
115
114
115
114
113
113
112
113
112
111
111
111
111
111
111
110
110
110
110
110
111
110
111
112
110
110
110
110
113
113
113
112
112
112
111
111
112
112
112
111
112
111
111
110
111
112
111
113
113
112
112
111
111
108
109
109
110
109
109
109
109
109
109
111
111
111
111
110
109
109
109
109
109
109
109
111
110
110
110
112
111
110
109
109
109
109
110
110
110
109
109
110
110
110
110
109
109
110
109
109
109
109
109
110
109
109
108
108
108
108
108
108
108
108
108
110
111
110
110
110
109
109
110
110
110
110
110
111
110
111
110
111
112
112
113
112
112
112
112
111
111
111
111
110
110
110
109
109
110
111
110
110
111
112
113
111
111
111
111
111
111
111
112
112
112
112
111
112
112
111
112
111
111
110
110
110
111
112
112
112
112
112
112
113
112
111
111
111
110
110
110
110
111
111
111
112
111
113
111
111
111
111
112
113
114
112
111
111
111
112
111
111
111
111
111
111
111
111
113
113
114
114
112
111
111
111
110
110
110
110
110
111
111
110
110
109
109
109
108
109
109
110
110
110
110
110
110
110
109
110
110
110
109
109
109
109
109
109
109
109
109
110
109
110
109
109
109
108
107
107
107
107
107
108
109
110
110
109
107
107
107
107
107
108
109
109
109
110
111
112
110
110
109
109
110
110
109
109
108
107
107
107
107
107
107
107
107
107
107
107
107
108
110
110
109
108
108
108
109
108
108
108
108
108
108
108
108
109
110
109
109
109
109
109
109
109
109
108
109
110
109
109
110
110
110
108
108
107
108
107
107
109
109
110
110
109
108
108
108
107
107
108
108
108
108
110
111
108
108
108
108
109
109
109
109
108
107
107
108
108
108
108
108
108
108
110
108
109
107
107
108
107
107
107
107
107
106
106
106
106
106
107
107
106
106
106
106
106
106
106
107
106
107
107
107
109
109
107
108
108
108
108
107
107
106
105
105
105
105
106
106
106
106
107
107
107
108
109
110
110
108
108
107
108
105
107
107
106
106
106
106
106
105
106
106
106
106
105
106
106
105
105
106
106
106
106
105
104
103
103
104
104
105
105
105
106
105
105
105
105
105
103
103
102
102
102
102
102
102
102
103
103
103
104
102
103
103
102
102
102
102
101
101
101
103
103
103
102
103
103
102
103
103
103
102
102
102
104
104
103
102
102
102
104
103
103
103
103
103
104
104
103
104
104
103
103
103
103
103
103
103
104
104
104
104
104
104
103
103
103
103
103
103
102
102
102
102
102
104
103
103
103
104
104
104
102
102
102
101
101
101
101
101
101
100
102
102
100
99
99
100
99
100
99
99
99
99
100
99
100
100
100
100
99
100
101
100
101
100
101
101
100
99
99
99
100
101
101
101
101
101
101
101
100
100
100
100
100
100
101
101
100
99
100
101
100
100
100
101
102
101
100
100
100
100
99
101
102
101
103
102
100
98
99
99
99
99
99
99
99
100
100
100
100
100
99
99
99
99
99
100
100
100
100
100
99
98
98
99
99
100
100
99
100
100
101
102
103
103
103
102
102
101
101
101
101
101
100
100
99
99
99
99
99
99
99
99
99
99
99
98
99
99
99
98
98
98
99
98
98
98
98
99
99
99
99
98
98
98
98
98
99
99
99
99
99
99
100
101
101
101
100
101
101
103
103
102
102
102
102
103
101
102
102
102
101
101
101
100
100
99
99
99
100
100
100
100
99
100
99
99
99
99
99
99
99
100
100
100
100
100
100
100
101
101
100
100
100
100
100
100
100
100
101
98
98
98
98
99
99
97
97
97
98
99
98
98
98
98
98
98
98
98
98
98
98
98
98
98
99
99
99
99
99
98
98
98
98
98
98
99
99
99
99
99
99
99
98
98
99
99
100
100
101
103
102
101
101
98
98
97
97
97
97
97
97
97
97
98
97
97
97
97
98
98
99
99
99
99
98
99
99
99
100
98
99
99
99
98
98
98
98
98
99
97
97
96
96
95
95
95
96
97
97
96
95
95
94
94
94
94
94
94
94
94
94
94
94
94
94
94
94
94
94
94
94
95
94
94
94
94
94
95
93
94
94
94
94
95
96
95
96
96
96
97
94
94
93
94
93
93
94
94
94
93
93
94
94
94
95
95
95
95
94
93
93
93
93
94
94
94
93
93
93
93
93
93
93
93
93
93
93
94
94
95
96
97
97
97
97
97
98
97
97
95
95
95
95
95
94
94
94
94
94
94
95
95
96
95
95
96
96
93
98
99
99
99
99
99
98
97
97
96
97
97
94
94
95
95
95
96
96
96
95
93
94
94
93
93
93
92
93
93
94
94
93
