0.0002831034482758621 0.0008975862068965518
300
298
294
292
291
288
284
284
276
271
269
269
268
265
261
263
263
264
260
260
260
260
261
260
258
257
254
253
252
253
251
250
249
249
249
250
249
249
251
246
246
246
248
248
247
248
247
246
246
245
244
244
244
244
244
243
244
244
244
245
246
245
243
241
241
242
243
243
244
245
246
247
245
245
245
245
243
243
241
241
243
244
245
243
244
245
244
243
244
244
243
244
244
242
243
247
244
241
242
244
246
247
247
248
246
246
243
242
241
240
240
240
241
241
242
242
240
240
240
243
242
240
240
240
242
242
242
241
242
242
240
241
243
247
245
247
247
248
251
249
247
246
246
246
245
247
248
245
243
242
242
242
241
241
240
241
240
239
239
239
240
240
240
241
240
239
238
240
241
241
242
242
242
243
242
242
243
245
243
243
244
245
244
246
246
247
246
248
248
248
247
247
245
247
249
248
249
249
248
248
249
251
248
249
247
247
247
245
244
242
241
239
239
239
239
239
241
242
243
245
244
243
244
242
240
240
239
239
241
242
241
240
238
235
234
234
234
234
233
233
232
233
236
238
237
237
237
237
236
235
235
236
235
235
233
233
234
235
235
238
238
237
236
237
237
236
236
236
237
237
237
237
237
236
234
234
235
237
237
237
235
236
236
238
237
238
240
239
238
239
239
240
238
238
239
241
241
239
238
237
236
238
239
238
236
236
235
233
233
233
231
230
232
233
234
232
233
233
233
233
235
234
235
234
234
234
232
230
231
230
231
231
233
232
233
233
233
234
232
233
234
233
233
231
231
231
229
230
230
230
232
232
232
232
233
234
236
233
231
229
229
228
228
228
228
227
230
228
228
228
227
225
225
224
224
224
225
226
226
226
226
228
227
227
228
229
230
229
229
228
229
227
228
232
232
233
234
232
231
232
232
230
230
230
231
230
230
229
228
227
228
229
229
230
232
232
232
231
230
230
230
232
233
234
233
231
231
231
233
232
234
234
233
233
230
229
230
230
230
231
232
232
233
233
232
233
234
234
237
237
235
235
235
234
232
231
231
232
233
233
233
230
230
231
231
230
230
231
231
230
231
230
230
230
231
231
232
232
233
232
232
231
232
232
232
231
231
232
232
232
234
232
233
233
232
231
230
231
230
230
230
230
229
228
227
230
228
230
230
228
228
231
231
230
229
229
228
228
230
230
232
232
231
233
234
234
233
232
234
235
238
238
237
237
235
235
233
233
232
231
231
231
232
232
234
233
233
232
232
233
233
232
230
230
230
231
231
230
229
230
229
230
231
232
229
228
229
229
229
227
229
229
229
230
229
229
229
229
230
231
234
231
231
231
231
232
231
230
229
230
229
229
230
229
228
227
226
225
225
225
225
226
226
227
226
228
227
226
226
227
225
225
225
227
228
226
228
227
228
228
228
227
227
229
229
230
229
229
228
231
229
229
229
230
228
228
229
232
233
233
233
232
234
235
236
234
232
231
232
233
235
233
231
229
227
228
228
228
229
229
230
230
229
228
227
226
227
228
227
226
227
226
228
228
230
228
231
232
232
233
230
230
229
230
230
230
230
229
227
226
225
225
226
225
226
227
227
227
227
227
224
225
223
221
222
221
220
221
222
221
221
221
222
222
222
221
224
227
225
228
228
228
228
227
227
228
226
227
223
225
225
225
225
227
226
227
227
227
227
225
224
224
224
224
224
221
222
223
222
223
223
221
222
222
222
222
222
223
225
227
229
229
228
228
227
226
226
228
227
227
227
228
229
229
231
231
230
229
230
227
227
227
227
230
231
228
227
227
227
232
231
230
228
228
227
224
225
227
227
225
228
227
228
227
226
229
230
230
232
230
232
229
226
225
225
220
220
220
220
220
222
222
223
225
226
226
228
227
226
228
226
226
226
224
222
222
221
221
223
222
224
221
221
221
221
222
219
220
219
219
218
218
219
220
221
219
220
218
217
217
218
218
219
220
218
216
217
218
217
218
219
218
218
217
217
217
217
217
219
220
218
220
223
223
224
225
223
222
221
219
222
222
221
223
224
225
224
226
226
227
227
227
226
223
224
227
228
227
228
228
229
228
226
224
224
224
223
223
223
223
222
223
222
223
224
221
220
220
219
220
220
219
220
218
218
218
217
219
220
221
221
222
223
221
219
221
219
217
219
220
222
221
223
221
221
221
221
222
220
218
218
215
215
215
215
216
216
216
215
213
212
212
210
210
211
212
215
212
212
213
213
216
215
215
214
213
214
215
214
213
214
214
214
215
214
214
214
214
214
214
213
214
216
216
215
215
214
214
216
217
217
216
218
218
217
215
215
214
215
215
215
216
217
218
218
218
216
214
215
214
214
215
214
214
214
214
215
215
215
216
216
217
219
219
218
217
218
215
214
214
215
216
217
216
214
215
215
215
216
217
218
217
216
216
216
216
215
215
215
215
214
213
212
211
211
210
209
210
212
212
211
211
209
210
212
215
216
217
217
215
220
220
220
220
218
218
219
221
221
222
221
218
219
219
218
217
216
216
216
214
214
213
213
213
215
216
215
216
216
216
217
219
221
221
222
221
222
217
216
216
217
215
217
217
218
216
217
215
216
215
215
216
217
218
215
217
217
217
217
216
215
216
215
214
216
216
216
218
221
221
218
216
216
215
215
215
215
218
218
218
217
217
217
215
217
218
219
216
218
219
220
219
221
221
220
219
218
218
218
218
218
218
222
223
223
225
223
223
222
219
220
220
220
219
217
216
216
213
213
213
214
215
214
215
215
215
214
216
215
215
215
216
216
216
216
214
214
212
213
214
213
213
209
209
208
208
209
209
209
210
212
212
213
214
214
212
212
213
214
215
215
214
212
214
214
215
216
218
216
217
218
218
218
216
217
215
215
216
216
214
214
215
214
215
217
217
218
218
218
217
217
218
216
218
219
219
220
221
223
220
220
220
221
222
221
219
219
219
221
221
223
224
224
222
221
220
219
218
216
216
216
214
214
213
214
213
213
214
214
216
216
216
217
217
217
217
217
217
217
217
216
219
218
218
218
217
217
218
218
217
217
216
218
216
216
216
216
216
217
217
217
217
219
217
218
218
219
219
217
218
217
218
219
221
223
223
222
219
219
218
220
221
221
220
216
217
218
217
215
212
212
213
213
214
214
213
213
213
215
214
213
212
210
211
214
214
215
215
213
215
215
215
214
215
213
213
213
217
217
217
217
215
216
216
214
215
215
214
213
214
213
215
216
216
215
217
215
215
215
216
217
214
215
213
212
213
212
212
212
213
213
213
211
212
212
212
212
211
212
212
214
214
214
213
215
214
214
215
215
214
215
215
215
215
215
213
215
211
209
210
210
211
211
212
213
214
213
212
212
211
211
212
211
211
211
211
212
210
211
211
212
212
213
212
212
212
212
213
212
211
211
209
208
207
207
207
207
206
204
204
204
207
205
205
205
204
203
203
203
205
206
207
207
207
208
208
209
208
208
205
205
206
206
208
209
211
209
210
210
210
210
209
209
209
209
209
210
210
211
210
211
209
208
208
208
209
207
208
211
211
211
210
208
206
208
208
209
210
210
211
214
211
211
213
214
211
211
212
212
213
212
211
212
211
214
214
215
212
214
215
213
213
212
212
211
213
211
212
210
210
210
210
211
212
212
211
211
210
209
209
211
211
213
212
210
212
211
210
210
208
208
207
206
207
207
207
207
206
208
208
206
207
211
212
211
211
208
209
208
208
210
209
209
208
208
208
209
209
208
206
207
207
208
209
208
208
208
210
210
210
213
211
210
210
210
208
209
210
211
210
209
210
212
213
213
212
210
209
209
209
210
209
209
208
209
208
206
206
207
208
205
203
204
204
204
204
202
201
200
202
202
203
204
202
202
205
206
206
206
206
205
202
201
204
205
207
205
203
203
204
204
205
205
206
207
208
207
207
207
206
208
207
207
205
203
203
204
204
203
203
204
205
206
207
207
206
208
209
209
207
207
205
205
205
206
207
206
206
206
205
205
205
204
204
203
201
199
199
199
201
200
200
199
201
201
202
203
202
202
201
203
203
205
205
205
208
207
208
209
206
206
204
204
202
201
201
201
201
202
203
202
204
204
207
206
208
209
208
208
210
210
209
208
209
209
209
208
207
206
207
207
207
208
206
205
204
205
206
206
206
204
203
202
201
200
201
201
201
200
202
205
205
205
204
204
202
205
205
205
209
208
206
205
205
204
202
202
201
198
197
196
197
198
197
196
196
198
198
199
200
201
201
200
199
196
199
199
200
200
200
200
201
201
201
202
202
203
203
205
205
206
205
206
206
206
204
203
202
200
199
197
197
197
197
198
196
197
196
197
197
196
195
195
195
195
197
196
196
198
198
198
201
201
201
199
198
200
199
199
197
198
198
198
197
197
197
197
198
199
203
203
202
202
202
199
199
199
199
199
199
197
198
197
197
196
198
200
199
198
200
199
201
201
201
199
199
201
201
200
197
198
199
198
197
198
198
199
201
201
200
200
199
197
197
197
198
198
198
196
196
193
192
191
193
192
192
192
193
192
193
191
192
192
192
193
193
192
193
191
189
189
189
189
190
190
190
192
191
190
189
191
191
191
191
191
192
192
193
193
194
194
194
193
192
192
193
192
192
193
195
196
195
194
192
192
191
192
194
194
193
196
197
197
197
195
194
194
193
192
193
195
195
194
193
192
193
194
195
195
196
196
197
197
198
197
198
197
197
198
194
194
194
194
194
195
196
195
197
197
196
197
195
197
199
195
195
197
196
195
194
196
194
195
197
198
196
195
195
195
194
194
193
191
191
192
191
189
189
189
189
189
189
188
188
190
191
191
191
189
187
188
188
187
187
186
186
185
185
186
186
186
186
186
187
187
186
186
186
186
187
188
188
189
189
188
187
190
190
190
190
190
191
192
192
192
193
193
194
193
193
194
194
195
195
196
194
195
195
194
194
192
193
195
193
194
194
193
191
189
189
189
189
191
190
189
189
189
190
189
191
190
189
190
191
190
192
189
190
190
190
190
192
191
194
198
194
193
193
193
194
193
192
193
192
194
194
194
194
196
196
195
195
196
196
195
195
194
193
193
194
194
194
192
189
193
193
196
195
198
195
195
194
193
190
189
189
191
193
193
192
190
189
187
186
184
183
183
184
184
185
186
189
188
187
185
187
188
188
188
186
185
186
186
186
185
186
185
185
186
187
186
186
186
186
184
184
184
184
184
185
184
186
186
186
187
187
187
188
189
189
190
189
188
188
187
187
187
187
188
188
188
188
190
189
189
190
189
190
188
187
186
186
186
187
188
188
188
188
188
188
187
188
189
189
188
189
189
189
190
190
190
191
188
188
188
187
187
186
187
186
187
187
186
184
185
184
185
184
184
184
185
185
185
186
186
186
183
183
183
184
187
187
187
187
188
188
185
185
185
185
185
185
187
187
187
187
189
188
191
192
190
190
189
189
190
191
191
191
190
190
191
191
191
190
190
189
189
188
188
187
184
184
187
189
189
190
192
192
193
192
188
190
190
188
187
187
186
184
183
183
183
184
182
182
185
186
187
186
186
188
187
187
187
189
189
190
189
189
190
190
193
192
193
194
193
193
190
190
189
188
186
186
186
187
186
185
187
186
186
187
188
188
189
189
188
185
186
186
186
185
185
186
186
188
185
184
183
181
181
181
181
181
181
181
181
182
184
184
185
186
187
185
187
186
185
186
184
183
183
183
185
183
182
183
183
183
183
183
184
185
186
187
187
188
190
189
188
187
186
186
185
185
188
189
189
189
188
187
189
190
188
189
189
190
190
189
189
189
189
189
188
189
189
188
188
187
188
187
187
187
186
186
185
188
187
187
187
189
189
190
187
188
186
186
187
186
186
186
187
188
188
189
189
187
188
190
191
193
193
193
193
195
198
200
198
197
194
195
193
193
193
193
195
195
197
194
193
194
191
190
190
191
190
189
188
188
188
189
188
190
190
192
193
195
193
193
192
191
191
191
192
194
191
191
193
193
190
191
191
190
189
189
187
186
187
187
189
189
189
189
189
190
191
190
190
189
189
187
186
185
186
185
184
185
186
186
186
186
186
189
188
188
187
188
186
187
188
188
189
189
186
186
187
187
187
186
187
187
189
187
188
188
186
185
185
185
186
187
186
186
186
185
184
183
185
185
183
183
183
184
185
184
185
184
185
184
184
183
181
183
183
184
185
185
185
183
183
182
183
182
183
185
185
186
188
190
190
190
189
188
188
188
189
190
190
191
192
191
190
190
190
192
192
192
193
196
197
198
199
197
195
196
196
197
196
195
195
197
196
195
194
194
195
196
199
197
197
196
195
192
194
191
192
193
191
190
191
191
191
191
190
190
191
190
188
184
184
186
186
186
186
187
186
185
187
189
190
188
188
188
189
189
189
190
189
188
187
188
191
190
187
187
186
187
187
187
188
187
188
187
185
186
186
186
186
185
185
186
185
189
190
187
188
189
188
188
187
187
187
188
187
188
188
187
187
186
187
186
186
187
187
188
187
186
187
187
190
191
190
189
188
186
185
184
184
184
184
185
185
185
183
182
183
183
183
183
184
184
183
184
186
185
186
187
188
188
186
186
186
186
187
186
185
184
184
185
185
184
185
184
184
184
183
183
181
180
180
181
183
183
183
182
183
183
181
180
179
180
180
180
179
179
179
180
179
179
179
180
180
181
181
183
183
184
185
182
181
181
181
181
181
179
179
180
178
178
178
178
178
178
178
179
180
179
178
181
181
181
182
181
182
181
182
183
183
183
183
183
182
182
182
182
184
183
183
182
181
181
182
183
183
182
183
184
185
186
185
185
184
184
185
185
185
185
186
186
187
185
187
186
187
187
189
191
190
191
191
190
189
190
189
189
189
188
188
186
186
186
188
185
184
185
184
185
185
184
183
184
182
183
183
182
182
181
180
179
180
180
183
181
182
181
180
183
183
183
180
180
180
180
181
180
181
181
184
185
183
181
180
180
182
183
185
186
186
185
184
184
183
182
180
180
180
179
181
180
180
178
177
181
181
180
179
177
177
179
179
179
178
177
177
176
177
177
178
178
178
178
178
178
179
180
179
178
177
177
177
177
177
176
174
174
176
176
175
176
176
177
176
177
175
174
174
175
175
174
175
175
178
178
178
178
176
176
176
178
178
178
179
179
178
178
177
178
178
177
179
179
179
180
176
177
177
178
176
175
177
177
177
175
175
174
176
177
176
176
175
176
177
177
178
176
173
174
173
172
172
170
170
171
171
171
169
171
172
171
169
170
168
169
170
170
170
170
171
170
171
172
172
173
173
171
171
171
172
174
173
174
174
173
173
172
171
171
170
172
171
170
170
170
171
173
173
173
173
173
172
171
171
171
170
168
167
167
168
170
171
172
173
174
174
174
174
175
173
173
172
171
171
173
174
170
169
169
170
171
171
171
171
171
171
171
171
170
171
171
169
170
170
170
172
174
174
173
171
170
170
171
172
172
170
169
168
168
167
169
169
169
169
169
168
169
170
170
171
172
173
177
176
175
175
176
175
173
174
174
173
172
173
173
173
172
173
172
172
173
172
172
172
173
173
173
174
174
173
174
176
178
176
176
175
175
175
174
176
176
176
176
175
175
176
175
175
175
176
176
176
174
175
175
176
176
177
178
177
178
177
176
176
176
175
175
174
174
174
176
175
175
175
176
175
175
175
174
174
174
174
172
172
172
172
172
173
172
171
170
170
170
169
168
168
169
170
170
171
171
171
171
170
170
170
170
171
170
170
171
171
169
171
172
171
172
172
172
172
172
172
174
174
175
176
177
177
178
176
176
177
177
176
178
177
175
175
176
175
175
174
176
175
174
174
175
174
174
175
175
175
173
172
171
172
171
171
171
171
172
172
172
172
172
172
172
173
173
173
173
174
174
174
175
173
173
172
172
172
171
170
172
171
170
170
172
172
174
173
173
174
174
177
177
177
178
176
176
177
176
176
174
173
173
172
173
173
173
171
168
168
168
167
167
167
168
170
171
170
170
170
170
169
170
168
168
168
167
167
168
170
170
170
172
170
170
169
166
166
168
168
170
171
171
173
172
171
171
170
170
168
168
168
168
168
168
169
168
169
169
170
170
171
170
170
171
170
172
172
172
173
171
171
171
171
170
169
168
168
167
169
169
169
168
168
169
170
171
171
169
169
167
167
167
167
167
166
167
167
167
170
170
171
172
170
170
171
170
169
169
169
169
169
169
170
169
168
168
169
169
171
170
169
169
170
168
169
170
169
169
168
170
170
170
168
167
167
167
168
168
168
169
170
171
172
171
170
171
171
171
170
170
171
171
170
170
169
166
166
166
168
166
166
165
166
165
165
165
164
164
166
166
166
167
169
170
171
169
168
169
168
169
170
170
171
172
171
171
172
171
172
171
171
172
171
171
173
171
169
169
170
169
169
170
169
169
168
168
167
165
166
166
166
166
168
169
169
168
168
166
167
165
166
167
166
168
167
168
168
169
170
170
169
169
167
167
166
165
166
166
166
167
168
168
168
167
166
167
167
165
165
165
164
163
163
163
163
164
164
164
164
164
164
162
162
162
161
161
162
162
163
163
165
164
164
164
164
164
165
166
166
166
164
165
165
165
165
166
166
165
164
165
164
164
164
164
165
164
164
164
166
168
168
167
168
168
169
169
169
169
169
169
170
172
170
169
169
170
171
170
170
169
170
169
167
167
167
167
166
165
164
163
163
162
162
162
162
162
163
164
162
163
163
163
163
164
164
163
162
163
163
162
162
164
163
163
164
164
165
164
165
165
165
165
165
166
166
165
165
167
166
164
163
163
164
162
162
162
161
163
161
161
160
159
160
160
160
160
160
160
160
160
160
160
161
161
163
165
166
166
165
163
164
164
165
166
166
164
163
163
163
162
162
161
163
163
164
163
166
166
166
165
166
166
166
167
169
166
165
167
166
165
166
166
165
164
164
163
162
163
163
164
165
164
164
165
165
166
165
165
167
167
168
168
168
166
166
166
164
162
160
161
161
160
160
158
158
158
157
157
158
158
160
161
161
161
162
161
162
162
161
161
162
163
161
161
158
158
156
156
156
158
159
157
156
157
156
156
157
156
157
158
158
159
158
159
157
158
159
159
158
157
157
157
161
159
161
159
160
160
159
159
157
156
156
157
157
156
156
156
156
157
157
157
158
157
157
157
156
157
157
157
157
157
158
159
159
160
162
162
163
163
163
164
163
163
161
161
159
161
161
159
159
159
160
160
159
159
159
160
160
162
162
163
163
162
160
160
160
163
162
163
162
160
160
159
158
158
158
158
156
155
157
158
159
159
159
159
160
161
162
161
161
160
160
160
162
162
162
160
161
161
162
161
162
160
162
164
164
166
165
164
163
163
163
163
163
162
161
164
163
162
162
159
159
159
160
160
160
162
161
160
159
159
160
161
162
163
164
163
164
162
162
162
161
161
160
159
157
155
155
156
156
156
154
157
157
158
158
157
157
158
159
159
156
155
155
155
156
158
160
161
161
161
161
161
162
162
162
161
159
159
159
159
160
159
158
159
159
159
158
158
157
155
155
156
156
155
156
155
155
156
157
158
159
159
160
159
158
159
158
157
157
158
157
156
157
157
158
158
158
157
158
157
157
157
157
159
159
160
160
159
158
159
159
159
160
159
160
161
160
160
161
162
160
160
160
161
161
161
159
160
159
160
160
160
159
160
158
155
154
153
153
154
154
154
153
153
153
153
153
153
153
154
155
156
157
156
155
155
155
155
155
155
156
155
157
157
156
156
156
157
156
155
154
153
153
155
156
155
155
154
154
154
154
154
154
153
152
151
150
151
151
151
152
152
152
154
154
155
154
155
155
154
153
153
153
154
155
155
156
157
157
156
157
156
157
156
156
156
156
156
157
158
157
158
158
154
154
154
154
153
153
153
153
152
154
154
155
155
155
155
155
154
156
155
155
156
155
157
157
155
158
158
156
156
155
154
155
157
156
156
155
155
156
155
153
153
155
156
157
158
156
157
157
157
158
160
159
158
156
156
156
153
154
156
157
157
155
156
156
156
157
160
158
157
155
155
154
153
153
152
154
154
155
155
155
156
156
155
155
153
153
154
153
153
152
151
151
153
153
153
154
154
150
150
150
149
150
150
151
151
151
153
153
152
152
152
150
150
152
152
153
154
154
152
154
154
154
155
155
156
157
156
155
154
154
154
153
153
154
153
153
153
154
154
154
154
155
154
152
151
152
153
152
152
152
151
151
151
153
152
151
151
153
151
150
149
149
149
149
149
150
150
151
151
151
151
150
150
152
154
152
154
154
154
154
152
153
152
152
152
152
153
154
153
153
154
154
154
153
153
153
153
154
156
155
153
153
154
155
156
158
157
156
156
156
156
155
155
153
153
153
153
154
154
155
154
154
155
156
156
156
154
155
155
154
156
155
157
158
158
158
158
157
156
155
155
154
157
157
156
156
156
155
155
155
154
154
154
154
154
154
155
155
155
154
153
154
154
154
154
154
153
153
153
154
154
151
151
151
151
150
149
149
150
150
149
149
150
150
151
151
151
153
153
153
152
152
151
150
150
149
150
151
153
153
153
152
153
153
154
153
153
154
154
155
155
155
154
153
149
149
151
149
150
150
151
152
153
154
155
155
155
153
153
153
151
151
150
152
152
154
155
155
154
154
154
154
153
152
153
153
153
153
152
152
153
152
152
152
151
152
151
153
153
153
153
153
153
154
154
155
155
155
157
157
157
158
157
157
157
155
155
154
153
154
156
155
154
153
152
152
153
152
153
152
154
153
153
151
154
153
153
154
153
152
151
152
150
152
153
153
153
155
155
154
154
153
151
151
151
152
153
156
155
154
154
155
156
156
155
154
153
153
154
155
154
153
153
151
150
151
151
152
153
153
153
153
152
151
150
150
150
150
151
151
152
153
154
156
154
154
155
153
153
153
153
153
153
154
153
155
154
153
153
153
153
153
156
159
158
157
157
157
156
154
152
152
152
154
154
152
152
153
154
154
153
152
153
153
153
150
150
150
149
150
152
152
151
152
150
150
151
150
149
148
148
148
148
147
147
146
146
146
147
147
147
148
147
145
146
146
146
146
146
146
146
145
145
145
144
145
146
145
146
146
147
147
148
150
149
150
150
153
153
152
153
154
153
153
153
152
151
153
151
151
151
151
153
151
151
151
153
154
155
153
153
152
152
151
152
153
153
153
151
152
151
151
150
148
147
148
148
148
148
149
150
149
149
148
149
150
148
148
148
149
149
149
148
149
150
150
149
149
150
150
149
151
151
150
150
149
146
144
143
143
147
148
147
147
148
148
149
