0.0005562068965517242 0.0006586206896551723
300
296
290
286
280
276
272
273
269
271
272
271
268
264
257
255
258
257
256
256
258
257
254
253
252
252
253
252
248
246
248
247
248
249
248
250
246
244
245
246
245
243
245
245
245
244
244
242
241
241
239
240
239
238
237
235
234
235
234
231
231
230
228
227
225
227
228
227
229
230
230
229
228
228
229
228
228
228
228
230
230
233
232
233
232
234
235
234
232
231
230
229
230
231
230
230
229
228
230
229
231
232
232
229
229
228
225
227
223
224
223
224
224
225
225
226
227
225
226
225
225
227
228
226
228
226
225
224
222
221
221
222
223
223
223
222
225
229
230
229
226
219
217
218
217
216
217
216
214
214
216
217
219
219
220
219
219
219
218
218
219
218
220
220
220
217
215
214
214
214
214
214
215
216
220
220
220
222
220
218
216
215
213
212
211
212
212
212
212
212
211
211
215
214
212
212
211
212
213
211
210
212
214
214
212
212
216
216
214
212
211
212
212
210
211
211
212
212
214
214
214
213
214
210
210
208
208
206
207
206
203
203
204
205
207
205
203
202
203
204
203
203
202
203
205
204
204
201
201
202
203
203
205
206
206
206
206
205
205
204
205
204
202
202
200
200
201
201
202
203
203
203
201
201
201
201
201
203
203
203
207
207
207
207
207
208
208
209
209
208
209
209
209
210
214
213
214
214
215
217
217
217
216
214
214
212
213
212
212
212
210
206
207
203
202
200
200
198
198
198
198
199
198
201
202
200
199
199
198
197
197
197
198
197
198
200
200
198
199
198
198
199
198
199
199
199
200
200
199
197
198
197
197
196
198
198
194
195
196
196
195
193
193
194
193
193
196
195
196
197
195
198
197
196
196
195
195
196
196
199
199
198
198
197
196
196
195
196
195
194
194
194
196
196
197
196
197
197
197
197
198
198
198
197
197
193
193
193
191
191
191
191
193
196
196
194
193
194
195
193
192
192
192
192
192
194
194
193
192
191
192
193
190
190
190
190
188
189
190
190
190
192
191
189
188
189
191
193
193
193
191
191
189
191
192
192
190
188
186
186
184
186
185
185
185
186
187
186
186
186
187
187
185
186
187
186
185
189
189
191
193
191
188
188
186
188
187
187
186
186
186
183
185
184
184
185
186
185
186
184
184
182
184
184
185
184
187
188
189
189
189
189
188
188
190
186
188
186
185
185
185
181
181
181
180
180
182
182
179
178
178
179
180
178
178
178
180
181
182
185
184
183
182
181
180
180
181
182
183
183
185
185
184
182
182
181
182
182
180
181
182
181
180
179
179
180
181
181
180
180
179
178
179
180
178
178
180
181
182
183
182
184
184
184
183
183
183
183
185
185
185
185
185
185
186
185
183
184
185
187
186
186
187
186
185
185
184
185
185
188
187
187
186
185
183
183
185
184
180
179
178
180
180
179
179
179
179
178
176
176
177
177
176
175
175
176
175
176
175
176
178
179
179
180
182
181
182
181
183
181
179
178
176
176
176
175
176
175
175
178
178
177
177
176
177
177
180
179
178
179
179
179
179
178
178
176
175
175
175
176
175
174
174
174
174
174
174
175
175
176
176
177
177
177
178
178
179
177
176
177
177
177
175
174
175
177
177
177
177
177
177
177
178
178
178
177
178
177
177
178
178
179
178
179
178
177
175
175
176
176
176
174
174
175
174
175
174
172
172
175
176
175
174
174
174
173
174
174
177
178
178
177
175
174
173
170
173
172
172
171
172
171
171
171
170
170
170
170
171
171
171
172
171
170
170
169
167
169
169
169
170
170
170
170
170
170
172
171
171
169
168
168
169
171
171
169
172
171
171
169
167
168
167
167
169
170
172
172
175
175
175
175
175
176
176
175
174
171
171
171
171
171
171
170
169
169
170
169
173
173
173
175
177
176
175
175
174
176
176
175
174
174
172
173
175
176
175
174
174
174
172
170
171
171
171
172
172
173
171
171
174
173
170
170
169
168
167
167
166
166
167
171
172
175
176
176
177
177
180
177
176
176
174
173
174
173
174
171
171
170
170
168
168
169
171
172
170
169
169
169
170
169
169
168
167
167
165
166
166
166
166
165
166
167
169
169
171
170
170
169
169
170
169
171
172
170
172
169
169
169
170
171
169
170
170
170
170
171
170
171
172
172
171
170
169
170
171
171
172
172
172
172
172
171
173
174
174
173
172
172
173
172
174
173
173
172
172
172
171
168
169
168
167
169
169
168
168
167
167
166
166
165
165
164
164
164
165
165
166
167
168
169
170
170
169
171
173
173
174
173
171
170
172
172
174
172
171
169
167
168
166
166
167
167
167
169
168
166
165
165
166
164
164
164
165
164
164
165
165
165
166
167
169
169
169
167
168
166
166
167
168
167
166
166
164
165
165
165
165
166
166
167
166
165
165
164
164
165
165
165
165
166
166
165
166
164
166
165
166
165
165
165
164
164
166
166
167
168
168
168
166
166
165
165
164
164
162
163
163
163
163
162
162
161
161
162
163
163
163
163
165
166
168
168
166
167
167
167
169
166
165
164
164
163
164
166
166
166
165
166
165
165
165
164
165
164
161
161
163
165
165
166
166
163
164
163
163
162
160
161
160
161
160
158
156
155
155
155
156
156
155
155
154
154
155
155
155
157
157
156
155
155
157
155
156
156
156
156
157
159
158
158
160
159
160
160
160
159
158
157
157
156
156
157
157
157
158
159
160
159
160
159
158
159
160
161
164
164
162
161
160
161
160
161
160
159
158
158
158
157
157
158
158
158
159
159
160
160
161
161
162
165
166
165
164
163
164
163
163
161
162
160
162
162
165
164
162
162
162
162
163
161
160
161
160
158
158
159
156
156
157
157
157
157
158
156
155
155
155
155
155
156
155
157
156
157
157
158
157
158
157
158
158
159
159
160
161
161
160
161
160
161
162
161
161
160
161
162
163
164
164
164
163
164
165
165
165
164
164
164
163
163
163
163
162
162
163
163
163
162
162
163
162
162
163
164
165
165
167
165
161
162
161
160
162
163
163
165
165
164
162
163
164
165
165
163
162
162
164
164
164
165
164
164
162
160
161
161
160
159
159
159
159
159
157
157
157
158
158
159
160
160
159
160
160
160
161
158
157
155
154
153
153
154
154
156
158
157
158
158
159
158
160
159
159
160
159
161
160
159
158
158
158
159
159
157
156
156
155
153
156
158
160
162
163
161
160
160
158
159
159
158
159
160
159
160
161
161
160
161
160
162
161
160
158
158
157
158
158
158
158
157
156
158
158
156
155
155
156
156
155
154
155
156
156
157
155
157
155
154
154
153
152
153
153
154
156
155
153
153
152
152
154
153
154
153
153
153
154
156
156
155
155
154
154
153
153
153
154
154
154
155
155
153
154
154
155
156
156
157
157
157
157
158
159
158
160
160
159
161
160
161
160
161
160
159
158
160
160
161
162
160
161
161
162
160
160
159
158
158
158
158
158
158
159
156
157
157
155
155
155
156
156
156
156
156
156
155
156
156
156
156
157
157
158
160
160
161
162
161
161
160
159
159
160
162
162
160
158
158
157
156
156
155
155
156
156
156
155
155
155
154
153
154
154
154
153
153
153
154
155
155
156
156
157
157
157
158
159
158
157
158
156
157
158
159
158
159
160
159
159
158
158
158
159
159
159
157
157
159
161
161
161
160
160
162
161
159
158
159
158
158
157
158
158
157
157
156
160
159
157
158
158
159
159
160
158
158
159
159
158
160
160
160
160
157
157
158
159
158
157
155
156
156
156
156
156
156
155
156
155
155
156
156
157
156
156
153
154
154
154
153
153
154
154
153
153
153
153
153
153
153
153
152
153
153
151
151
150
153
154
155
154
153
153
154
156
158
158
158
158
158
157
158
159
159
157
157
157
159
161
162
157
157
156
154
154
157
157
159
159
158
157
157
156
155
155
155
155
154
154
153
152
152
151
151
153
153
152
153
151
150
151
150
149
150
151
151
150
151
151
152
154
154
153
154
155
154
155
157
157
159
159
160
158
158
159
159
160
157
156
159
160
160
161
160
158
157
156
155
153
150
149
149
149
150
151
152
154
152
150
149
148
148
149
148
149
149
149
152
151
150
148
147
147
147
147
147
148
148
147
146
146
146
145
146
145
145
145
145
144
144
145
145
146
146
146
148
150
151
150
148
149
147
147
146
146
146
147
148
148
149
150
149
147
146
146
147
145
146
147
147
147
146
146
147
147
145
145
145
145
145
144
145
145
145
145
147
149
150
149
148
147
147
146
146
146
145
145
145
145
147
146
147
148
148
146
144
144
145
145
146
145
147
146
145
145
146
146
148
149
149
151
149
148
147
147
146
145
145
144
144
145
145
146
145
145
146
145
145
144
144
143
143
143
143
144
145
144
144
144
145
146
146
146
147
149
147
146
146
144
145
145
146
145
145
143
142
143
143
142
142
142
142
142
141
141
141
141
141
140
140
141
142
142
143
142
141
142
143
141
141
143
143
145
145
145
144
145
144
141
142
143
144
144
143
143
143
143
143
145
143
143
142
140
140
140
140
141
139
139
140
138
138
140
141
141
140
141
140
139
139
139
139
138
138
138
137
137
137
137
138
138
140
140
141
140
141
141
140
140
139
137
137
136
135
137
136
136
136
137
139
138
139
139
139
140
141
141
143
143
142
144
144
142
142
141
142
143
144
143
142
144
145
147
148
147
146
144
144
144
145
144
144
144
144
143
144
144
141
142
142
142
142
143
143
144
144
144
143
143
144
144
142
140
140
141
142
142
141
140
139
137
137
137
137
139
138
138
139
139
140
138
136
136
136
136
137
138
139
139
139
140
140
142
143
143
143
143
142
142
141
140
140
139
139
140
142
143
144
144
143
142
142
142
142
142
141
141
140
141
141
141
140
140
139
139
141
143
144
144
144
143
144
144
143
144
146
146
146
146
144
144
144
146
146
145
145
145
145
144
144
145
144
145
145
147
147
145
144
145
143
143
142
143
145
144
144
142
143
144
144
146
146
146
144
143
140
141
141
141
140
140
141
141
142
140
141
140
140
141
143
143
143
144
144
143
143
142
142
141
141
140
143
144
145
142
142
143
143
143
143
144
145
145
142
141
142
143
143
142
141
141
142
141
140
142
141
141
140
140
139
139
141
141
141
141
140
140
140
142
143
142
142
143
143
143
143
144
145
145
142
141
141
141
141
141
143
143
143
144
143
143
143
142
142
142
142
143
143
142
141
141
140
140
141
141
139
138
138
139
140
140
140
140
140
140
141
142
141
139
139
139
138
137
137
136
136
136
136
136
137
137
137
139
137
138
138
137
137
138
136
136
138
138
140
139
140
140
140
139
139
140
141
141
141
141
141
141
141
141
143
144
145
146
146
146
144
144
144
144
143
141
142
142
141
142
141
140
138
138
140
139
139
137
137
137
137
135
135
136
137
137
137
137
137
138
138
137
137
136
135
134
135
135
137
137
137
138
137
136
137
137
137
135
135
136
136
139
140
140
137
136
137
138
137
136
138
137
137
137
136
136
136
136
137
137
137
137
137
135
136
139
137
138
139
142
142
142
141
141
143
143
143
143
142
141
141
139
140
140
139
139
137
137
138
138
139
141
141
141
141
142
141
141
141
138
138
140
141
141
141
139
140
138
138
138
139
139
138
137
135
135
136
135
134
133
134
133
133
134
133
133
134
135
136
136
135
137
136
135
134
133
134
134
134
134
134
135
135
137
137
136
136
137
137
135
135
136
136
136
137
137
137
137
137
137
138
139
140
139
136
136
136
136
136
136
136
136
136
138
139
140
140
139
139
141
141
143
143
144
143
143
143
143
141
140
141
139
137
137
139
139
137
137
138
139
139
139
138
139
139
138
138
139
140
140
139
142
141
144
142
142
142
140
140
139
139
139
139
141
141
139
139
139
138
139
139
139
138
139
138
138
139
139
141
140
139
139
138
138
143
144
143
145
145
142
144
144
144
144
144
142
142
142
142
142
142
142
142
141
142
140
139
139
139
141
140
139
136
137
137
137
137
136
137
138
137
137
135
135
134
135
135
136
137
136
136
137
137
137
137
138
139
139
139
139
139
141
138
137
138
138
141
141
141
139
139
140
142
142
144
144
144
141
141
141
140
139
139
139
139
140
142
139
142
140
141
141
140
139
138
138
139
138
137
138
138
139
139
139
140
139
137
137
136
136
137
136
139
140
140
139
136
136
137
137
138
137
137
138
138
138
137
137
138
138
139
140
140
139
140
141
142
141
140
140
139
138
140
141
140
141
141
140
139
139
140
140
139
138
139
140
139
139
137
137
138
138
137
138
139
139
141
141
141
141
141
141
141
142
142
142
141
142
140
139
139
138
139
138
138
137
136
136
138
136
135
135
134
135
134
132
132
133
132
132
133
133
132
132
132
131
130
130
129
130
130
131
133
133
133
131
131
130
130
131
131
131
131
130
130
130
132
131
128
129
129
131
132
131
132
132
132
135
137
137
135
132
135
136
136
136
136
136
136
137
137
137
137
138
140
140
141
139
136
135
134
133
134
134
133
134
134
135
135
136
137
136
137
137
139
139
139
139
137
137
135
135
134
133
134
134
134
132
132
132
132
132
133
132
133
136
136
135
137
137
137
136
136
134
134
133
132
133
133
131
131
131
130
131
131
131
130
129
129
130
130
129
129
130
129
128
128
128
128
128
128
129
129
129
129
129
130
130
131
131
131
131
130
129
129
129
129
128
128
131
131
133
134
130
130
130
130
130
130
131
132
133
131
131
131
133
132
133
133
133
133
134
134
135
134
133
134
134
133
132
134
134
133
133
133
134
132
131
131
131
131
132
132
135
135
135
135
134
137
135
136
136
136
134
135
134
135
136
136
136
135
135
135
136
134
132
131
130
132
135
133
133
131
131
129
130
131
132
131
131
131
131
130
129
129
131
131
130
130
130
133
132
133
132
131
132
130
130
132
130
130
131
129
130
129
129
129
130
130
130
131
132
130
130
131
133
134
133
132
131
132
130
130
130
130
131
129
129
129
130
129
128
129
129
129
128
129
130
129
129
129
129
130
129
129
129
130
131
131
131
129
132
132
132
130
129
128
128
128
129
126
126
126
126
125
126
126
124
125
125
125
126
126
125
126
127
127
126
127
128
129
129
128
127
127
126
126
127
127
128
129
126
126
126
125
127
128
127
126
124
125
125
123
123
122
122
125
125
126
127
127
127
126
126
126
126
126
123
123
124
124
124
125
125
125
125
124
124
123
122
122
123
123
123
122
122
122
123
123
122
123
123
123
125
123
121
122
121
121
121
121
121
121
122
122
124
125
124
122
121
121
121
121
123
122
123
121
119
119
119
118
119
119
119
119
119
118
118
119
119
120
120
119
119
119
120
121
121
122
122
122
123
124
125
127
127
128
127
129
129
126
126
128
128
128
128
126
125
124
125
125
124
123
123
123
123
123
121
120
121
121
120
120
120
120
120
120
120
120
121
122
121
121
120
119
120
121
122
122
122
122
123
124
123
122
124
127
126
127
128
129
129
129
130
128
130
129
130
130
127
126
128
127
126
126
125
124
126
127
126
125
125
125
126
125
126
127
128
128
128
127
128
126
127
126
125
124
123
123
124
124
123
123
123
123
123
123
123
124
124
124
124
124
124
125
125
125
125
126
126
127
128
129
129
132
130
132
132
132
132
130
130
130
130
128
127
129
127
127
126
126
127
127
127
127
128
127
127
126
127
126
127
129
128
128
129
129
129
129
129
130
130
129
130
130
130
130
128
128
127
127
127
127
126
128
127
127
127
127
127
127
127
127
127
128
128
129
132
132
130
130
130
130
130
129
130
128
127
128
129
127
127
128
128
126
125
125
126
124
124
125
124
122
123
124
124
125
124
124
124
125
127
127
127
127
126
125
124
124
125
125
126
124
123
124
124
124
124
124
123
124
125
125
126
125
126
127
126
123
124
124
124
125
125
124
123
123
121
121
121
121
121
122
122
125
124
124
123
123
125
126
126
127
127
126
126
126
125
126
125
125
123
123
123
124
124
125
124
124
126
127
127
126
125
123
124
123
123
123
123
123
123
123
123
121
121
119
119
119
120
120
120
120
120
120
120
121
121
123
122
122
121
121
122
123
123
123
125
125
126
125
125
124
123
123
126
124
124
124
123
124
123
122
121
120
120
119
120
120
120
122
122
123
122
124
123
124
125
125
124
123
124
124
123
123
125
126
126
122
120
120
121
121
120
120
121
121
120
121
121
122
124
125
122
122
122
122
121
118
119
118
119
119
121
125
125
124
124
122
120
119
118
118
118
118
120
119
119
119
119
119
120
119
120
120
118
118
118
118
117
117
118
119
119
118
118
117
118
118
118
118
120
119
121
120
120
119
121
124
125
122
125
124
124
124
124
123
123
123
121
121
120
118
119
120
123
125
126
125
124
123
124
123
122
124
122
121
122
122
121
121
122
122
121
121
121
121
120
120
121
122
122
122
120
118
118
118
118
118
118
118
115
114
114
114
113
116
116
118
119
119
120
120
120
120
119
119
118
118
117
115
115
116
117
118
119
118
118
117
117
116
115
113
113
117
116
115
116
115
114
114
113
112
112
113
113
113
113
113
116
115
115
115
114
114
112
114
115
116
115
116
115
115
115
115
115
115
115
117
116
117
118
118
117
116
115
115
115
115
115
116
116
116
115
117
119
121
121
121
122
121
120
119
119
119
119
120
121
120
121
122
121
120
119
119
119
120
118
116
116
116
116
116
116
117
115
116
117
117
117
119
120
119
118
119
117
116
116
116
117
117
120
120
117
116
114
116
116
116
116
116
118
119
119
118
117
117
118
119
119
119
119
120
120
119
118
118
119
118
118
118
118
117
115
115
115
115
117
117
117
117
116
116
115
115
115
114
114
114
114
114
115
116
116
116
117
117
118
117
118
118
119
117
117
115
115
115
116
116
116
116
116
114
115
115
115
115
114
114
114
115
115
116
114
114
113
115
116
117
116
116
118
120
120
120
122
122
123
120
121
119
118
117
118
118
118
119
120
120
119
119
118
114
114
114
114
112
111
112
111
111
110
110
112
113
113
112
112
111
111
110
110
111
111
112
112
112
113
112
113
113
113
112
112
112
112
113
113
114
114
114
113
115
114
115
115
115
115
115
115
115
117
119
120
122
122
122
121
120
120
118
118
116
115
115
115
115
116
116
114
114
113
113
113
112
112
113
113
112
112
112
113
112
113
112
114
115
113
113
113
114
115
114
114
113
114
114
116
117
115
115
115
114
114
114
115
116
115
115
114
114
113
113
113
113
113
114
115
112
112
113
113
111
111
111
111
112
112
114
113
114
113
113
112
112
112
112
113
114
114
114
113
114
114
114
114
115
113
114
115
115
115
114
113
113
113
113
113
113
111
111
111
112
112
110
110
111
110
111
112
113
115
115
115
114
114
113
113
112
112
113
112
112
112
111
111
111
111
112
112
111
111
111
111
113
113
112
111
111
111
111
111
111
110
109
109
109
109
109
110
109
110
110
111
111
112
112
112
112
113
110
111
111
111
111
111
111
112
112
112
111
111
111
109
109
109
109
108
108
108
109
109
109
109
109
109
111
112
112
109
109
109
109
108
108
109
109
108
109
109
107
107
110
109
109
107
107
107
107
106
107
109
109
109
109
109
109
109
108
108
108
108
109
110
112
111
112
112
112
112
110
110
110
111
111
110
110
109
109
112
113
113
114
111
112
111
112
112
111
111
111
111
112
111
110
111
111
111
111
110
110
111
110
111
110
109
110
110
111
111
111
111
110
109
110
110
110
111
110
109
109
109
110
111
111
111
111
113
113
113
113
112
111
110
110
110
111
111
110
111
111
110
110
110
110
110
111
110
111
109
108
108
108
107
107
107
107
108
107
107
106
107
108
107
107
107
107
107
110
108
108
107
107
106
108
108
108
109
110
111
110
108
108
108
109
108
110
109
110
111
111
111
110
111
111
111
111
111
110
110
110
112
114
113
113
113
112
112
110
110
109
109
109
110
110
111
111
110
110
108
108
108
108
107
107
108
109
110
110
110
109
108
109
110
111
112
108
109
108
107
107
107
106
107
109
108
108
109
110
109
109
106
105
105
106
106
106
106
106
106
105
105
106
104
106
105
104
104
104
103
103
104
103
102
102
103
103
102
103
104
104
105
106
107
107
108
109
110
110
109
110
111
110
110
113
111
110
110
110
108
108
110
108
107
106
108
108
107
109
109
108
107
107
106
106
106
106
106
107
110
109
109
110
109
108
109
110
110
110
110
110
112
111
110
111
109
109
108
110
109
109
109
110
112
112
110
110
111
112
113
112
112
111
109
110
109
110
109
110
110
110
110
108
111
112
112
110
112
111
111
112
111
110
109
109
108
109
109
108
107
106
107
108
108
108
108
107
107
107
107
109
108
108
108
108
109
106
106
106
106
107
107
108
108
108
108
108
108
108
109
108
108
108
106
106
107
106
105
105
105
105
105
106
107
107
107
105
106
105
106
107
106
106
106
107
106
106
106
105
107
106
106
107
108
107
106
108
109
109
108
108
108
108
107
107
107
108
107
109
108
105
106
106
106
104
104
105
105
105
105
105
105
105
105
106
106
106
105
104
105
105
106
106
108
107
107
107
108
110
110
108
107
107
107
110
110
111
112
109
109
110
110
107
106
105
105
106
106
106
106
106
109
110
109
108
108
108
109
108
108
107
106
105
106
107
106
105
105
105
105
105
106
106
106
105
104
105
105
105
105
106
105
104
104
106
105
105
103
105
105
106
107
107
107
108
108
107
107
106
105
105
104
105
106
107
110
111
110
109
109
108
108
108
108
109
110
108
109
110
109
106
107
107
108
108
109
109
108
108
107
107
106
107
107
107
107
106
106
106
107
107
108
108
108
108
108
106
106
106
105
106
107
106
107
106
106
107
106
108
108
108
108
109
109
109
109
107
108
106
105
105
106
106
106
106
105
105
105
105
105
108
106
106
106
106
104
104
104
105
105
105
104
103
102
102
102
102
102
102
101
101
101
101
101
101
102
104
103
104
104
104
104
103
103
103
104
104
104
104
104
102
102
102
101
102
102
101
102
103
103
104
105
105
105
105
103
103
103
102
103
104
104
106
105
107
107
107
107
106
105
104
104
102
102
102
102
104
105
106
105
106
106
106
106
107
107
109
108
107
107
108
108
106
106
106
105
104
104
104
104
104
106
107
107
107
106
107
108
108
107
108
107
106
106
107
107
107
106
105
104
105
104
104
104
104
104
104
104
105
104
106
107
107
107
107
108
108
108
109
109
109
107
106
107
108
109
109
109
109
107
108
107
107
