0.0002831034482758621 0.00018068965517241382
300
295
292
291
292
286
284
284
282
285
284
283
285
284
284
284
283
285
284
285
284
284
282
283
280
280
280
279
281
282
283
283
283
284
282
281
281
278
278
278
278
281
282
280
283
283
284
283
283
284
282
283
282
282
280
279
279
279
280
280
283
283
281
281
282
279
276
279
279
280
280
279
277
276
277
276
276
277
277
277
277
279
278
277
278
278
280
279
278
276
274
276
276
277
277
277
277
277
276
278
277
277
277
277
277
277
278
279
279
279
277
277
278
278
278
279
279
280
279
279
281
283
285
285
284
284
285
284
283
281
281
280
281
281
282
281
280
281
283
283
279
279
279
277
277
276
277
278
279
278
278
278
278
279
281
280
277
278
277
276
275
273
274
273
272
273
273
273
273
273
274
274
274
272
269
267
267
268
269
272
274
272
274
275
272
271
271
269
268
270
269
270
270
270
269
269
271
271
271
271
273
272
271
270
268
269
267
268
268
269
269
269
268
271
273
275
273
273
272
273
274
274
276
277
276
280
283
284
282
279
279
278
279
278
279
281
281
283
281
281
284
282
284
282
282
282
282
282
279
277
278
278
279
277
276
276
277
279
278
280
281
279
278
275
274
273
273
274
274
273
274
272
270
271
271
272
270
270
271
270
271
271
272
273
273
272
272
272
271
271
271
271
271
272
274
275
275
274
275
273
272
271
272
271
272
272
273
273
272
271
270
270
270
269
270
270
270
273
272
272
273
272
274
274
272
272
271
273
271
270
269
266
267
267
268
267
266
267
269
268
268
272
272
272
270
270
270
270
269
269
268
268
269
271
270
272
273
272
273
274
275
275
273
275
277
275
275
275
274
276
276
276
276
275
277
274
272
273
271
270
270
268
269
267
267
267
269
269
270
271
272
277
279
280
281
281
279
278
278
277
278
276
277
277
277
277
278
278
277
278
280
280
278
277
276
273
275
272
273
274
275
274
274
273
273
272
272
271
271
272
272
269
268
267
267
267
268
268
268
268
268
268
270
270
270
271
271
272
274
274
277
274
275
274
274
274
272
272
272
274
274
275
273
273
273
271
272
273
271
272
274
273
272
270
272
271
269
268
269
268
269
269
267
267
268
268
267
268
268
266
265
265
266
266
266
265
266
268
268
268
268
267
265
265
264
264
266
266
267
267
268
269
269
269
270
269
269
270
270
271
272
272
273
273
273
273
272
272
273
274
275
275
274
275
275
273
274
272
270
271
271
270
271
271
271
270
271
271
273
274
274
272
272
272
272
274
274
275
276
273
273
276
277
276
274
273
275
274
272
273
273
271
274
273
273
270
269
270
268
268
267
269
270
271
271
271
272
272
274
274
274
273
272
271
272
272
272
272
273
272
274
273
272
274
275
277
276
273
272
272
271
271
271
272
273
274
273
272
271
270
270
270
271
273
271
272
272
272
274
273
272
270
269
268
269
270
270
272
271
269
270
266
265
266
267
266
267
268
267
266
270
269
269
268
268
269
271
270
269
270
269
271
269
270
270
269
268
269
269
266
267
267
270
269
270
270
270
272
272
269
269
268
268
270
270
270
271
270
268
267
266
266
266
267
267
267
269
269
270
269
269
268
268
266
266
266
266
266
266
266
269
270
270
269
268
269
269
269
267
269
268
269
269
268
270
269
268
268
266
266
267
270
268
267
268
270
272
273
273
273
272
271
271
271
270
271
273
273
275
278
278
277
277
277
275
273
272
272
272
272
271
269
269
269
269
270
271
271
271
272
271
269
268
271
273
274
275
275
272
271
268
269
269
268
268
267
267
268
268
267
267
267
266
267
268
267
267
268
269
270
270
270
271
271
272
272
272
272
272
273
272
273
273
274
273
273
275
274
275
276
275
276
274
276
277
275
273
274
272
271
271
271
273
270
271
271
273
274
274
273
275
275
276
273
272
270
270
270
270
270
271
268
269
269
267
264
263
264
265
263
262
263
262
261
262
261
260
261
262
262
261
262
264
263
265
265
266
264
265
264
262
262
260
259
259
260
260
260
259
259
258
258
258
258
258
255
255
253
253
253
254
255
257
258
260
261
262
257
259
258
256
258
260
259
258
258
257
259
260
261
261
259
260
260
261
261
258
258
258
258
260
260
259
259
260
259
259
261
260
261
259
258
258
259
259
261
262
261
260
262
261
259
259
260
258
259
257
258
257
257
257
256
257
260
258
260
259
261
259
258
258
259
257
259
258
259
260
259
260
258
257
257
258
258
258
259
258
257
257
259
260
258
257
256
258
259
258
258
258
258
259
259
259
260
259
262
262
258
256
258
258
256
256
257
258
258
258
258
257
257
258
255
256
255
255
255
255
254
253
253
252
252
252
254
255
255
255
256
256
258
258
257
256
257
255
255
255
255
253
254
254
254
254
253
254
254
255
255
253
253
253
254
254
252
255
255
257
258
259
259
259
260
259
259
258
256
256
256
257
254
255
252
253
252
250
250
251
252
253
255
255
254
255
253
253
252
252
254
254
253
253
254
255
255
255
254
256
256
257
257
255
256
256
258
257
256
256
255
254
254
254
253
253
256
254
253
252
252
252
252
252
252
252
251
251
250
251
252
251
252
249
249
249
249
247
248
250
250
249
247
247
246
246
248
248
249
248
249
247
247
246
245
243
245
245
245
247
246
249
248
248
248
248
248
246
245
244
245
246
246
244
244
245
243
243
241
240
241
242
241
238
238
237
237
238
239
239
240
242
239
238
241
237
237
239
239
239
240
239
239
239
240
240
240
239
237
237
236
237
237
237
237
239
239
240
243
241
240
241
241
241
240
240
241
243
243
242
243
242
245
245
245
245
246
249
249
248
249
246
246
246
248
248
247
246
246
246
247
246
246
248
248
250
252
248
248
246
247
247
248
248
249
250
250
251
250
249
249
251
249
248
248
248
248
249
247
247
249
249
248
246
246
247
248
246
244
246
248
248
248
248
247
247
247
245
245
245
244
244
243
242
243
243
243
242
242
243
244
244
246
246
245
244
241
241
242
241
242
243
242
241
243
242
245
245
244
243
243
244
244
243
242
242
241
241
242
242
242
242
242
240
241
242
242
243
243
244
245
245
244
243
243
243
244
243
245
246
245
249
250
248
249
251
249
250
250
250
245
245
246
248
249
246
243
244
244
244
244
246
248
247
246
247
246
247
247
249
251
252
252
254
254
252
252
254
252
252
252
252
252
251
249
249
248
249
251
251
251
250
250
251
249
247
247
247
249
250
251
250
252
251
252
252
247
245
246
247
246
246
247
250
247
246
246
247
247
248
249
249
250
251
252
254
255
257
256
255
256
254
253
253
252
253
251
252
255
253
253
254
253
253
253
251
252
251
253
254
256
259
257
258
259
257
257
257
256
255
255
256
256
257
258
261
262
262
263
262
261
259
262
261
259
259
260
259
257
259
257
258
259
258
260
260
259
259
260
258
257
258
258
256
254
256
258
258
256
258
258
258
257
258
257
258
260
258
256
258
259
261
258
257
256
255
255
257
257
256
257
256
257
256
255
255
253
253
254
253
251
252
253
251
248
248
250
250
249
248
249
250
254
252
253
253
252
252
250
252
253
253
252
252
252
255
255
254
257
258
257
254
254
253
251
250
249
248
248
248
247
249
249
250
251
250
249
247
247
246
248
249
247
245
246
247
247
248
249
249
248
249
249
250
250
248
249
250
250
253
251
250
249
249
252
250
249
250
252
253
253
255
254
253
252
252
252
252
252
251
251
252
254
256
254
255
256
255
255
256
255
253
252
254
251
251
251
248
249
248
249
251
251
250
248
248
248
248
246
244
244
246
244
245
247
246
247
247
247
248
248
244
242
242
241
242
244
244
243
243
245
245
247
246
246
245
244
245
247
247
246
243
245
246
246
248
251
250
248
248
246
247
247
248
251
247
246
245
245
245
246
247
249
250
249
248
247
247
247
248
246
246
247
247
246
246
249
248
247
247
247
246
246
246
244
244
243
243
244
243
243
244
244
242
240
240
240
240
241
241
240
242
242
243
243
241
242
243
242
242
242
245
245
248
248
250
247
247
246
247
247
248
248
248
246
246
247
245
245
246
247
247
247
246
244
244
245
246
245
247
248
248
250
251
249
250
251
250
251
250
249
247
245
244
243
243
243
242
240
240
241
243
243
244
244
245
243
244
244
245
247
247
248
246
247
247
247
246
246
246
246
247
247
246
249
251
250
249
248
249
249
249
252
249
247
246
246
246
246
246
243
245
244
243
243
243
244
244
245
244
245
245
245
246
245
246
244
244
244
244
244
245
245
246
245
244
242
242
242
243
242
243
244
244
244
244
243
243
244
245
245
244
244
245
245
245
245
245
246
246
247
246
247
247
247
246
248
245
244
244
244
245
245
248
247
245
245
244
244
244
246
246
243
243
243
244
244
245
249
248
245
246
244
243
243
245
244
243
244
244
244
245
245
246
245
245
243
242
243
243
242
241
240
241
241
241
238
239
238
239
241
240
239
240
240
237
238
239
239
237
236
236
236
236
239
239
239
239
235
237
238
237
236
236
237
237
237
236
235
235
235
235
235
236
235
235
238
239
240
242
241
244
240
240
239
237
237
238
238
239
239
240
242
239
239
237
238
238
237
237
235
236
236
236
234
236
235
234
234
232
232
233
233
233
235
236
236
237
239
239
235
235
235
234
233
235
235
235
235
236
236
237
238
239
241
242
240
238
240
241
239
238
239
240
240
239
239
239
239
238
237
238
239
238
238
240
239
240
239
237
237
237
238
241
243
243
244
245
243
241
242
245
244
243
241
243
242
243
243
244
244
242
242
243
242
241
242
242
242
241
243
244
242
242
243
240
240
240
240
242
241
240
239
238
236
237
236
236
235
237
236
237
236
236
236
235
234
234
235
235
235
234
235
235
236
237
238
236
235
235
234
234
232
230
231
232
231
232
233
233
233
232
233
233
234
235
234
234
235
233
233
234
234
235
235
236
237
238
237
240
242
241
236
235
233
233
233
235
236
235
236
236
237
235
235
234
236
233
233
233
234
232
231
232
233
232
230
229
232
231
235
235
234
230
232
232
233
233
232
233
233
235
235
237
237
234
232
232
231
232
234
233
234
234
235
233
233
234
236
238
238
237
234
233
233
232
233
234
235
235
232
234
235
235
234
232
231
232
233
234
233
231
234
234
234
233
230
230
233
234
234
234
237
233
234
232
232
232
233
233
233
233
232
232
232
231
231
233
231
231
232
231
231
231
231
232
232
233
232
233
230
228
229
230
230
232
228
228
228
229
230
230
230
230
229
231
234
233
233
234
233
228
230
229
230
229
229
230
231
231
232
231
231
232
231
231
231
229
227
227
225
223
223
223
226
226
223
225
225
226
227
227
227
227
227
227
227
228
228
228
227
226
226
227
228
227
228
229
230
230
229
231
233
232
233
232
232
232
230
230
229
230
231
232
232
229
228
228
229
230
230
228
227
227
226
226
226
228
226
227
228
226
228
225
225
223
224
225
225
225
227
225
225
226
226
226
225
224
223
222
222
223
224
224
226
226
223
221
218
218
220
221
219
217
218
218
218
219
218
216
217
219
219
222
223
221
221
220
219
217
217
217
217
219
219
216
216
216
216
218
215
217
219
219
219
217
217
218
216
215
217
217
215
215
215
215
216
217
217
220
220
220
220
220
220
220
219
221
222
222
222
221
221
222
223
223
220
221
222
224
222
222
223
225
227
225
225
226
224
223
224
226
225
223
223
224
225
224
225
227
227
225
226
225
226
222
223
221
221
221
221
222
219
219
219
218
220
220
221
218
216
215
214
214
214
215
215
216
216
217
218
217
218
217
217
218
217
216
216
216
215
214
215
215
216
214
213
214
213
213
213
213
215
214
213
213
213
213
212
213
212
212
212
212
212
212
213
212
213
214
212
214
212
212
214
215
216
216
215
216
215
214
214
213
214
214
215
215
216
215
215
214
213
213
213
212
212
213
212
212
212
213
212
212
214
214
213
216
217
217
218
215
217
219
221
219
218
221
216
219
219
218
218
218
219
221
222
224
223
222
220
222
222
222
221
221
221
222
223
223
222
224
221
221
222
221
222
221
221
220
221
221
222
223
223
222
221
222
221
221
221
222
221
222
223
222
223
223
223
222
221
222
223
220
219
218
218
218
218
219
218
218
218
220
220
218
217
216
219
220
220
218
218
217
219
221
221
222
222
222
220
217
219
220
222
220
221
223
224
222
223
224
221
221
221
223
224
223
225
225
226
225
224
225
225
225
226
226
225
225
227
229
228
226
227
225
226
230
229
226
225
224
223
225
224
225
225
224
223
223
222
221
222
221
223
224
224
222
222
220
222
222
224
224
225
225
229
227
225
225
223
223
224
224
222
222
222
222
221
219
220
219
219
219
220
220
221
220
220
217
218
218
218
217
218
218
217
218
219
218
221
222
223
222
219
218
217
217
218
217
217
217
216
215
215
216
216
216
216
216
216
218
218
218
216
217
217
217
217
218
219
218
219
219
217
216
218
219
218
218
220
220
219
220
219
223
222
223
224
222
222
223
223
223
222
221
219
222
222
222
224
224
225
225
227
225
222
219
221
221
219
218
220
218
219
219
219
218
220
220
222
222
220
220
218
218
217
218
216
217
217
217
218
219
219
217
218
218
218
217
217
216
216
214
214
213
214
215
215
217
216
216
217
217
216
215
216
213
216
215
215
215
216
216
215
216
218
217
215
214
215
214
214
214
214
215
214
215
215
215
216
214
214
215
214
217
215
215
216
214
213
215
215
216
215
215
215
215
213
212
213
213
214
216
217
217
215
213
213
214
217
217
215
215
214
214
214
214
215
216
216
216
216
216
218
219
220
220
219
219
217
219
219
218
218
218
218
218
219
219
222
224
220
219
218
218
217
218
217
217
217
217
217
217
216
216
216
216
216
216
215
214
215
215
212
209
209
209
207
207
207
208
208
208
208
207
207
208
208
209
207
209
208
208
208
208
208
206
207
208
206
206
208
206
210
210
209
208
208
208
208
206
206
208
207
207
206
202
201
203
204
203
203
203
204
204
205
204
204
203
203
204
203
204
204
202
202
201
201
203
203
204
205
205
205
204
204
205
205
205
207
206
205
204
204
206
204
203
202
203
201
201
201
201
201
201
202
202
203
201
205
204
205
204
201
203
202
202
202
204
204
201
201
201
203
202
203
202
201
201
201
203
204
203
203
203
203
204
204
204
204
204
205
203
203
204
205
204
205
207
205
202
203
203
203
203
204
204
203
204
202
202
202
202
203
203
203
202
205
206
204
202
202
201
200
199
201
201
201
201
202
201
202
202
203
203
203
205
203
205
204
203
205
206
207
207
208
206
207
208
208
208
206
205
204
202
203
205
205
205
204
203
203
203
202
203
203
204
203
203
203
204
204
202
202
203
204
204
206
206
204
204
205
205
204
205
206
207
206
207
206
207
207
206
206
207
208
209
207
206
205
206
204
204
202
202
202
202
203
202
200
199
199
200
199
200
201
201
200
202
201
200
201
202
203
201
202
202
203
206
206
209
208
207
206
205
204
201
201
201
200
200
201
202
202
201
201
201
202
202
202
202
203
203
204
204
205
206
207
206
208
209
209
209
209
208
208
210
208
208
208
209
206
206
207
207
208
207
207
205
207
204
205
204
206
205
204
203
203
203
202
203
205
207
205
208
206
204
205
208
209
212
210
208
208
208
209
206
205
205
204
212
207
206
205
206
206
205
205
205
205
205
206
206
207
206
205
207
209
207
208
208
207
204
204
203
202
203
200
198
198
199
198
199
199
199
199
199
199
200
198
198
198
198
199
199
199
199
199
199
199
199
198
198
199
200
202
202
201
202
204
202
202
203
202
202
204
203
202
198
198
199
198
199
199
199
201
201
201
201
201
200
201
200
200
199
198
200
200
198
197
198
198
198
198
197
197
196
196
197
197
196
198
196
197
199
200
199
201
198
198
199
200
198
198
200
201
202
202
200
198
198
198
199
199
201
200
201
202
201
202
203
202
204
205
205
204
203
202
201
204
203
203
204
204
204
204
205
205
204
205
204
205
204
205
204
204
205
205
205
204
204
204
203
204
205
204
204
202
202
204
206
206
209
208
206
203
203
205
204
204
204
203
204
203
204
205
204
205
205
203
203
201
202
202
202
203
205
206
208
209
209
208
209
210
208
208
206
209
209
212
212
210
209
209
209
209
208
209
208
207
207
205
204
203
203
203
204
204
203
205
205
204
203
203
203
204
204
204
202
203
204
204
205
205
204
202
203
203
203
201
201
202
202
203
205
205
204
206
207
207
208
208
206
206
205
206
204
203
203
208
208
204
204
202
204
205
204
205
202
203
201
202
200
200
198
199
198
199
199
199
200
200
200
198
198
195
192
194
194
194
197
195
195
195
195
195
196
193
193
193
192
192
192
194
193
193
193
193
194
194
193
191
192
192
193
193
192
193
193
194
195
195
195
195
196
194
196
196
194
194
194
194
194
195
196
197
197
197
196
197
197
197
197
196
197
197
195
194
194
195
194
194
194
194
194
195
195
195
196
197
195
195
196
197
198
198
198
199
199
197
196
195
195
195
195
194
195
195
195
195
195
195
195
195
195
194
194
196
195
195
195
195
195
197
197
196
197
196
195
197
195
194
195
194
194
194
194
194
192
195
194
194
195
195
195
195
194
194
194
194
193
194
194
195
195
195
195
196
195
194
194
194
195
195
195
195
197
197
197
197
198
196
194
194
193
194
194
196
195
193
193
193
194
193
193
193
193
193
191
191
191
191
190
193
194
195
195
197
197
201
200
199
198
195
192
194
193
192
192
192
194
193
193
193
193
193
194
194
194
194
194
194
193
192
193
193
191
191
193
192
192
193
193
193
194
196
194
196
196
194
193
193
193
193
191
191
191
191
192
192
190
190
191
192
188
188
188
190
191
190
190
191
191
191
191
192
192
192
190
190
191
191
192
192
192
192
193
193
193
195
195
195
196
195
194
193
191
191
189
189
190
189
190
191
192
191
192
191
190
190
190
191
191
191
192
190
191
191
190
189
190
190
190
190
190
190
190
190
189
188
188
188
189
189
189
189
190
189
186
188
189
188
187
188
188
187
188
189
189
187
184
184
185
185
185
185
187
187
187
188
187
187
187
187
187
187
187
186
185
185
188
190
189
189
188
187
186
186
186
188
188
186
186
187
187
187
186
186
187
187
188
186
186
187
187
187
186
185
185
186
186
186
187
188
190
190
187
187
187
187
189
189
187
188
186
186
187
188
188
187
188
187
186
185
186
187
187
186
183
186
185
182
184
184
184
184
182
182
183
183
180
180
181
181
180
180
181
180
182
184
184
184
184
184
184
183
183
180
181
181
183
179
181
180
180
181
181
182
184
184
184
185
180
181
182
181
180
180
177
177
177
179
180
179
178
178
178
179
179
179
180
180
178
179
179
178
180
180
181
185
185
181
181
180
181
181
181
181
181
179
179
179
180
180
180
180
183
183
181
178
178
178
177
178
178
177
178
177
177
179
176
176
176
176
175
175
174
174
174
177
177
178
178
179
178
176
175
175
175
176
175
177
178
178
180
181
181
182
177
179
179
178
177
178
177
175
176
176
178
175
175
177
176
177
176
177
179
180
181
180
177
175
174
175
175
176
176
176
175
174
173
173
174
174
174
174
174
175
177
177
178
179
177
177
176
176
176
175
176
176
176
177
177
177
177
177
177
176
176
175
177
177
177
178
178
178
177
178
178
179
180
183
184
183
181
179
176
177
175
175
177
179
179
180
180
180
180
178
178
178
177
178
179
179
178
179
179
178
177
175
175
174
173
173
174
174
173
174
175
174
175
175
175
174
172
173
173
173
173
174
173
171
171
172
172
174
178
178
180
178
174
176
177
179
179
180
181
180
180
181
181
181
178
177
178
180
176
177
176
178
177
176
174
176
177
178
179
176
176
175
175
174
173
172
171
172
173
173
173
174
173
173
175
174
174
175
175
176
174
175
175
175
174
173
173
173
174
173
174
174
175
175
174
174
174
174
175
176
176
176
175
176
177
176
175
175
176
175
172
172
172
174
176
174
174
174
173
174
175
175
174
174
176
178
178
179
179
179
178
177
177
177
176
175
176
176
174
175
174
175
174
175
175
174
175
175
174
173
173
172
174
173
173
172
174
173
173
173
173
175
175
176
174
175
176
176
176
176
176
176
175
176
178
177
178
177
177
177
179
179
178
177
177
178
179
179
179
180
179
179
179
179
180
181
180
181
182
181
181
180
181
182
183
183
183
183
183
181
182
181
181
178
178
178
178
179
178
178
176
176
176
176
178
179
179
181
181
180
182
180
181
182
181
180
181
182
181
181
182
181
181
181
181
180
180
178
178
178
177
177
178
178
179
181
182
182
182
181
181
180
180
181
182
181
181
180
178
179
178
178
177
176
175
177
177
177
175
174
176
175
174
174
175
174
176
177
177
178
176
177
176
176
178
179
179
179
177
176
177
177
176
176
177
178
180
179
179
178
179
178
178
178
177
178
178
179
179
180
181
181
181
183
181
182
182
184
183
181
181
180
177
178
178
179
178
178
178
178
178
178
178
178
178
178
176
178
179
179
180
179
180
179
177
176
175
176
177
177
178
178
177
176
176
176
176
176
179
179
180
181
180
180
181
182
183
181
182
183
184
184
184
183
180
180
178
178
178
178
178
176
176
177
177
177
178
178
178
177
181
183
182
179
179
179
179
178
179
178
177
176
176
176
176
176
176
176
177
176
177
175
175
175
175
178
178
178
178
178
176
178
178
179
179
179
179
179
177
177
177
177
176
177
179
180
179
179
181
179
178
176
177
176
176
177
178
179
179
180
180
180
180
180
181
180
179
177
177
177
177
177
178
177
176
176
177
179
180
179
180
179
179
180
180
180
180
180
180
179
180
180
177
177
177
178
179
180
181
180
180
181
180
178
178
177
177
177
175
176
175
176
176
177
177
177
177
178
178
178
178
180
180
180
180
179
178
177
178
178
179
180
179
177
177
178
178
176
177
177
178
176
178
179
179
180
180
182
183
182
183
182
182
181
180
179
180
180
181
181
181
181
180
180
180
180
180
181
182
181
181
181
182
184
183
184
185
186
189
188
185
185
184
181
180
180
180
182
181
181
181
181
181
180
183
182
182
183
180
181
179
179
179
180
181
181
181
183
183
184
180
182
182
182
183
181
179
179
178
179
179
180
179
179
179
179
178
179
178
179
179
181
181
179
177
178
178
178
178
177
178
179
175
175
174
174
174
175
177
175
176
177
177
175
175
176
176
175
176
177
176
178
180
179
