0.00024896551724137937 0.001
300
292
292
291
286
285
283
281
279
277
274
270
270
265
261
260
258
258
259
258
257
258
257
257
257
256
257
257
257
258
258
255
253
254
253
253
252
252
254
254
252
253
251
250
252
251
251
251
248
249
248
247
248
248
247
250
252
251
252
254
255
255
254
253
251
251
252
252
250
247
249
251
252
251
251
251
250
250
250
248
250
249
248
250
250
251
252
252
251
253
251
252
250
249
250
249
248
247
249
251
250
249
249
253
254
253
254
254
252
252
252
253
253
254
254
253
251
253
255
256
256
254
252
251
251
251
250
248
249
249
248
245
245
247
246
246
247
247
247
246
245
246
245
244
243
244
245
247
247
245
244
244
245
246
248
247
246
246
246
247
246
246
249
250
250
246
246
248
247
248
248
246
246
245
245
244
244
246
251
249
249
248
247
247
246
246
248
246
246
245
246
248
247
246
245
246
245
244
243
243
243
242
243
243
244
246
244
242
243
243
243
244
246
244
242
244
246
246
244
246
243
242
241
241
241
240
241
244
245
244
245
243
244
244
246
247
248
245
246
245
245
245
244
245
243
243
243
242
242
240
240
241
241
242
243
243
243
241
243
244
243
242
242
243
243
244
244
244
243
243
240
241
241
242
243
243
246
248
248
248
244
246
245
246
246
247
248
249
248
246
246
247
246
245
243
242
244
246
245
244
244
242
242
243
246
247
248
248
249
251
251
250
249
248
250
249
250
252
250
249
249
246
246
244
245
245
246
247
250
248
246
244
244
244
243
244
244
243
243
242
242
244
244
247
246
249
249
247
247
247
247
247
243
244
244
245
244
244
242
243
242
242
241
240
242
245
246
247
245
244
242
241
238
238
240
241
243
242
243
242
238
240
240
241
241
239
240
240
240
238
239
237
238
240
238
237
236
236
236
237
237
237
237
236
236
235
237
237
238
238
238
239
239
238
238
239
239
238
236
237
235
234
232
232
230
232
234
234
233
234
234
232
232
232
232
232
233
233
233
232
233
232
234
235
234
234
234
235
238
239
240
240
241
241
244
246
247
245
246
242
239
236
237
236
240
239
238
238
238
238
236
235
233
231
232
231
232
231
231
231
233
234
233
232
230
231
229
228
229
229
230
230
229
231
231
232
230
232
232
231
231
231
232
233
231
231
232
230
230
232
232
234
235
237
238
239
239
237
235
232
232
234
233
232
233
234
235
233
230
230
231
231
230
231
231
231
231
230
230
232
231
231
231
231
233
231
232
232
229
229
229
229
229
228
228
228
229
232
233
232
232
233
234
233
233
232
232
231
232
232
234
237
238
237
235
235
234
233
234
235
235
234
234
233
231
231
229
228
229
228
229
231
231
232
232
232
231
231
231
230
232
233
233
233
232
230
232
234
236
236
238
239
238
240
238
239
238
241
240
241
238
238
237
237
236
235
237
238
239
240
240
241
240
238
237
237
237
237
237
237
236
235
234
233
233
233
232
231
232
234
235
233
232
230
230
231
231
232
233
236
236
234
234
235
236
236
238
238
241
241
243
243
241
239
241
239
239
238
239
238
238
237
238
237
235
232
233
233
233
233
233
232
234
234
236
235
235
235
233
233
234
234
233
232
230
231
233
234
232
231
229
229
228
229
228
229
232
231
231
232
234
235
235
234
233
235
236
234
234
233
235
233
232
231
230
229
230
229
230
229
228
228
229
229
227
227
225
226
227
228
227
228
228
229
230
227
226
228
232
232
232
233
233
234
235
230
230
228
226
226
228
227
227
227
227
228
227
226
227
226
226
226
226
226
225
226
229
231
230
229
230
230
231
233
233
233
232
231
230
231
231
233
231
231
231
232
230
231
231
231
230
230
230
230
230
230
229
232
232
231
230
230
230
232
233
231
231
232
230
230
228
227
226
226
228
228
227
226
225
225
226
225
226
226
228
227
226
226
225
226
225
226
225
226
226
226
226
226
226
226
226
227
227
226
226
228
228
229
229
229
227
227
228
228
227
228
226
226
227
226
227
225
227
229
229
229
228
227
227
227
228
228
230
229
230
231
232
233
234
233
234
234
235
237
235
235
236
235
234
232
233
233
234
234
234
237
236
235
238
237
238
236
232
231
230
230
227
226
226
224
226
226
227
228
230
230
230
235
233
233
233
233
231
231
230
230
230
229
228
229
229
230
231
231
231
230
230
229
229
229
230
230
229
227
227
226
225
224
225
228
229
229
229
231
230
229
229
228
228
228
230
229
230
228
227
228
226
224
224
228
229
231
232
231
230
231
231
228
229
228
227
227
227
226
226
226
225
225
226
226
226
225
223
223
222
224
225
224
222
222
223
223
223
222
221
222
223
223
224
224
223
223
225
224
224
225
225
225
226
225
225
226
227
227
226
228
227
226
225
226
226
225
225
227
227
227
229
228
227
228
230
232
231
230
229
230
228
229
227
226
226
225
226
224
223
222
223
222
220
221
223
224
225
224
225
225
224
225
225
225
226
228
228
228
231
231
231
230
230
231
232
231
230
230
232
232
233
235
235
237
239
241
240
241
239
239
239
238
238
237
237
237
236
235
234
235
234
234
235
232
232
232
231
230
231
230
230
231
232
233
232
230
227
227
224
224
225
227
228
228
227
227
229
229
229
229
228
229
229
231
232
231
230
228
227
228
227
226
227
227
228
228
231
230
230
230
230
232
233
233
234
231
232
228
229
230
231
231
228
227
228
228
228
228
229
229
227
227
227
227
226
227
228
228
228
229
229
226
228
226
225
225
224
226
225
227
229
229
231
232
232
232
229
229
232
232
232
233
231
231
231
232
231
230
229
227
227
229
228
230
231
230
227
227
227
224
224
224
226
225
225
223
223
223
222
222
223
225
225
225
224
224
223
223
225
227
226
229
228
227
227
227
226
227
227
227
228
228
226
226
226
226
225
222
222
222
221
221
221
220
221
219
219
217
218
216
216
216
215
215
215
214
213
213
214
214
214
216
216
215
215
216
216
218
217
217
218
218
216
217
216
216
215
215
214
212
213
213
212
213
213
212
212
212
211
211
210
209
210
210
210
210
211
211
213
213
214
215
214
214
213
215
216
215
215
215
215
214
213
214
213
213
214
214
215
215
214
214
215
215
216
217
215
215
213
212
213
213
215
214
216
218
218
218
219
219
219
219
219
219
218
217
218
217
217
216
215
217
216
217
218
219
217
215
216
217
215
216
216
217
217
216
219
219
220
219
220
221
219
218
221
223
222
222
222
221
221
219
220
220
220
220
221
222
220
218
218
217
217
216
217
216
217
216
216
216
216
215
214
214
214
216
216
214
214
213
213
214
214
213
214
215
215
215
214
216
217
217
215
217
218
218
219
220
220
220
220
218
219
218
218
219
219
219
219
221
219
221
220
221
221
220
221
221
222
221
221
221
220
219
221
219
218
219
219
220
219
220
220
220
220
221
221
220
220
220
219
216
217
218
219
219
220
221
221
220
220
218
216
215
215
215
215
215
217
217
217
216
215
214
215
215
216
214
214
214
216
216
216
217
217
216
216
214
214
214
214
214
215
215
214
215
215
215
215
216
216
216
216
216
216
215
214
213
214
214
215
214
214
215
215
214
213
213
212
213
213
214
214
215
216
215
216
216
215
216
217
216
215
215
215
215
215
213
213
213
213
213
213
214
210
212
214
215
215
214
214
214
215
216
216
216
214
215
215
214
212
212
211
211
212
211
213
213
213
214
214
214
215
213
213
213
213
213
212
212
212
211
212
211
212
214
214
214
213
214
213
213
213
214
214
215
215
217
215
215
216
215
214
213
212
212
213
213
213
216
214
214
212
212
212
212
212
214
214
215
215
213
213
214
212
212
212
212
211
210
211
212
210
211
210
208
209
209
209
209
209
208
208
208
209
208
209
209
211
212
213
214
213
212
211
211
212
213
211
212
210
212
213
213
212
210
210
211
213
212
213
214
213
212
212
212
211
212
211
210
210
211
210
211
210
212
211
210
210
211
212
211
213
213
214
213
213
212
211
210
209
209
212
211
210
213
212
213
212
212
212
213
214
213
211
212
212
212
214
213
213
213
212
211
209
208
209
210
212
210
212
211
210
208
208
208
207
208
207
207
208
209
209
211
211
211
212
212
213
213
211
210
210
211
212
213
212
213
210
210
210
209
208
211
211
212
211
211
211
211
211
211
211
212
212
211
210
210
212
212
213
213
214
214
214
215
216
212
213
214
215
214
215
217
216
212
212
212
209
206
208
207
206
206
206
205
205
205
206
206
206
206
208
207
206
206
208
207
206
204
204
204
204
205
207
208
208
208
210
211
211
211
212
212
212
212
213
212
212
211
209
209
209
210
210
211
213
214
212
212
211
210
211
210
210
211
210
211
210
209
209
210
209
207
208
206
209
210
210
210
209
207
209
211
211
210
211
213
211
209
209
209
209
209
208
209
209
208
210
210
209
205
206
205
207
206
206
206
205
206
207
209
209
209
208
208
207
207
206
205
206
208
210
208
209
210
209
210
210
210
210
214
214
214
216
213
211
211
209
211
211
210
207
208
207
208
210
209
209
209
211
211
210
210
209
209
212
213
215
213
211
210
209
208
210
209
210
211
212
212
212
211
210
210
210
211
210
208
208
211
208
207
207
208
208
207
207
208
208
209
208
208
208
208
206
205
204
205
206
206
206
207
207
207
207
210
210
210
208
208
207
206
205
205
205
204
207
209
209
208
208
209
209
210
210
207
207
206
207
208
205
204
204
205
204
203
204
203
203
202
203
202
203
203
204
205
204
202
202
202
202
201
200
201
201
200
201
200
200
200
200
199
198
198
198
198
199
199
200
201
202
202
201
202
201
201
201
202
201
201
201
202
203
202
203
204
204
203
204
203
203
203
203
206
205
206
206
205
204
199
197
196
195
195
195
196
195
195
197
197
197
197
197
198
197
197
197
198
199
199
202
204
203
203
201
201
199
199
199
199
199
199
199
199
200
201
201
201
201
202
202
204
203
202
202
202
203
206
205
203
200
201
202
199
200
203
204
204
204
205
206
206
207
207
208
208
205
208
206
206
206
202
202
201
201
200
200
200
199
198
197
201
199
199
199
199
197
197
198
198
198
199
199
200
199
199
198
198
199
198
198
198
199
200
200
200
200
200
201
200
199
201
201
201
201
203
201
200
199
199
198
199
200
201
199
198
196
196
194
196
196
195
197
195
195
199
198
196
196
196
195
194
193
193
191
192
192
191
192
191
191
192
194
196
196
198
199
198
198
199
199
200
200
200
200
197
197
195
196
196
196
197
197
196
196
195
197
196
195
195
195
196
195
195
194
193
193
194
194
194
194
194
193
193
193
195
194
193
194
194
195
196
192
192
193
193
194
193
194
195
197
197
196
195
194
194
196
198
196
196
196
197
196
196
198
197
196
196
198
199
198
198
198
198
196
196
196
197
197
197
196
196
199
198
198
198
197
195
195
195
195
195
194
194
193
192
192
193
193
193
194
195
196
196
195
195
194
194
195
197
195
197
197
198
197
199
198
198
198
199
199
199
198
198
200
200
202
204
205
204
203
204
204
202
202
201
200
199
203
203
202
200
199
200
198
198
198
198
199
199
199
201
202
200
197
197
194
193
193
194
196
195
195
195
195
197
197
195
198
196
197
198
197
196
195
195
195
196
197
196
197
197
197
196
196
198
197
196
196
197
198
198
197
196
195
195
195
196
195
194
193
193
192
191
194
194
195
196
195
194
194
197
197
196
197
196
196
196
194
195
197
196
195
195
195
195
196
197
197
198
197
196
197
196
196
195
197
195
195
195
197
197
196
195
197
197
194
195
196
196
198
197
197
196
196
194
194
194
191
191
191
191
191
192
192
191
191
191
191
191
191
189
189
189
193
192
191
189
189
190
190
189
189
189
189
191
193
194
194
194
194
195
195
195
194
191
191
192
191
189
190
189
189
189
189
189
189
188
188
189
188
189
190
190
191
192
192
192
192
190
190
189
189
189
189
189
188
189
190
189
188
188
189
189
189
188
188
190
189
190
189
189
187
187
187
188
188
188
188
187
187
188
187
186
187
187
189
190
190
190
191
191
191
189
189
189
189
192
192
191
193
193
192
191
190
190
192
190
190
191
189
188
189
188
188
189
189
189
190
191
191
192
192
193
194
195
193
194
194
192
192
193
193
194
196
194
194
193
192
194
193
194
194
196
195
195
193
193
194
194
195
195
197
198
197
196
199
200
199
199
199
198
198
197
197
197
199
198
196
195
194
194
192
191
189
188
189
186
187
185
185
185
185
185
187
188
190
189
190
190
190
190
191
191
190
189
189
189
189
189
190
191
189
189
187
187
188
188
189
190
190
190
189
189
189
191
190
190
190
191
191
194
194
194
195
195
195
194
192
192
193
194
193
193
194
195
194
193
193
195
193
192
194
193
194
195
196
196
196
196
196
196
196
197
197
196
194
194
195
194
193
194
195
195
197
196
198
199
200
200
199
198
198
198
198
201
198
198
197
197
196
198
196
196
197
198
197
196
196
198
197
197
195
193
194
192
192
193
193
194
193
195
194
192
192
190
191
192
191
191
191
190
190
190
189
188
188
189
192
191
191
190
190
191
192
193
195
196
196
195
196
197
195
196
193
193
193
193
192
189
189
190
191
191
191
189
190
191
192
193
192
192
192
192
192
193
193
193
193
194
193
193
192
192
192
193
192
193
191
192
191
191
192
194
194
195
193
195
194
194
195
196
196
195
196
197
197
197
196
196
195
193
194
193
193
191
189
188
189
190
190
191
191
190
191
191
190
190
189
191
192
191
190
189
188
188
188
188
189
188
187
189
189
187
187
187
188
189
188
188
188
187
188
187
187
187
188
189
188
188
188
188
186
184
184
184
185
185
185
185
184
185
185
183
184
184
183
183
182
184
182
182
182
182
182
182
182
182
182
182
183
184
184
183
183
184
184
184
185
187
187
188
189
189
189
189
189
189
190
190
188
188
189
189
190
189
188
188
190
191
191
191
190
189
190
190
189
190
190
190
189
188
187
186
185
186
186
187
188
188
186
186
186
189
190
190
190
192
190
189
188
187
188
189
188
188
188
189
188
187
187
185
185
182
182
181
181
181
182
182
183
184
186
186
186
185
183
183
184
185
186
186
186
185
184
184
186
183
182
184
183
183
183
183
182
183
183
183
182
182
181
181
181
181
181
181
183
183
183
183
183
184
184
184
183
184
186
186
185
186
186
187
188
187
182
182
183
182
182
184
184
181
182
183
183
183
183
185
185
185
183
182
182
183
183
183
184
184
184
184
183
182
183
185
186
185
185
185
187
186
187
187
186
184
184
183
184
183
184
185
184
183
183
183
183
185
187
187
187
185
184
184
184
184
183
183
187
187
186
187
187
185
186
186
184
183
184
185
185
186
187
185
186
187
188
186
186
186
186
186
187
188
189
189
189
189
190
191
189
189
189
188
188
187
186
187
187
184
186
185
185
186
184
183
183
183
185
185
186
185
185
186
185
185
183
183
181
181
183
184
183
184
184
184
187
187
187
187
187
184
183
183
183
183
183
182
182
182
183
185
187
187
186
186
183
183
183
182
182
182
183
184
184
186
186
185
183
182
182
181
182
179
180
180
182
181
181
181
182
181
182
183
182
183
183
181
183
186
185
185
184
184
186
182
183
182
183
183
183
181
181
181
182
182
181
184
183
182
182
181
182
183
185
184
183
185
185
185
185
184
184
185
184
185
186
186
186
184
184
184
184
184
181
178
177
176
176
177
177
177
177
177
177
175
175
175
175
175
177
178
177
178
181
182
182
184
183
184
187
185
184
187
187
185
185
186
186
185
185
184
186
184
184
182
183
182
182
182
182
183
182
182
182
183
182
184
185
183
183
185
185
186
184
180
180
180
182
181
182
181
182
181
178
178
177
179
178
179
179
178
179
179
180
180
179
179
179
179
179
178
176
175
174
174
176
176
176
176
176
176
175
175
176
176
176
176
175
175
175
176
174
175
175
176
176
175
175
178
178
178
182
179
179
177
178
177
175
174
174
173
175
172
172
173
172
170
172
172
172
172
171
170
169
170
170
171
172
172
171
170
171
172
172
173
172
172
170
172
173
173
173
172
174
174
174
174
173
172
172
176
178
177
179
179
181
180
180
181
182
182
182
184
186
184
183
184
183
184
185
184
184
183
182
180
178
177
176
175
173
171
169
168
168
169
168
169
170
170
169
167
167
167
169
169
170
170
171
171
169
171
171
170
170
170
171
171
170
169
169
171
171
171
170
173
173
173
173
172
172
173
173
175
174
176
176
175
172
172
169
170
171
169
168
168
170
172
169
169
169
169
169
169
170
171
172
172
171
171
169
169
169
168
171
171
172
172
172
172
172
172
171
171
171
173
173
173
173
173
171
169
168
169
169
171
171
171
171
171
172
174
171
171
171
170
171
171
171
170
169
170
169
170
171
171
171
171
171
172
174
175
174
172
171
170
170
170
169
168
168
169
167
168
169
168
167
167
168
168
168
167
166
166
167
166
165
165
165
164
165
165
165
165
165
166
167
167
168
168
167
169
168
170
171
173
172
172
171
171
172
171
171
171
170
167
169
171
170
169
169
168
169
169
169
170
169
168
169
169
169
170
172
173
173
172
174
173
173
173
174
173
172
172
172
172
172
171
171
171
173
172
172
171
171
171
173
172
173
174
174
172
169
169
169
170
170
170
170
171
171
170
169
169
168
169
171
171
169
169
170
170
169
168
167
167
167
166
165
166
167
167
166
166
166
166
167
167
167
167
169
170
170
169
168
168
169
167
167
167
167
166
166
165
165
165
165
165
165
165
167
167
167
168
169
168
168
169
170
169
167
166
165
165
166
166
166
167
169
168
168
168
169
168
168
167
167
170
170
170
170
170
171
171
170
170
171
171
171
172
172
170
171
169
168
170
169
168
168
168
168
168
168
168
168
168
168
169
170
169
169
170
170
169
170
168
168
166
168
168
168
168
168
168
166
165
166
166
165
166
165
164
165
165
164
164
165
165
164
163
163
166
165
166
166
167
167
168
166
166
167
166
166
166
166
167
167
167
167
166
166
166
166
166
166
168
169
170
171
172
172
171
172
173
173
172
171
169
169
168
168
168
169
169
169
171
171
170
167
167
167
167
167
165
164
163
163
164
164
162
162
162
161
162
162
162
162
162
162
163
165
166
166
164
163
163
163
163
163
166
166
168
168
167
167
166
165
167
166
168
169
169
168
170
170
169
169
169
168
168
169
169
168
170
169
170
168
170
169
170
170
170
168
166
165
164
164
164
165
165
166
166
166
167
167
167
166
165
165
167
169
169
171
173
174
173
169
170
171
172
174
172
172
173
174
174
172
170
169
169
169
168
169
167
167
167
168
166
166
166
166
166
166
166
167
166
167
167
167
168
168
169
170
171
171
171
171
171
172
172
172
172
172
171
172
172
171
169
170
170
171
171
172
172
172
172
172
172
171
171
171
171
171
173
173
172
172
171
170
171
170
170
171
170
171
171
171
172
171
172
171
171
169
168
169
169
167
167
167
167
166
166
166
165
164
167
168
168
167
167
168
170
169
170
169
167
166
164
165
166
166
165
166
166
165
162
163
163
163
163
164
164
165
165
164
165
163
163
163
163
164
165
167
165
167
167
168
168
167
167
167
167
165
164
162
163
164
164
164
165
164
165
165
166
165
164
164
163
163
164
162
162
163
164
165
166
165
166
164
163
162
163
163
163
163
162
162
162
163
163
163
162
160
160
160
160
161
161
161
160
160
161
161
160
160
159
158
159
159
159
160
162
161
162
162
162
163
165
166
165
166
166
165
165
164
163
163
163
163
163
160
160
160
160
161
165
163
164
164
165
164
164
164
164
165
165
166
167
167
164
163
162
161
162
163
164
164
165
165
164
165
165
165
165
167
166
168
169
168
166
166
167
165
164
165
165
166
166
167
165
164
164
162
163
164
162
162
162
163
164
165
164
165
165
167
164
166
168
169
171
165
165
164
164
166
166
165
164
164
161
162
164
163
162
161
159
159
160
159
160
158
158
158
158
158
157
157
157
158
161
160
160
159
159
159
161
162
162
163
163
163
162
164
164
163
162
161
161
163
163
162
163
163
164
166
166
165
164
164
165
162
162
162
162
164
164
164
165
164
165
165
165
164
165
165
165
165
164
164
164
164
163
162
163
164
165
167
168
167
168
165
164
162
162
163
163
164
164
162
162
162
162
161
159
159
160
161
161
162
162
162
161
159
159
159
158
158
158
159
160
160
160
161
162
162
162
161
161
161
162
160
159
160
160
158
158
160
160
161
161
160
159
159
159
158
158
158
157
157
157
158
158
158
159
160
160
160
160
160
161
160
159
161
159
159
158
156
157
158
159
159
160
162
163
164
164
164
164
163
163
163
163
163
164
162
162
162
163
162
163
163
164
165
165
164
165
163
162
162
160
159
159
160
160
162
162
162
160
159
158
160
161
161
161
161
160
160
159
159
158
158
157
157
159
158
158
158
158
159
158
160
161
161
161
162
160
159
158
158
158
158
158
159
159
159
159
159
160
160
160
159
158
160
160
161
162
161
161
163
162
162
164
161
162
162
162
162
161
161
161
160
159
159
159
159
159
159
160
160
160
161
163
163
161
162
163
163
162
162
159
160
160
163
164
163
161
162
164
163
163
165
164
162
160
161
160
159
158
158
158
159
157
157
159
158
157
157
157
157
157
155
157
156
156
154
154
153
153
154
155
156
157
156
156
156
157
157
157
156
157
158
159
159
159
157
157
158
157
157
158
157
159
159
159
157
156
155
155
155
155
154
154
154
154
153
153
152
151
151
151
153
154
154
154
155
154
154
155
155
155
154
155
155
154
154
154
154
156
155
154
154
154
154
154
155
153
153
153
154
154
154
155
156
157
157
155
156
155
155
156
158
156
156
158
160
159
157
158
156
156
154
153
153
155
155
156
157
157
159
159
158
156
154
153
153
153
153
152
153
154
154
153
152
152
154
152
152
152
151
151
152
152
153
153
156
156
156
157
155
156
157
156
156
156
157
155
155
156
158
157
157
156
154
153
153
153
153
154
154
154
153
153
152
152
152
153
152
152
153
153
153
154
156
156
158
158
158
157
159
157
157
157
155
155
154
153
153
151
150
150
151
151
151
150
150
149
149
150
150
150
149
150
149
150
150
151
151
151
152
152
152
152
150
149
149
149
149
150
151
152
154
154
155
153
153
153
153
154
153
153
153
152
152
151
152
150
151
150
149
151
151
151
150
150
150
150
150
150
150
151
151
151
151
150
150
151
152
151
150
150
149
148
148
148
148
148
