0.00021482758620689656 0.0004196551724137932
300
288
283
280
277
275
276
277
275
273
269
267
265
265
263
265
261
264
261
261
259
257
255
252
252
250
250
251
249
249
252
252
250
252
254
253
254
255
254
254
256
255
252
251
249
249
251
249
250
252
252
252
252
250
250
250
251
249
249
249
249
250
249
249
250
250
250
250
250
250
250
250
251
253
251
248
247
247
247
248
249
250
249
249
249
251
250
252
252
250
249
250
248
248
247
245
247
249
250
249
250
251
252
255
254
252
251
250
247
246
247
248
250
250
251
248
247
247
244
243
247
246
246
246
248
247
251
251
249
249
247
244
246
246
246
243
242
243
244
244
243
243
245
245
244
245
244
246
246
245
245
243
242
244
243
241
240
241
243
242
241
241
242
242
243
241
240
238
238
237
237
238
238
238
238
238
239
239
240
238
239
238
240
239
239
239
239
241
242
242
243
240
240
240
243
243
243
244
245
242
241
239
239
238
238
237
236
236
239
240
243
241
241
240
238
237
237
237
237
236
236
237
237
237
238
235
235
236
236
236
236
237
238
241
242
244
245
243
242
242
242
241
241
240
242
239
238
239
238
239
240
239
239
240
240
240
242
239
239
239
239
239
239
238
238
239
237
235
235
236
237
234
235
234
234
234
235
236
238
236
235
235
234
235
234
235
235
236
235
236
236
234
234
234
236
236
237
240
240
241
241
240
240
238
236
235
234
235
234
234
234
236
232
232
234
236
235
237
236
239
237
237
237
238
238
238
239
240
239
237
237
238
237
234
234
234
235
236
235
235
236
238
237
237
234
234
232
232
233
235
235
233
233
232
234
234
233
234
232
232
232
233
232
232
231
232
233
234
233
231
230
231
231
230
231
231
231
232
234
234
235
234
232
233
234
234
231
232
231
233
230
229
229
229
230
230
231
232
234
233
231
230
230
230
232
232
231
231
230
232
232
234
233
232
234
233
232
233
232
232
233
232
233
232
233
233
234
233
233
232
232
232
231
232
233
235
234
234
234
234
232
232
231
232
232
234
232
232
231
230
230
230
231
231
232
232
232
232
233
234
233
231
233
233
232
233
234
234
235
235
234
234
233
234
233
234
234
234
234
234
233
232
233
232
230
230
230
230
230
230
232
231
231
231
231
232
232
232
232
231
232
234
235
236
236
235
237
236
235
233
232
233
234
234
231
231
228
228
227
227
227
227
229
229
229
229
229
229
229
232
231
230
229
228
228
227
230
229
230
230
232
235
235
232
230
229
230
230
230
230
230
231
233
234
234
232
231
233
233
231
231
231
231
231
230
230
228
229
230
230
231
227
228
230
227
228
230
230
229
231
231
229
229
230
230
229
229
229
230
231
231
230
230
231
231
230
230
230
229
228
228
229
229
228
229
229
229
230
231
231
229
228
229
228
225
225
224
227
227
227
229
229
230
230
231
231
228
227
230
231
229
229
231
231
229
230
230
230
229
230
229
229
231
232
233
229
229
230
230
232
229
229
227
226
225
225
224
222
223
224
225
224
225
226
227
227
227
226
226
227
227
226
225
225
226
226
224
223
224
224
225
227
227
227
225
224
222
221
222
221
223
225
225
224
224
226
224
223
223
224
226
226
225
225
224
224
222
223
224
224
225
227
227
227
224
223
223
223
223
221
222
224
225
226
226
225
225
223
223
222
223
221
221
222
223
223
223
224
223
222
223
224
224
225
224
223
223
222
225
229
227
226
225
222
221
220
220
221
221
220
222
220
222
223
224
223
226
223
219
217
217
217
217
218
218
218
218
218
218
219
219
219
220
220
220
218
218
217
217
217
221
219
219
218
219
219
220
224
225
223
222
222
224
225
224
223
224
223
222
222
221
220
220
220
221
221
221
221
220
220
221
220
221
221
220
218
218
220
219
220
222
223
222
221
223
222
223
222
223
223
221
222
219
218
218
216
217
219
218
218
218
217
218
219
218
218
219
220
220
221
219
218
218
220
221
221
221
220
219
220
220
220
220
222
221
222
223
222
221
223
221
221
222
221
218
219
218
216
218
217
217
217
218
217
216
217
218
218
216
216
217
214
213
214
213
214
214
214
214
214
214
213
213
213
213
213
213
213
213
214
215
214
214
214
214
215
217
216
215
215
213
213
213
212
213
213
213
217
216
215
216
215
214
214
216
218
219
219
220
217
216
216
218
214
214
213
212
215
215
215
215
214
214
215
216
215
214
214
214
212
213
214
214
214
212
211
212
212
211
212
213
214
217
214
214
214
214
214
213
212
213
212
212
211
211
211
213
212
212
212
212
212
212
213
214
211
210
211
210
210
211
211
213
214
213
212
211
210
211
213
213
213
213
213
214
214
214
215
214
215
214
214
213
212
212
211
210
211
211
211
211
211
212
212
215
214
215
215
214
214
216
217
217
216
216
214
212
212
213
213
214
213
213
213
212
213
212
212
211
212
214
215
215
216
215
216
218
217
217
215
215
216
216
216
215
213
213
212
211
211
211
211
212
212
211
212
215
215
215
214
214
214
215
215
215
216
217
216
212
212
213
213
214
211
209
208
208
210
210
210
210
211
210
211
213
213
212
211
211
211
210
209
208
208
208
209
209
209
209
209
209
210
210
211
212
212
215
215
215
211
211
211
210
210
211
210
211
210
211
212
212
213
213
215
213
211
212
212
212
212
210
210
211
210
209
209
210
210
211
210
211
210
210
209
209
210
208
209
210
210
210
211
211
209
210
210
211
211
210
210
212
215
214
212
212
212
210
210
211
212
213
212
211
210
210
208
208
207
207
211
209
209
209
211
211
211
211
211
211
211
210
210
210
211
210
209
210
209
211
208
208
208
208
206
208
208
209
210
210
210
210
210
210
211
211
211
211
210
209
209
209
208
208
209
210
211
210
210
211
212
212
211
210
211
211
211
211
209
210
211
209
210
209
209
210
212
211
211
208
210
210
208
209
210
210
211
209
210
210
209
208
209
210
211
211
209
210
208
207
207
208
210
211
210
210
209
208
207
207
208
208
207
205
205
206
206
205
208
210
208
206
208
208
210
210
210
209
209
211
210
209
208
208
209
208
208
208
208
208
209
210
211
211
210
213
211
211
210
209
208
208
208
209
209
209
209
208
209
207
208
206
206
207
206
205
205
205
205
205
208
208
208
207
207
206
206
206
206
206
209
208
207
205
204
204
205
205
204
204
204
204
204
205
206
206
207
209
210
211
212
211
210
210
211
211
214
214
215
213
209
205
206
205
206
206
208
206
206
205
202
203
204
204
204
204
202
202
201
201
201
201
201
201
201
201
204
204
204
203
205
205
205
207
208
208
207
207
207
208
209
209
211
211
211
209
207
205
206
207
206
206
206
205
205
205
204
203
203
201
201
198
198
199
199
200
199
201
199
199
198
197
199
200
200
201
202
202
203
202
202
202
203
204
203
203
202
201
202
203
202
201
202
201
200
201
203
203
204
204
202
201
201
200
200
200
200
200
201
202
202
202
203
202
202
202
201
200
200
200
198
198
201
201
200
201
201
201
200
200
204
203
204
204
204
204
205
205
205
204
204
205
206
205
205
204
202
200
201
200
201
202
201
203
206
207
207
209
208
205
208
205
204
203
203
200
199
200
200
201
203
202
202
202
202
202
202
202
200
201
201
201
202
200
200
200
199
200
199
200
200
199
200
200
199
199
200
201
203
204
202
202
204
204
204
204
206
203
202
202
202
202
202
201
202
201
201
201
201
200
200
199
199
200
199
199
197
198
198
199
197
198
198
200
198
196
198
200
199
198
198
199
199
200
198
199
198
196
196
197
195
195
196
197
196
197
198
196
197
198
196
196
195
195
195
194
193
193
194
195
195
196
196
197
197
194
196
196
194
194
194
194
195
197
198
195
194
194
194
194
192
193
194
193
193
194
194
194
194
194
194
195
193
193
194
195
195
194
193
192
193
194
194
194
193
193
193
192
192
194
195
194
193
194
194
195
192
193
193
194
194
195
194
194
193
193
193
194
195
194
193
193
193
193
193
192
192
193
193
196
198
196
195
194
194
194
195
194
193
193
193
192
193
193
194
194
195
197
198
197
195
193
193
192
192
193
193
194
194
194
195
194
195
194
193
195
196
195
194
194
195
195
194
194
192
195
195
195
195
195
195
194
194
193
192
191
190
190
190
192
192
194
194
194
195
194
196
197
198
199
198
198
198
196
196
196
196
195
194
194
193
195
194
194
194
198
195
195
193
192
191
191
189
190
190
191
192
193
194
194
194
192
192
193
194
193
193
194
194
194
194
194
192
193
191
191
191
192
192
191
192
194
194
194
194
196
195
195
195
195
198
198
197
199
197
197
195
193
193
193
194
194
196
193
193
192
193
192
191
191
191
191
191
192
194
194
193
191
191
190
190
190
189
189
189
189
189
189
189
189
191
192
190
190
190
189
189
188
188
190
190
190
191
192
191
190
190
190
189
189
189
190
192
194
194
193
193
190
190
191
190
191
191
192
192
191
191
190
190
191
193
191
192
192
192
192
189
190
191
191
191
190
188
188
187
187
188
189
188
189
189
188
189
189
190
189
189
188
188
188
189
189
189
188
188
189
190
192
193
192
191
192
194
192
191
191
191
191
193
192
193
194
196
196
194
194
196
192
192
192
193
192
191
191
190
191
190
190
191
190
189
189
190
191
190
190
192
190
190
191
191
192
192
192
192
191
190
191
191
191
190
189
190
190
192
192
192
191
192
191
191
190
190
190
190
191
191
189
189
188
189
189
190
188
188
187
188
189
190
190
190
191
191
192
193
193
193
193
193
196
194
193
194
194
194
196
193
191
192
190
190
191
190
189
190
190
190
188
188
187
186
186
187
187
187
188
188
187
187
186
186
188
188
189
188
187
187
188
188
187
188
187
188
188
188
188
188
188
188
187
189
189
189
190
192
191
191
190
190
191
191
188
188
188
187
190
193
193
191
191
190
189
189
190
190
189
188
189
189
188
188
188
188
188
189
190
190
190
192
191
189
190
190
189
191
190
188
187
187
188
189
189
190
188
191
189
188
190
191
193
192
190
188
190
188
187
187
187
188
189
189
189
187
186
186
187
186
186
186
186
187
188
189
187
186
187
188
190
190
190
190
189
190
188
187
187
188
188
186
184
183
183
184
184
185
184
182
183
184
185
182
183
183
183
183
183
184
183
183
180
181
180
180
181
181
181
181
180
182
179
180
178
177
178
179
179
179
179
179
179
179
180
180
180
179
180
179
178
178
177
178
179
180
180
177
177
176
176
176
177
177
177
177
177
179
179
179
179
178
177
177
178
176
176
177
176
177
179
179
179
178
177
177
177
176
178
178
178
179
179
179
178
178
176
176
177
177
177
177
177
177
178
177
177
176
176
177
177
176
176
176
176
177
176
176
176
176
176
177
178
179
180
178
178
179
178
177
177
178
178
178
179
182
184
183
183
183
184
183
183
181
181
181
181
181
181
181
180
180
178
178
180
178
178
179
180
179
178
179
180
180
180
180
179
179
178
179
180
180
178
178
178
181
181
179
178
180
182
180
182
181
182
181
181
184
184
184
184
185
184
186
183
184
182
184
181
180
180
180
180
180
181
180
180
181
180
183
182
180
180
180
181
181
184
184
184
185
183
182
182
180
180
181
181
182
182
182
182
180
181
181
180
181
180
180
180
179
179
180
179
179
179
180
181
181
181
181
182
181
179
179
179
180
181
181
180
179
179
178
178
177
177
177
177
177
177
177
178
178
177
177
177
177
178
179
178
177
177
178
180
182
182
183
178
180
178
177
177
177
176
177
177
177
176
177
178
178
179
177
176
177
177
177
176
175
176
176
178
178
180
179
179
179
177
177
175
175
176
176
176
176
177
176
176
176
176
175
174
174
174
174
173
173
174
176
176
176
175
175
176
176
175
176
176
177
177
176
175
176
177
178
177
177
176
178
177
177
176
175
175
175
177
178
178
178
178
176
175
175
175
174
174
173
174
177
177
177
178
180
179
177
178
178
177
177
177
175
173
173
173
174
173
173
172
172
172
172
172
172
172
173
172
173
173
175
174
173
175
175
174
174
175
175
173
175
174
174
175
174
174
173
174
174
174
173
171
172
173
172
170
170
170
170
169
170
169
170
168
168
169
169
169
170
170
170
170
170
170
170
171
171
169
169
172
171
171
173
172
172
172
171
173
173
173
172
172
172
174
171
171
169
170
170
171
171
171
171
170
171
171
169
171
171
171
171
171
170
170
170
170
171
170
171
171
171
170
170
168
168
168
168
168
168
171
172
173
173
174
174
172
172
172
173
174
174
174
175
175
175
177
176
178
178
178
176
174
174
173
171
170
170
171
170
171
171
171
168
168
167
166
166
167
167
168
167
168
168
168
168
167
166
166
167
168
167
167
167
167
168
168
170
170
170
172
172
172
170
170
171
170
170
170
169
170
170
169
169
169
170
169
168
168
168
169
169
169
169
169
169
167
170
170
170
169
170
170
170
169
169
167
168
168
168
168
167
166
169
169
168
168
168
169
170
171
170
169
169
169
168
167
166
165
165
164
164
164
164
164
164
164
164
165
165
167
167
167
166
166
167
165
166
166
166
165
165
165
165
166
167
167
169
169
171
170
168
167
167
165
166
165
165
165
166
165
166
166
166
166
167
167
166
167
167
167
167
169
168
166
166
164
163
163
163
164
166
167
168
167
167
167
167
169
167
168
166
166
167
168
169
168
167
168
169
169
169
171
168
168
167
167
166
166
167
169
170
168
168
166
165
164
164
165
166
166
166
166
165
166
165
165
164
165
165
165
167
167
167
167
168
168
169
171
169
169
168
167
165
165
165
165
165
166
166
166
167
167
166
168
167
168
169
166
166
165
163
164
164
164
164
165
165
166
166
167
168
167
165
164
164
164
165
165
163
163
164
164
163
163
163
163
162
163
163
164
163
163
163
163
163
164
164
164
164
165
164
164
164
164
165
167
167
164
163
162
162
162
163
162
163
164
164
164
162
162
162
161
161
161
161
161
162
162
163
162
162
163
165
166
166
166
166
166
165
165
165
166
165
165
165
166
165
164
164
164
163
163
164
166
165
165
163
162
162
162
162
163
165
167
167
167
165
163
163
163
164
163
162
162
162
162
163
164
166
166
165
165
166
163
162
162
160
160
160
160
160
160
160
160
160
160
161
163
163
163
162
162
163
162
162
162
163
160
160
160
160
159
158
158
158
158
158
159
159
158
158
158
158
158
158
159
159
160
161
160
160
160
159
159
159
159
160
161
162
162
162
162
163
163
163
164
164
163
164
164
165
165
165
165
164
163
161
161
161
162
161
162
161
160
160
159
160
160
160
160
159
160
161
162
159
158
158
158
159
160
161
161
161
161
161
161
160
161
160
160
161
161
160
161
162
162
163
162
164
163
163
164
164
164
164
162
163
162
162
162
162
164
162
162
162
161
160
160
160
159
160
160
158
158
158
159
160
160
161
162
159
158
158
159
162
162
162
161
159
160
160
159
159
159
160
160
160
159
159
159
158
158
158
158
159
160
160
161
161
159
159
159
159
159
160
161
161
161
161
161
161
161
160
160
161
162
162
162
161
161
160
160
160
159
159
159
160
159
158
158
161
160
161
160
159
160
160
160
160
160
159
157
157
157
157
157
157
157
157
158
158
157
157
157
158
158
158
158
159
159
159
160
160
160
160
161
161
160
160
160
159
161
160
159
161
158
158
158
158
159
158
160
158
158
158
158
158
157
157
158
158
159
159
159
158
158
157
156
158
159
160
159
158
158
158
159
159
157
158
157
157
157
157
158
158
158
157
158
159
159
159
158
158
158
158
159
159
158
158
158
158
159
159
161
161
160
159
160
159
159
157
157
156
156
156
156
155
155
155
158
159
159
159
158
158
159
159
158
157
157
156
157
157
157
157
157
157
157
157
157
156
155
155
156
157
157
156
156
155
155
155
156
156
156
158
157
157
158
158
157
157
158
158
158
157
159
155
155
155
156
156
156
154
155
155
155
155
157
156
156
156
157
156
156
156
156
157
157
157
158
158
158
157
157
157
157
157
157
157
158
158
158
157
158
155
155
155
155
154
154
154
154
154
156
156
155
156
156
155
156
156
155
155
154
154
155
156
159
158
158
158
157
157
158
158
156
156
157
155
155
156
156
155
156
157
156
156
156
156
155
156
157
157
156
155
153
153
153
153
155
155
155
155
155
156
157
154
155
155
155
155
155
155
154
154
155
155
155
155
153
153
152
152
152
152
153
153
154
155
154
155
155
153
153
151
151
152
153
153
153
154
156
155
155
152
153
154
154
154
154
153
153
154
153
154
154
154
154
153
153
152
152
153
152
151
151
151
153
153
152
152
152
152
150
151
151
152
153
153
154
153
153
152
153
154
156
156
156
156
155
155
155
154
154
153
153
152
150
149
149
149
150
150
151
150
150
149
149
150
151
152
151
152
152
152
153
153
153
154
155
158
156
156
155
155
155
156
155
155
154
154
154
154
154
154
154
153
153
153
153
152
152
152
151
150
150
151
152
152
151
152
151
152
153
153
153
153
153
153
152
152
153
153
153
154
153
152
151
150
149
150
150
150
151
151
151
152
152
155
155
156
157
157
157
158
159
157
156
155
155
154
155
154
152
154
153
153
152
151
152
151
154
154
153
153
153
153
153
153
153
154
153
151
152
151
151
152
153
153
154
155
154
155
154
152
153
154
154
154
153
153
153
153
154
152
153
153
153
153
153
151
151
152
152
152
152
153
153
153
151
153
153
152
152
151
151
151
151
151
151
151
153
153
153
153
153
152
155
153
152
152
152
152
152
151
152
152
152
153
153
151
151
151
151
153
153
151
153
154
154
154
153
155
153
152
152
153
152
152
152
153
152
152
152
152
151
150
150
150
151
151
152
152
152
152
152
152
152
151
151
151
152
152
153
153
153
153
150
149
150
150
149
150
150
149
149
151
151
151
150
150
150
151
152
151
150
150
149
149
150
151
151
151
151
150
151
151
150
150
151
151
151
153
154
153
152
152
152
152
153
152
151
150
151
151
151
151
150
150
150
150
148
148
148
149
149
150
149
151
152
151
151
153
153
151
152
153
153
152
152
153
152
152
151
151
152
151
152
150
150
150
149
149
150
150
149
150
150
150
150
150
150
150
151
150
149
150
149
150
150
149
151
151
149
149
150
152
152
152
151
151
151
150
150
150
152
153
151
152
153
154
153
154
155
154
151
151
151
151
151
150
151
151
151
149
150
150
150
150
150
150
150
149
151
151
150
150
151
152
152
152
152
153
153
153
153
152
154
154
155
154
155
155
153
152
152
151
151
151
151
153
153
154
154
154
153
153
154
152
152
152
152
150
150
150
151
151
152
152
152
150
151
151
150
149
150
151
153
152
153
153
152
151
151
152
151
152
153
154
152
152
152
152
152
151
151
153
153
153
153
152
153
154
152
151
150
152
152
151
150
151
151
150
150
152
154
153
154
153
151
151
151
151
151
152
152
154
154
152
151
149
150
149
149
148
149
151
151
152
152
151
151
151
150
150
151
151
151
150
149
149
148
147
148
148
147
148
149
149
148
148
148
148
150
151
153
152
152
152
152
151
153
152
153
152
152
152
153
149
149
148
149
149
150
151
151
151
151
152
151
150
148
149
149
148
147
148
148
147
147
147
145
144
144
144
144
145
145
144
143
143
143
145
145
146
147
148
147
147
146
144
144
144
145
145
145
146
146
145
148
147
147
149
149
145
145
145
143
141
144
142
142
142
144
143
144
144
143
143
143
143
144
144
145
144
145
144
144
144
145
145
144
142
142
143
144
144
144
142
143
143
143
145
145
145
145
144
145
145
145
144
145
146
146
147
147
144
144
145
145
144
144
145
144
144
144
144
144
144
144
144
144
144
144
145
145
145
144
144
144
145
144
144
144
144
142
142
142
142
142
142
143
144
145
145
147
146
147
146
146
148
149
148
146
146
146
145
145
144
143
143
141
142
142
141
141
144
145
145
144
143
144
144
143
143
143
143
142
141
141
142
142
141
141
141
141
141
141
141
141
143
143
143
146
146
146
146
145
145
144
143
142
141
140
141
140
139
139
140
140
140
140
140
140
141
140
141
142
141
141
141
141
143
142
141
142
142
142
142
142
140
141
142
140
140
140
139
139
138
138
138
138
139
139
139
138
139
139
138
138
137
138
137
137
137
136
136
137
138
138
137
137
137
137
137
137
137
136
136
136
136
137
137
137
137
137
137
137
137
137
137
138
138
139
139
140
139
138
137
137
137
138
138
138
138
138
139
139
139
138
138
137
138
138
138
137
137
137
137
137
137
136
136
135
136
137
137
137
138
136
136
137
137
136
137
137
137
137
137
138
140
141
140
143
140
140
139
139
138
139
139
139
137
138
139
140
139
137
137
137
136
136
135
137
137
136
138
140
137
137
137
137
136
136
135
134
134
133
133
133
133
133
133
133
135
135
136
135
135
135
135
134
134
133
133
134
134
134
133
133
133
133
133
133
134
134
133
135
135
134
133
134
135
135
136
137
136
136
136
135
135
134
134
134
134
135
135
136
137
138
138
139
140
138
138
137
134
133
133
132
131
131
131
131
131
131
131
131
132
132
132
131
131
131
131
131
131
132
132
131
131
133
133
133
132
132
131
132
133
134
134
135
135
134
134
134
134
133
133
133
132
132
132
132
132
132
132
132
132
135
135
134
134
134
134
135
136
136
135
134
135
136
135
136
136
135
134
134
136
136
135
136
135
137
136
134
135
135
134
133
133
133
134
134
133
133
133
133
133
134
133
133
133
133
133
133
132
132
131
133
134
134
133
133
133
131
131
131
131
131
132
132
133
133
134
135
134
133
132
132
132
131
131
131
131
131
130
130
131
133
133
133
133
133
132
132
132
132
132
132
132
132
131
132
131
133
131
131
131
132
132
134
135
133
133
133
134
134
134
135
135
135
134
134
136
136
136
133
132
131
132
131
133
133
133
132
131
131
131
132
132
131
131
132
132
132
133
133
133
131
131
130
131
131
132
131
130
130
130
131
131
131
129
129
129
130
129
129
129
130
129
129
129
129
129
129
129
128
128
128
127
127
128
127
128
129
128
129
129
130
131
130
129
129
128
128
128
129
129
128
127
127
126
126
126
126
126
126
127
127
127
127
127
127
125
125
125
125
125
125
125
125
125
126
125
125
125
125
125
125
125
125
125
126
126
126
127
126
126
126
126
127
127
127
127
128
127
127
128
128
128
127
129
129
129
129
129
129
127
130
128
127
127
127
129
130
130
128
126
125
126
126
126
128
127
125
125
125
126
125
126
126
126
126
125
125
126
