0.0007610344827586207 0.0009658620689655174
300
296
288
286
283
280
277
270
267
263
262
258
257
256
255
253
249
246
244
241
239
238
237
234
233
233
234
231
229
228
225
224
223
220
220
220
219
216
215
214
214
217
215
215
216
216
217
218
218
220
218
215
215
214
215
214
215
215
215
212
209
208
208
207
206
207
206
206
209
208
206
202
202
204
201
201
200
200
198
196
199
198
198
199
200
200
203
204
200
199
199
199
198
199
200
198
198
199
197
198
197
195
195
197
196
196
194
194
195
196
197
196
194
193
193
194
194
194
194
194
192
192
193
193
191
192
192
191
191
190
192
192
193
195
197
197
198
199
201
201
204
201
198
198
197
197
196
194
193
195
195
198
198
197
197
197
196
196
195
196
195
194
194
191
189
188
185
185
185
187
186
185
186
186
185
186
187
186
186
186
186
188
189
190
189
190
189
190
189
188
188
187
188
188
188
188
187
185
185
184
184
185
184
185
184
185
182
184
184
183
183
183
182
181
181
183
184
183
184
183
183
182
182
182
184
183
184
184
184
184
181
180
180
179
180
178
179
182
182
183
182
182
180
180
181
181
181
180
180
180
180
182
181
181
182
183
185
185
186
184
183
185
188
188
188
185
185
187
188
185
185
185
186
185
182
181
181
181
181
181
180
179
180
177
177
177
180
179
178
177
177
177
177
175
175
176
176
174
174
176
178
179
179
181
180
179
179
178
177
179
179
176
173
172
172
172
175
172
172
172
173
174
174
171
171
172
173
173
172
172
170
170
169
169
168
168
167
167
168
168
169
170
172
174
176
175
173
173
174
171
170
167
165
166
166
167
168
169
168
168
168
169
168
167
166
165
165
166
168
169
166
166
165
165
166
166
167
165
165
164
164
164
166
165
164
164
165
165
164
164
164
164
165
166
169
166
166
166
165
167
167
167
168
169
171
171
170
169
168
168
168
169
171
170
170
169
171
171
171
168
167
168
169
168
167
166
164
164
163
162
164
164
165
163
162
160
161
161
162
163
165
166
168
168
168
169
168
169
168
168
166
167
166
166
165
163
163
163
163
163
163
163
162
163
165
165
165
165
164
163
164
163
163
163
161
162
161
160
161
164
164
162
162
162
161
162
163
162
163
164
164
164
164
165
164
163
163
164
162
162
162
161
160
161
160
162
162
162
162
162
162
161
161
160
160
161
160
161
161
163
163
162
165
165
164
165
166
165
167
167
164
160
160
161
160
159
158
156
156
157
157
159
158
159
158
154
153
153
153
153
153
153
153
153
153
151
150
150
150
149
148
147
147
147
147
148
149
150
149
149
149
149
147
148
148
148
147
146
147
147
148
148
148
149
149
150
151
151
150
149
149
149
149
148
148
147
148
149
148
150
153
154
154
152
152
153
154
153
152
154
153
152
153
157
157
156
156
157
156
157
156
155
154
156
156
156
157
157
157
156
157
157
156
155
157
156
155
155
156
156
156
157
156
158
156
156
155
154
154
150
148
147
147
147
147
147
149
149
149
150
151
152
151
149
149
149
148
147
148
150
151
149
149
149
148
147
147
146
146
146
147
147
147
147
147
148
150
151
150
150
151
152
150
149
149
149
147
147
147
147
147
146
145
147
146
146
149
146
147
148
148
149
148
149
150
151
150
149
149
148
149
149
148
149
148
148
148
148
149
149
152
152
153
153
151
151
149
150
151
152
152
152
152
152
151
152
152
152
153
154
154
156
155
153
150
150
150
149
150
151
150
149
147
147
147
147
148
148
146
146
146
146
146
145
145
146
147
147
148
149
150
151
150
149
149
151
151
151
151
151
151
151
152
152
151
152
151
151
151
151
150
151
149
148
146
146
147
147
148
147
146
145
146
146
147
146
146
147
144
147
147
148
148
148
147
148
148
149
147
147
148
147
147
147
147
149
148
150
151
152
151
152
152
152
152
150
151
152
151
153
152
153
152
150
149
149
148
149
149
148
147
146
145
146
146
146
145
145
144
145
144
144
145
144
144
144
145
146
145
146
146
146
147
149
149
148
148
148
149
147
148
150
149
150
150
148
148
147
147
147
147
147
141
142
144
144
143
143
143
142
140
140
139
139
139
139
139
139
140
140
140
142
142
142
143
142
142
142
142
143
144
144
145
144
145
145
144
143
143
142
143
142
142
143
143
143
144
143
143
143
144
143
143
143
144
143
145
145
145
144
144
144
146
146
146
147
145
145
142
142
145
144
144
142
142
141
142
141
140
141
141
142
142
142
143
142
142
142
142
144
144
145
145
144
146
145
143
142
143
142
141
142
142
143
142
141
139
138
138
138
137
137
137
137
136
136
137
138
138
139
139
138
137
137
137
135
136
136
136
136
136
137
136
134
133
133
133
133
133
133
134
135
135
136
137
136
137
137
135
135
136
136
136
138
137
136
136
136
137
138
139
139
140
141
140
140
139
141
141
140
140
141
140
140
140
139
139
139
140
140
140
139
138
139
140
140
140
140
139
139
139
139
138
141
140
141
141
140
140
138
136
136
137
137
138
139
139
141
142
143
143
145
144
144
145
148
148
149
149
149
149
149
149
150
148
148
148
145
144
144
143
146
144
145
146
145
143
145
144
142
140
138
139
137
138
137
138
138
135
136
136
136
136
135
135
135
135
136
135
134
134
134
135
136
137
138
138
140
141
141
142
141
141
140
141
143
143
143
147
146
147
145
145
144
145
143
143
143
142
141
141
140
141
141
141
141
139
140
139
140
140
139
137
137
137
137
138
139
139
141
141
141
141
141
142
142
142
142
142
142
142
143
144
144
143
142
145
144
144
145
144
145
146
148
148
148
149
147
146
146
145
145
146
146
145
146
147
145
142
144
144
144
145
145
145
140
140
140
141
141
141
140
140
139
139
138
137
137
137
138
138
138
138
139
140
141
139
139
139
140
139
139
140
138
138
139
141
139
139
139
139
138
137
135
136
134
134
134
133
133
133
132
133
134
133
134
132
133
132
132
132
132
133
133
132
132
132
131
132
132
132
133
133
133
134
137
137
134
134
131
131
131
131
131
132
132
132
133
134
132
132
132
132
132
133
133
133
134
133
133
132
131
132
132
131
131
131
131
132
130
130
130
131
132
133
133
131
131
133
134
134
135
134
134
133
135
135
134
133
133
133
134
133
134
135
135
136
134
134
133
133
134
133
133
137
137
137
137
137
136
136
137
137
133
134
135
135
138
137
135
137
137
137
136
135
135
136
135
135
137
137
137
138
139
139
139
136
136
138
139
139
139
138
139
138
139
137
136
135
136
137
137
136
136
136
136
137
137
139
139
139
137
138
138
137
136
135
134
135
135
136
136
134
134
130
130
130
131
129
128
128
128
128
131
131
133
134
134
134
133
133
133
133
133
134
135
134
134
135
135
136
136
136
136
135
135
134
133
135
134
134
134
134
135
134
136
137
137
136
136
136
135
135
135
135
135
134
133
132
135
134
132
132
132
134
134
134
134
134
132
134
134
132
132
132
132
132
132
132
133
133
133
133
133
133
133
132
133
132
132
131
131
133
133
132
131
131
132
132
132
132
133
134
134
133
134
134
135
132
132
133
133
132
132
131
131
133
132
132
133
132
130
131
130
128
128
127
128
128
128
128
128
128
129
126
127
128
126
125
126
127
127
126
127
128
128
127
127
127
127
125
124
124
126
126
126
126
127
127
128
129
129
128
128
130
129
129
128
127
125
124
123
123
123
122
122
121
121
120
120
120
121
121
121
121
122
123
123
123
123
124
124
124
124
124
124
124
124
125
124
125
126
125
125
127
127
128
128
128
129
128
128
129
130
131
131
132
132
133
131
132
132
132
132
131
130
129
129
130
131
129
127
128
128
129
131
132
132
132
132
128
126
127
125
125
125
124
124
123
123
125
126
126
126
126
126
126
127
128
128
128
127
126
126
127
126
126
126
126
127
126
127
124
126
125
127
127
127
128
127
127
126
127
128
129
128
126
125
126
126
125
126
126
126
127
127
126
126
125
124
125
125
125
126
126
128
128
128
128
128
128
127
126
127
127
127
127
126
127
126
124
124
124
124
124
125
125
125
125
125
125
126
125
125
125
126
127
127
127
128
127
127
130
131
131
131
131
131
128
131
131
129
127
126
127
128
128
128
127
126
125
125
125
125
125
126
126
126
126
124
123
123
124
126
126
125
125
127
127
128
128
129
127
126
128
128
127
127
127
125
125
125
126
127
124
124
124
124
123
122
122
122
120
121
120
122
122
122
122
122
123
124
123
124
124
124
124
123
123
124
123
121
122
123
122
121
120
120
120
122
123
123
125
125
126
127
130
130
131
131
130
131
130
132
134
134
131
131
131
130
130
130
130
130
127
125
124
124
124
125
126
126
126
126
127
127
127
127
128
126
127
126
127
128
129
130
130
130
128
129
127
127
126
128
126
128
127
128
129
128
126
125
126
125
127
127
126
126
124
125
125
125
125
124
122
123
123
124
124
123
122
121
121
122
122
121
122
121
120
121
121
121
122
122
122
122
119
122
121
121
121
120
119
119
120
122
123
122
121
120
121
121
121
122
122
121
123
123
123
123
124
124
124
124
125
124
124
123
122
122
123
122
123
126
126
125
125
126
125
124
123
125
126
125
125
124
122
122
120
121
122
122
123
124
122
122
123
123
126
124
124
123
123
122
121
123
122
122
122
123
123
124
125
125
126
126
127
126
126
126
126
126
127
128
127
127
127
128
128
127
128
128
130
130
128
127
124
124
122
122
121
122
123
123
122
120
119
119
119
119
119
119
121
121
121
120
121
120
120
122
121
121
121
121
121
121
121
120
120
119
118
117
118
118
118
118
118
119
121
121
119
119
118
118
118
118
118
118
119
119
119
118
118
118
119
119
119
119
119
121
121
121
119
119
120
120
120
121
124
123
122
122
125
124
125
126
126
125
124
124
124
124
126
125
124
125
126
125
123
123
124
125
124
125
126
126
126
126
125
127
126
126
126
126
128
130
129
129
127
126
127
126
127
127
126
127
126
125
125
126
125
123
123
123
123
122
122
122
122
122
122
124
123
123
125
125
125
126
126
125
125
124
124
124
124
124
124
124
123
123
123
123
122
122
124
125
124
125
125
124
124
124
124
124
122
123
124
124
125
127
125
125
125
125
126
126
125
124
125
125
126
125
125
126
125
122
123
123
123
122
121
121
121
121
121
120
119
121
121
122
121
122
121
122
123
123
122
123
125
125
125
126
127
129
130
131
131
130
129
127
125
125
125
124
124
124
124
124
124
124
124
124
122
122
122
123
122
122
123
121
119
120
121
123
123
123
123
123
123
123
121
121
123
123
123
123
124
125
125
125
125
126
126
126
127
128
129
127
126
126
125
125
122
122
121
120
121
121
123
121
122
123
123
124
126
125
125
124
125
124
124
126
126
128
128
127
126
125
126
126
128
129
129
128
129
129
130
129
129
128
127
127
127
126
125
124
125
127
127
127
127
126
126
126
125
125
125
125
125
126
126
128
127
127
129
129
129
129
130
129
129
128
128
127
126
125
121
119
120
121
122
123
122
122
122
122
122
122
123
123
121
121
121
121
121
121
121
120
120
120
120
119
119
119
119
119
121
122
120
120
120
122
122
120
120
120
120
119
120
121
120
122
120
121
121
120
120
121
121
122
122
119
118
118
118
118
118
120
120
119
120
119
118
119
121
122
121
122
120
120
122
123
124
123
123
121
121
122
123
122
122
123
122
122
123
123
124
124
124
123
123
124
121
121
122
121
120
120
120
120
122
121
120
121
121
121
121
120
121
121
120
121
120
122
121
122
123
123
122
123
123
125
125
125
123
123
122
122
123
122
122
121
122
121
121
121
121
122
122
122
122
120
120
121
121
121
122
123
123
119
118
118
118
118
117
117
116
115
115
115
115
115
115
115
116
116
116
115
115
116
115
115
115
114
114
115
116
114
114
115
115
115
116
117
116
116
116
116
116
117
117
117
116
116
116
118
119
118
119
119
118
118
121
122
121
123
123
123
123
124
125
125
127
128
128
130
130
130
129
130
129
130
130
131
128
127
125
125
124
126
125
124
122
120
120
120
118
118
119
119
120
121
122
121
122
122
123
122
122
123
123
123
124
122
120
120
120
119
118
119
117
117
117
117
118
119
118
119
118
119
118
118
119
117
118
118
118
117
118
119
122
121
120
120
120
122
123
125
124
122
121
121
121
121
120
121
120
122
122
122
123
123
123
123
123
122
124
124
124
124
125
126
126
127
125
125
124
123
124
122
122
123
123
123
124
126
126
128
128
128
127
128
131
131
131
126
125
124
123
124
125
125
124
123
124
123
124
123
124
123
124
123
124
123
123
122
122
122
122
122
121
120
118
118
118
118
119
119
119
118
118
119
119
120
122
120
117
117
116
116
114
114
114
114
113
113
114
116
115
116
115
115
115
115
116
116
115
115
115
115
115
116
114
114
116
115
114
114
113
112
112
113
114
113
113
115
114
114
114
113
113
114
111
111
112
111
111
111
109
109
109
110
110
109
109
111
111
113
113
113
113
111
111
114
114
115
115
115
116
116
116
116
116
115
117
116
116
115
115
115
116
117
117
116
116
115
114
113
113
113
113
114
115
115
117
118
119
117
120
119
120
119
119
116
117
116
117
117
116
117
117
115
114
112
112
113
114
113
114
114
113
112
111
111
111
109
109
109
109
109
110
108
109
109
108
107
107
109
109
110
110
110
111
111
113
113
112
112
112
111
110
111
112
111
111
112
111
111
111
109
109
109
109
107
107
108
110
111
109
111
111
109
109
108
110
111
110
110
110
110
110
112
111
110
109
109
109
108
107
107
107
109
108
108
109
109
110
112
115
115
114
114
113
113
113
112
112
112
113
114
114
113
113
113
113
112
111
110
110
110
108
108
108
108
108
107
106
106
106
106
106
107
108
110
110
110
111
111
113
114
115
112
112
111
109
109
108
108
107
108
108
108
108
108
108
111
113
113
114
111
112
111
112
113
111
111
110
108
108
108
107
108
108
108
108
108
109
109
109
108
108
108
109
108
108
108
109
109
111
110
109
109
109
108
108
108
107
108
108
108
107
106
107
107
107
106
107
108
108
108
109
110
109
109
109
109
109
110
110
110
110
107
104
103
103
103
103
103
103
103
103
103
103
103
103
104
104
104
104
103
105
105
105
106
107
107
105
105
105
106
106
106
108
108
107
107
108
107
108
109
108
108
107
108
107
107
107
107
108
109
110
110
108
109
110
108
107
106
108
108
108
109
110
110
111
108
107
107
107
107
107
107
108
106
106
106
106
107
107
107
107
107
105
105
105
106
107
107
108
107
108
110
110
109
108
108
109
108
108
107
107
106
106
107
107
107
106
104
104
104
104
104
105
105
105
106
106
104
104
105
105
105
106
106
107
106
109
110
110
109
109
109
109
109
108
109
108
107
110
110
110
109
109
109
111
110
110
111
112
111
112
113
113
113
114
113
114
115
114
111
111
111
109
110
110
109
109
109
110
109
109
109
108
107
106
106
106
105
104
104
105
105
105
105
105
105
105
104
105
105
106
104
104
105
106
107
107
107
107
105
105
105
105
105
104
105
105
105
104
105
105
105
105
104
106
107
107
107
106
107
108
108
108
106
107
106
105
107
107
107
107
107
106
107
106
105
104
105
105
105
104
103
102
103
103
104
102
102
104
104
104
105
105
107
105
105
104
104
104
105
106
106
107
107
106
106
106
105
106
106
106
106
108
107
109
109
111
111
110
109
109
108
108
107
108
107
106
106
106
106
105
105
104
105
106
106
106
106
107
106
106
106
108
108
109
109
108
108
108
108
108
107
106
105
107
106
106
106
106
106
108
107
106
106
106
106
107
107
109
110
111
111
111
112
111
110
111
108
109
109
109
107
106
103
103
104
103
104
105
105
105
104
104
104
104
105
105
104
104
105
104
104
104
105
106
106
106
106
106
105
105
106
106
105
103
100
100
101
102
101
103
103
103
104
103
103
103
103
101
101
101
101
101
100
100
99
99
101
101
100
100
100
99
99
98
98
98
98
98
101
101
100
100
100
100
99
99
100
100
100
99
99
99
100
99
98
98
97
97
97
98
97
100
100
101
103
102
102
101
101
101
101
102
101
101
102
101
101
101
101
101
101
100
99
99
99
99
100
98
98
98
98
98
98
98
98
98
97
98
99
100
100
101
100
100
100
100
101
101
103
104
104
105
105
106
107
105
104
104
103
102
103
103
104
104
104
104
104
104
104
103
102
102
102
102
102
103
104
104
105
106
105
105
105
104
103
105
105
105
106
106
107
106
107
108
107
107
107
104
104
104
104
104
103
103
104
103
104
103
103
102
101
101
102
101
102
102
102
102
102
102
102
101
101
102
102
102
102
103
101
100
101
102
103
102
102
102
102
102
102
102
103
103
100
101
101
100
100
100
98
99
99
99
100
100
100
99
99
100
101
100
100
99
99
99
98
98
98
98
99
100
99
100
100
100
100
100
100
100
101
101
101
102
102
101
101
100
101
100
100
100
99
99
100
99
99
101
101
102
102
102
101
103
104
102
103
105
106
106
105
106
106
106
105
103
104
105
103
104
103
103
102
102
102
102
102
103
102
104
104
104
103
104
105
104
105
105
103
104
104
104
104
105
105
104
104
103
103
103
104
104
101
100
100
100
101
100
100
100
99
98
97
98
97
96
95
95
95
95
96
96
95
95
96
96
96
97
97
97
97
96
96
97
97
98
98
100
100
99
99
99
100
100
100
99
100
101
101
101
99
99
99
98
98
98
97
97
97
96
97
98
98
99
99
99
99
99
99
99
99
99
100
100
100
101
102
101
100
101
101
100
99
98
98
98
97
99
98
98
97
97
96
96
96
96
95
97
97
97
97
98
98
98
97
99
97
97
98
98
98
98
98
99
99
99
101
100
102
102
101
101
101
101
100
102
103
102
104
104
105
105
104
104
102
103
103
103
102
102
101
101
101
101
100
99
98
97
97
94
94
94
94
94
94
94
94
95
95
95
95
95
95
97
97
97
97
96
95
95
95
94
95
95
94
94
94
94
93
93
93
93
93
93
93
93
93
93
94
94
94
93
93
93
94
94
95
95
95
95
96
97
98
98
98
98
97
99
100
101
99
101
101
101
100
102
101
101
101
101
100
100
100
100
100
98
98
98
98
98
98
98
98
99
98
98
98
98
97
97
97
97
98
98
99
100
98
96
96
97
98
98
98
97
98
99
99
99
99
101
101
101
100
98
98
98
98
97
97
97
96
97
97
98
99
99
100
101
99
98
97
97
97
98
97
97
97
98
98
99
100
100
101
100
101
100
101
102
101
101
98
100
100
101
102
102
103
103
105
104
105
105
104
103
104
105
105
105
105
106
105
104
104
104
104
104
103
104
103
103
103
103
103
101
102
101
102
102
104
104
104
103
102
102
102
99
100
100
99
99
99
98
97
98
98
97
98
98
97
97
99
99
99
99
99
101
102
102
102
103
103
103
104
104
104
103
102
102
102
103
101
101
101
101
102
102
99
99
100
102
101
101
101
101
101
101
101
101
100
100
100
99
99
99
99
99
99
99
98
97
99
99
100
101
100
100
100
101
100
101
102
105
104
104
104
104
104
104
103
103
105
105
106
106
107
106
104
103
102
101
100
101
101
100
100
99
99
99
99
98
98
98
97
96
96
96
95
94
95
94
93
92
93
90
90
91
91
91
91
91
91
92
92
93
93
93
93
93
91
89
88
88
88
88
88
88
88
88
91
91
92
91
91
92
92
91
91
90
89
89
89
89
90
90
91
92
93
94
96
95
95
95
94
96
97
96
95
94
94
95
97
97
97
97
97
97
99
98
98
97
97
96
97
95
96
95
94
94
94
93
92
92
92
92
93
92
92
91
92
90
90
90
90
88
88
89
89
89
89
90
91
93
92
92
92
94
94
95
96
96
95
95
94
95
95
94
95
94
94
93
93
93
94
94
93
93
92
93
93
93
94
94
94
96
94
95
94
97
97
97
97
96
96
94
95
95
95
96
96
95
95
95
95
95
95
96
96
96
97
96
96
94
94
93
93
92
92
93
94
95
95
95
94
94
96
93
93
93
93
93
93
93
93
92
92
92
92
92
92
92
92
93
93
92
92
91
91
91
92
93
93
93
93
92
92
92
93
93
94
94
95
94
93
93
94
94
94
94
95
97
97
97
96
96
96
95
95
96
96
94
93
93
94
94
94
94
94
93
92
92
92
92
94
95
95
94
94
93
93
94
94
94
93
94
94
94
94
95
95
94
94
94
93
94
95
95
95
96
96
96
96
97
96
96
97
96
96
97
95
94
94
94
94
94
95
95
95
95
95
94
94
94
93
94
94
95
96
96
96
96
96
96
96
97
96
97
97
97
97
96
98
97
95
95
94
94
94
94
96
96
96
96
96
97
97
97
97
98
98
98
99
98
99
99
99
99
99
99
101
102
103
105
102
102
102
103
102
104
105
103
105
105
106
106
105
105
105
102
100
103
99
97
97
99
99
98
98
98
98
98
97
98
98
98
97
97
97
97
97
97
97
94
93
93
93
95
94
94
95
95
95
94
96
97
95
95
95
94
95
96
95
96
97
97
98
98
98
97
99
99
96
96
96
97
97
97
97
97
96
97
96
96
94
96
98
100
100
101
102
101
98
98
98
98
98
97
95
95
95
93
93
92
92
93
93
93
96
95
94
92
92
91
91
91
91
91
91
90
90
90
90
90
90
89
90
92
94
93
93
95
93
94
94
94
94
95
95
94
95
95
96
97
96
95
96
95
95
95
94
94
94
92
91
91
91
91
91
90
90
89
88
87
88
89
89
89
88
88
89
89
91
89
89
89
89
90
90
89
89
89
89
90
89
88
88
89
90
90
90
90
90
89
88
89
89
89
89
89
90
89
89
89
90
90
90
91
92
93
93
92
91
92
93
93
92
93
94
93
95
96
95
96
96
96
94
94
93
93
93
92
91
90
91
92
92
92
93
93
92
92
92
93
93
94
95
95
94
94
94
95
95
95
94
94
94
94
94
94
94
93
93
93
93
93
92
93
93
93
92
92
92
93
93
93
93
93
94
94
94
93
94
95
93
93
93
93
95
96
96
97
97
96
98
98
96
94
93
93
94
93
93
94
95
94
93
93
94
94
95
94
94
93
94
93
93
94
94
93
93
93
94
94
93
94
95
93
92
92
92
91
90
89
89
88
89
88
90
90
91
90
90
89
89
88
88
89
89
89
89
89
90
90
90
91
91
91
90
91
91
91
91
91
90
90
90
90
89
90
91
92
91
89
89
90
90
90
90
90
90
91
91
