0.001 0.0006927586206896553
300
296
289
285
281
276
272
269
264
260
258
256
254
249
249
247
244
243
242
239
236
239
239
241
243
240
238
235
236
237
236
234
236
235
235
234
231
231
230
233
232
229
229
226
222
223
222
221
220
219
218
221
220
217
215
216
218
219
219
219
218
217
217
217
218
218
218
218
217
217
215
217
217
218
215
214
214
217
216
216
219
218
219
220
220
222
222
224
224
223
223
222
221
220
223
221
222
221
221
219
220
219
219
217
218
218
218
218
221
220
218
218
219
220
220
219
221
221
221
222
222
223
221
223
222
223
223
227
228
223
225
224
225
225
222
225
222
219
219
219
221
220
218
218
219
218
217
217
216
214
212
210
210
211
211
213
213
211
208
209
209
211
211
211
211
211
212
209
208
207
208
209
210
210
210
212
211
209
211
210
211
214
215
215
215
213
213
213
214
215
215
215
215
218
217
213
214
212
212
213
211
211
210
211
213
213
214
212
212
209
209
209
207
208
207
206
207
206
207
209
210
212
211
211
209
210
209
207
206
205
207
207
207
205
204
204
207
205
205
203
204
201
201
203
200
201
202
203
203
205
206
204
204
201
201
202
201
201
201
200
201
202
203
203
204
205
204
203
204
205
206
206
204
206
205
204
200
203
202
204
203
202
201
200
199
201
202
202
201
201
203
203
203
203
205
206
204
205
203
204
205
205
204
202
204
203
204
204
202
204
199
200
200
203
202
200
203
200
199
198
198
198
199
200
198
198
199
198
198
200
202
203
202
200
201
200
201
201
201
200
200
197
199
201
200
199
199
199
199
199
200
199
197
197
198
200
202
203
201
199
201
200
202
204
202
203
203
202
202
200
200
199
196
197
196
198
198
197
197
193
192
193
193
194
194
195
195
196
197
196
196
197
197
199
199
199
200
201
202
205
204
204
201
201
202
202
199
199
199
198
197
200
200
198
201
200
201
202
202
200
200
202
201
199
200
201
201
200
201
200
200
199
197
195
195
195
195
196
198
199
201
199
198
199
197
199
197
196
196
194
193
193
193
192
193
193
193
194
193
194
195
196
197
198
196
198
199
200
200
200
201
198
200
200
202
202
200
199
200
199
196
196
195
197
196
199
200
199
198
200
199
198
198
196
196
197
199
201
201
203
205
204
206
204
203
204
205
203
203
203
201
202
199
198
200
199
196
196
197
196
196
197
198
198
198
199
198
200
201
201
197
196
196
196
198
198
197
198
197
196
195
195
196
196
196
195
195
197
196
196
196
197
197
197
196
196
194
196
198
200
199
198
199
199
199
199
196
192
191
190
190
190
191
189
191
190
189
188
189
189
186
188
189
190
191
191
190
189
191
193
193
192
190
194
191
188
189
190
188
187
186
186
185
185
186
186
185
186
185
184
185
185
186
183
182
182
181
182
184
187
188
188
188
187
187
186
187
189
190
189
189
190
190
191
190
187
186
185
184
185
184
183
182
182
184
185
187
186
186
188
186
182
183
183
181
181
180
182
183
185
184
181
182
181
180
180
180
181
181
181
183
184
184
187
190
189
190
189
192
192
193
191
190
191
192
194
193
194
194
193
194
196
197
196
196
197
198
197
196
197
195
196
194
193
195
197
196
195
194
196
197
196
197
199
196
193
192
192
193
195
195
195
195
195
195
197
196
196
194
194
192
190
190
191
191
189
188
188
188
187
186
187
185
186
186
186
186
183
182
180
179
180
181
184
185
182
182
180
180
183
183
183
182
184
185
184
184
186
187
188
187
186
185
184
184
186
189
189
187
188
188
188
190
189
188
187
187
187
188
186
188
190
189
191
189
189
190
191
191
190
189
189
186
186
186
187
187
187
188
190
192
190
190
192
190
189
190
188
186
186
184
185
184
186
185
187
187
188
189
189
186
188
186
186
187
189
185
185
185
184
185
182
182
182
179
179
179
179
179
178
179
179
181
179
179
180
181
182
181
181
182
181
180
181
180
179
182
180
183
183
183
182
182
182
182
183
184
183
185
183
185
186
187
188
189
189
187
186
184
186
186
185
185
186
186
186
184
182
184
184
184
184
183
185
186
187
188
190
192
193
189
190
190
191
192
191
190
191
188
187
188
189
189
190
191
189
192
193
192
189
187
189
189
189
187
186
188
188
187
187
184
183
184
181
183
182
181
181
182
184
184
182
180
181
181
182
183
183
180
180
181
185
184
183
185
184
184
183
184
184
184
185
184
184
184
185
187
189
189
189
190
190
188
188
184
184
185
183
183
182
182
182
182
182
182
182
182
182
184
184
184
185
185
185
186
186
185
185
183
183
181
181
180
180
180
182
182
182
182
182
180
180
181
181
184
185
186
185
184
185
186
185
185
184
185
186
183
182
181
182
181
181
184
182
181
182
182
179
181
179
184
184
186
184
185
185
186
185
183
181
180
180
179
178
179
179
180
182
182
182
185
186
183
182
183
183
186
189
188
188
189
185
186
187
186
187
185
185
185
185
184
183
184
182
182
185
185
186
187
187
186
186
186
186
185
186
186
186
184
183
181
182
183
183
183
180
181
182
182
183
184
184
185
185
186
188
189
188
187
187
187
187
187
186
185
185
184
184
183
182
183
183
183
184
183
182
183
183
184
182
182
181
178
178
179
179
179
179
179
179
179
178
179
181
179
179
180
181
182
184
184
183
185
184
183
183
180
182
183
184
184
184
184
184
184
183
182
184
183
183
183
183
185
184
184
183
183
182
181
180
182
180
179
179
181
183
181
180
181
181
180
180
181
179
177
177
174
171
172
173
175
176
176
175
174
174
174
176
176
176
178
179
179
178
178
180
178
177
179
179
180
178
174
176
178
176
178
177
177
173
175
173
174
174
174
174
176
176
176
177
176
177
179
177
176
176
176
174
175
177
178
177
178
175
173
175
177
178
179
178
177
179
177
177
178
177
175
175
174
176
176
175
175
174
174
174
175
173
173
170
170
169
171
172
170
170
169
171
171
171
171
173
172
174
174
173
173
171
171
172
172
172
172
173
173
170
172
172
172
172
172
172
173
173
174
173
172
172
171
172
172
170
170
172
172
171
172
173
174
172
171
170
169
170
170
169
170
171
170
170
168
168
167
167
169
171
171
170
169
168
169
169
170
170
171
170
173
172
173
174
173
172
174
175
175
175
175
175
176
175
175
175
176
177
177
175
176
175
175
172
172
173
173
173
171
171
170
170
172
171
170
171
172
172
173
173
172
171
171
169
168
168
169
170
169
169
168
168
169
168
168
168
168
167
168
167
167
167
167
168
169
170
170
172
172
171
172
170
172
171
170
169
168
168
170
170
169
168
169
167
167
166
166
166
166
168
168
169
170
170
169
170
168
166
166
165
166
165
165
166
166
166
166
166
167
166
168
168
169
169
168
168
167
168
168
166
167
168
168
169
167
167
168
166
165
163
163
162
162
162
163
166
166
166
167
169
169
169
168
167
167
166
169
170
170
170
170
171
171
170
171
170
171
172
173
171
172
172
172
173
172
172
172
171
171
171
171
171
173
172
171
170
169
171
171
170
170
171
172
173
172
171
170
172
175
173
175
176
177
176
178
179
177
179
179
176
174
174
175
174
174
175
173
173
173
173
174
173
175
174
173
173
172
170
171
171
172
172
171
170
170
170
169
169
169
170
172
172
172
172
170
169
169
169
170
169
170
170
168
168
169
171
170
170
167
168
170
173
174
172
173
171
171
167
166
166
164
164
164
164
163
165
167
167
163
163
165
165
166
167
164
164
164
165
164
165
165
165
164
164
165
166
166
168
169
168
166
165
165
166
168
169
172
172
170
170
171
171
170
170
170
171
172
172
170
171
171
171
172
172
172
172
171
170
170
170
170
171
172
173
174
175
175
176
176
177
175
175
177
177
177
176
174
173
174
175
175
177
177
178
179
180
182
181
181
182
179
179
179
180
179
179
180
180
176
177
176
176
175
175
176
176
176
177
177
177
177
177
175
175
176
176
176
177
180
179
180
179
180
180
180
181
180
180
179
178
178
178
180
179
177
176
176
175
177
178
177
176
177
178
178
177
174
174
176
176
178
180
178
177
177
177
178
179
181
182
181
182
181
182
181
181
176
176
175
175
174
173
172
172
172
172
173
172
172
172
171
170
169
168
167
166
167
167
169
168
169
171
171
171
172
170
170
169
169
168
170
172
173
172
172
172
172
174
175
174
173
172
173
173
172
171
168
169
169
169
168
171
170
171
170
170
170
172
173
170
170
169
169
170
169
168
167
166
165
165
164
163
162
163
163
163
164
164
164
163
163
167
166
166
165
164
164
165
165
165
164
164
165
166
165
166
168
171
171
172
172
173
172
173
174
175
175
176
176
177
175
176
177
175
177
175
175
177
175
175
172
172
173
175
175
176
176
176
176
174
174
174
173
176
178
180
179
179
179
179
179
181
182
182
184
182
185
182
179
181
181
183
183
182
182
182
181
184
184
187
186
188
186
187
186
184
184
182
182
181
180
181
180
178
177
177
177
174
175
175
177
178
177
175
172
173
173
172
172
172
173
172
172
170
170
170
170
171
171
171
172
173
171
173
174
174
173
174
176
175
175
175
175
176
176
175
175
173
173
176
179
178
178
179
179
179
180
180
181
180
181
180
180
180
180
180
179
177
178
179
180
180
179
178
176
177
177
177
176
177
176
175
174
174
174
173
173
176
175
175
174
175
175
178
179
177
177
175
174
174
174
174
173
174
174
175
176
175
176
176
177
177
177
177
177
176
179
178
179
181
181
178
178
176
175
176
178
178
173
172
172
172
173
173
173
173
172
172
172
173
174
174
174
174
174
173
173
172
173
173
176
172
171
171
172
173
174
173
174
174
178
177
175
174
176
176
176
176
173
172
172
173
174
175
176
176
175
175
174
177
179
180
180
179
177
174
174
172
171
171
171
170
170
170
169
167
165
165
165
165
164
165
165
164
166
165
166
167
167
166
166
166
167
166
166
166
167
167
168
168
168
167
167
165
164
164
162
163
162
162
163
162
162
160
160
160
159
159
161
161
161
161
161
161
161
162
163
163
163
161
161
161
161
162
163
161
162
164
161
163
164
163
163
163
163
162
161
160
160
160
160
161
161
162
162
162
162
162
162
162
163
161
160
160
160
160
161
162
163
160
157
157
157
158
158
158
158
157
158
158
158
157
158
158
158
161
162
163
165
165
163
163
164
165
167
168
170
169
168
168
168
169
169
168
168
166
166
166
167
166
167
169
169
171
171
171
171
170
170
167
170
171
172
174
175
173
171
170
169
171
170
171
170
171
172
174
174
174
174
174
173
171
170
169
172
172
173
175
176
175
176
175
175
176
176
175
176
176
175
173
172
170
171
171
172
168
169
170
172
168
169
170
169
169
168
167
167
169
168
167
168
170
170
170
169
169
170
172
171
171
170
170
170
170
171
171
169
169
170
170
169
170
171
172
171
170
170
169
169
173
172
172
172
171
171
171
170
171
175
176
176
173
172
172
172
171
172
173
173
173
174
176
177
176
175
174
174
174
171
172
173
173
173
175
175
174
176
175
174
171
170
169
171
173
172
172
174
176
176
176
175
176
173
171
169
170
168
168
169
169
169
168
167
167
166
166
165
166
165
165
167
169
170
169
169
170
169
169
170
171
170
173
171
170
169
171
170
168
168
168
167
166
166
166
164
165
166
166
165
167
167
166
169
168
170
172
169
169
169
170
170
168
166
167
168
169
169
168
168
167
168
168
168
166
166
167
169
171
171
172
172
171
170
168
164
165
168
165
165
168
170
169
169
168
168
166
166
164
164
163
162
164
166
165
165
166
165
165
165
166
166
165
167
168
171
172
172
170
169
168
167
165
163
163
164
165
164
163
163
162
164
164
164
164
165
165
166
166
165
164
164
162
160
160
159
162
161
160
160
160
159
159
159
159
161
161
161
161
161
162
163
164
163
163
164
164
168
167
169
168
167
167
166
168
167
167
167
165
165
166
166
164
164
166
165
165
165
165
165
165
165
164
165
166
165
168
167
166
166
164
165
164
164
166
166
166
168
173
173
172
173
173
173
170
170
170
171
171
172
173
171
170
169
168
168
167
168
168
169
169
171
171
171
171
169
169
167
167
168
169
169
170
169
168
168
168
167
165
166
165
167
168
168
167
168
168
167
164
164
164
164
163
164
164
162
163
163
163
163
159
160
160
161
161
161
162
164
164
164
163
161
160
160
160
159
159
159
158
158
158
160
160
160
160
160
158
158
158
158
159
161
162
162
164
164
161
163
163
163
164
164
165
168
167
166
166
165
165
167
165
165
165
167
167
167
167
168
165
166
169
169
166
166
165
168
167
165
166
166
167
166
168
167
166
165
164
166
167
167
167
169
169
169
171
170
170
171
172
172
171
171
169
171
170
169
170
170
170
170
171
171
172
170
170
172
172
171
170
170
168
169
165
164
163
163
164
164
164
163
164
162
162
164
162
163
162
163
163
163
162
160
159
161
163
163
168
170
169
170
169
167
167
163
163
165
163
163
162
162
161
161
161
162
163
163
163
161
160
160
161
160
160
160
158
157
156
156
156
156
157
157
157
157
157
158
159
159
162
162
161
160
159
160
161
160
159
159
160
158
158
159
159
157
157
157
157
160
161
160
159
158
158
159
159
160
160
161
161
161
162
164
165
166
166
164
164
164
165
165
166
166
165
165
164
164
164
165
164
164
161
163
163
166
166
166
167
166
167
170
172
174
175
172
169
169
169
170
171
170
170
171
172
173
173
172
171
172
174
174
173
173
172
169
172
170
169
170
170
170
171
171
172
173
172
170
171
172
170
170
170
171
169
169
169
171
170
169
169
170
170
170
172
172
173
172
172
173
173
173
171
172
169
167
167
168
168
166
166
166
167
166
169
171
171
169
170
169
169
168
168
168
171
170
168
169
169
168
168
167
167
166
166
164
165
165
164
165
166
165
165
163
164
164
164
165
166
168
169
168
167
167
168
167
168
167
167
166
163
161
160
161
160
160
160
160
161
161
162
162
162
163
163
165
164
165
164
164
165
165
165
165
166
167
168
168
168
170
167
168
168
167
168
167
168
169
169
169
168
166
165
166
166
167
166
165
167
169
169
170
170
169
171
168
169
168
166
165
164
164
166
166
168
168
169
170
168
167
169
169
170
172
172
173
173
172
171
173
172
170
173
173
171
170
170
172
172
173
175
175
176
175
176
176
175
174
173
172
171
174
174
175
176
176
174
175
174
173
173
174
176
175
174
173
173
176
174
174
172
173
173
173
173
169
168
169
170
168
168
169
170
170
169
171
170
170
170
169
168
168
167
168
169
170
171
170
171
172
169
169
169
168
169
169
168
166
166
165
166
168
168
168
168
167
167
166
164
167
166
167
168
168
167
166
166
166
167
167
167
167
166
166
166
166
166
168
168
168
171
171
172
171
169
169
169
167
166
166
167
168
166
166
167
167
167
168
168
168
168
167
165
165
166
165
165
165
165
165
166
167
167
169
169
168
168
169
172
170
171
171
170
171
170
166
166
165
164
164
164
163
161
162
163
164
164
162
161
163
162
162
165
165
164
165
166
167
165
164
164
165
166
166
164
164
165
164
164
166
165
166
165
165
167
167
168
171
171
171
171
171
172
171
171
171
171
172
171
173
173
175
178
178
179
178
178
180
179
178
178
177
177
177
177
178
175
174
174
174
172
173
174
175
177
177
175
175
175
176
177
179
178
178
177
174
174
174
174
173
172
171
173
173
171
172
174
174
172
170
168
168
170
171
172
174
174
170
172
171
172
172
171
174
174
175
177
177
178
175
176
178
179
180
179
180
181
180
179
179
180
179
178
179
179
179
181
182
181
179
179
179
181
180
179
179
179
177
177
177
174
175
175
174
171
172
174
173
173
172
174
174
174
174
173
173
173
173
176
175
175
174
173
172
173
172
173
174
176
175
174
174
174
176
176
176
174
172
173
173
173
171
171
171
170
167
167
167
168
169
170
170
171
171
171
172
172
175
173
171
173
173
173
173
173
173
172
171
170
170
169
169
169
169
168
170
170
169
169
169
171
171
169
170
168
168
169
170
171
171
172
172
171
172
173
172
170
174
176
176
175
175
175
174
174
172
171
170
172
171
172
170
170
170
171
169
171
170
171
170
171
171
172
174
174
174
173
171
171
171
171
172
171
171
171
170
169
169
170
171
172
173
173
172
174
176
175
174
174
174
174
174
173
173
174
173
173
171
172
170
171
172
170
169
171
171
170
172
173
173
173
171
171
171
173
172
173
173
172
173
173
173
172
170
170
170
171
172
172
171
170
173
174
171
170
172
171
171
171
171
169
170
172
172
171
171
171
170
173
172
173
174
171
172
171
171
173
174
175
172
174
173
170
173
174
173
172
171
170
172
170
172
171
172
172
171
171
174
173
173
172
173
174
176
176
175
175
176
176
175
177
177
176
178
175
175
176
176
176
175
175
175
174
174
174
174
175
175
173
172
173
173
173
173
173
173
173
174
173
174
173
173
172
173
175
175
175
174
173
173
173
173
173
172
172
172
172
172
173
173
172
173
173
173
174
174
175
175
176
176
175
175
175
174
174
173
175
175
176
173
171
172
173
175
173
175
176
176
175
173
174
173
172
173
173
175
175
173
174
173
174
174
173
172
171
172
171
172
173
173
174
176
175
176
177
178
179
179
179
179
179
178
178
177
178
173
173
172
174
174
174
174
174
175
175
172
171
172
172
174
171
172
172
170
171
172
175
176
177
177
176
177
179
178
180
180
180
179
177
178
177
178
178
179
178
177
177
176
173
173
171
172
172
172
172
172
174
174
174
172
172
173
172
169
168
168
169
169
169
169
170
171
169
170
169
169
167
167
167
168
170
170
171
172
174
172
171
171
171
171
172
173
172
170
168
169
172
172
175
176
176
174
175
176
178
177
177
176
175
174
177
177
177
176
176
177
177
176
175
177
180
180
180
180
179
179
179
179
176
176
176
174
173
173
171
171
173
174
175
174
172
173
169
168
168
167
167
168
168
166
165
166
167
166
166
166
166
167
166
166
166
165
166
166
165
165
167
168
170
170
171
171
174
173
172
172
171
172
172
172
172
171
170
170
170
171
170
171
171
170
168
168
167
167
166
168
169
169
169
169
167
167
168
168
167
167
167
169
172
172
171
169
169
169
170
169
170
171
171
170
170
170
170
170
170
170
171
170
169
170
169
171
170
171
169
169
169
169
169
167
171
172
172
172
172
172
172
173
171
169
168
167
165
166
166
167
165
166
166
167
167
167
168
170
169
169
168
168
167
168
171
170
170
170
169
169
169
169
170
168
168
168
169
169
169
169
169
166
168
166
165
165
165
166
166
167
165
167
166
166
165
164
165
165
164
164
165
166
167
165
166
166
167
167
168
171
173
175
175
177
175
172
172
172
171
171
172
171
171
172
171
169
168
168
167
167
167
168
169
166
166
167
167
166
167
168
169
166
166
164
165
167
168
168
168
168
168
169
169
168
170
169
171
171
170
171
171
172
173
173
171
170
172
172
169
169
169
169
169
168
165
164
164
166
167
170
170
170
169
167
166
165
166
167
167
167
167
167
166
166
165
164
165
166
165
165
165
165
168
169
170
167
168
169
170
168
166
168
166
165
166
166
166
166
165
167
170
170
166
165
163
162
163
162
162
160
161
160
161
162
162
161
160
162
162
162
163
161
159
159
160
160
160
161
161
161
163
164
163
163
164
162
162
161
159
159
159
161
162
161
160
161
160
162
161
162
162
163
163
159
158
158
160
161
161
160
160
162
162
162
161
163
163
163
163
164
161
161
161
161
162
161
160
159
160
160
159
159
159
159
156
157
155
155
154
154
153
153
154
154
154
155
158
158
157
157
157
158
155
156
157
156
156
158
159
160
158
157
155
156
156
157
158
158
157
157
157
158
158
157
155
154
156
158
158
160
160
160
159
159
161
163
163
164
165
164
164
163
164
164
164
165
166
166
166
167
164
165
164
161
162
163
162
162
163
162
159
158
159
159
159
161
160
161
161
162
162
163
163
162
162
163
164
161
162
162
162
162
163
163
160
159
158
158
160
160
161
161
162
162
163
164
164
164
164
165
165
164
162
162
162
162
161
159
158
160
160
159
159
159
159
161
161
162
163
163
163
163
164
163
163
164
165
162
162
164
163
164
166
167
164
166
163
162
160
158
159
160
160
160
161
161
161
160
161
161
159
161
161
161
160
160
159
157
159
160
159
159
159
159
162
161
160
161
162
161
161
162
163
164
165
165
164
165
165
165
164
161
163
164
164
164
166
167
167
167
169
169
168
167
166
167
167
168
167
168
167
169
167
167
167
170
170
169
169
167
168
165
167
171
173
172
170
169
168
169
170
171
171
172
174
175
174
173
174
175
176
173
171
172
173
173
172
171
171
172
172
172
171
170
170
170
171
169
170
169
166
168
167
168
168
168
167
168
168
169
170
169
169
170
169
168
167
166
165
166
167
166
166
169
167
166
168
168
169
169
169
167
167
167
167
165
165
163
166
168
168
168
170
170
170
172
171
171
173
171
171
170
170
171
169
169
169
169
169
170
170
170
169
170
170
172
173
171
171
171
172
173
174
171
172
173
171
171
172
172
170
171
171
173
173
172
170
170
171
169
166
167
169
169
167
170
171
171
171
172
171
172
171
168
168
169
168
168
166
166
167
167
166
166
165
165
165
167
166
168
170
170
170
171
171
171
173
172
170
169
168
167
170
172
173
174
172
172
174
175
174
173
171
171
173
171
170
172
172
172
171
168
170
170
171
170
170
171
171
171
171
171
168
169
169
170
169
169
168
168
168
166
166
167
165
166
167
166
165
164
163
164
164
163
162
162
163
163
164
164
164
164
165
167
166
165
165
166
166
168
166
165
167
167
167
167
165
167
166
165
164
166
166
167
169
168
167
166
168
169
169
167
169
170
168
168
168
169
168
168
168
167
167
167
168
169
169
168
167
170
170
170
172
172
172
172
172
172
173
173
173
175
176
175
175
175
175
174
173
172
171
171
170
170
168
168
168
168
169
169
170
171
172
174
175
174
175
175
175
174
172
174
177
177
175
177
177
177
176
176
174
174
174
175
176
175
174
173
172
170
169
167
167
165
164
165
166
165
164
166
166
167
166
168
167
167
166
168
169
168
168
169
168
166
167
166
168
165
165
166
165
165
164
164
164
163
163
164
164
164
166
166
164
166
165
166
165
168
167
166
168
167
164
163
163
163
164
163
165
166
167
167
168
167
169
170
168
168
167
167
167
168
166
166
168
166
167
168
170
168
170
169
169
168
167
167
167
167
167
169
169
