0.00038551724137931035 0.0009317241379310344
300
293
294
295
289
284
278
276
269
266
263
260
257
252
251
250
250
249
244
245
244
243
243
241
239
240
239
238
238
239
240
242
242
239
240
240
239
234
232
229
227
225
225
226
228
230
231
227
227
227
227
226
226
228
229
230
229
227
226
226
228
229
228
227
226
225
224
224
227
225
226
224
223
223
223
220
221
223
222
222
222
219
222
223
223
224
224
222
222
220
219
221
223
224
224
224
224
223
223
223
225
226
226
225
225
227
228
228
228
228
226
224
225
226
225
225
225
223
223
223
223
221
221
220
220
221
219
221
222
221
221
221
222
222
221
224
220
221
220
218
218
216
216
215
215
215
217
217
218
217
217
216
217
219
221
222
221
220
219
219
218
217
218
218
217
217
216
218
220
218
219
216
216
215
215
215
216
216
217
218
219
219
220
218
218
218
220
220
223
222
222
220
219
219
220
219
217
218
219
218
218
217
217
214
216
217
216
218
218
217
216
216
214
212
212
212
213
213
214
214
214
213
213
213
216
215
217
217
218
215
214
215
216
215
216
216
214
216
216
217
216
215
215
215
215
220
220
220
217
218
217
217
217
216
216
213
213
213
211
211
211
211
211
210
210
209
209
210
209
208
208
206
206
205
207
209
209
210
211
213
211
211
210
209
210
210
210
211
212
214
215
211
210
210
211
209
210
210
214
213
211
214
216
214
214
215
215
213
212
212
210
209
209
208
208
208
209
210
209
208
209
211
212
209
209
209
210
209
209
210
207
206
206
206
205
206
208
208
207
209
209
209
210
210
208
208
208
207
207
208
209
210
212
210
211
212
210
210
210
208
210
210
210
211
212
213
212
213
215
218
218
218
216
215
216
214
215
213
213
214
215
213
210
211
211
212
213
215
216
212
213
212
211
211
213
213
210
212
212
212
209
210
209
209
210
208
207
208
210
213
212
211
210
210
208
207
208
209
209
210
210
211
211
210
211
211
211
210
211
207
210
210
211
210
210
211
211
212
212
211
210
211
209
210
208
211
211
211
211
211
211
211
210
208
208
207
205
204
204
205
205
206
204
203
204
204
205
202
202
202
200
198
198
200
201
203
203
204
204
204
205
206
205
205
208
209
208
210
211
208
205
204
202
205
206
207
205
203
200
199
199
198
198
199
199
199
201
199
197
197
196
197
198
196
195
195
195
194
194
196
195
194
194
196
196
197
197
200
200
200
201
203
203
203
201
203
204
203
202
200
199
199
199
198
196
197
197
198
198
197
197
198
196
197
197
197
197
197
198
198
197
196
196
197
198
199
200
199
200
199
199
198
197
197
197
199
201
203
203
206
204
204
205
207
204
204
203
204
204
204
206
205
202
200
199
198
197
195
195
198
198
199
198
196
196
195
196
195
195
195
195
195
195
194
194
194
194
193
193
193
195
197
198
199
198
200
200
199
197
196
197
198
198
199
199
198
198
200
201
200
198
196
194
194
192
193
194
196
195
195
197
196
196
198
200
196
197
195
194
193
194
194
196
195
193
194
195
194
191
191
192
192
192
190
192
191
190
191
192
191
187
187
186
186
187
187
187
187
187
187
187
186
184
184
185
185
185
185
186
187
187
187
188
188
189
188
188
190
191
191
190
191
189
190
192
193
193
193
193
193
193
193
195
194
193
193
195
195
198
198
196
193
192
192
192
191
191
190
190
191
191
191
192
192
191
190
189
190
192
192
192
193
192
190
190
190
190
190
190
191
189
188
188
188
187
188
188
188
189
189
190
189
191
193
192
190
190
190
190
190
191
192
193
193
194
196
196
198
198
198
196
196
197
197
198
198
198
198
195
195
196
192
193
192
190
190
190
194
194
195
195
195
194
194
195
194
193
193
192
192
192
192
193
193
194
196
196
196
196
196
196
196
196
192
190
191
191
192
192
194
194
193
192
194
192
192
191
191
190
191
193
193
193
194
193
195
195
193
193
192
192
191
190
189
189
192
192
191
191
191
191
191
192
192
191
193
193
191
192
192
193
192
193
193
194
192
191
191
191
189
189
189
188
189
187
185
184
186
184
183
183
182
182
182
182
182
180
182
183
184
185
186
185
185
184
184
186
186
184
184
184
184
182
182
182
183
183
183
182
183
182
182
181
183
182
183
182
183
184
185
183
184
184
185
184
183
181
182
182
182
182
181
180
180
180
180
180
180
182
182
182
182
182
182
182
182
183
183
184
184
183
184
182
183
182
182
182
182
182
183
185
185
185
185
184
184
187
186
185
185
182
182
182
182
182
181
182
181
181
182
183
182
181
182
181
181
181
181
181
181
181
181
182
182
182
183
183
183
181
180
181
181
179
179
182
181
181
180
182
182
184
185
183
184
185
185
186
185
185
185
185
184
181
181
180
180
179
180
179
179
180
182
182
181
182
182
183
183
182
184
184
180
180
181
179
179
180
179
180
180
180
180
179
180
179
179
181
182
181
182
183
182
182
182
182
181
181
181
181
180
181
181
182
181
181
180
180
180
179
179
179
178
181
180
180
179
179
179
179
180
181
181
180
180
178
177
178
179
180
180
179
179
181
181
182
181
183
180
180
180
178
177
179
179
179
180
180
181
181
183
181
182
183
182
183
183
183
184
184
184
184
184
184
184
185
186
186
186
184
184
185
186
184
184
183
182
181
181
181
183
183
182
182
183
184
183
185
184
183
183
183
183
182
180
180
180
178
179
179
179
180
181
180
179
180
180
179
180
178
177
178
179
178
177
177
178
178
177
177
178
178
178
178
178
178
179
176
176
176
178
178
178
179
179
180
180
181
181
184
184
184
183
181
182
178
178
178
177
177
177
177
177
175
175
175
177
178
178
180
180
180
180
181
182
182
182
182
181
181
182
182
180
181
181
178
178
177
176
176
178
177
176
176
176
175
175
176
175
176
175
175
174
175
175
175
176
176
175
178
178
180
180
179
178
178
178
178
177
179
178
177
177
176
175
175
175
174
175
176
175
175
176
176
178
178
179
177
176
178
178
178
178
177
178
178
178
180
181
181
182
180
180
181
181
180
182
182
182
181
181
182
184
183
184
184
185
187
187
187
186
184
184
183
185
183
183
184
184
180
178
178
179
178
177
176
175
175
174
174
174
175
175
176
177
176
177
176
175
175
175
173
175
176
175
175
175
174
175
174
174
175
174
174
173
173
173
173
174
173
172
173
175
174
174
175
174
174
172
173
173
174
176
173
174
174
173
174
174
175
176
173
173
174
174
175
175
177
179
181
180
180
178
177
177
178
178
181
181
181
180
179
176
178
176
177
177
178
179
180
179
179
178
177
177
175
175
175
174
175
173
175
175
175
175
176
175
174
173
173
172
172
171
172
170
172
171
172
172
172
172
174
175
174
176
174
174
174
175
174
174
175
175
174
174
176
176
174
175
175
175
174
175
175
177
176
176
177
177
178
178
178
178
178
179
179
177
178
176
176
175
175
175
175
175
174
173
174
173
173
174
177
178
177
177
177
176
175
175
176
175
176
175
173
175
174
175
176
174
172
173
174
173
172
171
171
171
172
169
169
169
169
169
168
168
168
169
169
169
169
172
171
172
172
173
173
174
173
170
172
173
173
173
174
175
174
174
174
174
176
176
175
173
173
173
174
175
174
175
175
177
178
178
176
178
177
177
178
179
179
179
179
177
177
175
173
172
173
173
172
173
172
171
172
172
170
170
173
174
175
172
170
170
170
171
170
169
167
166
168
168
168
168
168
170
170
170
166
166
165
166
167
167
169
169
169
170
168
169
169
172
173
175
175
175
175
173
171
171
173
174
174
175
175
173
174
173
172
172
171
171
170
170
169
169
171
171
170
170
168
170
172
171
168
166
166
167
167
168
168
169
168
168
168
168
169
171
172
170
169
169
169
171
171
170
172
175
174
174
173
173
172
172
172
172
173
172
174
174
174
173
173
173
171
171
171
170
171
167
167
166
164
164
164
164
165
165
165
165
165
165
165
166
168
168
168
168
169
169
169
168
168
168
168
166
167
170
170
171
171
169
168
168
168
167
168
169
170
170
171
171
171
171
172
170
172
173
173
172
172
171
169
168
168
168
168
166
165
165
164
164
165
164
164
164
166
167
167
169
170
171
171
169
170
168
167
166
167
167
169
170
172
175
175
175
172
174
173
173
174
175
175
175
176
175
174
172
171
172
172
172
171
171
173
172
173
172
175
175
175
172
172
174
173
172
173
173
174
172
170
169
169
169
170
170
169
169
170
171
171
171
169
169
169
170
170
169
167
168
167
169
169
168
167
167
168
167
167
168
169
169
169
168
169
167
167
168
170
171
170
170
170
169
166
168
168
167
169
169
168
168
168
167
167
165
164
165
164
165
165
165
167
167
169
168
169
168
167
167
168
167
167
168
169
169
169
168
167
166
166
166
166
166
168
169
169
169
168
168
166
165
165
164
163
162
163
163
163
163
162
161
162
164
164
165
165
165
165
164
162
162
162
162
163
162
163
163
162
162
163
164
166
165
164
165
165
166
166
165
166
168
168
168
166
166
165
165
164
165
165
166
166
166
167
164
165
166
166
164
163
164
164
164
162
163
162
163
161
163
162
162
162
162
163
162
162
162
161
162
163
163
163
162
163
163
164
164
164
165
166
166
167
167
166
166
166
166
168
166
167
167
164
165
164
164
164
164
164
164
164
164
164
166
164
163
164
165
166
166
165
162
163
165
165
165
168
169
167
166
165
165
164
163
162
161
162
163
163
161
162
161
164
163
162
163
161
161
160
162
163
162
164
164
165
166
166
164
164
164
165
165
167
166
167
167
168
169
170
167
168
167
167
167
167
168
168
170
170
171
168
166
164
163
163
163
163
163
162
162
162
163
163
163
163
164
164
165
165
163
161
160
160
159
159
159
158
158
158
159
159
160
161
161
162
162
163
164
164
165
163
163
162
162
163
163
164
164
163
163
163
163
164
164
164
165
164
163
162
162
161
161
159
158
159
159
161
161
161
161
162
161
162
160
161
162
161
161
162
162
163
163
163
164
163
164
164
165
164
164
164
163
166
166
165
164
164
164
165
164
166
164
163
164
163
165
165
165
165
165
165
164
164
165
165
166
165
165
166
165
165
166
167
167
168
168
168
169
169
170
169
169
169
170
167
167
166
165
165
166
168
166
165
164
165
162
162
163
163
162
162
162
162
160
162
161
161
162
162
161
161
162
161
161
160
160
160
160
161
164
163
161
161
162
163
164
162
161
161
160
161
161
161
161
161
160
162
161
163
163
163
166
166
166
166
166
168
169
170
169
168
168
169
169
168
166
166
166
165
164
165
165
165
164
165
165
162
162
162
162
161
161
163
162
163
162
164
164
164
165
166
166
165
167
165
165
163
164
163
163
163
162
162
164
165
165
164
164
165
166
166
167
167
165
165
166
166
165
166
166
166
164
163
163
166
167
167
165
165
165
166
165
164
163
163
163
163
162
161
161
161
161
162
161
160
159
158
158
158
158
158
159
161
161
161
162
162
163
162
163
162
161
164
164
165
165
165
165
165
165
167
166
168
167
167
166
164
166
166
164
163
163
162
162
161
162
161
161
161
161
161
161
161
162
160
160
160
159
158
160
161
162
160
160
160
161
160
161
161
159
159
158
158
159
159
161
161
161
161
162
161
162
162
164
164
163
164
165
164
161
160
161
163
162
162
161
160
159
160
161
161
160
160
162
163
162
161
161
161
161
163
163
164
164
164
163
164
164
162
162
162
161
164
165
163
165
165
165
165
164
163
163
163
163
162
162
162
162
162
164
163
163
161
162
161
162
163
163
163
164
164
163
164
164
164
164
163
162
160
161
163
163
162
163
162
163
164
164
163
162
163
163
164
165
164
164
164
161
162
166
165
164
164
165
166
166
166
167
166
164
164
163
161
160
158
157
156
157
159
159
159
159
162
161
163
164
164
164
163
162
162
160
158
158
157
156
156
158
157
158
158
158
158
158
158
158
158
156
156
156
157
157
157
157
155
154
155
154
157
158
158
158
158
158
158
156
156
156
158
158
159
159
158
158
157
157
159
159
158
159
158
158
158
159
160
159
159
159
159
159
160
155
156
156
156
156
155
155
155
155
157
156
155
155
154
155
155
155
155
156
154
156
156
157
155
156
157
157
158
156
155
154
155
156
157
157
157
157
154
154
153
153
154
153
153
153
153
153
154
153
154
153
154
154
154
154
155
156
156
156
156
158
157
156
156
156
157
157
156
154
154
154
154
152
153
153
154
154
155
156
155
155
158
158
161
162
161
159
160
161
160
161
160
159
160
159
159
159
158
157
156
155
155
157
156
155
155
157
155
155
154
156
156
158
158
157
156
154
154
154
152
152
151
151
151
152
152
152
153
152
153
154
153
152
152
151
150
150
152
152
153
153
153
154
153
153
151
151
150
150
150
150
151
152
151
151
152
152
151
156
157
158
155
156
155
155
151
150
150
151
150
149
150
151
151
151
151
151
151
151
151
152
152
153
151
152
151
149
148
149
149
149
149
147
148
149
149
150
150
150
151
150
149
149
151
149
149
150
149
150
150
150
151
150
150
151
151
151
150
149
149
150
149
149
149
148
147
147
148
148
148
149
149
149
148
148
149
154
152
154
153
153
154
154
155
156
155
156
155
153
149
147
147
145
145
145
145
145
147
147
148
147
147
148
149
150
149
149
151
151
150
153
151
152
152
152
151
151
149
150
150
149
149
148
150
151
151
150
150
149
149
150
151
152
151
152
152
152
153
151
152
150
150
151
151
150
149
149
148
147
148
148
149
149
149
148
147
149
147
147
148
148
146
148
149
150
150
147
147
146
146
146
146
147
147
147
147
148
147
146
145
146
147
147
149
149
148
148
150
151
151
147
147
148
149
149
149
149
148
148
148
148
149
149
150
149
149
150
150
148
148
148
147
147
147
147
144
144
144
144
145
146
146
147
147
148
147
146
145
145
145
146
148
148
147
148
148
147
149
149
151
152
152
154
154
153
153
154
154
153
153
150
149
149
148
148
148
151
151
150
151
151
149
148
149
146
145
144
144
143
142
141
142
143
143
144
143
143
144
143
141
141
141
140
140
141
143
143
143
144
142
141
141
141
141
141
141
143
145
145
145
143
143
143
141
143
142
143
144
144
143
145
145
149
147
146
145
144
145
145
145
144
149
151
152
152
152
155
156
158
158
158
156
154
153
154
154
152
151
150
150
149
149
149
149
148
147
147
146
147
148
148
148
148
146
146
147
145
145
145
145
146
147
147
147
147
147
146
147
150
150
148
149
149
148
147
148
148
148
148
147
147
148
147
146
147
149
150
148
148
145
146
146
147
147
147
146
146
145
145
146
147
147
148
148
149
150
147
147
146
145
144
144
144
145
146
145
145
144
146
146
145
146
145
145
146
147
145
145
145
145
146
149
149
149
149
150
149
149
149
148
149
150
151
151
149
150
149
149
149
148
148
148
149
149
150
151
151
150
149
148
147
147
147
146
147
145
146
146
147
147
145
145
143
145
146
146
146
144
143
143
144
144
144
142
142
142
143
144
146
146
146
147
148
147
145
145
144
144
144
145
144
144
143
145
145
145
145
146
144
142
142
142
142
143
143
143
144
141
143
142
143
142
141
143
143
143
142
142
143
144
144
143
144
143
142
141
142
142
143
144
145
146
146
145
147
145
145
146
146
146
147
147
147
148
148
148
147
146
147
147
146
146
148
149
148
148
149
149
148
147
147
147
147
146
146
146
145
145
147
147
148
147
146
145
145
146
145
145
145
145
145
145
146
146
146
145
145
145
145
143
142
142
142
142
142
143
143
143
145
146
145
145
146
148
148
147
146
147
145
146
147
146
147
147
147
148
148
145
146
145
144
145
145
145
145
144
144
142
142
142
142
142
143
142
142
141
142
142
141
141
142
141
141
141
143
143
144
144
143
143
144
144
146
148
147
147
146
147
146
145
144
144
144
142
142
142
142
142
144
143
144
145
144
144
144
143
143
143
144
145
145
145
145
148
148
148
149
147
147
147
147
147
148
148
148
146
146
146
145
145
145
144
144
145
145
145
145
146
147
146
148
149
150
150
149
150
150
149
146
145
145
145
144
145
144
142
142
142
142
143
143
142
143
144
144
143
143
142
142
142
141
141
142
143
143
144
143
144
144
143
143
143
143
145
145
145
145
145
145
144
144
146
147
145
145
146
146
147
147
149
145
146
146
144
146
145
145
143
142
143
140
141
141
142
141
140
141
140
140
141
141
141
141
141
141
139
140
141
140
139
139
139
140
141
141
141
142
143
143
142
144
145
142
141
141
141
142
141
141
143
142
142
142
142
142
143
143
143
143
144
145
145
144
144
144
143
143
144
144
144
144
145
145
145
146
145
145
144
146
144
143
143
144
145
145
144
145
144
142
142
143
144
146
146
147
150
150
151
150
149
147
147
146
145
145
145
145
145
144
145
147
147
149
146
144
144
142
142
142
144
143
141
141
143
145
145
145
144
147
146
145
144
144
143
143
144
144
143
142
143
143
141
141
141
142
144
144
144
145
145
143
143
142
143
143
144
147
146
144
143
142
142
143
141
140
138
138
138
138
139
138
137
136
136
136
137
140
141
143
143
141
142
142
142
142
141
142
143
144
141
141
140
137
137
137
137
136
136
138
138
139
139
138
136
136
137
138
138
138
139
139
139
139
138
139
138
137
136
135
135
135
135
134
135
136
137
139
139
141
139
139
140
139
139
139
139
140
140
140
138
138
139
141
141
143
142
142
140
138
137
136
136
135
136
136
136
137
138
138
138
136
136
137
138
137
137
135
135
135
135
135
135
134
133
134
134
135
135
136
136
137
138
138
139
139
140
139
137
138
137
137
138
138
138
137
138
138
137
137
137
137
137
137
137
137
138
138
137
137
136
136
138
139
138
138
138
139
138
138
138
138
139
141
139
139
138
138
140
140
140
141
142
141
140
143
142
142
142
142
142
142
142
141
140
141
139
138
137
138
137
136
135
136
136
137
138
139
139
139
140
140
142
141
139
138
139
138
134
135
134
134
134
134
134
134
133
132
132
132
132
134
134
133
133
133
133
133
133
133
136
136
135
135
136
138
138
137
137
137
137
137
136
135
135
134
132
131
132
132
132
132
132
131
134
134
134
134
135
134
133
131
131
131
131
131
131
131
130
132
132
131
132
132
132
134
134
135
136
137
136
135
135
135
135
135
133
133
133
133
133
134
133
134
134
134
134
136
136
136
139
139
138
138
136
135
135
133
133
134
133
132
131
130
131
130
130
129
129
129
130
132
132
133
133
132
132
133
133
133
133
133
132
131
133
132
131
130
129
128
128
128
128
128
128
128
129
129
129
130
133
136
136
136
136
136
136
135
134
134
134
136
136
136
134
134
136
136
136
136
138
140
140
138
137
138
136
136
136
135
135
134
134
135
136
135
135
135
137
137
137
135
134
135
136
136
136
134
133
132
131
131
130
131
132
132
133
134
135
135
135
133
134
134
134
134
135
137
137
138
139
138
138
138
137
138
135
136
135
134
133
133
133
134
133
134
134
135
135
135
133
132
132
132
132
132
133
132
131
132
133
134
133
132
132
132
132
132
133
136
135
137
136
136
133
132
132
132
132
133
134
133
134
131
131
130
132
130
130
132
132
133
133
133
135
134
134
136
135
134
134
134
133
134
133
133
132
132
132
132
133
134
136
136
137
137
137
139
138
137
137
137
137
134
135
135
136
135
134
134
136
133
133
133
133
132
133
133
133
133
132
132
131
132
132
132
133
134
134
133
133
132
132
131
132
130
132
132
132
132
133
132
132
132
132
132
130
131
132
135
135
136
134
133
133
133
132
132
131
131
130
130
130
130
131
132
133
134
136
135
135
135
134
133
133
133
134
134
132
133
133
133
133
133
134
134
133
133
135
135
135
135
135
135
136
136
137
139
138
138
137
138
138
138
136
135
132
131
132
130
130
130
131
130
132
132
132
132
133
134
136
135
133
134
134
134
134
134
134
134
134
136
137
138
138
138
137
137
137
135
136
137
137
136
134
133
133
132
133
134
133
130
130
130
130
130
130
130
130
130
130
130
131
130
130
130
130
129
129
130
129
130
130
131
129
128
128
129
130
129
131
132
133
133
132
133
133
133
132
134
133
133
132
132
131
132
132
133
133
133
133
134
134
134
134
134
134
133
132
133
134
134
133
134
132
130
130
131
132
130
131
133
132
133
134
135
134
133
134
134
133
132
133
132
131
130
131
131
130
130
129
129
130
131
131
129
128
130
128
128
129
129
128
128
129
128
128
127
126
125
125
125
128
128
127
127
127
127
129
130
130
131
131
131
132
131
127
127
129
130
131
132
131
130
132
131
132
130
131
128
129
129
130
129
129
130
130
129
129
129
129
127
127
127
125
125
126
127
128
129
129
130
130
129
129
128
128
128
127
126
127
127
125
125
126
125
125
126
126
126
126
126
126
126
127
127
128
128
127
127
126
127
127
127
127
129
128
129
129
129
128
128
127
127
127
129
128
128
126
126
128
128
128
127
128
127
128
129
129
129
130
129
130
130
128
126
126
128
129
129
129
129
130
129
128
128
128
128
127
127
125
125
126
125
124
125
125
124
124
124
124
123
123
123
123
122
123
124
125
126
125
126
127
127
128
127
125
126
126
127
127
127
126
128
128
128
129
129
129
131
131
131
134
135
135
134
134
132
132
130
131
130
128
126
126
125
127
127
127
128
127
128
126
126
125
125
125
126
127
128
126
127
128
129
129
128
129
127
126
126
125
125
123
124
122
122
121
121
120
122
121
119
121
122
122
121
119
119
120
121
122
122
122
123
123
123
122
122
121
122
122
123
123
123
123
123
123
126
127
126
126
126
124
124
124
125
125
124
124
123
123
123
123
124
124
125
125
124
123
124
126
126
127
126
126
124
123
123
122
122
122
122
121
121
120
120
121
120
119
119
119
120
121
121
120
120
121
121
121
122
121
121
121
121
121
122
122
124
122
123
122
122
122
122
122
122
122
122
122
122
122
125
125
126
126
126
127
127
127
126
127
127
126
126
126
126
126
128
128
129
129
129
128
128
127
128
127
127
127
125
125
123
123
124
124
126
126
126
126
126
125
125
124
123
123
125
124
124
125
126
126
124
124
124
125
126
125
125
125
126
127
128
129
129
127
128
127
126
126
127
124
124
125
126
126
126
126
127
125
124
124
124
122
124
125
124
125
125
125
126
124
125
124
125
124
125
124
124
124
124
124
124
123
121
121
122
121
121
122
123
122
121
120
121
120
122
122
124
124
123
124
124
123
124
124
123
122
122
121
121
122
122
