0.0007268965517241379 0.0007610344827586207
300
297
292
286
283
280
278
269
264
258
259
253
248
248
247
245
245
244
243
242
239
239
240
237
235
235
236
235
233
234
233
232
234
234
232
229
228
227
226
227
225
223
220
220
222
223
221
222
224
224
224
224
220
221
223
225
220
220
220
219
219
219
217
216
217
216
214
213
212
212
209
210
209
209
210
209
208
208
207
207
206
207
207
208
209
206
204
205
209
208
209
208
204
202
202
203
203
204
204
205
204
205
206
205
204
202
200
197
196
198
195
195
199
199
199
199
198
198
198
200
202
199
199
198
201
201
204
206
206
204
204
204
203
200
199
199
199
197
196
198
199
199
198
197
197
199
201
200
201
202
202
203
204
203
202
200
200
198
196
195
194
193
193
193
193
192
192
192
192
193
190
189
192
191
192
192
196
196
196
195
197
198
200
198
195
193
193
194
196
197
197
196
197
195
192
193
193
194
194
196
198
197
197
197
195
192
192
190
189
189
189
187
188
188
188
190
190
191
191
191
190
190
188
188
188
190
190
190
190
189
188
188
189
189
189
188
188
190
191
192
191
191
192
192
193
193
193
195
197
197
198
196
198
200
200
200
199
200
201
203
201
199
198
198
197
196
195
194
191
190
190
189
187
189
190
190
190
190
189
190
190
191
190
189
187
188
187
188
188
191
190
190
189
188
187
187
188
187
187
190
190
189
192
193
193
192
191
192
191
188
187
188
187
188
190
189
190
190
190
189
187
186
186
184
185
186
187
187
187
186
187
187
189
188
187
185
183
182
183
183
183
183
182
181
181
181
182
181
180
180
180
182
183
184
184
185
185
185
184
183
183
182
184
183
182
182
182
181
181
183
182
183
183
183
183
184
184
183
184
188
186
186
186
185
184
188
186
186
185
184
183
184
185
184
184
183
179
179
180
181
182
182
183
181
179
181
182
182
183
183
188
187
187
189
189
189
189
187
188
188
188
188
187
188
187
189
190
191
188
189
188
189
188
186
185
184
182
181
181
179
178
180
180
181
180
180
180
180
179
179
178
176
174
175
175
173
173
174
172
174
173
173
176
177
176
177
177
177
177
177
177
180
179
178
179
181
181
180
179
182
181
180
180
179
179
179
179
180
179
177
177
177
175
177
177
177
177
176
176
174
176
176
175
175
175
175
176
176
176
175
177
177
175
177
178
180
179
180
180
182
182
179
179
177
176
176
175
175
173
173
174
171
170
169
171
172
172
171
173
173
173
173
169
170
170
171
171
171
172
172
170
170
169
169
169
170
170
169
172
173
173
173
170
168
169
170
168
168
168
169
170
170
170
170
171
172
173
172
173
173
172
171
173
174
176
174
174
174
176
177
176
176
176
179
176
176
176
178
176
176
177
175
175
175
175
175
176
177
174
174
174
173
174
175
172
174
173
175
173
174
173
174
173
172
173
173
174
175
175
177
177
175
174
173
176
176
175
171
170
170
172
169
170
170
169
167
168
167
167
168
168
169
168
167
169
168
168
168
170
171
170
171
172
169
169
169
171
172
171
171
171
170
169
170
170
168
168
168
168
167
167
167
168
167
168
168
168
168
167
167
167
168
170
170
170
172
170
170
170
171
170
169
168
167
168
167
168
167
167
168
166
168
166
166
168
166
167
168
168
167
169
169
170
170
171
174
175
173
173
173
174
172
172
171
171
171
171
171
171
171
171
170
170
172
173
171
171
170
168
170
169
167
167
167
167
168
169
169
169
168
169
169
170
170
169
171
171
170
170
170
170
170
168
167
167
165
166
167
167
167
167
167
168
168
166
166
166
167
170
170
171
167
167
167
167
169
169
169
168
170
170
170
170
169
170
170
170
170
170
170
168
170
168
167
165
165
164
163
163
162
163
162
162
161
162
161
160
162
163
163
164
164
166
165
164
166
167
166
167
166
167
167
168
168
164
163
161
161
163
163
163
161
161
161
163
164
165
165
166
166
169
169
169
166
165
163
164
163
163
164
162
161
161
160
160
161
162
164
164
161
160
160
160
160
161
160
160
158
159
158
158
158
160
160
157
157
159
161
163
165
164
167
166
166
166
169
167
167
167
166
163
162
160
161
164
164
166
166
166
161
158
160
160
160
161
161
162
162
161
160
159
158
156
156
157
158
159
158
157
157
157
157
158
155
154
153
152
153
154
155
156
158
159
159
160
160
162
162
162
163
162
158
159
158
158
159
161
162
162
161
161
161
161
161
162
162
162
162
161
159
157
157
156
155
154
152
153
153
154
155
155
155
154
154
155
155
155
155
153
153
154
155
157
156
157
156
156
157
156
155
156
156
155
155
155
155
155
157
158
157
159
156
157
158
159
159
156
156
156
156
156
156
154
154
155
155
155
154
156
156
156
156
154
152
152
152
153
157
158
158
158
160
159
159
160
162
162
161
163
163
160
162
160
158
157
155
155
155
155
155
154
153
155
154
154
153
154
155
154
153
153
154
155
155
155
153
152
152
153
152
151
152
156
154
154
154
155
154
155
156
156
156
156
156
157
158
157
154
154
153
152
153
154
154
154
154
153
154
153
153
153
157
157
157
157
156
156
157
157
157
157
157
157
156
156
156
155
155
155
157
157
157
158
157
157
157
157
155
158
159
158
157
156
157
156
155
152
153
154
155
155
155
155
156
156
157
158
156
156
156
156
155
155
155
155
155
154
155
152
152
152
154
154
153
154
154
153
153
152
153
153
154
155
156
155
156
152
150
149
148
151
151
151
151
151
151
151
151
150
151
150
151
151
151
150
152
150
150
150
147
147
148
148
148
149
150
149
147
149
149
148
148
148
148
147
146
145
146
148
148
148
149
151
151
151
152
153
153
154
153
153
151
151
152
148
147
147
148
149
151
150
150
154
154
155
156
158
159
156
156
157
156
157
156
155
155
153
153
152
152
152
152
152
153
154
155
156
156
157
157
156
155
156
159
157
155
152
152
152
148
148
149
148
148
147
147
147
149
149
149
153
151
151
151
149
149
147
147
147
147
147
147
145
145
145
147
147
148
149
150
149
151
151
150
149
150
150
151
150
150
147
147
148
149
150
150
148
149
147
147
150
151
150
150
149
146
146
147
147
146
146
145
145
145
146
146
146
146
146
147
149
148
149
149
150
150
148
147
148
149
148
149
150
150
150
147
149
149
147
146
146
145
147
146
146
146
148
149
150
149
148
145
143
144
143
140
140
141
141
143
143
145
143
142
143
143
142
143
143
143
143
145
145
143
141
142
140
141
141
142
141
141
142
142
140
142
142
142
141
142
141
141
141
140
140
140
141
140
140
141
141
141
143
143
143
144
143
143
145
144
143
142
141
141
141
141
141
142
140
140
140
140
140
140
141
141
142
143
142
141
140
142
142
142
144
142
142
142
142
141
141
139
138
137
137
139
139
140
142
144
142
141
140
142
141
140
140
139
139
140
141
139
140
140
138
138
138
138
138
136
137
136
134
137
137
137
134
136
138
138
139
139
137
139
139
137
139
140
137
137
138
137
138
140
140
141
141
140
140
139
138
135
135
136
136
134
135
135
136
135
136
136
135
136
138
137
138
139
139
139
138
138
139
138
136
135
135
135
136
136
136
136
137
138
138
137
137
135
136
136
136
136
137
137
136
135
135
135
134
133
133
133
131
130
131
132
131
132
132
131
131
131
131
131
130
131
131
130
130
129
129
129
128
128
127
127
129
130
132
133
133
132
132
132
133
134
134
135
133
135
135
133
133
134
134
133
132
133
136
136
137
137
138
137
137
137
137
137
137
136
136
136
135
135
136
136
135
135
135
135
135
135
135
137
138
136
136
136
135
133
133
132
133
133
132
134
134
135
137
138
139
139
139
139
138
139
139
141
139
138
137
136
137
135
133
136
137
136
136
136
134
134
134
133
136
135
135
137
137
137
138
137
135
136
136
137
135
135
137
137
138
137
137
138
136
136
136
137
137
137
137
137
137
137
138
138
139
137
135
133
133
133
136
138
139
139
139
137
135
135
136
135
136
136
135
136
135
135
135
134
133
134
134
134
135
135
135
135
135
136
135
135
135
135
136
135
134
133
133
134
134
135
133
133
134
135
135
137
138
139
139
139
139
138
140
140
139
141
142
138
139
140
138
140
140
139
139
137
138
139
138
137
138
138
141
140
140
141
142
142
141
140
142
142
143
143
141
142
141
143
142
142
142
141
141
139
139
140
141
140
139
140
140
140
141
141
141
142
142
141
140
141
144
144
146
147
146
149
149
147
146
145
143
145
146
143
144
144
145
145
146
148
149
146
144
143
143
143
143
141
142
142
142
145
145
145
145
145
144
143
144
144
145
146
144
145
146
146
145
144
144
142
141
140
139
139
140
142
142
142
141
142
140
140
140
140
139
139
138
137
137
137
137
137
137
138
139
138
137
138
139
139
138
139
140
141
141
141
139
140
138
137
139
138
138
138
138
138
137
136
136
137
137
137
137
136
136
136
135
135
136
136
134
135
133
133
134
136
136
139
140
141
140
140
139
140
141
141
141
140
140
142
139
139
137
137
137
138
139
139
138
137
135
133
136
135
135
136
136
136
137
139
139
137
137
138
139
139
140
140
139
139
140
140
140
141
141
141
141
142
141
141
140
141
141
142
142
142
142
142
142
145
144
145
144
144
143
143
145
145
143
143
142
142
142
140
141
141
141
140
140
140
138
139
138
138
141
141
141
143
143
143
143
144
144
144
142
142
142
144
143
143
146
145
144
144
144
144
144
145
145
147
145
146
148
148
148
148
147
148
149
148
147
146
148
147
146
145
146
144
144
143
141
138
140
139
140
139
139
140
139
139
141
140
140
141
140
141
139
138
137
138
139
138
139
139
139
140
139
140
141
140
140
140
142
141
140
140
141
142
139
137
137
135
136
136
138
140
140
138
142
142
143
144
145
145
143
142
141
139
138
137
138
137
138
137
137
138
138
138
138
139
139
141
139
141
141
139
139
139
139
139
139
140
139
137
137
136
135
134
135
135
137
137
137
136
136
135
135
135
135
137
138
138
137
139
137
137
137
136
136
135
134
133
133
134
135
133
133
132
132
132
132
132
133
132
132
131
131
131
133
133
134
133
134
135
135
134
133
134
133
133
132
131
131
134
132
130
129
129
128
128
127
127
127
127
126
127
127
128
128
129
129
130
129
129
129
131
131
131
130
131
131
132
130
130
131
135
133
133
133
132
133
132
132
132
130
131
131
132
132
133
132
130
129
128
128
127
129
130
129
129
130
129
129
130
130
129
130
131
133
133
133
133
135
134
133
134
133
133
133
134
135
135
134
133
132
131
131
132
131
131
130
131
129
131
131
131
131
131
131
130
130
130
130
130
129
129
129
129
129
129
129
130
130
130
130
130
131
129
129
129
131
131
130
130
130
130
130
130
131
129
129
130
132
135
134
134
134
131
131
132
134
134
133
132
130
130
130
130
131
131
134
134
134
135
134
137
137
138
136
138
136
136
137
137
136
136
135
136
138
138
137
136
136
135
134
132
132
132
132
129
129
131
131
132
132
134
135
134
133
133
133
133
133
134
134
131
131
131
133
130
131
130
129
129
128
128
129
131
133
132
131
132
133
132
131
132
133
132
131
129
128
128
128
126
128
127
128
128
129
129
130
129
129
130
128
128
129
129
130
132
132
132
133
133
132
132
131
133
132
133
134
132
131
131
132
135
135
131
130
128
129
127
128
128
128
128
128
129
129
129
130
131
130
130
130
130
130
132
130
130
130
130
130
131
130
129
128
128
128
128
128
128
127
125
128
127
126
126
125
126
127
127
128
127
126
124
124
123
123
123
123
123
123
123
125
124
124
124
125
123
124
124
124
124
124
123
123
123
123
123
125
126
127
127
128
127
125
125
125
124
124
124
124
123
123
122
122
123
123
123
124
125
123
123
124
125
126
125
126
125
125
124
123
123
123
123
123
123
122
124
126
125
125
125
126
125
127
127
128
127
129
130
130
132
133
132
130
128
128
130
128
128
128
128
125
124
125
125
125
127
127
127
127
128
127
127
126
126
125
125
125
122
122
123
123
123
122
124
124
126
125
126
126
126
127
127
125
126
125
125
125
125
125
125
127
126
127
126
127
127
127
127
126
125
124
124
124
125
126
126
127
129
126
124
124
124
124
124
125
123
124
126
127
126
126
126
126
128
127
128
127
126
126
125
124
124
124
124
125
124
125
125
125
126
126
126
128
127
127
127
127
127
127
127
126
126
127
127
127
124
123
123
124
123
123
122
121
122
125
126
127
128
127
126
126
127
128
128
127
127
129
129
129
128
128
127
127
126
126
125
125
125
126
126
126
125
127
127
130
132
131
131
131
131
130
130
128
128
128
127
128
129
130
130
129
130
129
128
127
126
126
128
128
128
128
128
129
128
127
126
127
127
128
126
126
127
127
128
130
129
129
129
130
130
131
131
131
131
131
132
131
131
131
131
130
130
130
131
131
131
131
131
133
133
133
132
133
131
131
131
127
128
127
127
128
129
129
128
128
129
131
131
130
127
127
126
126
126
126
126
126
125
125
126
126
127
126
126
125
126
125
128
130
130
127
127
127
127
128
129
130
129
129
129
129
129
130
130
130
129
129
128
128
130
127
127
128
128
128
128
129
131
131
131
134
133
132
133
133
132
133
133
133
132
131
131
129
129
128
128
129
129
129
128
128
127
127
125
125
126
126
124
126
126
125
126
126
127
126
125
124
124
124
123
125
125
125
127
129
128
126
125
125
124
125
123
123
123
123
124
122
122
122
124
120
121
120
121
123
122
122
122
123
123
123
122
122
123
124
124
125
124
124
124
123
125
127
127
128
128
128
128
129
128
128
128
127
127
128
124
124
124
125
125
123
124
123
123
123
124
124
123
123
124
125
125
124
124
125
126
125
126
127
127
127
126
125
125
126
126
125
125
126
126
126
125
125
125
126
127
127
127
127
128
128
128
127
126
126
126
125
125
125
125
125
126
125
125
124
124
124
123
123
123
122
122
123
124
124
124
124
123
123
123
121
122
123
121
121
122
123
125
123
123
122
122
120
120
121
120
118
118
118
118
118
118
118
118
119
120
119
118
117
116
117
117
116
116
118
118
118
116
116
117
118
119
119
120
122
120
120
119
119
121
121
121
120
120
120
119
118
118
117
117
118
119
118
118
118
120
122
121
122
120
120
119
119
119
117
116
115
115
117
118
119
119
120
121
121
119
119
119
120
121
121
122
122
121
120
120
120
120
120
119
119
120
120
121
121
122
123
123
121
121
121
122
122
123
123
123
123
126
125
123
121
121
120
120
120
122
121
120
120
121
119
122
122
122
122
127
125
125
125
126
126
125
125
125
125
124
123
121
119
119
119
119
119
120
120
121
121
121
121
121
119
119
119
120
119
119
119
120
118
120
119
119
122
123
122
120
119
118
119
118
118
117
117
117
117
117
119
119
119
118
118
118
119
118
119
119
119
118
118
117
117
117
116
116
115
115
115
114
114
116
116
117
117
118
119
119
119
119
118
118
115
116
115
114
114
114
115
115
116
117
118
118
118
116
115
115
115
113
115
113
113
113
114
116
116
117
116
120
117
117
116
117
116
117
116
117
116
115
117
116
116
116
115
114
115
114
114
114
114
113
113
113
113
113
113
113
113
114
114
114
114
116
116
117
116
119
116
115
115
115
113
113
112
113
113
114
115
113
113
113
113
113
113
113
113
112
113
115
116
115
115
116
117
117
118
118
118
119
120
122
122
122
121
120
119
118
116
117
119
119
118
118
119
118
117
116
115
115
115
114
114
116
115
116
116
116
117
118
119
119
119
120
120
119
119
119
118
118
118
119
118
118
119
119
119
120
121
122
122
122
120
124
124
123
123
124
125
124
125
123
123
121
120
118
119
119
119
117
118
120
120
120
120
119
120
119
119
118
118
119
119
119
119
119
119
119
117
119
119
119
119
118
118
119
118
116
117
117
116
117
117
117
119
118
118
118
118
117
117
117
117
117
118
117
119
119
120
122
119
118
118
121
120
120
119
119
119
119
120
120
119
119
121
122
123
124
127
126
126
126
126
125
125
124
121
119
119
119
119
118
117
116
117
118
118
118
120
122
123
120
120
119
119
117
119
119
116
116
116
116
116
117
114
115
115
116
116
117
116
117
118
118
118
116
115
115
115
115
115
115
116
116
115
114
114
113
113
113
113
112
112
114
114
115
115
114
114
114
114
114
115
115
115
115
116
117
116
118
119
121
121
121
121
119
118
121
120
122
119
119
119
119
117
118
118
118
118
118
119
118
119
119
119
119
119
119
119
119
119
119
119
117
117
117
117
117
117
117
117
118
118
118
118
115
115
115
115
115
115
117
118
120
120
118
117
117
118
117
117
117
116
115
115
115
115
115
115
116
116
116
116
116
116
116
116
116
114
115
115
113
113
112
113
113
111
111
112
113
114
114
113
113
112
112
113
113
113
113
113
113
114
115
115
116
116
117
118
117
114
114
114
114
115
116
116
117
117
119
119
120
120
120
120
119
118
118
118
118
119
119
119
120
120
120
120
120
119
119
118
117
117
116
117
115
115
114
115
116
117
116
116
116
116
116
116
115
116
116
115
115
116
116
115
114
115
116
116
116
117
117
118
118
118
118
117
118
119
119
116
118
119
120
119
120
119
118
118
117
117
117
116
117
118
118
118
119
118
118
117
117
117
116
116
115
115
113
115
115
115
115
116
116
115
115
115
114
115
115
113
114
114
115
115
115
114
114
114
114
114
114
114
116
116
118
118
117
117
116
115
115
115
114
116
116
116
118
117
117
115
115
115
115
115
115
115
114
113
112
112
113
114
117
116
118
118
119
119
118
118
120
119
119
118
118
119
117
118
120
119
118
119
118
117
118
118
118
119
120
120
121
122
119
119
119
119
119
118
118
118
117
117
117
116
116
116
116
115
115
115
116
117
116
116
116
117
118
118
118
117
117
117
117
117
116
117
115
114
115
116
116
115
115
115
115
115
116
116
115
115
115
115
115
115
115
115
115
116
116
115
115
115
115
116
117
118
119
120
119
119
120
120
120
121
121
122
122
120
120
121
120
120
121
122
122
122
120
121
120
122
122
120
118
118
118
116
116
116
116
115
116
118
118
119
119
119
120
118
118
120
120
117
117
117
117
115
116
115
116
117
117
116
115
114
114
114
116
116
116
115
116
117
118
116
116
116
116
117
118
118
117
117
116
115
114
115
115
115
115
116
117
118
119
120
119
118
118
118
117
117
118
118
119
117
119
120
120
119
118
118
118
120
120
120
121
121
124
124
125
125
125
123
122
122
123
122
123
122
123
123
121
120
119
120
120
120
121
123
123
125
126
126
126
126
125
126
128
127
129
127
124
125
124
126
125
125
126
125
127
127
126
128
128
127
126
125
125
125
126
125
125
123
123
121
121
122
122
122
121
121
121
120
120
119
119
120
119
119
119
119
118
119
119
118
118
118
117
116
117
116
114
115
115
115
116
116
116
116
117
115
114
114
115
115
117
117
118
115
115
115
116
117
117
119
117
119
119
120
121
121
121
121
122
122
123
124
124
125
124
123
123
122
121
122
122
122
123
123
123
123
122
124
124
123
122
124
125
124
124
120
121
121
122
122
123
123
123
123
122
120
121
122
122
119
121
121
121
122
122
121
120
121
121
123
124
124
123
121
121
121
119
118
119
122
121
121
122
122
123
122
122
124
124
124
125
124
124
124
122
122
120
119
119
118
117
117
117
116
116
116
116
116
116
117
116
116
116
115
115
116
117
118
117
117
117
117
117
116
117
117
117
117
117
117
117
118
118
117
118
118
120
119
119
118
118
118
118
118
117
116
117
117
117
119
119
117
117
117
117
117
116
117
117
115
115
114
114
114
114
114
114
114
117
117
117
117
117
117
117
118
119
119
119
119
118
118
117
116
116
116
116
117
117
117
118
118
118
117
119
119
119
118
117
117
117
117
117
117
117
117
118
119
120
119
119
120
118
118
118
118
118
119
117
116
114
113
112
113
114
114
115
115
115
116
117
117
117
117
115
115
115
114
114
113
114
114
115
115
115
115
114
115
115
115
115
116
117
117
116
116
116
116
116
116
116
116
118
117
117
118
117
117
118
118
118
118
118
119
118
119
119
118
116
115
115
115
115
114
115
116
115
116
115
114
114
115
116
116
117
117
117
117
117
118
118
118
117
117
117
117
117
118
119
119
119
117
119
119
122
121
120
120
121
122
122
122
120
119
121
120
120
120
122
122
122
121
122
124
126
126
125
125
123
124
124
125
124
125
123
124
124
124
125
125
123
122
122
122
122
122
122
121
121
120
121
120
121
121
120
121
119
119
119
119
118
119
119
118
118
118
117
116
117
115
115
116
116
117
117
118
118
117
118
118
118
119
119
118
118
118
119
119
120
121
120
119
118
119
119
117
119
119
119
120
120
120
123
122
122
122
121
120
120
121
120
118
118
117
119
118
121
119
120
120
123
124
124
124
123
121
121
120
120
118
117
117
116
116
116
116
116
115
116
117
116
116
115
116
115
115
115
115
115
115
115
114
115
116
116
116
116
115
117
117
116
116
116
117
117
117
116
115
115
115
117
118
119
119
118
120
119
121
122
121
120
118
116
116
114
115
115
118
118
117
118
118
119
120
121
118
116
115
114
114
114
114
113
112
112
112
112
113
114
114
114
113
114
114
114
112
113
114
115
114
114
115
115
114
115
116
116
116
116
115
114
114
115
115
113
113
110
111
111
112
112
112
111
111
111
112
115
114
115
114
113
111
110
108
108
108
108
108
108
108
108
109
109
109
109
110
111
110
111
110
111
111
111
113
114
115
115
112
112
112
114
114
113
112
112
111
112
111
112
112
111
111
112
112
112
112
113
113
114
114
114
112
112
113
112
112
111
111
110
110
110
110
110
111
111
111
112
111
110
110
110
111
112
112
112
114
113
114
114
113
114
114
115
115
115
114
114
113
113
113
111
113
112
113
113
112
112
113
111
113
115
114
114
114
113
113
114
114
115
115
114
113
113
114
114
111
112
113
113
115
111
110
112
111
113
112
112
111
110
110
110
109
109
110
109
109
109
109
110
108
108
108
108
108
109
109
111
113
112
113
113
114
114
113
113
114
114
114
115
114
113
114
116
115
115
115
114
112
112
112
113
114
115
114
114
112
115
115
115
115
114
113
113
113
115
115
115
115
115
115
115
116
117
117
116
117
117
116
117
117
116
115
114
113
113
113
113
113
114
114
116
115
112
113
112
111
111
113
114
114
114
113
112
112
112
111
111
110
110
111
111
111
110
110
110
109
112
112
112
112
112
