0.00014655172413793104 0.0006927586206896553
300
293
294
293
293
286
283
282
278
277
274
271
271
269
267
266
266
266
263
263
261
264
262
262
263
261
260
259
258
258
258
258
257
257
258
257
256
256
257
256
256
256
256
258
258
258
258
258
258
258
258
257
257
256
256
257
257
258
259
259
260
260
259
259
260
260
260
260
260
259
259
259
257
257
258
257
256
255
256
255
255
254
253
254
254
254
256
255
255
255
257
256
257
257
257
257
256
259
258
259
260
256
257
257
257
258
259
257
256
256
256
256
256
257
259
258
256
256
256
257
255
255
255
255
255
255
256
255
255
254
254
254
256
255
255
254
253
253
253
252
253
254
255
255
255
254
255
255
255
256
254
255
254
252
254
254
254
255
256
256
253
254
255
255
255
253
253
253
254
253
253
253
254
253
252
252
252
253
254
252
251
250
250
250
250
250
250
251
251
251
251
251
250
250
250
250
251
251
253
252
251
251
251
251
253
253
252
253
252
252
253
252
254
254
254
254
254
254
252
251
251
251
249
249
248
249
249
251
251
248
249
250
251
250
250
250
251
251
252
251
251
251
251
251
250
248
247
247
248
249
249
250
249
249
249
250
249
250
251
249
248
248
250
250
250
250
249
249
250
251
250
252
252
252
252
251
249
250
248
247
247
248
248
250
250
248
247
247
245
247
246
246
248
248
249
248
247
247
246
245
246
246
247
246
244
245
245
245
244
245
246
246
248
248
248
248
248
248
248
249
249
253
254
253
253
249
250
250
252
252
252
251
250
250
249
248
247
246
247
247
249
249
248
248
248
248
247
248
245
245
247
246
246
244
244
244
244
243
244
244
246
245
246
246
244
243
244
245
244
243
243
243
242
242
243
242
242
243
242
242
242
241
240
240
241
239
238
238
239
240
239
239
239
241
241
240
240
239
239
240
240
241
241
240
240
242
242
243
244
243
242
243
243
242
243
245
245
246
245
243
245
244
245
245
244
245
245
243
242
243
245
244
243
242
244
244
244
245
244
242
242
242
241
241
240
241
241
241
241
241
242
242
243
243
244
244
243
243
244
243
242
242
242
242
242
242
241
240
243
241
241
240
241
241
240
240
241
241
241
241
242
243
242
243
244
245
246
246
244
243
243
242
244
244
244
243
243
244
243
243
242
242
243
243
243
243
244
244
244
244
242
242
241
241
243
243
244
242
242
242
243
245
243
241
242
242
240
239
239
240
241
239
239
240
240
240
240
240
241
241
242
243
243
243
243
244
244
242
243
242
243
243
243
243
243
244
244
245
245
246
246
246
245
244
243
242
243
242
242
243
241
242
242
242
241
242
242
242
242
243
243
243
243
243
243
244
245
247
247
248
248
246
245
244
244
243
244
243
243
243
244
244
243
243
243
244
245
243
242
242
241
241
240
240
238
238
238
238
238
238
238
238
238
238
238
238
241
241
239
239
239
239
241
241
242
242
242
242
242
240
240
239
239
239
238
237
237
237
238
239
240
240
241
239
240
241
242
241
242
241
242
242
241
241
240
241
242
241
240
242
243
241
238
237
237
237
237
238
236
236
237
237
237
237
237
240
241
241
241
241
240
238
238
237
237
237
237
237
237
237
239
240
237
236
236
236
237
237
237
237
237
237
237
237
237
238
238
239
238
238
237
237
236
236
236
236
235
235
235
235
235
235
237
238
237
238
239
240
238
238
238
238
238
238
236
236
235
235
236
236
236
237
238
239
241
241
239
239
238
238
238
238
239
241
240
239
240
238
238
238
238
239
238
237
238
239
238
237
236
236
236
236
236
238
237
237
237
237
237
235
235
236
236
238
238
239
240
240
240
239
237
237
240
239
238
236
237
234
236
238
238
238
239
238
237
239
238
237
237
237
237
237
237
237
237
237
237
237
237
237
237
237
236
236
236
236
236
235
237
236
235
236
236
236
237
236
238
236
237
239
238
237
237
236
234
234
235
235
235
236
237
238
238
239
240
239
238
237
236
236
234
233
233
233
233
232
231
231
231
233
233
233
232
231
231
231
232
231
230
229
229
232
232
231
233
232
234
232
234
234
234
232
232
232
232
232
232
233
234
235
234
236
237
236
237
236
237
240
239
241
241
241
240
240
237
237
236
237
239
240
239
238
236
236
233
234
233
233
231
232
232
233
234
235
234
234
235
234
233
232
234
233
233
232
232
231
229
229
230
230
231
231
231
231
232
231
231
230
228
228
228
228
230
232
232
231
229
229
229
229
230
230
231
233
233
231
231
231
231
232
230
231
230
230
231
229
229
230
231
230
229
231
230
229
230
230
230
230
231
232
232
233
234
235
235
236
235
234
234
236
236
237
235
234
234
235
235
234
233
235
235
234
235
235
234
235
235
235
235
235
234
233
234
234
234
235
234
232
232
232
234
234
230
231
229
229
229
230
228
229
229
230
230
230
230
230
231
231
231
232
232
234
233
233
233
233
232
231
230
229
230
230
229
229
229
229
229
230
230
230
230
231
230
229
228
229
229
230
229
231
231
230
229
229
228
228
229
229
229
230
230
230
230
230
230
231
231
232
235
235
236
237
234
234
233
231
232
232
233
233
231
230
230
230
230
231
233
232
234
235
234
234
234
233
232
232
231
233
231
229
229
229
228
230
229
226
225
225
226
227
227
229
230
229
228
228
229
231
231
230
229
230
229
228
228
228
228
228
228
228
228
230
230
230
229
228
228
228
228
227
227
226
227
227
227
228
227
227
227
226
226
226
226
226
227
226
225
226
225
225
225
225
224
224
224
224
225
225
224
225
225
224
225
225
225
224
225
225
225
226
226
226
226
227
228
227
227
227
228
229
229
229
229
228
227
229
228
228
230
229
228
229
229
230
230
230
230
230
230
231
231
232
232
233
232
232
234
233
233
232
233
232
230
229
226
226
226
225
225
225
225
226
226
227
228
227
226
226
226
228
228
228
229
228
226
226
226
228
228
226
224
224
224
224
224
224
224
224
225
226
226
226
225
225
226
226
225
226
227
227
224
223
222
222
222
223
223
226
226
225
223
223
223
223
225
225
225
226
225
225
225
225
224
223
224
223
223
224
224
226
226
225
225
224
223
224
225
224
224
224
225
224
224
225
225
227
227
227
225
225
225
225
223
223
223
223
222
222
222
222
222
222
223
223
223
223
223
223
222
223
226
226
226
226
225
226
225
225
226
226
227
227
227
227
226
226
226
226
226
226
226
226
228
228
229
228
228
228
227
226
226
226
227
227
226
226
227
227
226
225
226
227
227
226
227
227
226
226
227
226
225
226
226
226
226
226
226
226
227
226
226
226
228
229
229
227
228
231
230
231
230
231
231
230
229
229
229
228
228
228
226
227
227
227
226
226
224
225
224
225
226
227
226
227
227
226
227
228
229
229
229
230
229
228
228
227
227
228
228
228
227
227
225
226
228
228
227
226
226
226
226
226
226
225
226
227
227
226
226
224
224
224
224
226
227
227
226
226
226
225
226
225
227
225
225
225
227
228
227
228
229
229
227
227
227
225
226
226
225
224
225
225
228
228
228
227
227
228
228
227
228
228
228
228
227
227
224
224
224
225
225
223
224
223
223
224
224
224
224
224
224
224
224
223
225
225
224
225
223
223
224
225
225
224
224
225
226
228
227
225
228
227
227
227
227
227
228
227
226
226
226
227
227
227
228
228
228
228
226
227
226
226
227
227
226
225
225
225
224
221
221
222
223
224
224
224
224
225
224
225
225
226
226
225
224
225
224
222
222
221
221
220
222
223
222
222
222
222
222
222
222
222
222
222
224
223
222
220
220
219
221
220
220
220
221
221
221
221
221
221
221
222
224
224
221
221
222
221
220
221
221
219
220
220
220
219
218
219
218
218
218
219
217
217
217
217
217
217
219
219
218
219
219
220
219
219
219
220
223
222
222
221
220
219
220
220
220
220
219
219
219
221
221
222
223
222
220
221
219
218
218
219
219
219
219
219
219
218
219
218
219
218
218
219
219
219
219
219
219
219
220
218
219
220
220
220
221
222
222
221
221
220
221
221
223
222
221
222
221
223
222
221
221
222
221
222
223
222
222
221
221
220
219
219
220
220
220
219
219
219
219
221
220
219
219
218
218
218
217
218
220
221
221
221
221
221
221
221
221
220
219
219
217
217
218
217
218
217
217
217
218
218
220
222
222
222
222
223
222
222
221
221
221
221
221
223
223
225
225
225
224
224
224
224
223
224
221
221
222
221
220
219
218
218
219
220
222
222
221
220
220
220
219
218
218
218
218
218
217
217
217
218
219
219
218
218
218
219
219
218
217
216
216
216
217
219
219
218
219
219
219
218
218
221
222
220
220
220
221
219
218
218
217
217
216
216
218
218
218
219
220
221
221
220
221
221
222
221
220
221
220
219
219
220
220
221
220
219
220
220
220
220
219
219
218
219
218
219
219
217
217
215
215
213
215
215
215
214
214
213
214
214
213
216
216
216
216
216
216
215
215
215
216
217
216
216
216
216
216
214
215
216
215
216
216
217
217
217
218
222
221
222
222
221
218
217
217
218
218
217
216
215
214
215
215
215
216
215
216
215
216
215
214
214
215
215
215
215
214
215
215
215
214
214
214
213
213
213
212
213
213
213
212
212
213
213
213
215
214
214
214
212
211
212
212
212
212
213
213
214
214
215
212
212
212
212
213
213
215
214
213
214
214
214
216
217
217
217
217
214
216
217
215
215
214
216
214
214
213
214
215
215
215
215
214
215
214
213
214
215
215
216
216
217
217
216
215
215
215
216
216
216
214
214
214
214
214
213
213
213
214
213
213
213
213
213
213
213
213
215
214
216
217
215
215
214
214
214
214
213
212
212
212
212
212
212
212
212
212
211
211
211
212
212
213
215
214
213
215
215
214
213
213
213
213
213
214
213
214
214
214
213
213
213
213
214
214
212
212
212
213
212
211
210
211
212
212
211
211
212
213
213
213
213
213
213
213
212
211
211
212
212
213
213
213
212
212
211
210
209
209
210
211
212
213
213
213
214
215
213
214
212
211
212
213
213
214
215
215
215
214
212
212
212
211
212
212
211
211
211
211
211
210
210
210
209
210
211
211
211
211
211
210
210
210
211
210
210
210
210
211
214
213
212
212
212
212
213
212
212
212
212
213
214
214
213
214
215
215
216
217
216
216
215
215
218
217
215
214
213
212
212
212
213
213
213
211
211
210
210
210
209
209
209
211
211
213
213
213
214
214
213
213
213
213
215
214
214
214
214
214
214
214
216
214
214
213
213
213
213
213
212
212
212
211
211
212
213
213
214
214
215
216
217
216
216
216
215
215
216
216
215
215
216
216
216
216
216
214
214
214
213
213
210
211
211
211
211
212
212
213
214
216
217
216
218
217
217
216
214
214
214
214
214
213
213
214
213
212
211
211
213
213
214
213
212
213
213
212
212
213
215
216
216
215
214
214
212
213
213
213
213
213
213
213
212
211
210
210
212
212
213
214
215
215
215
217
215
213
212
212
212
212
214
214
214
214
214
214
213
211
211
211
212
212
211
210
210
210
210
210
210
210
210
209
209
210
212
211
212
213
212
212
212
211
209
208
208
209
209
208
209
209
209
209
209
209
209
209
209
208
208
208
208
207
207
207
207
207
209
210
211
211
210
210
210
210
210
210
212
215
214
213
212
213
211
210
211
212
213
216
215
214
215
215
215
215
214
214
214
213
214
213
215
216
215
214
214
214
213
214
217
218
217
215
215
214
213
212
210
211
207
206
206
206
206
207
208
211
212
211
211
209
209
210
209
210
211
209
209
208
207
207
208
206
206
206
206
206
208
208
208
208
209
209
209
209
209
211
210
210
208
207
207
207
207
205
204
203
204
204
205
205
205
205
203
204
204
204
205
205
206
206
206
207
207
207
208
208
208
207
206
207
207
206
206
206
205
204
204
204
204
204
204
204
205
205
205
206
206
206
206
208
208
207
207
209
209
210
209
210
210
208
208
208
206
205
204
203
204
203
206
206
207
208
206
206
206
206
205
206
207
207
207
207
206
208
206
206
203
204
204
204
204
206
205
206
207
209
209
206
207
205
205
206
204
205
205
207
207
206
206
205
206
208
208
208
209
211
210
210
210
212
211
208
208
209
211
212
213
212
212
210
208
207
207
206
205
206
206
206
205
205
204
204
203
204
205
204
204
204
204
206
206
206
206
207
207
206
206
206
204
203
204
205
206
206
207
208
208
208
207
207
206
206
205
206
205
205
206
206
206
206
205
205
205
205
204
206
207
207
206
206
207
207
207
206
206
206
206
206
206
206
206
205
206
206
208
206
206
207
207
206
205
206
207
206
204
205
205
205
205
205
206
206
206
206
206
206
206
206
206
207
206
206
206
205
206
206
207
206
205
205
206
207
207
206
205
205
206
207
207
208
206
205
206
207
206
207
207
205
206
206
205
204
204
204
204
204
204
203
204
205
204
203
202
204
204
204
203
205
206
206
206
206
204
204
204
205
206
205
205
205
205
205
205
206
206
206
206
206
206
206
204
204
204
204
205
205
208
205
203
203
204
205
205
205
205
203
203
204
205
205
206
206
206
206
208
208
208
208
209
208
208
207
205
205
205
204
204
204
205
207
208
207
208
209
209
209
208
207
205
205
204
204
203
203
201
201
201
202
203
203
204
204
204
202
201
200
201
201
202
202
202
201
202
202
202
202
202
203
203
203
202
202
201
202
202
204
204
204
204
205
205
205
208
208
208
208
206
206
208
207
206
207
207
206
205
206
206
206
207
207
207
208
208
208
208
208
208
207
207
205
205
204
204
205
206
206
205
206
206
206
208
206
206
206
205
204
204
205
206
207
206
204
204
204
204
203
203
204
203
203
203
203
204
204
204
204
204
203
203
204
203
203
203
203
203
203
201
202
202
201
202
202
202
202
202
202
200
201
201
201
202
201
201
201
200
200
200
200
201
199
200
201
202
202
202
201
201
200
201
199
200
199
199
199
200
200
200
200
201
201
201
201
201
199
199
200
198
198
198
199
200
200
200
199
200
201
201
202
202
203
202
203
203
204
203
203
203
204
203
204
202
203
201
201
201
201
200
199
198
199
199
199
199
199
200
200
199
199
199
199
199
199
200
201
202
201
202
200
200
201
201
201
200
201
200
200
201
202
200
200
200
200
200
200
201
201
202
202
199
200
200
199
198
198
198
199
200
203
202
200
201
200
199
199
201
201
199
199
199
199
199
199
198
199
200
200
199
199
199
199
199
199
197
197
198
199
199
199
197
197
197
197
198
198
198
199
199
199
199
200
201
201
202
201
200
200
199
198
197
196
196
196
197
197
197
197
197
197
199
200
201
200
200
198
198
198
198
198
198
198
199
199
199
200
199
200
200
201
200
200
200
200
201
199
198
198
198
198
198
199
199
198
198
198
198
198
197
197
199
198
198
199
199
201
201
201
201
200
201
203
203
202
201
201
201
202
201
200
199
202
202
201
200
198
199
201
201
200
201
202
201
202
203
203
203
202
201
201
202
201
201
203
204
204
203
203
203
203
203
202
201
202
200
200
200
200
201
201
203
204
204
202
201
201
201
200
199
199
199
201
200
201
201
202
202
202
202
201
201
202
202
202
201
201
200
200
200
199
199
199
201
199
199
200
200
203
202
203
203
204
202
200
201
202
203
203
202
203
202
202
204
205
207
206
207
208
206
204
204
201
199
195
195
195
196
195
195
195
195
195
194
194
193
193
195
195
194
194
194
194
194
194
194
195
195
196
196
197
196
196
195
195
194
194
195
195
196
195
196
196
196
196
197
196
196
196
198
196
197
197
197
196
196
196
197
197
197
196
196
196
196
196
196
197
198
200
201
201
200
198
196
196
196
196
195
194
194
194
195
195
194
194
195
196
195
195
195
195
196
197
197
197
197
197
198
197
194
193
193
193
194
194
194
194
196
195
195
195
195
196
194
197
197
197
197
197
197
196
195
194
195
196
194
191
190
192
192
193
195
194
193
192
191
190
190
190
190
191
191
191
190
190
190
189
189
189
189
189
189
189
191
192
192
192
193
194
194
194
194
193
194
194
193
193
194
193
192
190
190
190
191
191
191
189
189
190
189
189
189
189
189
189
190
190
189
190
191
191
191
192
191
196
194
194
193
193
193
193
193
191
191
190
190
192
192
192
192
192
191
193
192
190
189
190
190
192
191
191
190
189
188
188
189
187
187
187
188
187
187
186
188
187
187
187
188
190
191
190
189
189
189
189
190
190
187
188
187
187
185
185
185
185
185
186
186
187
186
185
187
187
187
185
185
185
186
187
185
185
184
186
186
185
185
187
187
187
187
185
188
188
188
188
188
188
189
189
187
187
186
185
185
184
185
186
186
186
186
186
187
185
184
185
183
184
184
184
183
183
183
184
184
184
184
185
186
186
186
185
182
182
182
182
184
183
184
187
187
186
186
183
182
183
184
184
184
184
185
185
187
186
186
187
187
186
186
185
187
187
186
187
187
186
185
183
182
182
181
182
181
181
182
182
182
182
182
182
182
183
183
181
182
183
184
184
184
182
182
181
182
183
183
182
182
182
183
183
183
184
186
186
185
184
183
183
183
183
184
184
184
184
183
183
183
183
184
185
186
186
183
182
183
183
182
182
182
182
184
184
185
186
185
186
186
185
184
187
187
188
188
184
183
184
183
183
183
183
184
187
189
190
187
187
186
186
187
185
184
185
185
183
183
186
187
188
185
184
185
185
185
185
183
183
183
183
183
183
184
184
183
182
182
183
183
183
184
185
186
186
183
183
183
182
181
180
180
180
180
181
182
182
183
184
183
183
184
182
181
181
181
180
181
181
181
181
181
181
182
182
182
182
182
184
183
183
183
183
184
182
182
182
182
182
181
179
180
182
181
181
183
183
182
182
181
181
182
182
182
182
181
181
181
181
181
182
181
182
181
182
183
182
182
182
184
183
183
184
184
185
184
183
183
183
184
184
184
183
182
185
185
185
184
182
182
182
182
182
181
181
181
181
182
183
183
183
182
182
182
182
182
184
183
183
183
185
183
183
184
184
184
184
184
184
185
185
185
185
186
187
187
186
183
183
183
184
183
183
184
184
184
184
185
187
186
186
186
187
190
190
189
190
185
186
185
186
186
185
184
183
183
182
182
182
181
181
182
182
181
181
181
181
181
181
181
180
180
180
180
180
180
180
180
180
180
181
182
182
182
181
181
182
182
182
183
183
183
184
185
184
184
183
183
183
182
180
181
181
182
183
184
185
185
185
184
185
185
186
188
188
187
186
186
184
183
183
183
183
183
184
183
183
183
183
182
182
182
181
181
182
182
181
181
181
182
183
183
182
181
181
181
181
182
183
184
184
183
183
182
181
182
182
182
182
182
182
182
181
181
181
181
182
182
179
179
179
179
179
178
178
178
179
179
179
180
181
182
182
182
182
182
181
181
181
181
179
179
180
181
181
180
182
182
181
182
183
182
181
181
180
180
179
181
181
182
181
181
181
181
182
181
183
183
183
182
182
182
183
183
183
183
182
182
182
182
181
180
181
180
179
179
181
181
180
182
182
183
183
183
184
184
184
183
184
183
184
183
182
182
183
183
183
183
184
181
181
181
181
181
181
182
182
182
182
182
181
181
181
181
180
180
180
179
179
179
179
180
180
180
180
180
180
181
181
180
181
181
180
180
180
179
179
180
180
182
181
181
181
180
180
178
180
181
180
181
181
181
182
181
181
180
179
179
180
180
179
179
179
179
181
181
184
183
184
185
184
180
180
180
181
181
179
181
179
180
180
181
181
181
180
181
182
182
182
183
182
182
180
181
181
181
180
179
180
180
180
180
180
180
179
179
180
178
177
177
177
177
177
178
179
179
179
182
181
180
179
180
179
180
179
179
178
178
180
180
180
180
180
179
178
178
178
178
179
180
178
178
177
177
179
175
176
176
176
175
175
174
174
174
173
173
174
174
175
175
175
177
177
179
179
179
178
178
179
179
179
179
180
179
180
180
179
179
179
179
179
178
177
177
175
174
174
173
173
173
174
175
176
176
176
177
176
175
175
175
175
178
178
177
177
176
178
177
177
176
178
178
179
179
180
180
180
181
178
179
178
177
176
176
177
174
176
176
176
176
175
175
175
175
174
176
177
176
177
178
177
177
178
177
174
175
176
176
176
178
178
178
177
176
175
174
174
175
175
175
178
176
175
175
172
172
172
172
172
172
172
171
171
171
171
171
171
172
171
170
170
170
171
174
172
173
172
173
173
173
173
173
173
173
172
170
171
171
172
173
172
172
171
171
171
172
172
172
172
171
171
171
171
171
171
171
172
172
172
172
172
172
172
172
172
172
172
172
172
172
173
172
170
171
171
171
172
171
172
172
172
172
172
173
173
172
172
173
173
174
173
172
172
172
172
173
172
171
170
170
170
170
170
170
170
171
171
171
171
172
172
173
172
170
171
171
171
170
170
169
171
172
170
170
171
171
171
171
171
172
172
171
172
172
171
171
171
171
172
171
170
169
170
169
170
171
171
171
170
171
171
171
172
173
172
171
172
172
172
172
172
173
173
173
171
172
173
173
173
172
172
172
172
172
173
172
171
171
173
172
173
173
174
173
172
172
172
171
172
171
171
171
171
172
172
173
171
173
173
173
174
175
176
176
174
174
173
173
172
172
171
171
171
171
171
171
170
169
169
170
171
171
172
172
172
172
172
172
172
171
171
172
172
173
173
173
174
175
174
173
174
173
172
171
171
172
171
170
169
169
171
172
173
173
172
172
172
172
172
172
172
172
171
171
173
173
173
173
172
170
170
169
169
169
169
170
171
172
172
171
170
170
170
169
169
169
169
169
170
170
170
169
169
169
169
170
171
171
172
173
173
172
172
173
171
170
170
170
172
172
173
173
171
171
171
171
172
172
172
172
173
172
172
172
172
172
170
169
168
168
168
168
168
168
168
169
168
169
169
169
169
168
168
168
168
169
170
170
171
170
168
168
169
169
169
170
170
171
171
172
173
173
171
172
171
171
171
172
172
172
171
172
172
171
171
171
170
170
170
171
172
171
171
170
170
170
170
171
171
173
173
174
174
173
173
174
172
171
171
170
169
169
170
170
170
170
170
170
170
170
170
170
170
171
170
169
168
169
170
170
170
170
170
171
171
171
172
170
170
170
170
170
168
168
169
169
170
170
170
167
167
168
168
168
168
168
168
168
170
170
170
169
170
171
172
173
172
172
171
171
172
171
170
170
168
168
168
171
172
171
171
171
172
173
171
170
169
169
170
172
172
170
172
172
173
172
171
170
171
172
172
173
172
171
171
171
171
173
173
173
171
171
170
168
