0.00035137931034482766 0.0004879310344827587
300
291
287
282
279
279
274
273
274
272
271
268
262
262
259
257
254
254
253
251
251
250
249
247
247
244
243
243
242
243
242
242
242
240
236
234
233
234
233
233
235
237
235
237
240
240
241
240
239
240
240
240
241
242
239
238
235
235
235
235
236
234
233
234
233
231
233
233
230
231
233
232
230
230
230
230
233
231
230
228
228
228
228
229
229
230
228
228
228
228
229
228
228
228
228
227
227
227
228
229
229
226
228
228
227
227
227
229
227
227
226
224
223
226
226
225
226
226
225
225
227
226
226
224
226
227
227
226
225
226
226
222
222
221
220
221
222
222
221
221
222
222
219
218
218
218
219
219
220
219
219
219
218
218
220
219
219
218
218
215
214
216
215
216
216
216
218
216
218
219
217
218
218
218
217
218
217
217
219
220
220
216
217
217
217
218
220
218
216
216
216
217
216
217
217
215
213
213
214
215
214
213
211
210
210
212
211
212
213
213
211
209
209
208
211
212
213
214
214
212
212
209
209
211
212
212
214
212
213
211
211
212
209
208
208
209
209
210
212
212
212
212
210
209
208
208
208
208
209
209
208
207
208
208
208
210
209
208
208
208
210
213
214
214
213
212
211
213
215
216
217
214
216
218
217
216
214
215
215
215
215
214
214
213
214
215
214
214
213
215
214
213
213
213
211
213
213
212
214
215
213
214
211
210
210
209
209
207
205
206
207
206
206
207
207
207
205
205
204
204
205
204
206
206
207
206
208
206
207
208
209
207
205
206
207
206
205
205
210
210
211
209
209
207
207
207
207
207
207
206
204
205
204
204
204
205
209
209
209
210
209
208
207
207
204
205
207
207
207
206
207
206
208
209
208
207
206
206
207
206
207
205
204
203
201
202
203
203
203
202
201
202
201
201
201
201
202
203
203
203
204
202
201
203
203
201
202
205
205
206
206
208
205
206
205
202
202
203
202
204
204
202
203
205
205
204
201
201
201
199
200
200
199
200
199
201
201
201
203
202
202
203
202
199
200
201
203
202
201
200
202
202
201
199
200
200
199
201
200
199
200
199
198
199
200
200
201
201
201
201
200
201
202
200
201
201
201
203
201
202
203
203
203
203
200
197
197
197
198
197
195
195
196
196
198
198
198
200
200
199
198
200
201
199
197
198
199
197
198
199
199
199
199
200
200
200
200
199
199
199
199
199
199
200
198
199
198
196
196
196
196
195
196
197
196
196
196
196
197
196
199
200
199
199
197
197
197
194
194
195
195
194
196
196
196
198
201
200
200
200
199
198
199
199
199
198
198
195
195
196
195
194
195
194
195
194
194
195
195
194
198
199
197
195
195
195
194
194
195
196
198
197
197
198
199
200
199
198
197
197
196
195
195
195
195
196
194
195
194
193
193
192
192
192
191
192
193
191
191
191
192
192
193
194
193
192
192
192
191
192
192
193
193
193
193
194
193
195
194
195
195
195
196
196
193
195
194
196
196
197
197
195
196
194
195
195
194
195
194
195
194
195
194
194
193
194
195
197
195
195
195
194
194
194
195
196
195
195
196
200
200
199
198
196
197
196
197
196
196
196
197
198
200
198
198
195
196
197
196
197
197
198
196
196
196
195
195
196
194
194
194
196
196
195
195
197
196
195
197
194
194
196
192
192
192
193
191
191
191
191
191
191
193
193
192
192
195
193
192
193
192
194
192
190
190
192
192
192
192
194
195
195
194
191
193
193
193
194
194
193
192
193
193
193
194
194
193
193
194
191
190
191
189
189
189
189
188
187
187
189
189
188
190
188
188
189
188
188
188
187
189
190
193
195
194
193
193
195
196
195
195
195
194
194
195
190
190
191
191
190
190
190
189
188
188
188
187
189
189
190
189
190
190
190
192
192
193
194
196
196
196
195
197
194
193
193
193
192
191
190
192
191
190
190
188
187
190
190
189
190
190
190
187
187
187
187
187
188
187
187
187
186
187
187
186
186
187
187
189
189
191
190
192
193
190
189
192
192
193
193
192
193
193
193
194
194
197
195
192
192
192
193
193
194
194
194
194
194
193
193
194
196
195
195
192
189
190
188
189
190
190
190
191
191
191
192
193
194
195
193
190
190
187
187
187
189
187
188
190
191
192
191
192
193
192
190
189
190
192
191
192
192
192
192
191
191
192
192
194
193
190
189
189
188
186
186
184
184
183
184
184
185
186
188
189
188
188
190
190
189
188
190
192
191
188
189
189
188
188
185
185
184
184
185
186
187
187
187
185
184
185
185
187
186
187
188
187
186
184
183
184
184
185
183
185
186
186
185
185
184
184
184
184
185
185
185
185
185
185
185
185
184
186
185
184
185
188
189
190
192
190
190
190
190
192
192
190
189
190
188
187
184
185
187
188
188
189
189
189
187
187
187
187
187
186
185
185
184
182
183
184
184
184
184
185
185
185
186
186
186
185
183
181
181
182
182
185
186
186
185
185
184
185
187
185
186
186
185
186
186
185
184
184
184
183
185
184
184
184
185
185
185
184
185
183
183
182
182
181
180
182
181
181
183
184
183
181
182
182
182
182
183
183
182
180
180
180
180
182
183
182
182
181
180
181
182
183
183
179
179
180
181
182
181
181
178
178
178
178
179
179
181
178
179
178
179
180
180
180
180
179
179
179
179
180
184
186
187
189
187
187
188
188
190
191
187
186
188
189
188
188
188
188
188
186
184
183
183
182
183
184
182
178
179
180
180
181
180
180
181
179
179
180
179
179
178
179
179
180
179
181
182
182
183
184
187
186
187
187
183
183
181
182
179
179
179
178
177
177
177
178
179
180
180
180
181
180
181
181
181
181
180
180
180
180
180
180
180
181
179
180
180
179
179
179
180
180
179
178
177
177
176
176
176
177
177
179
179
178
178
180
181
182
181
181
180
178
180
180
180
178
175
176
176
177
176
175
176
174
175
176
176
174
175
174
175
175
176
176
176
175
175
178
179
179
179
181
181
181
181
182
183
181
181
180
180
180
180
180
179
178
178
178
178
176
176
176
176
176
175
176
176
175
174
176
174
175
176
175
175
174
175
175
177
178
179
179
178
177
176
176
175
174
178
177
177
178
178
179
175
177
177
177
179
179
179
179
179
177
177
177
179
180
177
178
176
173
173
173
175
175
174
173
173
173
174
175
174
175
176
177
174
173
174
174
172
172
172
172
172
173
173
173
172
173
173
174
175
176
177
178
179
176
176
176
177
178
179
177
176
176
176
177
177
176
175
173
173
173
174
175
175
174
173
173
172
173
172
172
172
172
171
172
173
174
175
176
174
173
173
172
171
171
171
172
175
173
174
174
175
173
171
172
173
173
175
177
178
178
178
177
176
176
176
174
173
174
173
172
172
173
173
174
171
171
171
171
170
169
170
171
172
171
171
173
173
174
172
172
173
172
172
173
172
174
174
172
172
173
173
174
174
173
173
173
173
172
173
174
172
171
172
173
173
175
174
173
172
173
173
172
172
173
173
173
174
172
171
170
170
169
169
170
169
170
170
170
170
171
173
173
172
170
170
170
170
170
170
170
172
171
171
172
172
173
172
170
170
170
170
170
170
170
169
169
169
169
168
168
168
168
168
168
169
168
170
172
174
174
173
174
173
173
172
173
173
174
173
173
173
173
175
176
177
178
177
175
174
173
175
172
170
170
170
171
171
171
170
170
170
170
170
168
168
168
169
170
169
169
169
169
169
169
168
168
168
169
170
170
170
170
170
167
166
166
166
166
166
166
166
166
166
167
168
168
168
168
170
172
173
176
174
175
177
178
178
176
174
174
174
173
172
173
174
172
171
170
170
171
170
170
173
173
173
173
174
173
171
172
173
174
170
170
173
173
172
171
172
172
175
175
176
178
179
178
177
177
177
175
177
177
177
174
172
172
172
171
172
172
170
169
169
169
168
163
162
161
161
160
163
165
166
165
164
164
162
162
163
161
161
161
161
160
161
162
162
164
164
164
163
163
165
165
165
166
167
166
167
166
165
164
164
163
164
165
165
166
166
164
164
164
164
164
166
166
165
167
164
164
164
166
165
165
164
164
164
163
163
163
163
164
164
164
164
164
163
165
165
165
165
165
168
170
169
168
168
169
169
169
167
168
168
167
167
165
164
163
165
166
166
166
166
167
168
168
169
168
169
168
166
165
164
162
163
163
165
165
166
164
163
163
165
163
162
162
161
161
161
161
161
160
161
162
163
164
163
163
163
162
162
162
162
162
163
163
164
164
165
165
164
163
165
167
167
163
161
161
159
159
160
160
163
162
165
164
166
165
164
163
162
162
164
163
162
161
161
161
158
156
157
157
157
158
158
158
158
160
161
160
159
160
158
157
159
160
159
157
158
157
158
158
157
158
159
158
158
157
157
156
157
157
156
157
157
157
157
157
157
161
160
161
160
161
160
160
161
163
163
162
161
161
162
161
160
161
160
158
158
158
158
161
163
162
162
160
159
159
162
163
162
161
160
160
158
158
157
157
158
160
159
160
160
160
159
157
157
157
157
157
157
156
157
161
160
159
158
157
157
158
156
157
157
159
158
158
158
158
158
157
156
154
154
152
153
153
152
153
153
154
155
157
155
155
156
156
156
156
155
154
154
155
154
154
154
155
154
154
155
155
155
154
154
155
155
155
156
156
157
154
153
155
156
156
156
155
155
155
158
157
158
158
160
158
157
160
159
158
157
156
154
155
155
156
157
157
157
155
153
153
154
155
155
154
155
158
158
157
157
156
154
156
155
153
153
153
152
152
152
153
153
153
153
153
153
153
154
157
157
156
156
157
158
157
156
155
156
154
155
155
157
155
155
154
155
155
156
156
156
155
156
156
156
156
156
156
156
156
155
156
156
157
155
155
156
157
155
155
154
154
155
155
155
156
156
156
157
157
158
156
157
157
158
158
159
159
156
152
152
153
153
152
152
150
150
151
151
150
151
151
152
152
153
153
154
153
153
152
152
152
152
153
152
152
150
150
150
150
149
149
149
149
150
150
151
150
153
155
154
153
154
154
154
154
154
154
151
152
153
152
152
154
155
154
152
152
152
153
153
151
151
150
152
150
150
150
149
150
149
151
151
151
151
151
150
150
151
151
151
152
152
152
153
153
154
155
155
155
157
157
155
157
155
156
157
156
154
153
155
155
155
154
153
153
152
153
153
154
153
152
152
153
154
154
154
155
156
153
152
150
151
151
152
151
151
151
152
153
152
154
156
156
156
155
157
156
154
153
151
151
150
150
151
151
151
151
152
152
154
153
153
150
149
149
149
149
149
150
149
151
151
151
150
151
149
148
148
148
148
148
149
149
148
148
149
149
150
152
153
153
157
159
157
158
160
158
158
157
155
155
155
153
152
152
151
152
151
151
150
150
150
151
151
152
152
151
151
150
150
150
151
150
151
151
154
153
151
150
151
152
150
150
150
150
148
149
150
150
150
149
149
149
150
151
150
150
149
149
149
150
150
151
153
153
152
152
152
151
151
151
151
152
155
157
156
155
154
154
154
154
154
155
153
152
151
152
152
151
151
151
149
150
150
150
151
151
151
151
154
156
156
155
154
153
151
151
150
150
150
150
151
151
151
154
153
154
154
154
153
153
153
152
152
152
152
151
152
152
150
149
150
151
154
153
153
154
152
151
151
150
151
153
151
151
150
149
150
150
151
151
150
149
150
150
150
149
150
150
148
147
148
148
148
149
149
149
149
149
151
151
149
149
150
150
149
149
149
150
150
150
150
151
152
152
153
152
152
151
150
150
150
149
149
150
148
149
149
148
149
149
148
149
150
150
149
149
149
148
149
149
149
148
146
145
147
147
146
147
147
145
146
145
145
146
146
146
147
146
145
144
145
145
147
146
148
147
148
149
149
149
148
148
147
147
147
147
147
150
150
149
149
150
152
152
150
150
150
149
148
148
147
147
148
150
150
148
150
149
148
149
149
149
148
150
151
150
149
147
148
150
149
149
149
146
146
146
148
148
147
148
149
151
150
151
151
150
149
150
150
152
152
152
153
154
151
152
151
152
150
150
149
149
150
150
150
149
150
149
149
150
151
151
152
151
150
152
151
151
150
149
149
150
150
149
150
150
148
147
149
149
148
148
148
147
147
148
148
150
150
149
149
149
148
149
146
147
147
147
146
146
146
148
147
147
147
147
147
146
147
147
147
148
149
148
149
148
149
149
149
149
149
150
149
147
148
147
148
148
150
149
149
149
150
149
148
149
149
151
150
150
149
152
151
151
151
151
150
151
150
150
150
152
151
150
148
147
145
146
146
146
146
146
147
147
147
147
148
148
146
147
147
149
149
149
149
150
149
150
151
152
152
148
148
149
149
150
150
150
149
150
150
151
150
150
151
150
150
150
150
151
151
149
147
147
146
146
146
147
147
148
148
147
148
147
145
147
148
145
146
147
148
148
150
150
151
148
149
147
146
146
145
144
145
145
147
144
144
144
144
144
143
144
143
145
146
145
145
145
146
148
148
148
146
148
151
146
144
144
145
145
144
144
143
143
144
143
143
143
143
143
143
143
144
143
143
143
145
144
145
146
146
146
146
146
146
146
143
143
144
144
144
143
143
143
143
143
143
144
144
144
143
143
142
142
142
144
144
147
149
147
147
146
145
145
146
144
143
145
143
143
143
144
145
143
144
144
146
143
145
147
145
144
143
143
144
144
144
144
143
142
142
143
144
144
143
146
147
145
144
144
144
144
144
146
145
145
146
145
143
145
146
146
144
144
145
145
143
143
143
143
143
142
143
143
143
143
143
143
143
143
142
144
145
146
144
145
144
144
146
148
147
148
147
148
144
145
146
146
144
145
146
146
146
146
146
143
143
143
145
144
144
145
143
143
144
144
144
142
142
143
143
144
145
145
146
146
146
147
145
144
144
142
142
142
143
143
143
143
143
143
142
143
144
143
143
142
142
142
140
141
142
144
145
145
146
147
146
146
149
148
147
147
148
149
148
148
147
147
145
144
142
142
142
144
143
144
143
143
144
146
146
145
145
145
147
147
146
146
146
147
147
146
147
149
149
145
144
144
145
145
144
145
145
146
145
146
148
147
147
146
146
146
145
146
147
147
143
142
142
142
141
143
144
145
145
145
144
143
143
144
144
143
144
145
146
148
148
148
147
146
148
148
147
146
146
147
146
146
145
145
146
147
147
147
146
148
147
145
144
146
147
145
145
145
143
143
143
141
141
142
142
141
141
141
140
141
142
142
142
144
144
143
142
142
142
143
142
142
144
144
143
145
146
145
144
145
146
147
147
147
145
145
145
145
145
145
146
146
145
144
143
144
144
143
141
141
141
142
141
140
140
140
141
141
141
143
143
144
143
143
144
145
144
145
145
145
145
144
144
145
144
144
146
143
141
140
141
140
140
141
142
142
143
143
142
142
143
144
143
144
142
141
140
140
140
140
140
140
140
141
140
141
143
143
141
141
141
141
142
142
143
141
141
141
140
139
138
139
140
141
141
142
141
142
143
141
141
139
138
138
137
138
139
139
139
140
140
141
141
141
141
142
141
140
140
140
141
141
141
142
144
140
140
139
139
140
140
139
139
140
140
140
138
138
139
138
138
138
140
140
139
139
138
137
138
138
137
138
137
137
137
137
138
138
138
140
140
140
139
138
138
139
139
139
140
139
139
138
139
139
137
137
137
138
138
137
137
137
137
137
137
137
138
139
137
137
138
139
137
137
137
137
138
137
137
138
138
137
137
138
138
139
138
139
139
139
138
138
138
137
137
137
139
138
139
139
138
138
138
138
139
138
138
138
138
138
136
136
137
138
140
140
140
139
139
138
140
139
137
137
138
137
135
136
136
135
135
136
136
136
137
137
136
138
135
134
135
136
139
140
142
141
142
141
140
141
142
142
142
142
142
141
142
138
138
139
140
141
140
139
137
136
135
135
136
136
136
136
136
136
135
137
138
138
139
138
137
137
137
137
135
135
135
136
137
137
137
138
139
139
140
141
142
142
142
141
141
142
142
140
142
142
142
142
141
142
143
141
141
140
140
139
139
139
140
141
140
140
141
142
142
142
141
141
139
140
139
139
139
139
139
138
139
137
138
138
138
137
138
139
141
141
142
139
139
139
142
142
144
144
143
146
145
145
143
140
140
142
143
143
142
142
141
143
145
144
142
141
141
140
139
138
138
138
137
137
137
137
137
137
137
137
138
138
138
137
134
134
135
137
137
137
137
138
138
137
137
137
138
138
138
138
139
135
135
135
136
136
136
137
139
140
141
140
140
137
137
135
135
135
136
136
135
136
135
136
136
136
135
134
134
132
132
132
132
134
134
133
134
134
134
135
136
136
136
136
137
136
136
135
136
135
135
135
135
135
136
138
138
137
134
135
137
137
137
137
137
136
136
136
136
136
135
135
137
137
137
137
137
138
138
140
141
142
142
143
143
142
142
140
140
141
142
140
138
137
138
137
134
135
133
133
134
133
134
133
133
133
133
134
132
131
131
131
132
132
133
131
132
133
133
133
132
131
131
133
132
131
132
132
133
132
131
131
131
132
131
130
130
129
129
129
128
130
129
128
128
129
129
130
129
129
130
131
132
132
131
131
130
130
133
134
133
133
133
133
131
132
132
132
132
132
132
132
133
134
134
131
131
130
129
129
128
129
129
128
129
128
129
130
130
130
130
129
130
129
129
129
130
130
129
130
130
130
130
131
131
132
132
132
132
132
133
133
133
132
132
133
133
132
132
132
131
132
132
131
130
130
131
131
133
131
130
131
131
131
129
130
128
130
131
132
133
132
131
131
132
131
130
131
131
130
130
132
131
132
131
130
129
129
129
129
129
129
128
127
128
127
126
126
126
126
126
126
126
125
127
126
127
127
127
127
126
127
127
127
129
129
128
130
130
130
131
131
134
133
133
133
133
132
131
130
129
128
128
129
127
127
126
127
126
126
126
126
126
126
126
126
125
124
126
125
125
126
126
127
126
126
124
124
124
124
124
123
122
122
122
122
123
124
124
123
122
122
122
121
122
123
123
122
122
122
122
122
122
123
123
123
125
127
126
125
125
125
126
125
125
125
124
124
124
125
126
126
126
125
125
125
125
125
125
126
126
126
126
125
126
126
126
126
127
127
126
127
126
126
126
126
127
126
127
124
126
124
123
123
124
124
122
121
122
121
121
121
121
122
122
122
122
123
123
122
123
125
125
125
124
125
124
124
122
121
121
121
121
121
121
122
122
122
122
123
122
122
123
123
124
122
123
123
123
122
122
124
123
123
123
123
123
124
125
124
126
126
129
128
128
132
129
128
128
127
128
127
126
125
125
124
125
125
125
122
121
121
120
120
120
121
121
121
121
122
122
122
122
122
122
122
122
123
125
125
127
126
126
126
127
128
129
127
126
126
125
124
124
124
124
124
124
125
125
126
125
125
125
125
124
125
126
125
125
125
127
126
125
125
125
125
125
123
121
121
121
121
121
121
120
120
120
120
121
121
121
121
121
122
122
123
124
124
124
123
122
122
122
122
122
122
121
122
122
123
124
125
123
123
123
123
123
123
123
123
121
121
121
121
120
121
121
121
121
122
123
123
122
121
121
121
123
124
123
123
122
123
122
122
121
121
122
122
122
123
123
124
125
124
123
123
123
124
122
122
123
124
124
124
125
125
125
126
124
125
124
123
124
125
125
123
122
121
121
121
123
124
123
121
121
122
123
121
121
122
121
121
122
122
124
122
122
121
122
122
121
121
120
122
122
121
121
120
119
120
120
120
120
119
120
120
119
122
124
123
125
126
124
124
125
123
123
122
122
122
121
121
121
122
122
122
121
121
121
120
122
122
121
122
122
122
121
121
121
122
123
123
123
120
119
118
118
118
119
119
120
120
121
122
122
120
121
121
121
122
122
122
124
124
123
122
122
122
120
118
119
119
119
119
119
120
121
121
120
120
120
120
120
120
119
119
119
119
119
119
118
117
118
118
119
120
121
120
120
120
121
119
120
119
118
119
119
118
118
119
118
117
118
118
118
118
116
117
119
120
119
117
117
117
117
116
116
116
116
117
117
117
117
117
117
118
118
118
117
117
118
118
120
120
120
120
120
120
120
120
121
121
122
122
121
121
122
123
123
122
121
121
121
120
119
118
119
119
119
119
119
118
119
120
122
121
121
120
118
118
120
120
120
119
119
120
120
122
124
122
123
123
124
122
121
119
119
120
122
121
121
120
119
118
117
117
118
118
117
117
114
114
115
115
115
119
118
118
118
118
118
118
119
119
121
121
123
123
123
121
121
120
120
119
117
117
116
117
116
116
116
116
116
116
116
116
115
115
114
114
114
114
114
113
113
113
113
115
116
116
116
115
116
116
116
115
118
118
118
118
118
118
118
118
117
115
114
115
114
113
115
115
113
113
113
115
114
115
114
114
114
113
114
114
114
114
113
112
112
112
112
112
112
112
112
113
113
112
112
112
112
114
114
114
112
113
113
114
114
114
114
115
116
116
116
116
117
116
118
118
118
118
117
116
116
116
115
115
115
114
114
113
113
114
115
115
115
116
115
114
114
114
113
113
112
112
112
111
112
112
112
112
112
112
113
113
113
113
112
111
111
111
111
111
111
113
114
114
115
117
116
117
116
115
115
115
114
113
113
114
113
114
115
115
115
114
114
115
115
115
115
115
114
111
110
111
111
111
110
110
112
113
112
111
111
111
111
111
111
111
110
110
110
110
111
110
110
110
110
110
110
111
111
111
110
111
113
113
113
114
111
111
111
112
113
113
114
114
116
115
114
113
113
113
113
114
114
114
114
114
114
114
112
111
111
111
112
112
112
111
111
112
113
112
112
113
113
113
113
116
116
116
117
115
117
117
116
115
115
114
114
113
112
112
112
112
112
112
111
112
113
111
111
110
110
110
110
110
111
111
111
111
111
111
111
111
112
112
113
114
114
114
115
114
114
114
116
113
112
113
112
112
111
111
111
111
112
111
111
111
111
112
111
111
111
111
110
111
111
111
111
111
111
111
112
114
112
112
115
116
113
114
114
114
113
113
112
112
113
113
114
116
118
114
113
112
112
112
111
111
111
110
110
109
109
109
109
109
109
109
109
110
110
111
111
113
113
114
114
114
113
113
112
112
112
112
112
112
112
112
112
111
111
111
113
114
112
112
111
111
111
110
110
111
111
111
111
112
112
113
113
112
112
113
111
113
111
111
111
111
111
110
109
109
110
110
110
110
110
110
109
109
109
109
109
109
110
112
113
113
114
115
112
112
112
112
113
113
113
112
109
109
109
110
111
112
111
111
112
110
112
112
113
113
113
114
114
113
111
111
110
110
110
109
110
110
111
111
112
