0.0005220689655172415 0.0007951724137931035
300
287
274
267
257
257
254
253
249
250
246
243
235
236
232
232
229
228
227
226
225
222
220
223
224
222
221
222
223
222
219
219
219
219
218
217
217
215
217
213
212
212
213
213
212
212
214
212
213
212
214
214
211
206
207
208
207
206
206
207
207
205
207
208
207
207
207
206
208
209
213
214
214
211
209
209
204
205
204
204
200
200
204
203
204
204
205
204
201
199
199
200
199
199
198
195
194
194
193
194
194
194
193
192
195
196
196
194
196
196
195
195
195
195
193
192
193
192
192
193
193
192
192
191
193
193
193
195
194
193
194
195
196
195
194
194
193
192
194
196
195
195
196
196
195
195
196
194
194
196
194
194
195
195
193
191
193
194
190
190
193
193
193
194
194
195
196
198
199
197
197
197
197
198
197
197
196
196
197
196
194
194
193
194
193
195
196
196
193
194
190
191
192
191
193
193
194
192
192
191
190
191
191
189
188
187
188
190
189
189
190
190
190
190
189
189
189
190
192
192
192
192
191
192
192
191
190
188
187
188
188
187
187
187
187
188
190
186
183
185
184
185
187
188
187
188
186
188
188
191
189
188
188
186
184
184
184
184
184
181
182
180
180
181
181
184
183
183
182
181
179
180
181
180
180
180
181
179
180
180
178
177
176
176
179
179
181
179
179
180
181
181
181
182
181
182
181
180
181
181
181
180
181
179
179
179
178
180
180
181
180
178
178
179
179
180
179
179
178
177
177
177
176
176
177
177
177
176
176
177
178
177
177
176
176
178
178
177
177
177
178
176
177
178
178
179
178
179
178
176
177
178
178
181
183
182
184
188
188
187
188
188
189
189
189
186
185
186
189
187
188
188
187
184
182
182
182
181
179
179
179
179
181
184
184
182
181
181
182
181
182
177
177
176
177
177
177
180
179
180
179
178
179
179
179
178
177
177
175
176
177
179
180
178
179
179
180
178
177
177
175
175
175
176
174
174
175
174
172
173
173
171
173
173
173
174
174
174
174
175
173
173
173
172
171
172
172
173
176
177
177
178
178
177
176
179
178
177
175
175
175
173
174
173
173
175
176
176
177
176
177
176
176
178
181
182
181
181
180
181
183
184
183
182
183
181
182
183
181
181
180
181
183
182
182
182
183
183
179
177
176
177
176
176
176
177
178
179
180
180
180
181
184
183
181
181
181
180
181
182
181
181
178
178
180
180
181
182
180
180
181
180
180
180
179
179
180
179
182
183
183
182
182
183
184
183
184
184
184
185
185
188
188
189
188
186
186
185
185
184
185
186
186
187
187
186
185
184
182
181
182
181
181
183
183
179
178
179
178
178
180
180
181
181
181
182
182
181
180
179
180
180
179
180
179
179
180
179
180
179
180
178
178
177
176
176
176
177
174
171
171
171
172
174
175
174
175
175
175
175
174
173
173
173
174
174
173
173
171
171
172
172
172
173
173
173
174
173
173
172
173
172
173
173
174
173
172
171
172
172
171
168
167
167
168
168
167
168
168
168
169
168
169
169
168
169
169
168
168
168
168
169
170
169
169
169
171
171
169
172
171
172
172
172
172
171
173
174
174
174
173
173
174
174
176
175
175
172
170
169
170
170
169
168
168
168
168
167
167
166
168
169
170
169
169
168
168
168
170
169
167
167
167
168
166
167
167
167
167
170
170
166
168
171
173
173
169
169
170
170
171
172
171
171
169
169
169
169
171
169
168
167
167
168
168
167
166
165
167
167
166
166
165
166
165
167
167
168
169
168
167
167
165
165
167
167
166
166
165
165
164
163
164
164
164
164
162
161
162
162
163
162
162
164
163
165
165
163
163
164
164
165
166
169
167
167
168
167
165
165
167
165
164
164
164
165
162
162
161
161
161
160
161
161
160
159
160
160
161
162
162
162
161
160
161
162
161
159
160
160
160
159
157
157
157
157
157
158
157
157
158
159
161
161
162
162
161
161
161
159
159
158
158
157
157
157
157
157
157
157
158
157
156
158
156
158
158
158
157
156
154
154
155
155
154
152
151
152
153
149
150
150
150
151
151
151
151
153
154
154
153
153
153
154
155
153
154
154
154
157
157
156
154
156
158
158
158
160
160
160
157
158
159
159
158
157
158
158
156
156
156
153
153
153
152
152
152
152
153
153
152
153
153
153
154
155
154
153
152
152
152
151
150
151
150
152
154
154
154
152
151
151
152
152
152
151
151
152
152
152
152
152
156
157
157
157
153
155
156
155
156
157
156
155
155
157
158
158
158
158
159
159
158
158
158
157
157
156
157
155
156
154
154
153
154
154
155
156
155
154
154
156
153
154
153
153
152
152
152
152
152
150
150
150
150
151
151
151
152
152
152
150
151
153
152
154
153
155
153
151
152
152
152
152
152
153
154
153
152
152
153
154
153
153
153
154
154
154
153
152
153
151
153
154
155
155
155
155
156
157
157
158
156
155
156
156
157
157
157
158
159
159
157
156
156
157
158
160
160
162
160
161
160
157
152
152
152
151
151
152
150
150
150
151
148
149
150
152
149
149
150
150
149
147
147
147
148
147
148
147
148
146
146
145
147
147
147
147
148
151
154
154
154
155
155
155
150
150
151
151
152
153
152
151
152
152
151
152
151
151
150
150
151
150
150
151
152
151
151
150
150
149
149
149
149
149
149
149
147
147
146
146
146
146
146
146
147
145
145
145
146
147
147
146
147
147
148
149
150
150
151
149
148
149
149
146
146
148
147
147
147
148
148
149
150
150
150
150
151
152
152
152
153
153
153
151
151
150
150
151
153
153
154
154
152
154
153
152
151
149
148
148
150
150
146
145
145
145
145
144
143
144
144
145
145
146
145
145
145
145
146
145
145
145
146
145
145
143
142
141
141
143
144
145
147
146
146
146
145
145
145
145
147
147
147
147
147
148
149
149
149
148
147
147
147
148
148
149
152
150
150
152
152
152
152
151
152
153
153
151
151
153
152
152
153
153
152
152
152
151
152
151
151
150
150
149
148
150
150
150
149
149
147
147
149
150
148
149
148
148
146
148
149
150
149
149
148
148
149
149
149
149
148
148
149
149
149
151
151
151
150
148
148
147
148
147
146
148
148
149
150
153
154
154
151
148
147
147
147
147
148
147
148
147
146
147
146
147
144
141
140
140
140
141
141
141
141
142
141
141
141
141
142
142
143
144
143
144
141
140
140
140
140
140
140
142
142
143
144
145
146
146
147
147
147
147
149
150
150
147
147
147
147
147
147
147
147
147
146
147
147
147
147
145
145
145
145
145
142
140
141
139
139
139
138
139
140
140
138
138
138
138
139
138
139
140
140
140
140
140
142
142
142
142
142
141
141
143
143
143
144
144
147
147
148
148
147
148
148
147
148
149
148
146
146
146
146
146
145
145
144
146
146
146
145
145
145
146
145
145
146
145
145
145
144
144
143
144
146
142
142
143
143
147
145
144
144
143
145
145
143
143
143
145
145
146
146
144
142
142
140
139
139
139
139
139
139
139
140
138
139
139
140
140
141
140
140
139
140
141
141
140
141
137
137
138
139
139
139
140
141
138
139
137
138
139
138
138
138
138
138
139
138
139
137
137
137
137
137
138
138
138
138
139
139
138
138
139
140
139
139
138
138
136
137
136
136
137
137
141
140
141
141
141
139
139
139
140
140
139
138
137
137
138
138
138
138
137
137
136
136
136
136
138
138
138
137
138
137
137
137
137
136
136
135
135
134
135
136
138
138
138
138
138
139
139
138
139
139
138
138
138
138
139
141
144
144
144
142
142
144
144
143
139
139
141
141
140
140
140
140
139
139
138
138
138
135
135
134
134
134
134
135
137
136
137
137
137
136
136
136
136
139
139
138
137
136
136
138
138
139
141
142
141
143
140
140
138
139
138
140
140
140
140
139
138
139
140
142
142
142
143
142
141
140
140
142
142
143
142
142
142
141
141
142
142
140
142
142
143
143
142
142
143
143
141
142
143
143
140
141
141
144
145
145
146
145
143
145
143
144
144
144
143
143
142
142
145
146
145
144
144
146
145
144
144
144
144
142
142
137
137
137
137
136
137
137
138
139
139
140
140
140
140
140
139
138
138
138
137
138
138
140
140
140
140
139
139
141
141
141
140
141
141
142
142
143
143
144
142
142
141
141
141
140
140
142
141
142
141
141
140
141
140
140
140
140
142
142
144
143
142
140
140
141
141
142
142
142
139
140
141
140
140
140
140
140
142
144
145
143
138
138
137
137
137
138
138
138
138
136
137
137
137
138
138
139
138
140
137
137
138
139
140
139
138
137
137
134
135
137
138
136
138
139
139
138
139
139
139
140
140
139
139
140
139
138
138
138
138
139
139
139
139
140
140
139
140
138
139
139
139
138
136
137
139
139
140
141
139
138
138
138
139
138
139
140
140
139
139
139
138
138
138
136
136
136
136
138
138
139
139
139
138
140
140
140
139
138
138
138
138
137
137
138
138
137
139
138
138
138
137
137
137
135
135
135
133
133
133
133
134
136
136
135
135
135
134
134
134
135
135
136
135
133
133
133
132
132
133
133
131
132
133
134
134
135
134
134
135
135
135
134
134
134
134
134
133
134
135
137
136
136
135
134
135
135
136
136
133
133
134
135
135
136
138
138
138
137
136
135
135
135
135
135
136
137
137
138
139
141
138
139
139
137
138
139
138
138
138
137
137
136
136
137
137
138
138
136
135
134
135
134
134
135
135
135
136
136
136
136
137
137
138
138
139
141
140
140
140
141
140
140
141
141
141
140
139
139
138
140
143
141
139
139
140
140
141
141
140
141
140
139
138
138
137
135
135
135
134
135
136
137
137
137
136
136
136
136
136
134
134
134
134
134
133
133
134
135
137
137
136
137
135
135
134
133
133
133
132
131
131
133
133
132
133
133
133
132
133
134
135
135
135
135
134
135
133
133
134
132
132
133
131
129
129
129
130
130
131
131
131
132
132
132
131
131
133
134
136
135
134
135
135
136
135
135
134
134
135
136
136
136
135
135
134
134
133
132
131
131
132
131
132
132
132
130
129
130
130
132
133
134
134
135
135
135
136
135
134
134
133
133
134
134
135
137
137
138
139
138
137
136
139
139
140
143
143
143
141
138
138
139
139
136
136
136
136
135
136
135
135
135
135
134
133
135
135
134
134
133
132
131
131
131
134
134
135
134
133
132
133
133
133
133
134
134
133
132
132
132
131
131
133
133
133
132
132
133
133
133
134
133
134
134
134
136
137
138
137
137
137
138
138
137
136
136
136
135
136
138
137
137
138
139
140
138
137
137
136
137
137
136
135
133
133
133
133
132
132
132
132
131
132
132
132
132
132
134
134
133
134
134
134
134
134
134
134
135
135
136
135
135
134
135
135
135
134
135
135
135
135
135
135
135
134
134
134
134
134
138
137
136
137
137
136
134
133
133
135
135
134
135
135
135
136
135
135
134
134
135
135
134
134
134
134
133
134
135
136
134
135
137
137
137
136
136
136
136
135
137
138
139
140
138
138
138
137
139
139
139
141
141
138
139
139
138
138
139
137
138
137
137
134
135
134
135
136
133
133
133
133
133
132
132
132
131
130
130
131
131
130
130
130
129
129
129
129
129
129
129
129
132
132
133
132
133
134
134
133
135
135
136
139
138
138
136
136
136
136
136
135
135
135
136
139
139
138
139
140
142
142
142
141
140
140
140
140
142
141
140
140
141
140
140
140
142
143
145
146
144
142
142
140
139
138
138
138
137
136
135
134
133
133
133
134
135
134
134
132
131
131
132
132
130
131
131
130
132
133
132
130
129
130
129
129
128
128
128
129
128
128
128
128
128
128
129
129
129
129
129
129
130
129
128
128
128
128
127
127
128
128
129
130
129
129
129
129
129
129
130
129
129
130
129
129
129
128
130
129
129
130
130
129
130
131
132
132
132
134
132
133
131
135
135
135
134
136
136
136
135
133
132
132
134
132
132
131
130
130
131
131
131
130
130
130
130
129
131
132
132
132
132
130
130
131
130
129
129
129
128
128
128
128
128
128
128
128
128
128
128
129
131
134
133
132
133
134
133
134
136
136
136
137
137
137
136
133
133
132
131
131
134
135
134
134
135
135
134
134
135
135
132
133
133
133
133
133
131
131
132
133
133
133
133
134
134
134
132
132
130
130
130
128
129
129
129
130
130
132
131
133
131
131
130
130
132
131
132
130
127
126
126
126
126
127
127
128
128
128
128
129
131
132
132
133
132
129
132
132
131
130
130
130
131
133
131
130
130
128
128
129
129
129
127
127
129
127
128
128
128
128
130
132
131
132
133
133
132
132
131
128
129
129
129
127
126
126
128
128
129
130
130
132
132
132
132
133
132
133
132
132
132
133
132
132
132
132
133
132
132
131
131
132
132
132
131
131
131
133
133
134
134
134
135
135
134
133
134
135
135
133
133
132
131
131
130
130
130
129
131
132
131
133
134
134
134
134
132
132
132
132
133
133
133
133
134
134
134
131
131
131
133
130
131
132
132
131
130
132
131
132
133
133
132
132
133
132
133
133
133
133
132
132
131
133
133
134
135
135
137
136
135
134
133
133
134
134
135
135
135
135
136
136
136
136
137
137
137
137
137
137
134
133
134
133
133
132
133
133
132
132
133
133
133
132
132
133
133
134
134
134
134
134
134
134
134
133
133
133
133
132
133
133
133
133
132
132
132
130
130
130
131
130
129
131
132
132
133
133
132
133
133
133
134
134
134
135
134
132
133
133
131
130
130
128
128
128
129
130
130
130
130
132
132
131
132
132
134
134
133
133
133
134
132
133
132
132
133
132
132
132
132
132
132
132
132
133
133
134
133
133
135
135
135
135
134
134
134
134
134
132
131
130
128
128
127
127
127
128
127
127
127
127
128
128
129
129
129
129
129
129
129
129
129
129
130
132
131
130
130
130
131
132
132
132
134
135
133
134
133
134
134
133
133
130
130
129
129
131
132
132
132
132
133
133
135
135
135
134
134
135
134
131
129
131
131
129
130
129
128
129
128
130
130
129
130
130
130
129
132
133
133
134
133
133
132
132
131
131
130
130
130
129
130
130
130
130
130
132
132
134
130
130
131
132
130
130
130
129
128
130
130
131
129
129
128
128
128
127
127
127
130
128
129
127
128
128
129
129
129
129
129
129
129
129
130
129
129
129
129
128
129
129
128
128
128
129
129
131
129
129
130
129
129
127
128
127
126
125
125
125
125
125
124
124
124
126
126
126
128
129
130
129
127
129
130
130
129
129
128
128
126
127
126
126
128
128
128
127
127
127
126
126
126
127
127
128
130
129
129
130
129
129
130
130
131
132
132
131
130
129
129
129
130
129
130
127
126
125
125
125
124
125
124
124
124
124
123
123
123
124
124
123
123
123
123
125
125
125
125
126
127
127
128
127
127
126
126
128
129
128
128
128
128
128
126
126
126
126
126
128
128
129
129
128
127
127
127
126
127
126
124
124
124
124
125
124
124
125
124
124
125
125
125
123
122
122
120
120
120
122
122
123
123
123
122
122
122
122
122
122
122
122
122
122
123
122
122
121
120
121
122
121
121
120
120
120
120
121
122
122
121
123
123
123
123
122
122
122
122
122
122
122
123
122
123
123
125
125
126
127
125
125
126
126
123
122
122
123
123
122
125
123
124
123
122
123
122
122
122
123
126
126
127
125
125
124
125
126
129
129
130
129
128
127
126
126
126
126
126
126
126
125
122
121
121
121
121
121
121
122
123
122
121
121
122
125
125
125
125
123
124
123
123
123
123
123
124
124
123
123
123
122
122
122
121
121
121
121
121
121
120
120
121
120
120
120
120
120
120
118
118
118
117
117
117
117
118
119
119
119
122
121
121
119
118
117
117
117
116
116
117
118
116
116
117
118
119
119
118
119
119
118
120
121
119
118
118
120
121
121
121
122
122
122
121
123
125
125
124
124
123
125
126
126
122
121
122
122
122
123
123
122
121
121
123
123
123
122
120
119
120
119
120
117
119
118
119
120
119
119
119
119
118
118
119
119
120
119
120
121
119
120
119
119
120
120
120
120
120
119
119
119
118
118
118
119
119
121
121
120
119
119
118
117
120
120
120
120
119
118
118
118
117
117
117
119
118
119
118
118
118
119
121
121
122
121
120
121
120
121
121
121
122
122
122
122
120
119
119
119
119
119
119
118
118
118
118
118
118
117
116
116
116
117
118
119
120
120
119
119
120
123
124
124
124
122
123
122
122
119
120
120
120
120
120
119
120
120
120
121
121
121
120
120
119
119
119
121
122
122
121
120
120
121
122
122
123
123
122
122
122
122
122
122
121
122
121
121
122
123
123
123
122
122
122
124
123
123
122
122
120
120
120
120
119
119
119
120
120
119
119
120
119
120
118
117
117
117
117
117
117
118
119
119
118
118
117
117
118
119
120
120
122
122
122
123
124
125
125
127
126
126
126
125
127
127
122
122
121
122
121
121
123
120
120
121
121
121
119
119
121
120
120
119
119
117
116
116
117
118
118
118
118
119
119
120
120
120
120
120
119
118
118
118
118
118
118
117
117
119
119
119
118
118
118
118
118
118
118
118
117
116
116
116
116
117
117
118
117
118
119
120
120
119
117
118
118
118
118
118
117
117
118
118
119
118
117
118
119
117
117
117
116
117
117
118
118
118
118
119
118
118
117
117
117
117
117
117
117
118
118
118
116
117
116
116
115
115
117
119
118
119
119
120
120
119
118
117
115
116
116
118
117
117
119
118
118
118
117
118
120
121
121
122
123
123
123
123
124
121
120
119
118
119
118
118
118
119
119
118
115
114
114
115
114
114
115
116
117
119
119
119
119
119
118
115
116
115
115
116
116
117
117
117
116
117
116
116
115
115
113
113
113
113
114
114
116
117
116
117
118
118
119
119
118
118
118
119
120
119
119
120
117
116
115
116
116
114
115
114
113
112
111
111
112
112
112
112
113
112
112
112
112
113
112
112
113
113
112
112
114
113
115
115
115
115
113
113
112
112
114
115
115
114
113
113
113
114
114
115
114
114
115
116
116
114
115
114
116
115
114
113
113
113
112
112
113
114
114
115
115
116
117
115
112
112
112
112
110
110
108
109
109
109
109
108
108
108
109
108
108
107
109
109
109
110
109
110
111
109
109
110
110
111
112
108
108
108
108
108
108
108
108
107
108
108
108
109
109
110
110
110
109
110
110
112
114
115
114
114
115
116
115
114
113
113
112
112
112
111
109
110
109
109
108
111
110
107
107
107
109
109
110
111
110
109
108
108
108
109
109
110
110
110
111
110
110
109
109
110
109
107
106
106
106
106
106
106
106
105
105
105
105
106
106
107
107
107
108
108
108
109
109
107
107
108
108
108
108
109
110
111
112
112
112
112
112
112
112
112
114
115
116
114
114
112
111
112
113
114
114
114
114
113
114
115
117
117
117
116
117
118
119
119
119
119
116
116
116
116
116
115
114
115
113
114
116
115
114
114
115
117
115
116
115
115
115
114
113
112
112
111
111
111
111
111
111
111
112
112
111
112
112
108
107
106
108
108
107
107
106
106
106
105
105
106
107
107
108
109
106
107
107
107
107
107
107
108
108
108
109
110
109
110
111
111
111
112
113
113
113
113
114
114
114
112
112
112
111
110
109
109
110
110
108
109
109
109
109
109
109
108
108
108
108
109
109
111
113
113
112
111
110
111
113
113
111
111
113
112
112
113
111
110
111
111
111
112
112
113
113
111
111
111
111
111
111
112
113
113
113
113
113
112
112
113
113
113
113
112
112
112
112
113
113
114
114
113
113
112
111
111
111
111
111
111
111
111
112
112
110
110
110
111
111
113
113
114
113
113
112
111
111
111
111
115
114
114
112
111
112
112
112
113
112
112
110
111
111
111
111
111
111
110
108
108
108
108
108
109
109
111
112
111
111
111
112
114
113
112
113
112
113
113
115
115
114
114
112
112
112
111
111
112
113
113
111
112
112
112
112
113
113
113
113
110
110
111
112
111
111
111
110
110
108
108
108
107
106
106
106
106
106
106
106
106
106
106
106
106
107
106
106
106
106
108
109
109
109
109
109
110
111
110
110
111
111
111
110
111
111
112
111
111
112
113
111
110
111
111
111
111
112
112
111
111
111
110
110
110
110
110
109
108
108
109
109
109
111
112
113
114
114
112
111
112
112
114
114
114
115
115
115
113
113
113
112
113
113
111
111
111
110
110
110
111
111
110
110
112
112
114
114
114
114
113
113
113
114
113
113
114
113
113
112
110
111
112
112
111
110
110
110
110
110
109
110
110
110
110
109
109
110
109
109
108
107
109
108
108
110
110
110
110
110
110
109
109
109
110
110
111
111
111
112
113
113
114
113
114
114
114
114
113
113
113
112
110
110
110
112
114
113
115
113
113
113
113
113
110
112
109
109
109
109
109
108
108
106
107
108
107
107
108
107
107
107
107
107
108
108
107
108
109
108
108
107
108
108
109
107
105
106
105
106
107
108
108
108
108
108
107
107
109
109
109
109
109
108
107
107
106
107
107
107
107
106
106
106
106
106
107
107
108
108
108
107
107
108
109
111
110
110
111
111
112
113
112
112
112
113
111
111
111
112
111
112
110
110
109
109
108
109
109
110
110
109
109
110
111
112
113
112
113
116
115
118
118
117
117
119
116
116
116
116
115
116
115
115
115
115
115
116
115
114
113
113
113
111
110
111
112
109
108
108
108
108
108
109
110
111
111
111
111
110
111
111
111
112
112
112
112
112
111
109
110
110
111
112
112
111
111
111
110
109
108
108
108
108
108
107
107
107
107
106
106
106
106
107
107
107
107
108
108
108
109
109
109
108
108
105
105
105
106
107
108
109
107
106
107
106
106
105
105
104
104
103
104
104
104
103
103
102
102
104
104
104
104
104
104
102
102
103
102
102
103
103
103
103
103
104
104
105
106
107
110
109
108
109
109
109
109
109
110
109
108
109
109
109
109
110
110
110
110
110
109
109
108
107
107
107
106
106
105
105
105
104
105
105
105
105
104
104
105
107
107
105
105
106
107
108
109
109
109
110
107
106
107
105
106
106
106
105
105
105
106
106
109
108
108
111
111
113
113
112
112
112
112
113
112
112
111
112
111
111
110
110
111
111
112
111
111
109
109
110
107
106
106
106
105
106
106
105
106
106
106
106
106
104
102
103
102
102
102
103
103
102
102
102
102
103
102
102
102
102
102
101
101
101
103
103
103
103
105
105
105
105
106
106
108
110
109
110
110
109
106
106
106
106
105
106
105
107
107
107
108
107
108
109
108
108
107
107
109
110
108
107
108
107
108
109
110
110
109
110
108
108
106
