0.0007610344827586207 0.00018068965517241382
300
293
292
292
290
290
289
293
294
294
295
294
293
293
295
297
296
297
297
296
296
296
297
297
295
298
297
298
297
298
298
298
300
300
302
303
303
305
307
308
312
312
309
310
310
310
312
313
315
316
317
317
316
318
319
321
321
319
322
322
324
323
323
322
325
325
325
326
326
324
324
327
329
329
331
328
328
330
333
331
328
328
325
326
329
329
330
329
330
333
335
335
335
336
335
335
334
337
336
336
335
335
338
339
338
340
340
341
344
344
346
350
350
349
349
350
351
353
355
354
355
357
356
357
356
356
353
355
356
357
357
357
357
358
362
361
361
364
362
365
364
363
365
366
366
366
366
367
365
363
363
364
363
365
365
365
369
369
370
370
370
368
369
371
373
375
375
375
378
377
377
379
377
376
375
376
376
376
378
379
381
380
379
380
380
379
381
382
383
382
382
381
380
383
385
386
387
389
388
389
392
393
390
390
389
388
389
389
392
396
399
400
398
400
400
401
401
402
403
398
401
402
401
402
406
405
404
400
402
402
402
402
403
404
405
405
406
409
406
412
413
410
409
414
413
415
419
414
417
417
417
417
413
414
418
421
419
421
422
427
430
432
431
430
431
433
431
431
433
430
428
428
433
432
435
435
436
437
436
435
435
436
438
439
439
442
443
443
444
445
447
445
445
444
443
443
444
446
447
448
448
451
454
456
459
461
458
457
458
460
460
458
458
456
457
457
459
458
457
456
457
456
459
460
462
463
464
462
462
463
463
464
463
464
462
463
462
461
459
461
460
460
462
464
464
465
466
462
465
469
469
471
470
471
472
474
476
477
476
478
478
476
477
476
477
478
482
487
487
491
493
492
493
494
494
493
493
494
496
497
497
503
505
506
508
511
514
509
513
515
516
515
517
521
522
520
521
522
520
524
526
526
523
520
516
519
518
520
520
520
516
520
519
519
517
520
520
519
521
516
516
519
519
518
520
526
523
522
524
522
522
522
522
526
526
524
525
525
527
528
528
526
528
531
533
533
538
537
539
538
539
539
542
545
546
546
541
542
540
545
544
544
539
540
538
535
536
537
538
542
541
542
544
542
541
539
542
538
538
539
541
541
542
546
546
546
546
548
544
545
544
547
547
544
544
546
550
550
547
550
552
554
554
560
559
559
560
560
559
556
557
556
559
561
565
568
570
571
572
573
573
577
578
579
580
576
575
577
572
574
575
576
573
573
574
576
576
574
576
576
578
579
577
578
577
578
577
578
580
581
583
586
583
585
585
585
587
585
587
590
589
589
591
592
592
591
592
591
592
593
594
596
598
601
601
599
599
602
603
602
605
606
612
610
609
606
606
609
610
613
613
611
610
610
608
607
609
612
611
612
611
614
613
612
616
621
622
622
619
618
618
617
616
614
614
616
619
621
623
621
622
621
622
620
621
618
619
623
625
628
628
630
629
624
625
627
628
622
621
623
625
624
628
622
625
623
625
627
626
627
625
625
626
626
626
629
632
633
636
636
634
634
639
638
636
637
636
636
640
642
643
639
639
640
638
640
644
643
643
645
647
648
646
649
650
646
648
647
648
649
654
652
648
650
651
651
650
653
651
654
654
658
658
661
659
663
661
658
659
661
662
662
665
664
664
664
665
664
662
659
660
661
663
665
668
668
669
668
672
673
674
672
672
673
677
677
677
674
676
674
677
676
671
669
668
670
675
676
674
670
674
675
678
681
682
681
683
684
686
687
682
684
689
686
685
687
686
688
686
685
686
690
689
690
686
686
685
685
689
688
686
691
689
687
687
691
693
697
697
697
700
705
703
701
701
705
706
706
704
707
706
706
703
707
710
707
706
706
705
704
702
702
709
711
711
713
714
710
711
711
715
714
712
710
709
710
711
710
709
708
709
709
709
714
714
713
713
713
708
711
710
709
711
714
713
716
720
723
726
725
728
726
726
727
727
726
725
721
725
728
730
733
735
731
731
728
731
732
732
730
731
733
733
731
732
734
735
734
734
737
735
734
738
740
745
744
744
741
738
739
734
735
735
740
741
737
740
738
741
741
745
745
747
744
745
746
749
748
749
750
753
753
754
758
757
759
757
756
757
756
754
751
754
754
753
755
754
758
759
760
758
759
759
759
757
753
757
760
762
762
760
764
765
765
768
767
767
766
772
770
771
773
773
774
777
773
774
777
775
774
774
775
773
773
775
776
776
780
784
786
786
783
779
780
779
783
778
778
779
778
780
781
784
788
792
790
791
794
790
791
795
794
793
792
795
795
796
793
791
789
786
785
784
788
786
791
793
793
799
791
791
788
792
793
793
791
793
793
792
795
795
796
796
798
793
790
790
793
797
796
792
791
787
787
785
789
785
784
785
783
787
782
778
776
772
772
774
779
779
778
777
777
779
778
777
774
780
785
784
785
788
789
787
782
785
787
788
788
791
789
790
788
786
789
790
792
793
791
794
796
793
797
799
799
802
805
803
800
800
797
798
802
804
804
806
805
802
805
804
802
800
801
804
806
807
808
805
805
806
804
808
808
809
812
814
816
811
813
813
811
812
815
815
815
819
816
818
821
820
822
823
820
820
823
815
817
818
821
820
822
825
828
830
826
824
828
820
821
819
823
822
824
826
824
824
827
827
829
826
823
824
824
822
825
827
827
824
827
827
829
832
829
830
832
832
831
833
837
833
833
835
834
840
840
839
838
836
834
834
837
840
838
843
845
841
841
844
843
840
841
842
846
845
845
847
846
846
846
850
853
851
852
853
853
851
856
862
858
858
856
853
852
852
850
848
848
845
844
846
844
844
845
844
844
843
844
842
843
840
843
845
846
851
853
852
847
847
846
849
853
854
855
853
853
852
850
854
855
856
853
856
856
855
854
852
851
850
849
848
849
851
854
856
860
866
871
871
865
865
864
869
867
872
871
873
877
878
880
881
883
887
888
885
887
886
887
883
884
886
885
887
888
888
886
889
892
894
898
895
900
898
901
900
902
903
900
897
897
900
900
905
904
907
903
904
902
901
905
907
904
903
901
902
902
899
901
905
905
909
914
909
911
911
911
916
913
915
915
913
916
918
914
914
913
917
922
920
919
918
920
917
916
914
916
914
914
910
912
914
911
917
917
915
918
922
925
925
929
931
927
930
930
932
932
930
931
935
933
936
935
939
939
938
942
945
945
945
948
947
944
941
946
942
939
939
936
937
933
934
931
932
938
941
937
937
936
934
935
932
930
930
934
929
925
928
931
930
928
933
932
934
931
935
939
943
945
945
942
939
943
938
948
946
944
949
948
951
951
952
953
954
958
959
962
964
966
966
961
959
955
953
951
947
947
948
947
947
951
949
947
951
952
950
955
955
961
963
960
961
962
959
955
956
951
951
952
951
955
959
960
957
959
961
964
957
961
967
964
963
965
971
974
978
978
978
973
970
973
971
975
978
978
975
978
977
978
972
974
971
969
967
971
967
965
966
965
968
966
966
967
971
971
972
970
970
965
965
966
969
971
977
978
981
979
981
985
987
991
985
987
982
984
983
979
980
984
982
985
983
985
988
989
991
989
990
991
995
998
999
998
999
992
991
994
993
993
992
993
992
992
995
997
1003
1004
998
992
990
992
992
992
993
992
993
998
1000
997
1000
994
992
993
993
993
997
999
1000
999
997
1001
1002
999
995
991
990
993
997
994
998
994
989
987
986
983
980
986
988
988
990
991
989
990
995
997
998
1001
1005
1001
995
984
985
986
984
984
991
994
990
991
993
994
989
985
985
983
985
983
986
990
994
998
999
996
994
995
998
998
998
999
1002
1001
1002
1009
1014
1015
1014
1012
1010
1011
1010
1014
1013
1015
1019
1016
1019
1020
1024
1024
1022
1025
1023
1022
1021
1020
1021
1021
1022
1024
1022
1019
1023
1026
1022
1021
1019
1020
1019
1017
1020
1020
1016
1014
1018
1020
1024
1029
1030
1025
1026
1022
1020
1020
1023
1026
1023
1022
1028
1031
1029
1027
1029
1031
1031
1029
1029
1025
1020
1021
1020
1024
1023
1027
1024
1020
1020
1023
1024
1025
1020
1020
1021
1020
1021
1018
1018
1019
1021
1017
1018
1023
1024
1022
1026
1028
1033
1034
1035
1038
1034
1032
1033
1032
1034
1036
1037
1037
1035
1037
1045
1039
1037
1040
1037
1041
1037
1031
1031
1032
1030
1032
1028
1026
1024
1029
1027
1023
1019
1022
1019
1022
1025
1024
1024
1025
1025
1022
1023
1028
1029
1033
1039
1035
1033
1035
1038
1037
1034
1038
1037
1034
1037
1046
1043
1041
1038
1045
1047
1048
1049
1046
1045
1046
1049
1050
1044
1041
1045
1047
1049
1044
1050
1053
1057
1053
1054
1054
1051
1049
1050
1052
1053
1054
1053
1052
1056
1052
1054
1053
1052
1057
1056
1055
1050
1052
1052
1051
1054
1048
1052
1052
1051
1053
1056
1058
1053
1045
1041
1044
1040
1042
1047
1047
1049
1047
1047
1045
1045
1042
1044
1046
1051
1051
1050
1051
1053
1053
1058
1059
1061
1058
1064
1069
1064
1066
1065
1063
1060
1066
1073
1074
1072
1071
1069
1072
1071
1079
1081
1080
1083
1088
1086
1079
1078
1076
1077
1078
1076
1077
1080
1079
1081
1082
1083
1081
1083
1085
1083
1083
1081
1085
1087
1087
1088
1093
1091
1092
1094
1094
1090
1092
1091
1088
1083
1086
1088
1088
1088
1088
1088
1090
1096
1104
1103
1104
1102
1098
1098
1098
1097
1099
1099
1098
1094
1101
1099
1102
1097
1099
1105
1106
1104
1108
1107
1110
1110
1109
1111
1107
1107
1108
1110
1115
1115
1116
1115
1113
1106
1110
1112
1115
1115
1119
1121
1122
1117
1122
1122
1124
1126
1129
1128
1125
1122
1121
1118
1115
1113
1113
1116
1114
1111
1117
1116
1117
1114
1116
1113
1115
1118
1119
1116
1119
1117
1118
1112
1112
1110
1112
1116
1119
1116
1117
1115
1112
1115
1119
1120
1120
1120
1121
1123
1121
1121
1116
1120
1123
1125
1123
1124
1127
1127
1125
1119
1122
1121
1120
1123
1127
1128
1122
1120
1121
1119
1118
1123
1130
1131
1133
1135
1135
1134
1134
1138
1140
1142
1139
1134
1137
1133
1134
1129
1127
1133
1131
1136
1142
1136
1134
1133
1137
1138
1132
1142
1136
1134
1127
1126
1123
1124
1129
1129
1126
1123
1126
1130
1131
1134
1133
1140
1144
1134
1132
1136
1137
1136
1135
1134
1133
1135
1131
1135
1130
1127
1128
1133
1131
1132
1132
1131
1138
1140
1135
1131
1131
1136
1137
1134
1137
1137
1136
1133
1129
1133
1134
1134
1139
1136
1142
1142
1147
1145
1146
1144
1148
1146
1147
1147
1150
1150
1152
1144
1145
1145
1148
1147
1147
1150
1154
1150
1154
1152
1150
1152
1150
1146
1146
1150
1152
1156
1159
1159
1152
1153
1158
1159
1153
1157
1155
1157
1152
1156
1150
1154
1154
1158
1156
1155
1158
1159
1163
1163
1160
1166
1161
1161
1158
1162
1161
1164
1164
1165
1162
1164
1167
1167
1164
1169
1169
1175
1177
1179
1180
1182
1184
1186
1184
1181
1175
1176
1174
1179
1180
1182
1184
1185
1181
1179
1178
1176
1177
1175
1172
1178
1178
1183
1181
1183
1183
1181
1178
1179
1184
1191
1191
1186
1195
1201
1201
1197
1203
1206
1202
1196
1195
1195
1196
1195
1192
1189
1188
1189
1195
1192
1193
1197
1194
1193
1190
1187
1186
1186
1188
1184
1190
1191
1195
1197
1195
1197
1194
1194
1193
1197
1194
1190
1196
1192
1188
1184
1183
1187
1187
1187
1191
1192
1192
1193
1191
1191
1190
1189
1187
1186
1189
1193
1195
1192
1198
1199
1203
1205
1200
1206
1208
1208
1211
1211
1209
1209
1211
1216
1217
1214
1218
1217
1216
1205
1209
1208
1207
1214
1212
1213
1208
1204
1202
1202
1204
1200
1203
1206
1205
1208
1208
1213
1214
1212
1208
1209
1207
1207
1212
1217
1221
1218
1211
1211
1214
1212
1212
1211
1214
1217
1220
1218
1226
1223
1228
1230
1228
1233
1229
1226
1222
1225
1228
1229
1232
1237
1237
1236
1235
1241
1239
1239
1240
1243
1242
1232
1234
1233
1230
1239
1237
1238
1236
1234
1241
1250
1245
1247
1249
1242
1238
1236
1242
1237
1240
1239
1234
1232
1235
1233
1231
1233
1234
1232
1225
1227
1229
1225
1225
1227
1229
1231
1233
1233
1234
1233
1240
1239
1234
1238
1244
1242
1238
1237
1237
1238
1238
1240
1243
1252
1252
1253
1251
1249
1249
1254
1254
1251
1252
1254
1248
1251
1256
1259
1255
1254
1255
1252
1252
1247
1248
1241
1247
1244
1246
1244
1245
1243
1245
1244
1246
1250
1248
1257
1260
1261
1256
1256
1256
1259
1261
1264
1265
1263
1264
1267
1268
1273
1275
1279
1274
1276
1280
1277
1285
1280
1279
1279
1278
1279
1283
1289
1287
1288
1288
1292
1293
1287
1288
1285
1286
1281
1280
1274
1274
1279
1279
1279
1276
1268
1269
1270
1272
1272
1277
1283
1280
1280
1273
1277
1283
1281
1278
1280
1280
1281
1281
1283
1288
1282
1286
1284
1283
1288
1290
1287
1286
1288
1288
1292
1291
1289
1289
1288
1291
1290
1286
1284
1290
1290
1290
1295
1294
1301
1297
1294
1300
1296
1298
1298
1299
1296
1295
1297
1301
1299
1301
1305
1300
1300
1303
1298
1296
1299
1294
1295
1290
1291
1295
1295
1292
1286
1286
1283
1288
1287
1286
1294
1291
1288
1288
1284
1283
1283
1279
1283
1288
1286
1290
1290
1292
1291
1287
1287
1286
1285
1288
1290
1291
1291
1299
1300
1301
1301
1295
1295
1287
1283
1279
1283
1283
1283
1287
1287
1284
1280
1283
1277
1278
1279
1278
1279
1278
1283
1288
1291
1298
1295
1293
1288
1289
1285
1281
1288
1292
1298
1296
1296
1296
1303
1306
1298
1299
1303
1299
1299
1294
1287
1286
1292
1292
1285
1282
1284
1290
1291
1293
1295
1297
1297
1293
1294
1297
1293
1288
1280
1288
1287
1283
1281
1282
1280
1286
1287
1287
1283
1285
1283
1282
1286
1281
1280
1282
1285
1288
1284
1283
1284
1284
1283
1288
1297
1299
1300
1303
1304
1300
1289
1290
1281
1284
1287
1284
1289
1289
1290
1292
1290
1295
1293
1287
1286
1286
1286
1287
1286
1286
1282
1280
1281
1286
1282
1286
1284
1289
1295
1298
1296
1296
1300
1300
1297
1295
1297
1295
1297
1298
1298
1294
1293
1293
1295
1289
1285
1287
1294
1291
1289
1291
1292
1292
1290
1286
1286
1285
1286
1286
1292
1290
1286
1287
1285
1286
1292
1298
1296
1292
1295
1294
1292
1290
1292
1296
1293
1292
1296
1294
1288
1289
1289
1287
1291
1287
1285
1285
1291
1284
1290
1291
1289
1292
1288
1294
1297
1296
1293
1293
1292
1291
1292
1298
1293
1292
1292
1288
1290
1287
1286
1286
1286
1291
1287
1286
1289
1285
1288
1279
1289
1289
1290
1289
1285
1281
1281
1282
1286
1286
1294
1297
1300
1300
1300
1294
1292
1295
1293
1293
1299
1293
1294
1299
1299
1296
1295
1295
1293
1285
1282
1280
1280
1282
1285
1289
1287
1284
1285
1286
1284
1284
1285
1286
1293
1292
1294
1296
1296
1294
1296
1290
1292
1287
1284
1283
1284
1290
1285
1281
1281
1281
1284
1282
1283
1285
1286
1289
1285
1280
1281
1282
1284
1286
1287
1291
1288
1283
1279
1276
1276
1276
1275
1279
1276
1274
1273
1278
1277
1274
1276
1276
1272
1276
1269
1268
1272
1271
1276
1278
1279
1282
1291
1283
1286
1287
1286
1282
1286
1287
1286
1288
1291
1287
1289
1294
1292
1290
1289
1287
1292
1290
1289
1294
1292
1295
1295
1296
1291
1290
1289
1297
1293
1296
1298
1299
1296
1297
1291
1292
1292
1294
1292
1293
1289
1291
1290
1290
1290
1294
1291
1293
1294
1292
1288
1290
1289
1287
1287
1288
1282
1283
1279
1281
1282
1291
1287
1284
1286
1285
1284
1285
1282
1284
1289
1291
1295
1295
1294
1291
1289
1291
1288
1294
1294
1291
1285
1290
1291
1294
1290
1288
1295
1293
1297
1289
1287
1287
1291
1290
1291
1288
1284
1280
1286
1288
1281
1274
1278
1278
1285
1283
1279
1280
1275
1272
1273
1269
1273
1274
1278
1274
1273
1274
1275
1274
1277
1283
1280
1279
1273
1269
1268
1265
1264
1254
1254
1255
1251
1254
1254
1251
1255
1254
1255
1260
1262
1266
1271
1278
1277
1278
1278
1277
1280
1283
1290
1291
1294
1295
1289
1291
1284
1280
1277
1279
1272
1275
1274
1271
1271
1278
1268
1267
1265
1267
1268
1262
1256
1257
1252
1257
1261
1262
1263
1263
1258
1257
1258
1260
1265
1264
1267
1265
1268
1266
1269
1272
1267
1269
1267
1267
1267
1270
1261
1259
1262
1253
1256
1259
1258
1255
1252
1255
1253
1257
1256
1259
1257
1256
1258
1264
1266
1260
1255
1249
1249
1249
1248
1249
1252
1253
1257
1258
1256
1256
1257
1264
1257
1254
1254
1253
1252
1248
1254
1249
1245
1248
1249
1255
1254
1250
1251
1250
1252
1252
1253
1252
1250
1255
1249
1254
1255
1255
1255
1251
1254
1256
1256
1259
1264
1270
1275
1276
1275
1276
1270
1275
1278
1276
1276
1282
1282
1279
1284
1283
1287
1285
1285
1286
1289
1287
1288
1291
1294
1293
1287
1293
1294
1292
1286
1289
1298
1299
1301
1305
1302
1301
1300
1302
1307
1309
1309
1309
1314
1316
1318
1313
1317
1312
1308
1310
1311
1309
1307
1307
1315
1315
1315
1315
1302
1299
1303
1301
1299
1299
1298
1298
1302
1307
1305
1309
1309
1306
1301
1304
1306
1303
1298
1302
1306
1307
1302
1296
1294
1302
1301
1301
1291
1297
1297
1291
1296
1295
1290
1285
1288
1293
1302
1306
1304
1301
1301
1300
1302
1302
1302
1298
1303
1299
1296
1298
1296
1300
1300
1298
1295
1292
1296
1303
1302
1299
1297
1305
1306
1305
1296
1303
1298
1302
1299
1300
1296
1301
1301
1310
1310
1308
1306
1305
1308
1315
1314
1313
1314
1316
1310
1306
1311
1309
1305
1309
1310
1312
1308
1305
1307
1309
1308
1308
1298
1301
1299
1297
1291
1293
1295
1299
1301
1302
1303
1309
1312
1312
1315
1315
1316
1313
1313
1312
1312
1302
1303
1306
1308
1302
1302
1308
1306
1305
1306
1310
1309
1313
1312
1310
1312
1315
1320
1310
1310
1309
1303
1306
1308
1303
1308
1307
1307
1309
1312
1310
1308
1308
1304
1306
1308
1310
1307
1310
1309
1305
1302
1310
1301
1301
1302
1299
1298
1305
1302
1302
1303
1302
1302
1300
1295
1299
1306
1312
1308
1315
1318
1319
1318
1316
1315
1315
1313
1310
1310
1316
1316
1321
1322
1323
1320
1322
1315
1318
1313
1312
1307
1308
1304
1305
1299
1302
1304
1305
1303
1304
1307
1299
1303
1300
1297
1296
1298
1299
1304
1301
1292
1293
1299
1302
1301
1301
1304
1303
1302
1303
1297
1299
1301
1301
1298
1300
1300
1300
1300
1304
1306
1308
1307
1309
1310
1312
1310
1306
1310
1310
1311
1314
1310
1309
1313
1312
1315
1320
1318
1317
1318
1315
1312
1312
1317
1312
1308
1306
1308
1306
1307
1308
1311
1313
1310
1308
1313
1311
1308
1307
1313
1315
1322
1328
1328
1324
1322
1329
1332
1336
1329
1336
1334
1340
1342
1340
1337
1337
1335
1336
1333
1329
1328
1327
1330
1327
1327
1327
1327
1331
1327
1330
1326
1328
1325
1327
1329
1334
1336
1337
1337
1330
1324
1319
1320
1324
1325
1325
1322
1323
1325
1320
1328
1327
1326
1322
1321
1326
1325
1328
1332
1337
1336
1335
1334
1331
1329
1324
1323
1325
1328
1324
1322
1323
1321
1326
1332
1330
1330
1338
1336
1341
1337
1332
1336
1341
1341
1343
1341
1343
1343
1346
1347
1343
1343
1346
1343
1340
1343
1339
1337
1336
1336
1338
1341
1339
1338
1337
1337
1344
1345
1343
1349
1348
1348
1344
1343
1344
1349
1351
1351
1346
1345
1340
1346
1348
1349
1349
1343
1339
1339
1340
1345
1343
1339
1338
1336
1340
1341
1344
1343
1348
1347
1345
1348
1349
1353
1352
1354
1350
1357
1354
1353
1358
1354
1354
1350
1355
1351
1352
1350
1355
1357
1358
1354
1353
1358
1361
1362
1360
1355
1355
1353
1353
1356
1355
1355
1350
1358
1354
1355
1356
1353
1357
1358
1359
1359
1357
1354
1363
1364
1358
1357
1356
1357
1362
1366
1373
1375
1371
1373
1372
1372
1364
1365
1361
1363
1361
1363
1362
1365
1362
1367
1361
1357
1354
1352
1350
1350
1350
1351
1348
1351
1351
1362
1362
1357
1360
1358
1353
1350
1348
1345
1350
1346
1345
1344
1335
1337
1340
1347
1349
1350
1356
1352
1352
1355
1355
1358
1348
1351
1345
1351
1352
1348
1350
1343
1353
1354
1354
1351
1355
1358
1359
1357
1357
1355
1353
1344
1344
1346
1343
1349
1349
1352
1347
1347
1344
1350
1352
1358
1361
1356
1354
1354
1347
1350
1350
1350
1349
1355
1358
1362
1360
1363
1361
1354
1352
1349
1349
1349
1346
1347
1345
1342
1349
1342
1339
1341
1335
1336
1338
1334
1329
1329
1325
1331
1333
1333
1331
1337
1338
1336
1339
1345
1348
1346
1345
1341
1339
1345
1342
1344
1345
1346
1345
1351
1348
1347
1351
1350
1348
1353
1346
1343
1339
1342
1343
1341
1342
1344
1349
1354
1356
1355
1355
1358
1357
1360
1359
1352
1345
1341
1339
1343
1337
1338
1337
1334
1337
1337
1335
1337
1342
1345
1344
1348
1355
1354
1353
1350
1349
1349
1347
1344
1353
1345
1347
1346
1343
1340
1339
1344
1346
1348
1342
1338
1337
1342
1347
1343
1338
1338
1349
1346
1352
1351
1351
1359
1355
1352
1360
1362
1366
1362
1364
1363
1360
1362
1358
1362
1362
1364
1365
1362
1368
1365
1367
1362
1357
1350
1349
1355
1353
1344
1342
1350
1350
1348
1352
1355
1352
1355
1354
1355
1354
1357
1352
1350
1348
1353
1351
1348
1346
1339
1342
1336
1336
1332
1331
1325
1324
1325
1323
1323
1321
1327
1323
1326
1325
1325
1327
1330
1327
1322
1322
1321
1327
1326
1322
1320
1323
1324
1321
1317
1323
1317
1316
1317
1321
1323
1325
1321
1318
1320
1319
1323
1328
1328
1326
1327
1321
1323
1317
1319
1323
1318
1320
1324
1323
1323
1325
1324
1326
1326
1329
1328
1330
1332
1335
1340
1333
1336
1339
1339
1341
1340
1336
1340
1340
1333
1333
1339
1336
1338
1335
1335
1338
1334
1334
1339
1344
1343
1337
1339
1336
1343
1340
1335
1335
1330
1329
1329
1336
1328
1326
1330
1323
1328
1326
1327
1330
1336
1334
1331
1335
1336
1336
1330
1328
1328
1328
1326
1324
1327
1333
1332
1328
1335
1335
1328
1331
1334
1334
1341
1340
1341
1343
1340
1335
1330
1334
1337
1343
1344
1346
1344
1347
1350
1350
1349
1345
1345
1339
1337
1337
1341
1339
1340
1332
1329
1329
1337
1335
1332
1334
1334
1332
1336
1339
1341
1341
1344
1345
1341
1345
1343
1343
1340
1340
1341
1343
1340
1343
1346
1345
1338
1335
1340
1339
1336
1341
1341
1342
1342
1341
1341
1345
1348
1346
1348
1348
1344
1346
1343
1348
1341
1339
1335
1337
1335
1333
1336
1338
1341
1339
1342
1343
1344
1346
1342
1344
1343
1336
1336
1343
1342
1340
1347
1348
1350
1352
1350
1350
1346
1342
1343
1346
1347
1346
1348
1349
1350
1346
1345
1345
1345
1345
1340
1346
1345
1342
1337
1337
1339
1339
1340
1345
1345
1340
1342
1344
1341
1340
1343
1347
1343
1344
1352
1349
1347
1341
1343
1346
1348
1344
1345
1343
1341
1336
1340
1339
1336
1331
1329
1332
1333
1336
1338
1336
1334
1332
1337
1341
1340
1344
1342
1344
1352
1354
1353
1356
1355
1357
1358
1363
1361
1363
1361
1364
1359
1360
1361
1354
1351
1347
1348
1346
1341
1342
1350
1342
1340
1345
1343
1340
1342
1346
1350
1346
1349
1350
1346
1345
1351
1351
1354
1354
1354
1346
1348
1347
1352
1348
1347
1349
1347
1348
1344
1344
1346
1344
1347
1347
1347
1350
1351
1348
1347
1342
1340
1338
1340
1343
1347
1345
1342
1346
1352
1354
1355
1352
1352
1347
1347
1355
1351
1353
1353
1353
1354
1353
1353
1352
1354
1348
1353
1355
1352
1355
1352
1354
1351
1351
1350
1344
1345
1344
1345
1341
1344
1345
1348
1352
1348
1349
1353
1357
1355
1349
1353
1353
1352
1353
1349
1352
1352
1350
1349
1347
1348
1343
1344
1345
1344
1343
1340
1340
1338
1343
1343
1341
1341
1342
1340
1344
1342
1343
1346
1353
1356
1360
1361
1359
1363
1360
1358
1360
1365
1365
1362
1364
1366
1365
1364
1362
1361
1357
1350
1351
1354
1349
1348
1345
1348
1356
1357
1356
1357
1361
1359
1361
1360
1361
1368
1371
1380
1381
1383
1385
1386
1386
1383
1382
1381
1385
1393
1390
1390
1386
1383
1384
1381
1385
1384
1377
1379
1376
1381
1384
1383
1383
1386
1387
1388
1389
1389
1388
1382
1379
1385
1382
1378
1377
1379
1379
1382
1386
1383
1374
1378
1379
1383
1377
1378
1375
1374
1373
1370
1372
1377
1377
1382
1383
1386
1390
1389
1392
1392
1387
1384
1392
1401
1396
1394
1393
1394
1393
1389
1394
1391
1387
1385
1385
1385
1388
1385
1383
1386
1384
1383
1381
1386
1389
1390
1392
1390
1387
1390
1389
1391
1397
1390
1394
1388
1380
1379
1380
1381
1376
1375
1376
1377
1379
1384
1383
1381
1382
1387
1391
1391
1386
1391
1391
1387
1390
1391
1389
1384
1382
1381
1383
1388
1389
1389
1389
1387
1386
1390
1392
1390
1390
1393
1394
1392
1395
1393
1401
1400
1397
1399
1402
1401
1392
1395
1396
1395
1393
1392
1384
1378
1375
1372
1374
1368
1367
1376
1369
1370
1366
1362
1365
1363
1362
1356
1360
1364
1362
1364
1368
1374
1379
1374
1375
1369
1372
1366
1370
1369
1366
1366
1364
1365
1366
1365
1362
1365
1366
1364
1366
1367
1371
1374
1376
1384
1377
1375
1381
1376
1373
1376
1375
1379
1382
1379
1379
1376
1376
1377
1379
1378
1377
1375
1375
1371
1366
1360
1362
1361
1359
1359
1357
1352
1352
1349
1352
1352
1352
1358
1356
1357
1359
1355
1358
1361
1360
1361
1362
1366
1368
1369
1367
1373
1369
1373
1368
1368
1368
1373
1369
1362
1359
1361
1361
1368
1373
1374
1374
1374
1374
1371
1370
1366
1367
1367
1374
1375
1372
1368
1370
1368
1368
1364
1368
1363
1358
1359
1356
1357
1355
1357
1357
1358
1362
1361
1360
1364
1368
1373
1370
1365
1363
1368
1366
1364
1365
1359
1367
1369
1366
1363
1361
1358
1353
1357
1356
1351
1351
1354
1360
1356
1352
1357
1357
1365
1360
1361
1365
1366
1361
1365
1368
1372
1367
1364
1357
1352
1350
1356
1363
1361
1365
1355
1360
1361
1357
1354
1350
1353
1354
1355
1357
1356
1354
1353
1348
1352
1353
1361
1364
1362
1366
1363
1360
1361
1366
1366
1366
1364
1359
1362
1366
1364
1366
1360
1357
1355
1358
1359
1361
1363
1360
1365
1366
1367
1365
1365
1361
1356
1361
1367
1368
1367
1367
1364
1359
1355
1342
1347
1342
1340
1339
1344
1342
1342
1348
1354
1356
1354
1352
1351
1343
1343
1343
1344
1349
1349
1351
1354
1357
1357
1353
1349
1347
1350
1353
1351
1352
1353
1356
1355
1357
1353
1352
1350
1357
1353
1346
1344
1342
1345
1346
1346
1349
1347
1344
1344
1350
1350
1348
1350
1345
1343
1345
1345
1345
1344
1345
1342
1340
1339
1339
1340
1339
1336
1336
1340
1338
1343
1342
1341
1343
1344
1342
1348
1348
1348
1350
1349
1355
1356
1353
1353
1349
1354
1352
1351
1349
1354
1350
1356
1358
1361
1360
1363
1363
1368
1372
1373
1375
1374
1376
1375
1373
1368
1370
1372
1369
1367
1364
