0.0005903448275862068 0.0004196551724137932
300
291
286
287
282
278
277
276
275
276
273
273
273
272
270
268
269
260
259
259
259
259
258
258
259
257
258
258
255
258
257
256
255
255
255
255
254
254
255
251
250
251
253
251
250
249
250
248
249
246
246
244
243
244
243
241
240
240
239
239
241
240
242
241
245
246
245
245
244
242
242
244
245
246
246
248
248
247
246
247
247
247
248
249
247
245
244
243
244
244
245
245
245
244
247
246
245
246
248
247
246
248
248
250
251
248
250
249
248
248
250
249
249
249
250
251
248
249
248
248
249
250
250
250
250
249
250
249
252
253
251
250
248
247
245
246
247
245
246
246
245
245
245
245
246
245
246
247
248
244
243
244
246
247
246
245
245
245
244
246
245
244
243
241
239
239
239
238
238
240
239
239
240
237
239
239
241
240
240
238
238
240
241
242
240
238
239
240
240
240
241
242
242
241
241
242
242
241
242
241
243
242
240
239
240
241
247
247
246
245
244
242
242
244
247
245
245
246
246
244
243
242
241
243
240
240
240
237
239
239
238
237
238
240
241
241
241
241
240
239
239
239
238
239
241
243
241
240
240
240
240
242
242
246
245
246
246
242
239
241
243
245
245
245
245
246
246
247
248
248
249
249
250
249
247
248
248
247
247
247
247
246
246
245
246
245
244
244
244
242
243
244
245
244
245
246
247
247
248
248
246
247
245
244
246
247
249
249
249
248
247
251
249
247
245
245
245
243
243
241
244
244
242
241
245
244
244
245
245
244
241
241
243
242
243
242
243
243
242
243
244
244
243
241
243
242
241
242
240
240
239
240
242
242
241
241
241
243
242
239
238
239
238
237
239
238
239
238
238
239
239
237
236
235
234
235
235
233
233
233
234
235
237
235
234
234
234
235
240
235
235
236
238
239
240
237
241
242
241
243
242
242
244
244
242
241
242
240
239
240
241
238
235
237
238
237
235
237
239
239
238
236
236
238
237
237
238
237
235
236
236
236
235
237
236
235
235
235
233
232
233
233
235
235
235
236
236
235
234
234
237
236
236
237
238
237
237
237
237
238
238
238
236
236
235
235
237
237
237
236
236
235
236
237
238
238
239
240
239
238
238
238
240
238
238
237
237
237
237
237
238
237
236
236
234
232
233
232
232
233
233
234
235
235
235
236
238
237
237
234
232
231
230
231
232
233
234
233
232
230
231
230
232
234
234
234
233
234
235
235
236
234
233
237
236
236
234
234
232
230
231
231
230
230
229
227
226
226
227
227
229
227
230
229
227
227
226
228
228
227
226
227
228
230
232
231
232
231
231
228
231
233
233
232
233
233
233
234
232
229
233
234
233
232
233
235
234
234
231
230
231
233
234
234
232
231
234
236
234
234
238
237
236
236
236
236
234
235
235
231
232
232
234
234
233
232
233
233
235
233
232
228
229
228
228
226
225
228
226
226
226
227
227
228
228
227
227
227
226
225
224
224
224
224
225
224
222
224
225
224
223
224
226
226
226
226
231
228
231
230
229
228
226
226
226
226
223
226
226
230
230
228
228
228
227
227
227
228
229
230
227
227
228
228
229
228
229
230
229
227
229
229
230
231
233
234
235
233
232
228
230
231
231
228
227
227
226
227
226
228
227
228
232
231
232
227
225
224
225
225
225
225
227
228
227
225
225
225
227
228
228
229
227
228
228
228
228
228
228
226
225
227
229
227
227
227
225
224
225
225
226
226
223
222
220
219
218
219
220
220
220
220
219
218
219
220
219
216
217
216
216
217
216
217
218
216
218
218
219
221
223
227
228
228
226
223
223
219
219
216
216
214
212
212
214
215
215
215
215
216
215
217
216
216
217
218
219
219
220
216
217
216
215
214
216
217
216
214
214
214
215
216
216
219
222
221
220
220
221
221
221
220
220
217
216
219
220
221
220
220
221
219
218
219
219
217
216
215
215
217
219
220
218
218
218
219
220
216
216
215
212
212
213
214
213
211
211
211
212
214
214
213
212
213
212
213
212
213
214
213
213
212
213
214
213
213
213
212
216
218
219
217
218
218
219
217
218
216
214
218
216
216
216
215
215
215
219
218
219
218
218
220
219
218
216
216
213
212
212
215
214
214
214
215
214
215
216
215
215
215
214
213
216
217
219
217
216
216
217
218
218
219
218
219
218
220
217
218
219
217
217
217
215
215
213
212
214
217
217
215
213
213
214
214
214
214
215
217
217
218
220
216
215
217
217
216
216
215
216
216
215
216
216
215
215
215
213
212
211
211
211
211
211
211
211
211
213
213
209
209
210
211
211
211
211
212
212
213
215
215
215
214
215
214
217
217
216
216
214
216
214
213
215
214
213
212
210
211
209
210
213
215
215
215
213
214
211
211
211
212
216
214
217
218
219
219
219
219
216
216
214
215
215
216
215
215
215
218
219
217
219
217
218
215
213
213
214
213
214
215
214
212
212
211
213
214
213
215
216
216
216
217
216
216
217
216
217
216
218
217
217
216
217
218
219
218
218
219
219
221
219
218
218
216
215
215
217
217
216
215
214
215
215
215
214
214
214
214
214
214
215
215
216
217
218
217
217
216
214
214
211
211
210
209
208
211
210
210
212
211
212
212
212
214
212
212
210
210
210
211
212
211
212
212
213
211
211
212
213
216
215
217
217
215
214
214
214
216
215
215
218
219
218
219
219
218
217
216
217
218
216
216
218
217
217
218
217
216
216
215
215
213
214
214
214
217
215
215
215
216
215
217
216
215
215
215
215
217
216
214
214
213
213
214
213
213
214
215
215
217
215
216
218
218
218
215
214
212
212
212
212
213
213
214
214
213
213
215
216
218
218
218
216
215
214
212
213
212
211
211
211
214
214
211
211
211
211
210
208
207
209
210
211
212
211
211
213
212
213
216
216
213
213
214
214
214
213
213
211
212
212
210
212
211
212
213
212
213
213
214
212
214
212
211
211
212
213
214
214
212
211
211
212
211
210
211
214
211
210
213
213
213
212
213
215
215
217
216
216
216
216
214
213
213
211
211
209
207
209
208
209
210
210
209
210
209
207
208
212
211
211
209
208
207
208
210
210
211
210
211
211
209
208
209
209
208
208
209
210
209
211
213
210
211
212
211
210
207
206
209
207
208
209
207
206
206
209
210
212
211
211
211
212
211
209
209
207
207
209
210
211
209
209
210
210
210
209
209
209
211
210
212
212
212
210
210
207
207
209
207
207
208
208
208
208
207
207
206
208
207
206
207
208
208
209
210
209
210
208
208
209
207
207
207
205
207
206
207
208
208
208
208
208
205
206
207
205
204
204
205
206
205
206
202
202
203
206
205
203
203
205
204
203
203
202
202
201
201
199
198
198
199
199
199
199
198
199
198
199
199
200
202
202
201
201
204
205
203
201
200
199
199
200
201
202
202
202
205
205
204
203
207
205
203
204
200
200
202
203
203
204
204
206
205
201
202
202
202
200
200
200
199
201
201
201
201
201
202
203
204
204
203
203
203
202
202
201
201
203
205
204
206
208
206
206
207
206
206
210
210
207
206
204
204
206
207
209
209
208
209
206
205
205
203
203
203
203
202
201
199
200
201
202
202
204
203
204
204
204
202
200
199
199
199
199
200
198
201
203
204
203
205
206
205
205
206
204
204
205
204
204
202
202
201
201
202
202
201
200
200
200
201
200
200
200
200
201
203
203
202
203
200
202
200
199
198
198
199
199
200
199
197
197
195
198
197
195
195
196
196
197
199
199
198
198
196
194
195
197
196
194
195
197
199
201
200
199
201
199
195
194
195
194
193
191
191
191
191
192
192
192
190
190
191
189
191
191
192
190
190
192
194
194
196
195
196
196
196
191
192
192
192
192
192
192
192
193
190
190
190
191
191
192
192
192
190
190
191
192
192
192
191
192
191
193
194
194
195
194
194
193
193
191
192
193
193
193
193
194
195
193
193
194
194
196
196
196
195
193
193
192
192
192
193
194
191
189
189
191
190
193
194
194
194
192
193
191
193
194
193
192
188
191
192
192
192
191
192
192
190
189
187
190
190
192
193
192
192
192
193
194
192
193
193
191
190
190
191
192
191
191
190
190
188
189
189
188
187
188
186
185
187
187
186
185
186
187
187
186
186
185
186
186
186
186
187
188
190
191
190
190
190
189
189
187
188
188
186
186
184
185
186
187
188
188
188
189
188
189
189
189
191
191
190
188
188
187
188
187
185
184
185
182
183
185
188
187
187
189
188
188
189
190
191
192
193
196
198
197
197
197
195
196
193
193
191
191
190
190
190
190
190
187
186
186
184
184
184
184
185
185
185
186
186
187
187
187
188
188
189
189
188
190
191
191
191
192
192
192
192
193
191
190
191
192
191
189
190
189
190
192
192
193
192
191
192
191
192
191
193
193
191
191
191
190
191
191
191
192
193
192
193
195
194
195
195
197
198
196
195
194
195
193
194
195
197
193
194
194
191
190
189
189
188
188
187
188
188
189
189
188
190
189
189
188
188
188
188
188
189
189
188
188
188
186
187
188
188
188
188
189
190
190
190
190
189
190
191
189
190
192
192
190
191
192
192
190
190
191
193
194
195
195
196
193
194
195
195
195
194
194
193
191
191
192
194
194
193
194
196
197
195
196
194
192
194
191
191
191
190
189
190
190
190
187
187
187
186
185
185
185
189
188
188
188
188
189
190
191
191
191
190
190
190
190
189
188
187
188
187
187
187
188
188
188
186
188
188
188
189
190
188
188
190
189
189
189
190
190
189
189
189
190
188
187
188
188
189
188
188
189
189
187
186
188
188
187
187
188
188
187
187
186
189
190
190
190
191
192
192
192
191
192
191
192
191
192
191
193
193
191
192
192
191
190
190
191
188
188
188
188
189
190
189
189
189
190
188
189
188
188
189
190
187
188
188
188
187
185
186
187
188
187
189
190
190
186
186
186
185
185
185
185
185
184
185
185
184
183
183
183
183
183
184
186
186
188
189
189
189
188
189
190
190
188
188
193
192
190
192
191
191
192
193
194
192
192
192
191
190
189
189
191
190
188
188
190
190
191
192
192
192
193
192
190
188
189
188
187
186
186
187
185
185
185
185
185
185
183
184
185
187
188
190
190
189
187
187
185
185
187
187
187
187
187
190
189
190
191
191
190
188
185
185
185
187
187
189
191
193
191
189
190
191
191
191
191
190
191
191
190
189
189
187
186
187
186
186
185
184
186
187
187
188
187
188
186
185
187
188
188
187
188
189
189
192
190
189
188
187
187
187
190
190
190
189
189
188
188
187
184
184
184
186
185
187
187
185
185
186
187
187
187
187
189
189
187
189
188
186
183
184
183
183
183
183
183
186
187
188
187
187
186
186
186
184
184
182
182
181
181
181
181
183
184
183
183
182
183
183
182
182
181
182
181
181
183
182
183
185
184
184
185
184
183
182
181
180
182
182
182
182
182
180
179
180
179
181
182
183
183
182
182
182
183
183
183
181
181
181
179
180
179
179
179
179
179
180
179
179
183
183
184
186
186
184
188
188
187
187
187
187
190
189
188
184
185
186
187
187
189
189
189
189
185
183
183
183
183
184
184
184
184
184
185
184
183
185
185
185
186
186
190
191
193
192
195
193
190
191
193
189
188
186
185
184
184
186
185
183
184
184
185
184
183
183
183
181
182
182
183
183
184
184
184
186
185
187
185
185
185
186
185
185
187
185
185
185
184
184
185
184
184
185
185
183
183
183
182
182
184
185
186
185
185
186
187
186
185
184
182
182
182
182
183
183
183
182
181
181
179
180
179
180
179
178
178
178
178
179
180
177
177
179
180
179
179
180
181
181
181
181
180
178
177
175
175
176
176
176
176
177
177
176
176
176
176
178
178
176
175
176
179
180
179
178
178
178
176
179
179
178
177
177
178
177
176
178
178
178
175
175
174
174
174
172
172
172
171
172
172
172
173
175
175
175
175
174
173
174
174
175
173
172
173
173
172
171
169
169
169
170
169
169
170
169
169
169
168
167
166
166
166
166
166
168
168
168
169
169
168
168
168
167
165
165
167
166
166
166
168
167
168
169
168
168
167
168
168
169
169
170
172
171
169
170
170
171
170
171
172
171
170
171
171
171
172
175
176
175
177
177
171
171
174
174
171
168
167
165
166
165
165
165
166
165
164
164
164
164
165
167
168
166
165
166
169
170
169
168
168
169
171
170
170
170
170
168
168
168
168
169
168
169
168
169
166
166
165
165
166
167
166
166
164
167
167
168
168
167
167
167
167
167
166
164
165
165
165
166
167
166
169
169
168
170
169
170
169
170
172
171
172
170
169
169
171
171
173
174
174
175
177
176
174
173
174
173
170
171
170
168
167
167
167
167
168
167
167
169
169
172
170
172
172
170
169
170
168
169
170
170
170
171
171
170
170
170
170
171
172
171
171
172
172
173
172
172
174
171
171
170
173
172
172
174
175
174
173
172
173
172
171
171
168
169
171
168
167
166
169
169
171
170
171
170
167
166
166
165
166
167
169
169
168
168
168
168
169
168
167
168
166
164
166
167
167
164
164
164
165
166
166
166
167
168
167
166
167
164
164
162
162
162
161
162
161
161
160
160
162
162
161
163
163
161
161
161
160
157
154
154
153
152
153
153
153
154
152
151
151
152
154
154
155
156
156
157
155
154
151
152
152
152
152
152
150
149
149
149
150
150
152
152
152
152
153
154
156
156
156
153
153
152
152
152
152
151
152
152
154
155
154
153
154
155
156
156
156
159
159
160
156
155
153
154
154
154
152
151
151
151
150
150
150
151
152
151
151
152
151
151
150
151
153
152
152
153
153
153
153
152
153
153
152
152
152
152
151
153
153
153
153
151
151
152
152
150
150
152
153
154
154
155
155
152
153
155
154
154
154
154
155
157
158
157
156
156
157
157
156
156
157
155
154
154
155
155
155
156
155
154
155
155
155
158
156
157
158
158
160
161
161
158
158
159
159
159
160
158
158
157
157
158
160
160
159
158
157
159
159
160
160
160
158
158
159
160
159
159
160
159
160
159
160
156
156
153
153
153
153
152
152
152
154
155
155
155
155
155
156
155
155
154
155
154
157
157
156
157
157
159
157
156
156
157
156
157
157
156
156
156
156
156
156
156
156
155
158
158
157
156
157
158
160
158
158
157
157
156
157
159
157
156
159
158
158
158
155
155
156
155
155
156
155
155
155
154
154
154
154
153
153
153
152
153
152
150
149
148
148
149
150
152
149
148
148
149
150
152
153
153
153
153
151
150
150
149
149
148
148
151
151
151
150
150
151
149
149
149
149
148
148
147
148
148
148
151
152
152
150
153
153
153
153
153
150
151
152
153
153
155
156
156
155
154
154
154
152
150
149
148
148
148
148
148
147
147
148
149
148
148
148
146
146
146
146
146
147
146
146
148
147
147
147
146
145
145
145
145
145
145
145
145
149
149
149
148
148
149
149
148
148
148
149
149
149
149
150
149
149
148
147
147
149
147
147
147
148
150
149
148
148
150
148
149
147
148
147
148
151
152
151
150
151
151
148
148
148
148
146
147
147
146
148
148
148
149
149
149
150
150
150
148
147
147
150
151
151
151
151
152
153
151
150
148
149
149
149
148
148
149
150
150
150
149
149
148
148
150
150
151
151
151
151
150
151
151
149
150
150
151
152
152
151
152
152
149
150
150
149
148
148
148
149
149
149
149
150
151
151
151
152
152
155
156
157
155
155
155
155
154
154
153
151
151
150
151
152
152
152
150
149
149
149
150
150
148
148
148
150
150
150
150
149
149
149
149
148
148
148
147
145
146
147
146
146
146
145
145
146
146
147
148
147
146
145
145
147
146
146
147
146
146
146
147
146
148
149
151
151
152
152
151
150
151
149
149
148
150
147
147
147
147
147
146
146
148
149
149
149
149
149
147
148
149
149
149
149
147
148
148
149
149
147
148
148
148
148
148
149
149
149
148
148
148
147
147
147
146
148
149
149
150
149
147
149
147
148
147
147
147
148
147
148
148
148
149
148
150
147
146
145
146
145
145
145
146
148
147
147
148
148
147
147
148
147
147
149
148
151
150
149
146
144
146
146
148
148
148
148
150
151
151
151
152
150
147
147
147
148
147
146
146
147
146
146
146
148
150
151
151
148
149
148
148
147
147
147
148
148
148
148
148
148
149
150
151
151
151
152
153
152
153
153
152
151
151
152
152
151
152
154
154
154
155
153
150
150
150
150
150
151
150
151
152
153
152
150
150
150
149
148
149
149
150
150
150
150
150
150
152
152
153
151
151
151
152
151
150
150
150
150
150
147
147
147
149
150
151
152
152
151
151
151
150
151
149
149
151
151
150
149
149
149
151
151
152
153
152
151
150
150
149
148
148
147
147
147
149
150
149
148
147
147
148
150
150
151
151
151
149
149
149
149
150
150
150
150
151
150
150
153
155
154
153
151
152
152
151
151
151
152
152
150
150
149
148
147
147
146
146
145
145
145
145
146
146
148
149
150
147
146
146
148
150
150
150
152
151
151
150
149
148
149
150
150
150
151
150
148
147
145
145
146
148
148
149
149
150
149
149
149
149
148
148
147
145
145
144
146
144
144
144
145
145
146
145
144
144
144
146
148
147
149
148
149
150
151
150
149
149
148
147
145
145
145
145
146
146
148
147
146
146
146
147
147
147
148
149
145
145
144
144
143
141
141
141
140
140
141
141
141
141
141
141
138
139
139
139
139
139
140
140
139
139
139
139
138
138
139
141
142
141
141
142
143
143
143
141
142
140
140
140
139
139
139
139
141
141
141
141
140
140
140
140
140
140
140
141
142
141
141
140
141
142
141
143
143
142
143
143
144
144
145
145
143
142
143
141
142
141
142
142
144
142
140
141
142
142
143
139
140
140
141
141
141
141
140
140
140
142
143
143
143
143
142
143
143
143
145
146
147
147
146
146
145
143
141
141
142
142
143
143
143
143
143
143
144
144
144
143
144
145
145
146
147
146
146
146
146
146
144
144
143
142
142
141
142
142
143
144
144
144
144
145
145
144
144
144
144
144
146
148
149
150
150
150
150
149
150
149
151
149
151
151
151
151
153
153
151
151
151
152
152
153
155
152
153
154
156
155
155
155
152
150
148
147
148
148
148
148
149
149
149
151
150
148
148
148
147
146
147
146
146
147
148
149
149
149
147
145
147
147
145
143
143
143
144
145
147
146
147
148
146
147
149
149
148
148
147
148
148
150
147
148
148
147
146
148
148
147
147
146
145
145
144
145
145
144
143
143
143
143
142
143
144
144
143
144
144
144
144
145
145
148
149
148
147
146
145
145
144
144
144
145
145
145
145
146
145
144
145
147
147
146
146
148
146
146
145
145
144
144
144
145
145
143
146
145
146
146
145
144
144
146
146
148
148
150
150
150
150
149
148
148
147
147
147
145
145
145
144
144
144
143
142
142
143
146
144
146
146
145
143
144
145
145
145
145
145
145
145
147
147
148
147
147
151
150
149
147
148
152
149
149
147
148
152
150
150
149
149
148
145
143
143
143
143
143
144
144
144
144
144
144
143
143
143
144
144
145
144
145
145
147
147
146
145
145
145
144
145
145
145
143
145
144
143
143
143
143
142
143
144
143
143
143
144
145
145
144
144
143
144
144
145
146
146
147
148
149
147
147
148
147
147
147
147
146
146
146
146
145
146
146
146
145
144
144
145
143
143
143
141
142
142
142
143
143
143
144
144
143
142
143
141
141
142
143
142
141
141
141
141
141
140
140
140
140
140
140
140
140
140
141
140
141
142
140
139
140
140
142
142
141
142
141
141
140
141
142
144
144
142
142
143
141
140
139
141
142
143
143
145
144
144
144
143
143
144
146
146
144
143
144
144
143
143
143
143
143
143
143
143
145
145
143
142
142
142
142
143
141
141
141
141
142
143
143
141
142
141
142
141
143
143
142
143
143
143
143
143
145
145
146
146
146
146
146
147
147
147
147
147
145
144
146
146
146
146
145
145
144
145
145
144
144
144
144
144
142
142
140
140
141
141
142
143
141
141
141
143
144
143
142
144
143
142
141
139
139
139
139
139
140
140
140
141
141
141
140
140
140
141
141
142
142
142
143
144
144
145
145
145
145
145
146
146
146
146
143
143
142
142
140
141
141
141
141
143
143
143
142
142
143
143
143
144
144
144
145
145
145
145
145
145
144
143
143
144
144
143
143
144
144
144
144
144
145
144
145
144
144
145
145
147
148
145
147
147
148
147
147
147
146
147
147
148
147
143
143
145
145
147
146
144
144
143
143
142
142
142
143
144
145
145
145
145
143
142
143
141
143
143
143
144
143
141
143
143
141
141
141
142
142
141
142
141
142
141
141
141
141
141
144
143
142
142
141
141
143
143
143
145
144
145
144
142
141
141
141
141
143
142
143
143
144
142
142
142
140
140
140
140
141
141
140
140
140
139
139
138
138
139
139
138
138
138
138
138
138
138
138
139
139
142
142
143
143
142
142
142
141
141
141
143
143
143
145
149
148
150
147
144
143
143
144
145
144
143
144
144
143
143
142
142
142
143
144
144
143
144
145
146
144
144
143
142
142
139
139
142
142
142
141
140
140
141
142
141
144
145
146
146
145
145
144
143
142
143
143
144
143
143
143
142
143
141
140
140
141
141
141
141
143
142
141
142
141
144
145
143
143
144
144
145
144
143
142
143
143
141
140
139
139
139
140
140
139
139
140
140
139
139
137
138
140
141
142
141
140
141
141
141
139
138
136
137
137
138
138
139
138
140
138
138
140
141
141
141
137
135
135
135
137
137
137
137
138
139
139
138
137
138
138
138
138
138
139
139
138
139
139
140
141
142
141
140
141
140
140
140
140
141
141
142
142
142
140
142
142
143
143
143
141
142
140
140
141
140
141
141
141
140
143
143
141
142
141
140
139
140
142
143
142
141
142
143
143
144
142
143
146
145
146
146
145
143
143
143
144
142
141
142
142
142
141
142
142
142
142
142
142
143
145
147
147
147
147
150
147
149
148
147
150
150
149
151
151
154
148
147
148
145
146
146
146
145
147
147
147
147
147
146
147
146
147
147
148
149
148
147
147
146
147
149
149
149
152
150
151
152
151
151
151
150
150
150
150
153
152
153
154
154
154
153
153
154
154
156
155
153
151
150
150
149
152
151
150
151
150
150
148
149
150
150
150
150
150
147
146
145
143
141
141
141
142
142
142
142
142
143
145
145
143
141
141
141
141
142
141
142
140
141
141
139
140
141
142
142
141
140
140
141
140
141
140
140
140
139
140
138
138
138
137
139
139
138
139
139
140
138
137
137
135
136
137
138
137
138
137
137
139
139
139
140
140
140
139
