0.00031724137931034486 0.00014655172413793104
300
298
293
290
289
289
286
288
286
283
280
279
281
281
284
282
282
280
278
278
279
280
279
280
280
279
280
280
283
285
284
283
285
286
284
284
285
287
291
292
291
291
294
293
294
296
296
294
292
293
293
295
296
295
293
294
292
292
291
293
293
293
294
294
293
292
291
291
294
293
293
293
294
295
298
296
297
296
297
298
297
298
297
296
296
295
298
296
298
297
297
296
295
295
295
296
298
297
296
297
298
299
299
302
304
304
303
304
305
303
303
302
299
301
301
303
303
305
308
310
311
310
309
308
305
305
304
303
306
304
302
302
303
303
303
304
302
304
306
306
305
305
308
308
309
310
310
308
313
312
312
311
310
310
310
313
313
313
314
313
314
312
309
309
309
309
311
311
312
311
311
310
312
312
313
313
313
314
315
311
312
310
310
312
312
313
314
314
315
316
316
314
313
314
313
315
313
313
313
313
312
311
313
313
313
313
314
317
316
315
316
316
317
317
315
315
313
312
313
314
314
312
314
314
314
313
315
315
314
316
317
315
316
316
316
315
313
312
313
314
313
314
312
313
314
316
314
315
316
317
319
319
320
322
321
321
321
321
322
324
325
321
320
322
321
323
324
324
323
322
322
323
322
323
325
325
324
324
325
324
322
323
323
322
321
320
320
320
323
323
323
319
320
321
322
322
323
323
325
325
325
323
322
322
321
324
326
324
324
325
324
323
325
326
327
329
329
328
328
328
326
328
326
326
324
325
324
323
323
323
321
319
318
320
320
321
323
322
321
320
322
322
323
322
325
325
326
326
328
326
323
323
323
322
322
322
326
326
326
323
322
323
323
324
323
324
326
325
324
325
324
326
327
327
327
326
326
329
330
328
328
328
326
325
325
322
322
325
326
325
323
322
321
322
326
322
318
318
320
320
320
319
320
319
320
321
320
320
318
318
317
316
316
317
317
318
317
318
317
318
320
320
325
323
321
321
321
320
320
320
320
321
320
320
320
324
321
319
318
318
317
318
323
324
323
323
322
322
324
323
321
325
323
323
322
320
319
317
316
316
316
320
321
321
323
323
325
325
324
326
326
326
327
328
328
326
329
332
331
331
329
327
327
328
328
328
328
329
329
328
326
327
327
328
328
327
325
327
331
328
330
328
327
327
328
328
329
329
328
327
327
328
329
331
330
329
329
329
330
331
329
327
328
328
327
327
327
330
330
331
330
330
330
334
333
331
333
333
333
331
333
331
330
330
331
332
334
332
330
328
328
328
329
331
328
329
329
328
328
328
328
329
329
329
331
332
332
335
332
330
330
329
326
329
327
329
328
330
330
331
329
329
330
328
329
327
326
328
328
331
331
331
332
332
331
330
327
326
327
329
332
331
333
332
335
334
333
332
332
335
333
333
332
333
331
327
329
330
332
330
330
330
334
334
333
330
332
333
331
330
330
329
328
332
333
334
334
334
334
336
337
337
336
335
332
332
333
334
332
332
333
332
330
331
332
332
333
331
334
335
338
340
340
338
338
339
339
340
339
340
335
337
336
335
336
336
332
334
333
332
331
331
332
332
335
335
335
335
335
336
336
334
335
332
332
332
333
334
332
329
330
330
330
331
330
330
328
329
327
328
329
330
332
331
331
334
331
332
331
332
332
331
331
330
330
329
331
331
333
331
329
332
333
333
335
335
332
332
335
335
336
334
333
333
334
333
333
332
333
332
332
335
335
337
334
335
337
337
337
336
336
337
335
333
333
334
334
334
335
336
336
336
336
338
337
334
336
336
337
338
339
341
343
344
347
344
343
343
344
347
348
344
344
345
347
346
347
349
346
342
342
340
339
340
337
337
338
338
338
337
339
342
343
342
342
340
340
342
338
336
339
341
341
338
337
339
339
337
339
336
337
339
337
338
338
337
341
341
338
336
336
334
334
334
334
335
337
337
338
338
339
338
337
337
337
337
337
338
341
341
340
342
342
340
341
339
340
340
341
341
343
345
341
342
343
347
348
348
348
345
347
347
346
347
345
347
346
346
348
347
347
347
348
347
349
353
350
351
352
351
350
349
349
352
352
354
350
350
351
348
349
349
352
352
348
349
348
349
348
345
346
344
344
343
341
342
342
344
344
342
339
340
342
340
340
340
341
339
341
342
340
340
339
338
336
338
337
337
338
339
338
337
338
338
339
339
336
332
332
332
334
334
335
336
336
335
336
335
339
336
333
332
333
336
333
333
334
334
335
336
337
336
333
334
335
338
336
337
340
342
342
339
339
340
340
342
340
338
337
335
335
334
335
336
337
339
338
338
337
339
339
338
339
341
342
341
340
342
341
342
340
341
343
343
345
346
346
345
346
348
348
345
345
346
347
348
347
347
345
345
342
345
348
349
350
353
349
351
349
346
346
347
345
346
344
347
348
348
349
351
351
351
349
350
351
351
349
349
346
345
343
343
342
342
343
343
342
341
340
339
339
340
339
337
337
338
336
335
336
335
336
336
337
339
338
338
340
339
341
343
343
343
344
344
343
342
339
341
339
339
340
339
339
339
337
339
340
340
339
337
336
337
339
336
334
334
336
337
338
338
333
333
335
333
333
333
334
333
333
334
334
335
336
334
334
335
334
336
342
340
342
343
343
343
341
341
340
338
339
341
342
343
342
341
339
340
342
344
344
345
345
343
343
342
343
341
342
342
342
342
341
342
338
339
339
339
339
340
340
341
341
343
343
344
349
347
347
349
348
349
346
346
346
346
350
351
347
347
346
345
345
344
344
344
343
343
345
346
346
346
349
346
346
347
346
344
342
343
345
346
344
347
347
350
353
354
355
355
352
354
355
357
356
357
358
357
353
353
353
350
352
350
352
352
349
350
350
349
350
350
347
348
349
350
348
347
348
350
349
349
347
347
347
349
350
349
349
348
350
352
351
350
352
351
350
348
348
349
350
351
351
352
351
351
350
351
353
354
356
357
358
356
354
354
353
353
354
354
357
358
358
357
357
355
355
358
354
353
353
352
353
354
356
352
354
354
354
351
351
352
352
354
354
356
357
358
358
358
359
361
361
360
357
357
359
358
357
356
356
355
354
355
356
355
354
354
354
356
360
361
361
361
360
361
362
363
361
362
362
361
362
361
358
359
359
358
358
357
355
355
354
353
352
352
352
353
352
354
355
356
357
355
357
355
356
356
357
357
356
357
357
355
356
356
356
356
358
358
358
360
362
360
361
361
359
359
360
361
361
363
361
364
361
359
358
360
358
358
356
358
355
356
356
359
356
357
357
359
359
359
358
359
360
359
356
356
357
357
354
353
352
354
357
359
359
360
361
360
360
360
360
361
361
356
354
353
353
354
355
355
357
358
358
356
357
356
355
355
357
357
361
363
362
360
361
361
360
361
363
363
364
363
364
365
366
366
367
366
367
365
365
367
369
369
368
367
368
366
367
366
363
363
364
367
368
370
370
370
370
368
369
368
368
371
372
375
371
368
368
365
369
370
371
370
370
369
369
371
370
366
364
365
365
365
366
368
368
368
365
365
367
369
367
366
367
368
369
370
369
368
365
367
368
369
368
369
368
367
365
365
366
367
365
364
360
361
360
361
361
360
361
362
363
363
357
361
359
355
357
355
356
355
357
360
359
357
356
355
355
354
354
354
353
354
353
351
352
353
355
354
355
356
357
357
356
357
357
356
356
356
356
355
355
356
357
358
361
359
361
361
361
362
362
359
359
361
361
360
360
360
363
359
359
361
361
361
362
362
363
361
361
360
362
362
364
362
361
360
361
364
364
363
363
364
364
364
364
365
366
365
365
364
364
365
363
364
364
365
363
362
362
365
367
370
368
368
367
370
370
370
368
367
367
367
368
365
364
362
362
364
363
365
365
367
367
369
369
365
369
368
367
367
367
366
365
364
366
367
367
367
369
369
370
371
370
372
372
373
371
370
369
368
369
369
369
367
366
364
366
366
364
365
364
365
366
366
366
367
369
369
371
369
370
369
370
368
368
369
368
368
368
370
367
369
370
368
368
366
366
365
367
368
367
370
371
371
372
374
375
372
373
375
371
367
368
367
367
366
364
364
363
364
361
363
365
366
366
366
366
366
366
365
363
364
364
363
363
361
361
362
365
364
366
367
366
367
368
368
367
367
367
367
366
366
366
365
366
367
366
368
368
367
366
367
368
372
372
372
368
368
369
370
368
370
369
369
370
373
372
370
369
373
371
371
370
370
368
370
374
374
375
375
374
378
375
374
374
375
377
381
380
382
380
382
383
381
379
379
379
377
376
375
375
376
377
377
374
373
372
373
373
371
372
371
370
371
371
369
370
371
373
370
370
370
370
369
371
370
371
372
371
371
372
373
373
373
373
374
373
372
373
374
376
374
372
373
373
371
368
368
369
371
374
373
373
370
369
370
371
370
369
369
368
368
367
368
368
368
371
370
371
372
371
371
371
372
375
373
373
374
373
373
371
371
373
374
374
375
377
376
377
375
375
374
369
367
366
365
365
365
365
364
364
364
366
367
367
367
370
371
371
369
367
369
369
369
370
370
368
365
365
366
365
364
365
362
363
362
362
363
364
364
365
364
364
365
367
368
368
367
369
370
372
372
373
372
371
371
369
368
368
368
367
365
365
364
365
366
365
364
364
364
366
367
365
366
366
367
373
372
371
372
372
373
372
369
369
369
371
373
371
375
376
376
376
376
374
375
375
378
379
377
377
380
377
381
379
378
380
381
379
381
383
384
383
383
386
389
385
386
386
384
383
381
381
380
382
382
382
382
383
382
380
380
379
379
381
380
381
383
385
386
387
385
382
383
383
382
383
384
385
385
385
388
388
387
385
385
389
388
386
386
383
384
382
385
384
384
383
387
387
388
388
389
387
387
386
386
388
387
388
387
389
385
384
384
386
385
387
384
384
386
387
386
384
385
385
388
388
389
387
386
387
389
389
389
391
390
389
386
386
389
388
386
385
386
384
384
382
382
380
383
384
386
384
382
383
382
383
383
384
384
386
386
385
387
388
390
388
388
387
387
389
388
387
386
387
391
390
390
388
388
388
386
386
388
390
390
390
391
390
390
388
386
392
392
394
392
393
390
389
386
383
382
383
380
380
381
382
384
386
383
382
382
383
385
383
384
386
384
383
386
389
390
389
388
386
388
388
386
386
385
385
388
386
386
386
387
386
390
389
392
387
387
386
381
378
379
379
381
383
383
382
382
383
385
384
385
385
386
390
391
392
388
388
385
385
384
385
385
385
385
385
383
385
387
384
381
382
379
377
377
377
383
384
384
382
382
383
382
382
383
382
382
381
383
381
381
379
381
380
377
378
376
377
377
375
375
376
378
381
378
381
380
380
379
378
379
379
381
380
380
382
382
384
379
381
381
381
380
373
373
373
372
370
372
373
372
373
372
374
376
377
376
375
376
377
376
378
378
378
378
382
383
381
384
383
382
378
378
377
378
378
381
379
377
375
374
373
373
373
373
374
373
372
372
374
375
375
373
374
376
379
380
376
379
378
378
377
375
377
374
376
375
374
372
370
370
369
371
371
370
370
371
373
374
374
374
376
375
375
374
375
375
375
375
375
376
376
374
373
373
375
375
373
371
372
372
375
374
372
372
372
374
374
374
372
372
373
372
371
371
371
371
372
371
371
375
371
370
372
371
372
371
372
371
369
368
364
362
363
362
361
362
360
363
365
366
364
365
365
368
369
368
369
368
367
365
364
364
361
362
361
361
362
362
363
361
362
362
364
367
365
364
364
368
367
363
363
367
365
365
368
366
367
367
366
365
365
364
364
362
362
362
363
364
365
363
364
364
365
364
367
368
368
369
369
369
367
366
365
369
367
367
365
364
363
367
370
366
366
367
368
369
369
370
369
368
366
365
368
371
369
368
367
367
365
366
365
366
369
369
369
368
368
370
369
367
367
367
365
366
367
365
366
366
366
365
364
362
363
360
362
364
363
362
361
361
360
362
362
365
365
364
362
363
364
366
370
368
368
368
369
367
364
364
367
366
367
367
368
367
369
369
370
370
371
368
369
371
371
370
369
370
374
374
381
382
378
376
377
377
376
376
376
376
378
376
373
371
373
372
372
374
373
370
372
372
371
372
375
378
381
383
382
381
379
379
378
380
381
381
381
381
381
382
380
377
377
379
379
380
378
378
379
378
379
378
379
380
381
379
382
380
378
379
377
377
378
379
382
382
380
378
380
379
380
380
375
376
375
374
374
374
373
373
373
374
374
375
375
376
375
375
372
374
375
374
377
376
378
378
380
383
380
378
380
381
380
380
381
382
381
383
385
383
383
382
382
380
381
380
382
381
379
382
381
382
378
378
377
381
382
382
381
379
378
377
376
379
379
380
381
381
383
383
380
380
381
380
380
378
378
381
383
387
390
388
388
387
389
391
392
393
390
388
384
388
386
385
387
389
385
385
384
385
386
384
388
387
388
385
386
387
390
391
392
393
391
387
386
386
386
389
387
384
383
388
390
389
388
385
382
382
383
381
382
381
380
379
379
379
382
385
385
382
380
380
380
378
376
372
373
373
375
376
377
377
382
377
377
374
373
372
370
371
372
371
371
369
368
365
364
363
364
365
368
368
369
372
371
369
370
371
372
372
374
375
373
375
371
370
371
372
373
374
374
372
373
370
370
371
371
370
367
366
368
369
368
368
368
368
367
366
366
368
367
368
369
372
370
370
372
372
373
375
373
371
372
370
369
369
368
370
372
371
370
368
368
366
367
367
365
367
367
363
363
364
367
368
367
369
366
368
365
366
369
369
372
370
371
370
372
374
373
374
377
377
378
382
381
379
378
378
377
375
377
378
378
377
379
377
377
381
378
379
379
379
380
381
378
379
377
375
375
375
376
376
376
375
373
371
371
372
374
375
377
380
378
380
379
376
376
379
381
383
383
383
383
383
386
383
383
386
383
383
383
384
382
381
382
382
381
378
379
377
377
377
378
378
379
374
375
374
372
372
372
373
373
372
371
371
371
370
372
370
370
372
371
375
373
374
375
374
374
377
377
378
375
375
373
375
377
377
378
378
383
383
384
385
385
384
384
383
382
381
379
379
377
382
382
383
383
380
380
383
383
379
379
378
379
381
380
380
382
381
380
379
380
383
380
377
375
375
376
376
375
374
373
372
371
372
373
374
375
372
374
374
374
374
372
371
371
371
371
371
370
371
372
374
375
372
372
373
370
372
372
371
373
372
370
372
372
369
369
367
367
367
368
370
370
372
371
372
372
372
370
368
368
369
369
371
372
372
374
373
372
373
373
374
373
373
371
371
367
368
369
370
371
372
371
373
373
372
372
371
368
369
371
373
372
369
370
371
373
373
373
375
376
376
378
378
378
378
375
375
375
376
375
375
373
376
376
377
376
376
371
370
371
372
371
372
370
369
370
371
372
373
374
376
376
374
376
376
373
372
372
371
372
373
371
373
372
372
375
376
375
376
378
377
379
378
378
377
376
378
378
377
379
377
375
374
374
375
377
377
375
377
378
377
374
375
378
375
373
376
377
376
374
372
372
371
371
371
369
368
367
366
366
369
370
369
369
370
371
373
371
372
371
372
374
373
373
372
374
371
372
373
373
374
373
374
373
374
375
376
376
375
377
378
376
373
375
375
374
371
371
371
372
373
376
373
373
374
374
370
371
371
372
372
369
370
371
372
370
371
370
369
369
369
367
369
370
370
369
369
369
370
373
371
372
372
374
373
374
374
375
373
368
369
368
368
366
367
368
365
365
366
371
368
372
373
372
371
371
368
365
364
364
363
363
360
359
359
357
357
358
358
359
362
362
361
360
359
361
360
360
360
363
363
363
362
360
358
360
359
358
357
357
359
358
358
360
360
359
360
363
365
365
365
365
363
364
362
362
363
363
365
363
363
363
362
362
362
365
364
364
361
359
361
360
360
358
359
359
360
360
359
360
362
363
365
366
366
365
366
366
368
370
369
368
368
370
370
370
367
371
369
372
372
371
371
372
373
373
374
376
375
376
375
375
372
372
372
373
376
377
375
375
374
372
372
370
370
371
371
370
368
367
366
367
368
364
364
363
363
362
363
363
363
364
362
362
364
363
367
366
366
364
363
361
362
362
357
356
356
358
358
360
359
358
359
358
359
359
362
363
362
361
360
357
359
359
359
358
359
357
361
363
362
363
363
363
365
366
364
364
365
364
366
366
365
366
363
363
366
365
370
370
368
371
370
368
368
367
367
365
363
364
364
365
364
366
367
367
367
369
370
369
370
366
367
367
366
370
368
368
369
368
368
370
373
371
369
370
368
368
370
372
373
375
376
374
376
374
375
373
373
373
373
376
376
379
378
375
376
378
377
378
378
378
375
377
374
374
373
372
372
371
370
371
373
373
374
377
376
376
376
376
377
375
377
375
376
376
376
375
379
378
375
377
377
377
377
380
382
381
381
380
379
379
377
375
371
371
372
372
373
375
377
374
373
368
368
368
365
365
365
365
365
367
368
367
366
364
364
365
366
368
367
366
367
368
367
368
367
367
368
367
369
369
367
368
368
367
368
368
368
368
369
370
371
372
370
370
369
369
371
373
372
372
374
374
375
375
377
376
375
373
371
372
373
373
373
372
369
367
370
373
374
373
374
375
379
381
382
381
381
381
382
382
383
383
380
380
382
382
379
377
373
374
373
373
372
371
372
372
371
369
373
374
373
376
376
376
375
378
377
375
373
373
373
373
373
375
374
377
378
382
380
380
381
381
378
379
380
379
377
378
378
376
381
385
385
384
384
388
388
388
384
384
385
386
384
383
384
383
381
381
381
383
385
388
387
388
386
383
384
384
384
385
386
384
383
384
384
384
384
383
386
385
385
387
389
389
391
391
390
390
390
391
393
391
393
394
394
391
393
391
393
391
389
388
388
388
387
387
388
386
386
385
386
384
385
387
387
391
390
391
387
385
386
383
382
383
386
383
383
383
383
383
385
383
387
382
382
382
380
381
384
385
385
387
387
386
385
383
381
380
378
379
382
382
383
382
380
381
380
382
381
380
380
380
380
379
379
380
378
381
383
383
384
382
383
383
382
383
382
381
379
381
381
381
383
384
385
385
384
383
384
383
381
378
379
381
381
381
380
379
380
381
382
379
380
380
380
380
378
381
382
385
385
390
392
391
390
390
389
389
386
387
386
384
381
379
381
380
379
377
375
376
380
381
384
381
378
381
376
373
373
375
378
378
376
375
372
374
373
375
377
374
373
373
376
375
375
372
374
378
376
378
379
378
379
382
382
381
382
382
381
383
380
381
379
378
378
376
376
374
373
372
372
372
370
372
371
372
371
373
373
375
372
373
372
370
369
372
372
370
370
369
368
369
370
367
368
369
370
368
371
375
373
368
367
370
367
366
364
365
365
367
368
367
367
366
366
367
366
367
365
365
366
364
365
366
367
367
372
371
370
370
370
371
372
372
368
371
375
374
374
377
376
377
378
380
377
374
374
376
377
378
378
379
378
378
376
378
378
378
378
377
378
378
378
379
381
380
379
379
381
379
378
378
378
377
377
381
380
378
378
378
381
381
381
383
383
383
383
386
387
386
384
382
382
382
386
384
384
385
387
385
385
385
386
387
386
386
387
387
388
389
384
383
383
382
382
382
382
380
381
382
381
385
384
385
384
383
383
383
381
383
385
383
385
386
385
384
386
387
387
387
388
388
387
388
389
385
386
387
387
384
384
382
382
382
380
377
378
377
379
379
381
379
382
382
383
383
384
386
385
384
384
385
384
383
386
383
386
386
386
387
388
388
388
386
387
387
388
388
391
389
393
391
392
392
394
392
390
387
388
388
388
387
386
385
385
384
385
386
388
385
386
387
386
386
386
388
385
386
384
384
384
384
382
382
382
381
383
383
382
382
378
379
379
377
376
380
378
376
375
372
372
371
370
370
368
368
369
367
364
363
364
368
370
371
371
371
372
371
375
372
372
373
371
370
370
372
371
375
373
372
369
369
368
367
367
371
371
372
373
369
368
371
368
370
370
371
370
367
369
369
370
372
373
373
375
375
375
377
374
374
370
370
369
369
370
370
369
372
372
371
371
370
371
371
370
371
368
370
367
366
366
366
367
368
368
368
368
368
366
367
367
367
369
368
369
369
369
368
370
368
367
369
367
366
366
367
366
367
370
369
367
366
369
368
368
371
370
371
367
367
367
365
365
367
367
366
368
368
369
368
370
369
364
364
366
367
369
370
370
370
369
371
371
371
370
370
371
369
367
367
367
363
368
367
369
368
368
369
372
371
373
372
368
369
368
369
372
375
377
378
378
377
377
376
377
378
378
378
379
378
376
374
373
375
372
373
373
372
373
374
379
376
378
378
377
379
379
378
377
376
375
378
376
379
378
377
379
377
375
375
374
373
374
375
376
375
372
376
379
380
379
382
383
380
380
379
378
379
380
382
382
381
381
382
384
383
381
378
380
381
381
381
381
381
382
382
380
382
385
384
382
381
380
378
376
374
375
376
376
375
374
376
375
379
380
381
379
380
380
382
383
386
386
386
386
384
383
381
383
384
382
382
384
381
381
380
382
380
379
377
378
380
381
383
382
383
384
381
381
380
381
383
382
384
381
380
378
378
377
377
378
376
375
375
373
375
373
374
375
376
380
379
379
376
375
376
372
373
374
373
375
375
378
378
377
378
377
376
377
375
374
373
373
372
374
375
373
374
375
376
374
372
372
368
366
368
368
367
366
368
369
370
368
368
368
370
369
368
369
370
370
368
367
364
364
363
363
363
363
365
366
365
367
368
368
367
368
373
371
372
371
373
370
369
369
369
366
366
365
365
365
367
366
366
366
364
363
362
362
364
360
360
361
366
363
363
365
365
365
367
368
367
368
367
366
365
365
365
364
364
366
370
369
369
367
368
368
369
369
369
369
368
369
367
368
369
370
371
373
375
375
375
375
379
378
378
377
378
378
377
379
379
379
382
379
378
378
377
379
378
377
374
374
371
372
375
376
373
373
375
375
377
379
380
378
380
380
382
383
383
381
380
380
379
378
379
380
380
381
381
380
383
383
383
386
384
383
382
378
379
381
382
379
378
380
379
379
381
379
380
380
382
384
385
386
383
384
383
385
387
387
386
386
386
387
385
386
383
385
383
382
386
385
383
383
381
381
384
382
382
381
379
379
377
375
376
376
377
376
378
378
377
379
377
375
373
376
377
376
376
378
377
377
378
378
377
376
378
377
380
380
382
384
385
383
385
389
387
391
390
389
389
389
388
386
391
390
393
394
395
395
395
394
393
394
393
390
389
390
389
388
386
386
385
386
385
388
390
390
389
389
388
387
389
389
388
388
388
388
