0.0002831034482758621 0.0004537931034482759
300
296
294
286
281
280
275
270
270
272
270
269
271
267
262
262
261
259
255
255
252
251
252
249
250
251
251
252
253
255
255
254
253
251
249
248
246
244
244
244
246
246
243
242
245
242
240
241
239
238
239
239
239
238
238
238
238
239
240
239
236
237
238
238
234
233
232
231
231
231
230
230
230
229
229
229
231
233
235
235
234
234
233
236
235
235
234
232
229
229
229
228
230
232
232
230
228
230
228
230
230
228
228
230
230
229
229
228
227
226
226
227
225
226
225
226
227
225
226
225
222
220
220
220
219
219
221
224
221
221
221
220
218
217
217
219
218
220
220
219
217
220
220
219
218
219
218
221
223
226
224
223
223
225
225
226
226
227
226
228
229
229
229
229
228
229
227
227
221
223
224
222
222
222
221
220
220
219
219
219
216
217
216
217
216
215
215
215
214
214
214
215
215
215
217
218
219
216
217
216
216
217
216
216
217
217
217
216
217
217
216
218
217
217
219
217
216
215
216
215
215
213
214
216
217
218
218
217
217
217
218
217
217
216
216
216
215
215
215
217
216
217
219
221
222
222
217
215
212
213
214
214
214
211
211
210
209
209
208
207
208
208
206
206
206
206
206
206
207
207
207
207
208
211
210
210
213
215
216
215
214
214
213
214
216
214
216
215
216
214
211
211
211
209
209
209
209
209
208
209
208
208
208
208
208
209
209
208
208
207
206
208
208
209
209
208
208
208
210
212
215
208
207
207
205
205
205
204
204
203
202
202
201
202
202
201
201
201
201
201
202
202
203
203
203
203
203
204
206
204
205
204
203
203
204
206
209
207
204
203
204
204
207
208
208
208
205
207
208
207
206
206
205
205
207
208
208
209
207
208
208
208
208
209
208
208
207
205
205
203
203
204
204
202
202
201
200
198
198
198
199
200
201
201
202
201
201
202
199
197
198
199
200
203
203
204
204
203
200
199
200
198
197
197
197
196
196
198
196
195
195
194
194
194
195
198
199
199
198
196
197
197
197
198
198
197
195
195
195
195
196
197
196
195
195
195
196
194
192
192
194
194
194
194
193
194
194
194
195
194
194
194
194
193
194
196
197
199
201
202
201
198
197
198
195
196
195
194
192
192
191
190
190
190
190
190
190
190
190
190
191
191
190
190
191
190
190
190
190
189
189
191
190
188
188
189
188
189
188
190
192
192
192
191
192
191
191
191
189
191
191
190
190
190
191
192
191
191
191
191
191
192
190
190
191
189
190
189
189
190
191
190
188
188
189
189
187
187
188
187
189
189
190
190
189
190
190
189
188
187
186
188
190
189
188
187
187
187
186
186
187
188
188
189
188
189
189
189
192
192
194
194
194
193
193
193
192
193
192
192
193
195
194
191
191
192
192
191
192
190
192
192
193
192
193
193
192
192
193
192
194
193
193
192
192
193
193
194
194
193
193
193
190
191
192
191
192
191
192
192
190
190
191
192
192
191
190
188
188
187
187
186
187
185
186
187
188
186
185
185
186
185
186
188
190
189
188
187
188
187
187
187
187
188
188
186
188
188
187
186
186
186
185
185
186
187
187
188
189
189
190
190
191
190
192
191
190
192
191
189
189
188
189
189
190
188
188
189
189
189
189
190
191
191
191
190
189
187
188
189
189
186
185
186
186
186
185
185
185
185
186
187
188
187
187
187
188
187
189
191
191
193
191
191
188
188
189
189
189
188
189
188
187
187
190
189
187
186
187
187
187
188
188
188
190
189
190
189
189
191
189
190
190
190
190
189
190
192
191
190
190
190
189
189
188
189
188
192
190
190
190
190
189
189
188
187
188
188
187
187
189
189
187
187
189
189
189
186
185
186
186
187
187
189
189
190
191
190
190
191
191
189
184
185
185
186
187
187
188
188
189
187
188
190
190
190
191
190
189
189
188
188
188
187
186
187
188
189
190
190
191
188
187
188
186
186
185
185
185
186
186
186
185
185
185
186
186
185
186
184
185
186
186
186
185
184
182
182
182
182
182
181
182
184
186
184
184
185
185
185
187
186
184
183
184
181
183
184
183
184
185
184
184
184
185
185
187
187
184
185
187
186
187
187
187
188
188
188
188
188
188
188
189
189
190
190
188
188
186
186
187
190
190
190
190
188
189
190
188
188
188
188
188
189
188
187
186
186
186
188
186
185
185
184
185
184
184
183
184
185
187
187
188
188
188
187
187
187
187
187
187
186
186
186
184
185
184
186
184
184
185
185
185
185
188
186
187
187
184
181
180
181
181
180
181
181
180
181
182
185
184
183
185
184
185
185
184
184
184
185
184
183
183
184
184
183
181
182
182
182
185
185
186
187
187
185
184
185
185
186
187
185
185
187
187
186
186
184
185
180
181
180
179
179
180
180
179
182
180
181
182
182
181
181
180
180
182
181
183
183
182
182
179
177
179
180
181
183
182
179
179
181
182
185
184
183
183
181
180
181
181
180
180
180
178
178
179
177
177
180
179
177
177
176
177
174
175
175
176
176
177
177
177
177
177
177
177
179
176
178
177
176
177
177
177
177
178
177
178
176
177
178
178
177
178
176
176
176
173
174
174
173
175
176
176
176
178
177
177
179
177
178
176
177
177
175
176
175
174
174
173
173
172
173
172
171
171
171
173
174
173
173
173
172
171
171
172
172
172
173
175
175
174
176
176
173
172
172
172
172
172
173
171
171
172
172
172
172
172
171
172
171
173
174
174
175
176
176
177
179
179
179
179
178
177
177
177
177
176
176
177
174
175
176
176
177
177
177
177
175
176
177
176
176
176
176
176
177
176
176
178
178
176
176
176
175
173
173
173
172
171
172
172
172
172
173
174
174
175
176
176
177
176
176
173
173
173
172
172
171
172
173
173
172
172
173
174
176
177
176
175
174
174
174
173
174
175
174
173
173
174
174
174
173
172
172
171
171
172
172
173
172
173
174
174
173
172
172
171
170
171
171
171
172
174
171
168
168
170
172
171
172
172
171
171
171
171
175
177
176
177
175
176
175
177
179
177
175
176
176
176
175
173
174
173
173
173
172
171
172
172
172
173
172
172
173
174
175
173
171
171
172
172
172
172
171
170
173
172
174
174
173
170
170
170
170
169
171
171
176
176
173
176
174
171
172
172
172
173
170
170
169
170
170
171
170
167
169
169
170
169
169
168
166
166
166
167
168
167
169
169
170
171
172
170
170
166
167
166
167
166
166
166
165
165
165
164
164
164
164
165
167
168
168
168
167
167
167
167
167
167
166
165
165
166
166
165
166
166
166
166
165
166
165
168
169
167
167
166
166
167
168
170
168
168
165
166
168
166
166
165
166
168
168
168
170
169
169
170
171
171
171
171
173
174
174
173
174
174
175
174
174
174
174
171
171
169
169
168
167
168
168
166
165
166
167
167
167
168
168
166
166
166
166
166
165
165
165
164
165
165
166
167
167
166
166
165
164
166
166
166
165
164
165
165
166
165
165
165
165
166
167
167
166
165
163
164
164
163
161
161
162
162
163
162
162
162
162
162
165
165
163
163
163
163
165
165
167
165
165
166
167
168
169
169
170
170
170
168
168
168
168
167
167
169
167
166
166
164
165
166
167
167
166
166
166
166
166
166
166
166
166
168
167
167
166
165
166
167
166
164
163
163
163
162
162
163
163
163
163
163
164
165
163
163
164
166
165
165
165
163
162
162
162
165
166
164
163
163
163
164
166
167
169
169
169
170
169
168
166
166
167
167
166
166
165
164
164
163
161
162
162
162
162
162
162
162
162
162
162
162
163
165
164
164
161
162
162
162
162
162
163
161
160
159
159
159
160
164
161
161
160
159
159
163
161
162
163
163
160
159
160
161
160
160
159
159
159
159
161
161
159
158
160
160
162
160
161
158
160
161
159
159
159
157
157
157
157
156
156
156
157
157
158
158
158
158
158
159
157
157
157
158
158
162
162
162
162
162
159
159
159
159
159
158
160
159
160
161
161
160
160
161
162
163
165
163
161
160
160
158
158
158
156
156
156
157
156
154
153
154
154
155
156
155
155
157
156
156
155
155
155
155
155
155
156
155
155
154
154
154
156
156
157
156
158
157
154
154
155
156
156
156
156
156
157
157
155
155
154
154
154
155
155
155
155
155
155
155
156
154
154
154
155
155
154
154
153
153
152
152
152
153
153
151
154
154
154
153
153
155
156
155
155
155
152
153
154
154
153
152
152
151
151
151
151
151
151
151
148
149
150
150
150
151
151
152
153
153
153
152
152
152
153
154
154
154
153
153
154
155
155
157
156
155
154
155
155
156
154
153
153
154
154
153
153
153
153
153
153
152
151
153
154
153
154
152
152
152
153
153
153
152
152
154
154
151
150
150
152
155
155
153
152
152
151
151
150
148
148
148
149
150
152
152
153
154
155
155
153
154
153
153
153
152
152
153
152
153
155
156
155
152
151
152
152
152
151
152
151
151
151
153
153
155
154
152
151
150
151
149
149
150
151
153
152
152
153
154
153
154
154
153
153
153
155
155
155
157
155
154
154
153
152
151
150
150
150
151
152
151
154
154
153
150
151
152
149
151
151
150
150
150
151
150
149
149
149
149
149
150
150
151
149
149
147
147
147
147
147
149
149
150
151
150
151
152
152
152
154
152
152
153
152
152
152
152
150
150
152
150
150
151
151
152
151
149
149
149
150
148
148
150
150
149
149
150
150
149
149
149
149
150
150
150
150
151
151
150
149
150
151
150
149
149
150
149
151
151
152
154
152
150
151
151
150
150
148
147
148
148
149
150
150
150
150
151
150
149
151
150
151
151
150
148
148
146
145
145
146
146
145
146
148
148
148
149
150
153
153
153
153
155
154
159
159
158
156
155
155
153
153
154
156
155
155
152
150
151
151
151
150
149
149
149
149
149
149
149
149
148
149
149
150
150
151
152
152
150
148
148
148
150
150
151
151
151
152
152
152
152
150
152
153
155
155
154
154
153
153
153
156
155
155
152
152
153
153
152
152
153
152
151
151
152
154
154
155
154
154
154
156
156
154
151
150
147
147
147
148
148
148
148
147
146
146
145
147
147
145
145
146
146
145
147
146
146
146
147
148
147
146
146
146
146
148
148
150
150
148
148
147
147
147
150
149
149
150
150
151
152
149
147
147
146
146
147
148
146
147
147
147
146
146
146
147
147
147
147
148
148
148
147
146
146
146
147
146
146
146
145
146
146
146
146
146
147
147
147
147
146
146
148
146
147
147
147
146
146
146
146
146
145
146
146
146
146
146
146
146
146
146
146
146
148
149
150
148
148
148
146
146
146
146
146
147
149
150
149
148
147
148
149
148
147
147
147
148
148
150
149
149
149
149
149
148
149
149
152
154
153
152
151
151
150
149
149
149
150
150
149
149
149
149
147
147
148
148
146
146
146
144
145
144
144
143
143
143
143
142
144
144
143
143
144
143
144
144
144
145
145
144
144
145
147
147
148
148
148
147
147
146
146
145
146
146
144
144
144
144
144
144
144
144
143
144
144
144
144
145
144
144
144
144
144
142
142
142
141
141
142
142
143
142
142
143
144
145
143
143
143
144
144
145
145
147
147
145
145
146
146
146
145
146
146
144
144
145
145
143
143
143
144
145
146
146
146
145
145
146
148
146
146
145
146
145
145
146
146
147
148
149
147
145
146
146
146
145
145
145
145
147
146
148
149
149
148
148
147
145
144
144
144
144
144
145
145
145
144
143
140
141
141
141
141
141
141
141
141
141
141
141
142
144
145
144
145
144
143
143
145
145
144
144
146
145
145
145
147
147
145
145
145
144
144
145
143
143
144
144
143
143
143
143
143
144
143
143
143
143
143
143
143
145
144
143
143
141
140
141
140
141
141
141
141
143
142
142
142
142
142
143
141
141
141
141
140
141
141
142
141
142
143
144
144
146
143
141
140
139
138
138
139
140
140
140
142
143
142
141
143
143
144
144
144
145
142
143
144
143
145
143
144
143
145
145
145
144
145
143
143
143
143
142
142
142
142
143
142
140
140
140
140
140
139
141
141
141
141
140
139
139
139
137
137
138
138
139
141
143
143
142
142
140
140
140
140
139
140
140
138
138
138
138
140
141
140
141
139
141
140
139
139
138
138
137
137
137
137
137
137
139
140
140
140
139
138
139
140
139
138
139
138
139
139
141
141
141
143
142
142
142
142
141
140
140
140
140
139
138
138
138
138
136
135
136
137
138
137
137
136
136
135
135
135
135
135
135
135
137
137
138
138
139
137
138
138
138
137
137
137
138
138
138
136
136
136
136
137
137
137
137
139
138
139
140
140
142
141
141
141
142
141
141
141
140
138
138
138
138
138
138
137
137
137
137
137
137
137
139
139
139
139
140
140
139
138
137
136
137
137
137
138
139
140
140
140
141
141
139
138
138
138
139
140
140
140
139
139
139
139
139
137
137
137
137
138
141
140
141
142
142
140
138
137
137
136
137
137
137
138
138
139
138
138
137
137
138
139
138
140
140
140
141
140
139
139
139
137
137
136
136
136
138
138
137
137
137
137
137
136
136
136
135
135
136
138
138
136
136
137
137
137
138
138
142
142
140
140
138
138
139
139
139
139
140
139
140
140
140
138
137
138
138
139
139
139
141
141
141
141
141
143
143
140
142
140
141
141
140
138
136
138
136
138
138
139
141
140
140
139
138
139
138
136
135
135
135
134
135
135
136
136
135
134
134
135
138
138
137
139
139
139
137
136
135
135
135
138
138
137
137
138
138
138
138
137
138
137
137
138
138
138
137
138
137
136
137
138
137
135
136
136
137
136
135
134
134
134
136
135
135
135
135
135
136
136
136
136
136
136
136
137
136
135
133
135
135
134
134
133
134
135
135
137
135
136
137
137
136
134
134
134
134
134
134
134
134
133
135
138
141
142
141
139
138
138
138
137
136
135
135
134
134
134
134
134
135
135
134
134
135
135
136
135
134
134
134
133
134
133
133
133
133
132
132
134
133
133
133
133
132
133
133
133
133
133
133
133
134
133
133
132
133
134
134
134
133
133
133
133
133
131
131
131
130
130
130
130
130
132
132
132
132
131
133
134
134
134
134
132
132
133
132
133
134
135
133
132
132
132
131
131
131
132
132
132
132
131
131
130
132
131
131
132
132
132
132
131
130
130
130
130
130
131
133
133
134
135
135
136
135
135
135
134
135
135
135
133
133
133
135
134
133
134
134
134
134
133
134
133
136
136
135
133
133
133
132
132
132
132
132
132
132
133
132
132
133
133
133
134
134
135
136
136
135
135
135
135
135
134
134
134
134
135
135
134
134
134
134
136
136
136
136
136
136
137
135
136
136
135
135
136
136
134
135
133
133
133
134
133
133
134
133
134
134
133
133
134
134
136
135
135
135
136
136
135
135
135
136
137
137
137
138
139
139
139
138
138
138
137
138
138
139
137
137
138
137
136
136
136
137
137
136
134
134
135
135
136
136
136
136
138
138
138
138
137
136
135
135
135
135
135
134
134
134
135
136
136
134
133
134
134
134
134
133
133
134
132
132
132
133
132
132
132
132
132
135
135
135
136
138
138
136
134
133
134
134
133
134
134
136
135
134
134
133
133
133
134
135
134
133
133
133
134
136
135
136
136
133
132
132
131
131
131
130
130
130
131
131
132
131
131
132
130
130
131
131
131
131
131
133
133
132
132
133
134
133
132
134
135
134
132
130
129
129
129
128
129
130
130
131
131
131
130
128
128
129
129
129
128
128
128
128
128
128
129
131
133
132
132
132
132
132
131
130
129
129
130
132
133
133
131
130
131
130
130
130
130
130
130
130
129
129
129
129
129
130
129
129
129
128
128
129
129
129
129
129
129
130
130
132
130
129
128
129
130
130
129
129
129
129
129
128
128
131
130
129
129
129
129
129
130
129
130
130
131
132
130
129
130
129
129
129
130
131
131
131
131
132
131
131
132
134
135
134
133
131
131
131
130
130
130
129
129
128
128
127
128
129
129
129
129
130
130
130
129
130
130
129
129
129
129
129
129
128
128
129
128
128
129
129
130
131
130
130
132
129
128
127
127
127
127
127
128
127
128
128
127
128
128
128
128
127
127
127
128
128
126
125
126
127
127
127
128
126
126
126
126
127
127
127
130
128
129
127
126
127
127
126
127
127
126
126
126
126
126
126
126
126
126
128
130
129
129
127
127
127
127
126
125
125
125
125
125
125
125
124
124
124
124
124
125
126
126
126
126
124
124
124
125
125
125
127
126
127
127
127
127
128
128
130
126
127
126
126
126
126
126
126
126
126
123
123
122
122
123
124
124
124
125
124
124
126
124
125
124
124
123
123
122
122
123
123
123
123
123
123
123
123
125
125
124
125
126
127
126
126
124
123
123
124
123
122
123
124
124
124
123
123
123
124
124
123
124
125
126
124
124
124
124
124
125
124
125
125
124
125
124
124
124
125
126
126
126
125
123
124
123
124
125
125
125
126
128
125
125
125
124
124
124
124
123
125
125
126
126
126
124
124
124
127
128
130
129
130
129
129
129
128
127
126
124
123
124
124
123
124
122
122
123
123
124
125
124
123
124
125
125
124
124
122
123
124
121
122
122
122
122
122
122
122
123
123
122
121
122
122
122
122
122
122
122
123
123
124
122
122
122
122
122
124
124
126
125
124
124
124
123
124
123
123
123
125
125
126
125
126
126
125
125
125
123
123
123
124
125
124
123
122
123
122
122
125
126
126
127
126
126
127
126
125
125
125
125
125
125
125
125
126
125
125
126
127
125
125
125
126
124
123
125
124
124
126
126
124
125
125
125
125
126
126
124
122
122
122
123
123
123
123
122
122
123
123
123
123
122
123
123
123
121
121
120
121
121
121
122
122
123
123
125
124
124
123
122
122
122
122
122
124
125
123
122
121
121
121
121
122
121
121
121
121
123
122
123
123
122
121
120
121
120
120
120
120
120
121
121
121
121
121
121
120
120
121
121
121
121
122
123
123
122
122
123
121
120
120
121
121
122
122
122
122
121
122
123
122
121
122
121
121
121
120
120
121
123
122
124
122
122
122
121
121
120
120
121
121
120
119
119
119
119
120
120
120
120
120
121
121
121
120
120
120
119
118
118
118
116
116
116
116
118
117
116
116
116
117
117
118
119
119
120
120
121
119
116
116
117
116
117
117
116
116
116
116
117
119
121
121
121
122
122
121
120
119
118
118
118
118
118
118
118
118
117
117
118
118
116
117
117
116
116
117
117
117
118
118
118
118
119
118
118
116
115
114
114
114
116
116
117
118
118
118
118
118
118
118
118
118
120
120
120
120
119
119
120
120
118
120
121
123
124
121
121
120
121
121
120
119
121
123
121
120
118
117
117
115
116
116
116
114
114
114
114
115
115
116
115
114
114
114
115
114
114
113
113
113
113
113
113
114
114
114
114
114
113
115
114
114
114
113
114
114
115
114
114
114
114
112
112
112
112
111
112
115
116
115
114
114
113
113
113
113
114
113
114
115
115
116
115
118
118
117
117
118
119
116
114
115
116
118
118
118
118
115
114
114
113
113
113
113
111
110
110
110
111
111
111
110
110
110
110
110
110
110
110
110
112
112
112
112
112
112
110
110
110
110
108
108
108
109
109
109
110
111
111
111
112
113
111
111
110
110
108
108
108
108
108
107
107
107
107
107
108
107
107
107
108
107
107
107
107
109
109
110
110
110
111
111
109
108
108
108
109
107
108
108
108
110
110
112
113
113
112
111
111
111
111
112
113
112
113
113
113
113
112
112
111
111
111
112
112
112
110
111
111
111
109
110
110
110
111
111
110
110
110
110
110
110
112
111
110
111
111
111
110
110
110
110
110
110
110
111
112
110
110
110
110
111
111
112
111
110
112
111
111
111
111
112
113
114
113
111
111
111
111
110
112
111
111
111
110
109
111
111
111
112
112
112
113
114
117
117
116
115
112
111
111
110
109
108
109
112
114
112
112
112
112
111
110
111
112
112
111
111
113
112
112
112
113
113
112
113
113
112
112
112
112
110
110
110
111
111
112
112
112
111
110
110
110
111
111
112
112
112
112
110
110
110
111
111
111
110
110
110
109
109
110
110
110
110
110
110
109
109
109
109
109
109
109
109
109
108
108
109
111
112
111
111
111
111
111
112
112
111
110
110
110
111
111
111
110
110
111
111
112
113
113
111
111
110
110
110
110
111
110
110
111
111
110
111
109
108
108
108
108
108
109
109
109
109
109
109
109
110
110
110
109
109
109
109
110
110
110
110
109
111
110
110
111
111
113
111
113
114
112
110
110
110
110
110
110
108
107
107
107
108
108
110
110
111
109
110
111
112
112
111
111
111
112
110
110
109
111
110
107
107
107
107
106
109
109
109
110
110
110
110
110
111
111
111
110
109
109
108
109
109
110
110
110
110
110
109
109
109
109
109
108
108
107
108
108
108
109
107
107
107
107
107
107
106
106
106
106
106
106
106
106
107
107
107
106
106
107
106
106
108
109
107
108
108
109
110
111
110
109
109
108
108
109
109
110
109
108
108
109
108
108
108
107
107
107
109
109
106
106
106
106
105
106
106
106
107
106
105
106
105
104
104
104
104
103
103
103
104
103
103
103
103
103
103
103
103
103
104
104
104
103
103
103
103
104
105
105
105
105
105
104
103
103
104
104
104
104
104
105
105
105
104
104
104
104
106
106
106
106
106
106
106
106
105
104
105
105
105
105
104
105
105
106
106
107
106
104
105
105
105
107
107
105
106
106
106
105
105
105
107
107
107
107
108
109
109
109
108
107
108
108
106
108
106
106
106
106
105
105
105
108
109
109
109
107
107
106
106
106
106
106
107
108
107
106
107
106
105
105
104
104
104
104
104
104
104
105
105
106
104
104
104
105
106
105
105
105
105
105
105
105
106
107
106
104
104
105
105
105
105
104
104
105
104
104
104
105
105
105
105
103
104
103
103
103
104
104
104
104
104
104
104
104
104
105
106
106
106
107
107
108
109
108
108
107
107
106
106
106
105
105
105
105
105
106
106
105
105
106
106
107
108
109
109
107
107
108
106
105
104
105
106
106
107
106
108
108
108
107
106
106
107
108
108
106
106
106
105
105
106
106
105
106
106
106
105
105
104
103
104
103
104
105
104
102
103
102
102
103
103
104
104
103
102
104
104
105
105
105
105
104
103
103
104
103
104
104
104
104
103
104
104
105
105
104
104
107
107
105
106
106
106
106
106
106
106
106
106
105
105
106
106
106
106
108
107
106
106
106
105
105
106
106
106
104
104
104
105
106
106
105
105
106
106
106
104
105
105
106
104
104
102
101
101
101
102
102
102
102
102
102
104
104
104
