0.0008975862068965518 0.000863448275862069
300
296
289
283
280
276
268
261
259
258
253
248
246
245
242
242
242
238
237
233
233
232
230
228
228
227
229
228
228
226
227
226
228
227
226
224
222
224
222
221
221
220
217
220
219
216
216
215
214
214
214
213
215
215
215
215
215
215
218
218
218
218
219
220
217
217
214
214
214
213
210
206
205
206
206
206
206
205
207
206
205
203
205
208
209
208
209
210
209
207
207
204
205
204
202
203
202
203
203
203
204
205
204
202
202
202
203
200
201
202
202
204
204
205
206
206
206
206
205
205
204
204
204
203
204
205
206
206
207
207
207
206
207
206
208
207
204
202
202
201
201
201
201
199
199
198
198
199
201
201
200
199
200
200
202
202
205
204
203
202
198
199
200
199
199
201
201
198
200
199
199
198
198
202
200
199
201
201
200
199
198
198
198
198
198
198
199
199
198
197
196
194
196
197
196
197
196
196
195
193
190
192
192
192
193
193
192
193
194
194
194
192
192
192
193
194
194
193
190
191
193
194
191
191
189
190
189
190
189
188
187
186
187
187
186
185
185
185
189
187
188
186
188
187
186
188
188
189
188
188
188
187
186
187
187
186
186
186
187
187
188
188
186
188
188
187
188
188
190
189
188
190
190
189
188
188
186
185
185
185
184
186
185
184
186
185
186
187
186
185
185
188
187
189
187
186
185
184
182
183
182
182
185
181
178
180
181
183
182
182
184
182
182
182
182
182
182
181
180
180
181
181
180
181
181
181
182
182
183
183
185
184
183
185
186
185
185
185
186
186
183
183
183
185
184
183
182
184
184
186
185
183
182
181
181
182
182
180
180
180
179
179
180
178
178
179
179
179
178
178
178
178
177
177
177
178
178
177
176
177
175
175
176
176
177
178
178
177
177
177
177
179
180
180
178
177
177
177
175
175
175
177
175
176
175
176
176
178
178
178
178
178
176
176
173
173
172
173
173
171
173
173
173
177
180
179
177
177
178
178
176
175
177
176
176
175
174
175
175
176
179
178
177
178
176
175
174
174
173
173
173
175
176
179
179
179
179
181
181
180
181
184
183
181
184
183
184
183
183
182
182
181
181
180
181
182
180
180
179
178
178
179
178
178
178
179
179
179
180
180
178
177
177
177
178
176
176
175
174
175
175
175
175
173
173
172
172
172
170
173
173
175
176
174
175
175
175
177
175
172
171
171
174
175
175
177
176
176
176
177
178
179
177
178
179
180
182
181
184
182
184
184
185
183
181
182
183
184
185
186
186
184
182
182
181
180
181
183
181
180
182
180
180
178
179
178
177
179
177
176
175
176
178
179
181
179
177
177
177
179
177
178
179
179
181
177
177
176
176
176
174
175
175
175
174
174
176
177
178
177
178
177
177
177
177
177
175
176
177
176
176
174
175
175
173
173
174
174
175
175
172
171
170
169
170
169
169
169
169
168
169
168
168
168
167
168
169
168
167
166
167
167
168
168
167
166
166
167
166
166
166
169
168
168
168
167
167
168
166
167
168
163
162
161
163
163
163
163
163
165
165
165
164
164
165
166
168
167
168
169
170
169
169
170
170
170
170
171
172
172
172
173
170
167
167
167
168
169
168
168
166
166
166
166
166
166
166
166
165
162
162
161
161
162
162
161
158
158
159
159
160
160
161
161
163
163
163
163
161
160
160
158
159
157
158
158
158
160
160
159
160
159
157
158
158
158
157
157
158
161
161
159
160
159
159
159
157
156
156
157
156
156
157
158
160
160
161
157
156
155
157
157
157
156
155
156
156
156
157
158
158
158
158
159
156
156
157
156
155
155
155
156
156
157
157
157
156
156
154
154
154
155
154
154
154
154
154
154
154
154
154
155
156
157
158
159
158
158
156
156
156
155
157
158
158
157
157
157
158
157
158
157
159
159
159
159
160
161
161
159
159
159
158
159
160
162
162
162
161
163
163
162
159
162
162
162
160
161
160
159
160
160
160
164
165
163
165
165
163
162
163
163
162
161
162
162
162
161
160
160
159
159
158
155
155
155
155
155
154
154
154
154
153
152
153
152
152
152
150
152
152
152
152
154
154
154
154
155
156
156
156
156
156
156
156
157
157
155
156
156
156
156
157
157
157
155
155
155
156
156
156
154
154
153
152
153
152
154
154
154
156
159
158
157
157
157
158
157
158
157
156
157
159
157
157
156
155
156
156
156
156
155
156
155
157
157
158
157
156
154
152
153
152
151
151
152
152
153
151
150
150
150
151
151
151
150
149
149
149
150
150
150
150
150
153
152
150
149
151
152
152
153
153
153
152
152
152
149
150
152
152
152
152
151
151
152
152
151
151
151
151
153
151
152
152
151
150
150
150
150
149
149
149
149
150
150
149
149
150
149
148
149
147
148
148
148
151
150
149
148
150
151
150
151
151
152
151
149
148
147
147
148
147
148
148
148
148
149
147
147
147
145
146
145
147
148
148
150
150
151
151
150
149
148
148
149
148
148
149
148
149
149
150
149
150
146
146
148
148
148
147
147
148
148
150
149
147
149
149
150
149
151
151
147
147
149
150
149
150
150
152
150
149
149
150
150
152
152
155
154
154
154
153
153
152
153
154
157
154
153
152
152
152
154
152
153
155
154
152
151
150
152
150
150
149
149
150
150
148
148
146
147
148
149
148
148
148
148
149
149
149
150
149
149
150
152
153
155
154
154
153
154
152
152
152
152
151
150
150
150
151
151
152
152
151
150
151
150
149
148
147
147
148
148
149
149
148
148
148
148
148
146
147
148
147
148
147
145
146
145
144
144
145
145
146
145
145
145
145
144
143
143
144
143
143
144
145
145
144
143
145
144
145
147
147
146
145
145
145
143
144
144
142
142
142
142
144
144
147
147
147
146
146
145
148
148
147
148
148
148
149
147
147
146
145
145
143
143
142
142
142
142
142
143
144
143
143
143
143
145
142
141
141
142
143
143
143
144
145
145
141
143
143
143
142
143
144
144
143
142
142
143
144
143
143
142
141
141
142
142
141
141
140
139
139
139
140
141
142
141
142
141
141
141
141
142
142
142
142
141
142
143
144
143
144
143
143
142
140
140
141
142
141
140
140
140
139
139
140
140
141
141
142
141
142
143
143
142
141
140
140
140
138
139
139
139
140
141
140
141
139
139
140
139
139
139
141
141
141
140
141
140
140
140
140
139
139
140
140
141
141
142
142
143
141
141
140
140
139
139
139
139
139
138
138
137
137
136
136
137
137
137
138
139
140
139
139
139
139
139
139
140
139
138
138
138
138
138
139
141
141
140
141
141
141
142
141
140
140
139
140
140
140
142
143
144
144
145
145
142
143
142
140
140
142
142
142
142
141
143
143
142
143
144
143
143
146
147
147
148
149
150
148
148
148
148
148
148
148
147
147
146
146
146
144
145
145
145
146
147
146
147
147
146
148
147
146
146
146
145
144
143
143
144
144
144
146
149
151
152
152
149
150
150
150
149
148
148
149
149
147
148
147
147
147
146
145
144
143
143
143
144
143
143
144
144
144
144
144
144
145
145
147
146
144
143
143
144
145
146
147
147
147
148
147
147
146
146
145
145
144
147
146
144
146
143
143
144
144
144
144
143
143
143
142
142
142
142
143
144
141
143
143
143
143
142
142
142
143
145
143
146
146
147
147
147
147
145
145
146
144
143
144
143
142
145
146
147
146
146
146
143
146
146
145
145
145
145
145
149
146
146
146
146
148
148
146
145
147
148
148
147
146
148
147
146
146
146
143
144
144
144
143
142
143
143
143
143
143
141
141
141
141
140
140
139
140
141
140
140
141
141
141
139
139
140
140
140
139
138
137
136
135
134
135
133
132
133
134
137
136
136
135
135
135
135
134
135
135
135
135
135
135
136
138
139
140
141
141
139
139
138
137
138
138
139
139
140
140
138
140
140
142
142
143
141
144
140
136
135
134
134
134
135
136
138
138
139
139
139
138
137
139
138
137
136
137
137
136
135
135
134
134
136
136
136
136
136
136
136
137
137
137
135
136
135
137
137
136
133
133
134
134
134
136
135
135
135
135
135
137
136
136
135
135
135
136
135
136
135
134
135
135
134
135
137
136
136
136
135
135
135
137
137
137
137
137
136
136
136
135
136
137
137
136
137
135
136
137
138
138
138
137
139
138
138
137
136
135
135
135
135
135
134
133
133
133
133
134
134
135
135
134
134
134
134
134
137
136
137
137
138
138
137
136
136
137
138
140
139
139
138
140
139
140
141
140
140
137
138
138
141
141
140
140
139
138
138
138
138
138
138
139
140
141
142
142
142
142
141
142
143
143
143
142
143
143
144
145
146
149
149
149
147
148
149
150
148
149
149
150
150
149
146
145
145
144
144
143
143
141
142
142
142
142
142
144
143
142
142
143
143
143
144
145
146
145
146
143
143
143
142
142
142
143
143
144
144
144
145
147
145
145
145
145
144
144
143
141
142
142
143
142
144
144
144
144
142
143
142
141
140
141
143
142
143
143
144
143
142
144
142
141
141
141
141
141
140
139
141
142
143
143
143
142
143
141
139
139
139
137
137
137
137
136
136
136
136
136
138
138
138
137
138
138
138
138
138
137
136
135
136
136
136
136
135
135
134
135
136
136
138
140
140
138
138
139
140
137
136
136
136
136
135
137
135
136
135
135
136
137
137
138
139
141
140
142
142
140
139
139
139
140
141
141
142
142
140
140
142
142
142
139
139
138
138
138
139
139
137
137
138
139
138
137
139
139
140
141
140
139
141
141
142
143
143
143
142
141
141
137
136
136
136
136
135
135
135
135
136
136
136
134
133
133
132
132
133
132
130
130
131
131
131
131
132
133
133
134
136
136
137
136
135
134
133
132
132
133
133
133
133
133
133
133
133
132
132
132
132
132
132
132
133
133
133
135
135
135
135
135
135
135
135
135
134
134
134
134
135
136
137
138
139
135
134
134
135
134
134
137
137
138
138
138
139
139
141
138
139
139
139
138
139
140
143
145
143
143
143
143
143
141
142
141
142
140
140
140
140
139
139
138
137
137
137
137
138
138
138
135
135
135
133
134
135
134
133
135
136
136
136
135
136
136
136
138
139
139
140
139
137
141
142
142
142
142
140
142
142
145
146
146
142
140
138
138
138
136
135
136
137
138
135
135
133
131
131
131
130
129
129
129
129
130
131
129
130
132
132
131
130
130
131
131
131
131
131
131
131
132
133
133
133
133
132
131
133
133
133
132
133
133
133
133
132
132
131
131
131
132
133
133
134
133
133
134
134
135
135
135
134
136
136
135
135
135
134
135
135
133
133
135
136
135
134
137
137
136
136
135
134
133
133
131
132
132
132
131
132
132
132
132
131
132
133
134
134
135
135
135
134
134
134
134
134
133
132
132
132
131
131
131
131
131
132
132
132
133
134
134
133
134
133
132
131
130
130
130
130
130
130
127
130
130
130
131
131
132
132
133
131
129
128
127
127
127
128
128
127
127
126
125
125
127
128
129
128
127
127
128
127
127
127
126
127
127
126
125
125
126
126
127
127
127
128
128
128
129
131
132
131
132
132
132
131
130
129
127
128
128
125
125
126
125
122
123
122
123
125
124
125
125
125
125
125
126
125
126
127
128
127
129
129
129
130
132
131
131
131
131
130
131
131
131
132
131
132
131
130
131
130
132
131
131
131
131
132
132
131
131
131
133
133
131
130
130
130
129
129
128
128
130
130
133
134
135
134
134
134
134
134
134
136
133
134
132
131
131
131
130
130
130
129
130
130
130
130
130
129
130
130
128
126
128
126
126
127
126
127
126
126
126
129
130
128
129
128
127
128
128
128
130
131
130
130
131
130
130
130
129
128
130
131
130
131
131
131
131
131
130
130
129
128
128
127
127
127
126
126
126
126
126
126
130
129
128
128
128
129
128
129
129
128
129
129
130
128
128
127
129
129
129
131
129
129
127
127
127
126
126
127
125
122
121
121
121
120
120
119
119
119
120
120
120
121
121
121
121
121
120
120
120
121
123
123
123
122
123
123
124
124
123
122
123
123
123
123
123
123
122
123
126
125
125
125
125
124
123
124
124
124
125
127
127
130
129
130
130
131
130
131
130
129
130
132
132
131
130
129
129
130
130
130
129
129
129
129
130
131
129
129
129
127
128
130
131
130
132
132
130
131
129
128
128
128
130
131
129
127
127
130
129
129
129
123
122
122
122
119
121
120
121
121
121
122
123
121
122
122
119
119
120
121
123
123
123
123
123
123
122
122
122
123
122
124
124
123
124
123
126
125
126
126
126
124
125
125
124
124
123
124
124
123
122
122
123
122
122
123
121
123
123
123
123
122
121
121
121
121
121
122
122
121
120
120
121
121
119
120
121
121
123
123
123
123
123
123
123
123
126
127
127
127
126
125
126
126
125
125
127
127
128
128
128
129
129
129
127
128
129
129
130
128
127
126
127
127
128
129
130
131
132
131
131
130
131
132
132
131
128
127
128
129
129
127
128
128
129
129
129
129
129
130
130
130
131
131
131
131
130
129
129
130
130
129
129
126
128
130
127
127
126
126
127
127
127
130
131
130
130
130
131
131
131
132
132
132
132
131
130
129
129
129
129
129
131
131
130
131
132
129
130
132
133
132
133
132
133
131
132
133
131
131
130
129
130
130
130
131
131
130
129
128
128
127
126
126
126
126
125
125
123
124
123
123
123
123
124
124
124
124
124
123
124
124
124
124
124
126
126
127
127
127
127
126
128
128
128
129
130
130
128
130
130
130
129
129
129
129
128
130
129
129
129
129
130
132
132
133
133
131
131
132
131
131
131
131
131
131
132
131
132
132
132
132
132
132
133
132
132
133
133
131
130
130
130
130
131
132
132
134
137
134
134
134
136
135
136
136
136
137
137
135
136
133
135
135
135
135
134
135
136
136
135
134
132
132
132
132
132
133
134
133
132
131
131
128
129
129
129
129
129
131
130
131
129
129
128
128
128
128
128
128
128
127
128
128
127
127
127
128
128
128
127
127
129
129
130
130
131
131
134
132
132
131
132
131
134
132
130
129
130
130
131
131
131
133
131
131
129
131
131
131
133
133
133
132
132
132
131
131
132
133
133
133
128
127
126
126
126
125
125
125
125
125
126
126
125
126
125
127
127
127
125
125
126
126
128
128
129
128
128
127
126
125
125
125
125
125
126
125
125
126
126
126
123
124
123
122
121
121
120
120
120
120
121
121
121
121
122
121
122
122
123
121
121
123
122
122
122
124
124
123
123
124
124
123
123
122
122
122
122
122
124
123
123
124
125
125
124
124
126
126
125
125
124
123
125
125
125
125
124
125
125
126
127
127
123
123
123
124
126
127
127
128
128
128
126
126
125
123
124
124
126
125
127
128
128
128
127
126
126
126
127
127
129
129
128
128
128
128
129
128
127
125
125
127
128
131
133
131
131
131
131
126
126
127
129
130
130
130
130
129
130
131
129
130
130
128
126
127
128
126
127
127
128
126
127
127
127
126
125
125
126
126
125
125
126
125
126
126
126
124
124
123
124
123
124
123
123
124
124
126
126
126
127
127
128
128
129
129
127
126
126
124
124
123
123
124
124
125
126
129
127
125
129
126
125
125
127
127
127
128
128
129
129
128
127
125
125
123
123
123
122
122
121
121
120
119
119
119
121
124
122
120
121
121
121
121
121
124
125
126
126
126
125
124
123
123
122
121
121
121
122
124
124
125
127
127
127
127
125
126
126
126
128
128
127
126
127
126
126
126
125
126
126
125
125
125
125
126
125
127
127
128
127
128
127
127
127
127
128
127
127
127
125
125
124
124
127
126
126
126
128
128
126
126
126
127
127
128
128
128
128
129
128
129
128
126
126
126
127
127
128
128
128
128
126
126
125
126
125
126
126
126
126
126
130
130
131
132
134
134
136
133
133
131
132
132
132
132
131
131
130
129
129
128
127
127
129
130
129
128
128
128
129
129
129
129
129
130
130
130
127
127
127
127
127
128
129
129
130
132
132
132
132
131
131
130
129
129
129
127
126
127
127
128
127
126
127
128
126
126
126
126
127
128
128
126
126
125
128
128
128
128
128
129
128
128
128
127
126
123
123
123
125
126
126
127
127
127
128
128
129
128
128
127
126
126
126
126
125
124
125
126
124
123
125
125
126
124
123
125
125
124
125
125
125
125
127
129
129
128
128
129
127
126
124
124
124
122
122
122
122
122
122
121
121
123
124
124
123
122
122
122
122
122
122
122
123
126
125
127
127
127
128
129
130
130
130
129
129
130
130
129
128
127
126
125
125
124
124
124
125
126
126
125
125
124
124
123
123
122
123
124
124
123
124
124
124
125
125
124
124
124
124
124
124
123
122
122
123
123
124
125
127
126
126
128
126
126
125
124
124
124
124
124
125
124
124
125
124
124
125
126
128
129
127
128
128
128
127
126
127
128
127
127
128
128
130
127
127
128
129
129
129
130
130
131
130
129
129
129
127
127
128
128
129
131
129
128
128
126
124
124
125
125
126
126
126
126
125
125
124
125
125
126
125
123
122
122
123
123
123
123
124
123
123
123
123
122
122
123
123
123
123
124
125
124
124
125
125
126
124
126
125
125
125
124
122
122
123
123
125
125
127
124
124
124
125
124
124
123
124
122
122
123
122
122
123
123
123
125
126
128
128
128
127
127
127
126
127
128
126
126
128
129
129
128
129
130
128
128
128
128
128
127
128
128
129
130
128
126
126
126
125
124
125
123
122
122
121
121
121
120
118
117
118
118
118
119
119
121
120
121
120
120
119
118
118
119
119
119
119
119
119
119
119
119
119
119
120
119
119
117
117
117
116
118
118
117
117
117
117
117
117
117
117
118
116
117
116
116
116
116
116
116
116
116
116
115
115
116
115
115
115
115
116
116
115
115
117
118
117
117
116
116
114
115
116
115
114
114
114
114
115
114
115
114
115
115
115
115
115
115
115
115
112
112
112
113
113
115
115
117
117
116
116
117
117
116
116
115
115
115
116
116
116
117
120
120
120
120
119
119
120
120
120
121
120
120
120
120
120
121
121
120
120
122
122
123
124
124
124
124
126
125
126
125
125
125
126
126
126
127
127
126
124
123
124
126
126
128
128
128
125
127
128
127
126
127
128
128
128
128
128
127
128
129
129
128
128
127
127
127
126
128
129
128
128
129
127
127
126
127
128
128
127
126
124
125
123
122
121
121
122
122
122
124
126
127
126
126
127
125
125
125
124
123
123
122
123
123
123
125
125
125
125
125
124
124
124
123
123
123
123
124
124
123
123
122
122
122
123
124
123
124
127
126
125
126
127
123
125
125
122
122
122
123
124
121
121
120
120
120
120
120
119
119
119
119
119
120
120
120
120
120
121
121
121
120
120
120
119
119
120
119
120
120
119
119
119
120
120
119
118
118
118
118
117
118
117
117
117
118
117
119
119
120
120
120
119
119
119
119
119
120
119
120
121
121
122
122
122
121
119
119
119
120
120
118
119
117
118
117
117
117
117
114
115
113
112
113
113
113
114
116
117
117
117
118
118
118
120
121
121
122
122
121
122
122
122
122
121
122
121
120
118
119
120
119
118
118
119
121
121
121
121
120
119
120
118
117
118
118
118
117
118
119
119
120
120
119
120
121
121
120
121
121
120
120
121
122
121
121
121
121
121
121
122
122
121
121
120
120
119
120
121
121
122
121
122
122
123
123
123
123
124
124
124
122
120
123
123
122
121
123
123
121
120
119
118
119
119
119
119
118
118
118
118
119
119
117
117
118
119
120
119
118
117
118
118
118
118
118
119
119
119
118
118
120
118
119
117
118
118
118
119
118
117
118
118
118
119
119
118
117
117
117
117
115
115
115
116
118
118
118
118
115
114
113
114
114
114
114
114
115
116
115
115
115
116
117
116
116
116
116
116
116
116
117
119
119
119
119
120
119
118
118
118
117
117
118
119
118
117
117
115
115
116
115
115
115
115
114
114
115
117
116
116
116
117
116
115
115
115
116
117
117
117
115
115
114
114
114
114
114
114
114
114
115
115
115
114
116
116
116
116
115
114
114
115
115
116
117
118
120
121
121
123
123
122
121
120
120
121
121
120
120
120
119
119
119
118
118
119
119
119
119
118
117
118
119
119
119
118
117
117
117
117
116
116
117
117
114
114
114
114
114
115
115
117
117
117
117
118
118
121
121
122
123
125
126
128
129
127
124
123
121
122
122
125
124
125
123
125
122
118
117
116
115
118
117
117
118
118
118
118
119
117
116
117
118
119
118
117
115
115
115
113
113
113
114
114
114
113
113
113
114
114
113
112
111
112
112
113
113
114
114
115
115
117
117
116
116
117
114
114
114
115
116
117
117
119
120
118
117
116
116
117
116
117
117
117
120
120
119
117
116
116
114
115
116
119
118
118
117
116
114
113
114
115
115
115
115
115
115
116
116
116
115
114
114
114
115
115
115
116
114
115
116
116
115
117
117
117
116
116
116
115
114
114
113
113
113
113
113
115
115
115
115
116
117
117
117
116
117
117
117
118
117
117
119
116
119
119
119
119
119
119
118
119
119
117
115
113
113
112
112
110
112
113
114
114
113
114
114
114
115
114
114
113
114
113
112
112
112
112
112
113
112
113
114
115
115
115
113
112
113
112
112
112
112
112
113
113
112
111
111
111
111
109
109
109
110
110
110
110
111
111
112
113
114
112
113
113
113
113
114
115
115
115
114
115
113
113
112
112
112
111
112
112
113
113
113
113
114
114
115
114
114
114
113
113
113
112
112
112
113
113
110
110
110
111
111
113
113
114
115
115
113
114
115
112
113
112
112
112
112
112
112
113
113
113
111
114
114
115
114
114
112
112
112
113
114
114
114
114
115
118
115
115
115
115
114
117
116
117
117
116
116
117
117
119
118
119
118
118
116
116
117
118
116
117
116
116
117
117
116
117
116
116
116
116
117
116
116
118
118
117
115
115
115
114
114
116
116
116
116
118
117
117
116
115
115
116
116
116
116
114
114
114
113
112
113
113
114
113
113
115
114
115
113
113
113
114
114
113
111
111
111
111
111
110
109
109
110
111
110
110
110
111
111
109
109
108
107
108
109
111
111
110
108
108
106
106
106
108
108
107
107
106
107
107
107
107
108
108
109
109
108
111
111
111
111
110
109
109
109
107
107
107
108
107
107
108
108
107
106
106
105
106
108
109
110
110
110
110
111
111
111
110
111
111
112
111
110
110
109
107
106
105
105
105
105
105
105
105
106
105
106
106
108
106
106
106
107
107
107
108
107
107
107
108
107
107
107
109
110
110
110
109
111
111
111
111
111
112
110
110
108
107
107
107
108
109
109
109
109
