0.00035137931034482766 0.0006927586206896553
300
294
287
280
274
269
265
261
259
257
254
253
251
251
250
250
249
249
246
245
243
240
237
234
234
233
232
230
229
229
230
235
236
236
235
231
231
229
229
231
232
232
229
227
226
227
223
227
226
225
226
225
226
224
224
224
224
224
225
225
226
225
224
221
222
220
222
220
220
221
219
220
223
223
223
222
222
222
223
224
226
226
226
221
219
219
220
220
220
221
221
222
222
221
220
219
219
221
220
222
223
219
220
219
219
219
218
216
215
216
215
215
215
215
216
218
220
222
224
226
223
217
218
214
215
214
216
215
216
219
218
217
213
212
214
214
214
215
213
213
213
212
213
213
212
211
210
210
210
209
210
210
210
211
212
212
212
212
211
211
210
210
212
211
210
212
211
211
210
211
211
211
211
211
210
208
209
210
208
210
210
209
209
210
210
209
211
210
210
209
211
211
209
212
213
212
210
211
212
213
212
212
213
212
212
211
213
212
211
210
209
209
209
209
209
209
210
212
212
210
210
209
209
211
210
209
208
207
207
207
207
208
207
208
208
208
209
209
206
208
205
206
207
208
207
208
207
207
208
208
209
210
209
211
211
209
209
208
209
211
211
213
212
210
212
211
211
210
210
208
209
208
208
207
206
207
208
208
208
208
208
209
211
210
212
209
208
206
204
204
205
204
204
204
205
204
206
205
206
203
202
202
201
201
202
202
202
201
202
204
204
204
203
204
205
204
205
203
203
203
202
202
202
202
200
198
198
198
200
200
200
203
201
203
203
203
203
204
203
203
203
207
208
207
206
204
204
204
203
203
200
202
201
202
202
201
201
202
202
203
202
202
202
202
204
205
205
204
204
203
204
202
202
202
201
200
200
201
201
202
202
202
202
203
203
203
203
203
205
204
203
203
205
203
205
207
207
209
208
208
207
207
207
205
207
206
206
206
205
204
204
203
202
204
203
205
204
203
204
206
207
207
206
206
207
206
206
206
206
205
205
204
204
203
204
203
203
204
204
204
203
202
203
202
203
203
203
203
207
207
207
208
207
207
205
204
205
204
202
202
202
204
204
205
204
204
204
201
203
203
203
204
206
205
203
206
204
203
203
202
202
201
201
200
200
201
200
200
200
200
201
203
204
205
205
204
203
203
208
209
206
204
204
205
206
206
206
206
207
207
206
205
204
207
206
204
206
207
206
206
206
207
207
206
202
203
205
204
203
206
208
208
211
209
208
208
207
205
203
204
203
202
202
202
202
202
203
202
200
202
203
203
202
202
201
202
201
201
200
200
200
199
197
195
196
197
197
196
197
199
200
201
201
202
201
201
201
201
199
200
201
202
201
202
203
204
202
202
200
199
199
198
199
196
195
197
197
195
196
195
195
196
195
194
194
194
197
197
196
196
196
196
196
197
197
197
197
198
198
199
200
199
199
200
200
198
199
200
200
199
201
198
196
196
196
197
198
197
197
195
196
195
199
197
198
195
194
194
193
192
192
193
193
195
194
190
189
191
190
189
188
188
191
192
192
191
192
194
193
190
190
191
192
190
190
191
192
191
188
187
186
187
186
186
186
186
186
186
188
191
191
190
190
189
187
189
189
189
189
191
189
189
189
189
189
190
191
191
191
190
188
188
188
187
185
187
187
186
188
188
189
189
190
192
193
192
192
192
190
189
191
191
191
192
189
187
187
187
187
187
188
189
188
187
185
186
186
186
185
185
186
186
186
188
186
185
185
188
187
186
187
186
185
186
188
186
186
188
189
188
188
188
188
186
186
186
185
185
187
186
186
185
185
183
184
184
185
185
186
189
190
190
191
191
191
190
188
188
188
187
187
186
185
185
185
184
184
185
185
185
185
186
186
185
186
187
186
187
186
186
188
189
188
188
188
188
189
190
190
191
192
192
189
189
191
190
189
185
186
185
183
184
184
184
186
185
188
187
187
186
185
187
185
184
184
182
181
181
181
182
182
182
183
185
185
185
184
184
186
188
187
186
185
187
185
186
184
184
183
183
181
181
182
183
181
184
184
183
182
182
182
179
180
180
181
182
181
181
179
180
181
182
182
182
182
182
182
182
183
182
183
183
186
187
186
184
183
185
184
182
179
182
182
183
183
183
183
183
185
184
184
184
186
186
187
188
188
188
186
186
185
186
183
183
184
181
182
183
184
183
181
180
179
179
181
179
179
182
185
186
186
183
185
185
183
184
183
184
184
183
184
184
186
183
183
183
183
183
181
180
179
179
178
178
179
179
179
180
180
182
182
182
181
179
180
180
180
180
179
179
179
179
179
180
180
180
178
177
177
176
177
178
178
178
179
183
182
183
184
184
182
182
184
183
180
179
179
178
179
179
178
179
180
180
178
179
180
180
179
179
181
178
176
176
176
178
178
179
180
180
179
178
178
177
177
177
175
175
176
177
177
176
177
177
178
178
178
178
177
175
175
177
177
178
180
178
178
178
180
180
179
178
179
180
179
182
182
178
179
179
180
176
177
178
177
177
176
176
176
179
180
178
177
177
176
175
174
174
174
174
175
174
174
174
174
174
174
173
175
174
175
176
178
180
180
181
180
178
177
177
174
174
174
175
177
175
176
175
175
175
176
175
173
175
173
172
172
172
173
173
174
174
173
173
173
176
177
177
177
177
178
179
180
182
181
183
179
177
175
175
176
175
174
174
173
173
173
173
174
174
173
173
172
172
172
173
174
173
173
173
173
174
173
172
172
173
174
174
173
173
174
174
173
175
176
175
176
178
178
179
179
178
176
176
175
178
178
179
179
179
181
182
181
181
179
178
178
179
179
178
178
179
178
178
177
179
179
176
173
174
174
175
174
175
176
174
174
175
176
175
176
178
177
178
179
180
179
179
177
177
176
175
172
174
174
174
174
175
176
176
175
175
176
176
174
172
173
173
175
175
175
172
172
172
171
172
170
171
172
172
174
173
172
171
170
169
169
169
169
170
170
168
170
170
169
170
170
170
170
171
171
171
172
172
172
172
175
175
176
176
175
173
173
172
172
171
169
169
169
168
169
170
171
171
171
171
170
170
167
167
167
168
168
167
166
165
165
165
165
165
166
165
166
166
165
166
167
167
166
166
167
168
168
168
168
167
167
168
168
166
167
167
168
170
169
169
167
167
167
167
167
168
167
169
169
167
168
169
169
170
169
170
169
169
170
170
170
172
171
171
171
170
171
171
171
170
169
170
167
167
168
167
168
168
169
169
169
170
170
169
166
165
165
165
165
164
163
166
166
167
167
166
165
165
165
166
165
165
166
165
164
164
163
163
164
164
164
166
167
170
168
168
168
168
168
168
167
167
165
165
167
166
166
166
167
167
167
170
171
168
168
169
171
171
171
170
173
172
173
174
175
175
174
174
172
172
172
175
176
174
172
172
172
172
172
172
172
172
171
172
169
168
169
170
170
174
172
171
169
168
167
167
166
166
167
168
167
169
169
171
169
167
166
167
166
165
163
162
162
162
163
163
163
163
164
164
164
164
166
167
167
166
166
165
166
166
165
164
164
164
164
165
164
164
163
164
167
166
167
165
164
164
163
164
162
164
164
164
164
164
164
165
163
164
164
162
165
166
167
167
164
164
165
165
165
164
164
164
168
169
168
168
169
169
166
166
166
167
168
169
170
168
168
168
165
166
166
166
163
164
166
166
166
168
168
165
165
165
167
167
168
166
166
166
165
166
166
165
166
165
166
167
165
166
164
166
166
166
166
166
166
166
167
167
167
165
165
166
167
168
166
166
165
165
165
164
164
165
166
166
167
169
168
168
168
168
170
168
167
170
169
166
165
164
163
163
165
164
164
169
168
172
169
169
169
168
168
168
166
168
169
169
170
170
168
167
167
167
167
168
167
169
169
169
169
166
166
168
170
169
170
172
170
170
170
168
167
167
167
167
167
166
166
167
166
164
164
162
162
164
165
165
164
162
163
165
163
162
164
166
167
167
167
170
168
167
167
166
168
167
166
164
163
165
165
164
164
164
166
165
167
168
169
169
169
169
169
168
169
170
167
167
167
168
167
167
165
164
163
164
163
162
163
162
162
162
162
162
163
163
163
165
166
167
166
165
166
167
168
167
167
166
167
166
165
163
164
164
163
164
165
164
165
166
166
165
166
167
167
166
165
165
166
166
165
163
164
164
164
164
164
165
165
161
161
161
162
162
161
161
163
161
161
161
162
160
162
162
162
162
163
163
162
162
163
164
165
165
164
163
162
162
163
163
162
162
162
163
163
164
166
164
165
164
164
165
166
167
169
170
170
166
164
164
164
164
164
164
166
166
166
167
166
163
163
162
163
164
163
163
163
162
162
162
163
162
163
162
162
162
162
162
162
163
163
163
163
162
161
162
162
161
162
163
162
163
162
163
163
164
164
161
161
161
160
161
162
161
161
162
161
161
161
160
161
161
161
162
163
163
164
164
163
162
161
161
161
161
162
161
160
160
159
158
158
159
160
162
162
164
164
164
164
167
167
166
168
168
167
166
164
164
164
164
164
164
163
163
165
165
164
164
165
165
165
165
165
165
166
166
165
164
164
164
162
161
162
161
161
164
163
164
165
165
167
166
168
166
166
166
165
165
165
163
164
167
167
166
165
164
161
160
160
161
161
161
159
159
159
159
160
158
156
156
156
157
158
158
156
156
158
159
158
159
159
159
159
159
158
158
159
159
159
160
161
161
161
158
157
158
157
156
157
157
155
156
156
157
157
156
156
156
157
157
159
159
160
162
160
160
160
160
158
159
159
160
160
160
161
161
161
163
163
160
160
159
160
159
158
159
160
160
162
161
161
160
160
160
158
159
158
158
159
161
161
162
161
160
160
159
159
158
159
158
158
158
158
158
158
159
160
158
158
158
159
159
158
157
158
157
157
158
158
158
161
161
159
161
160
160
160
160
160
159
159
160
160
160
160
159
158
158
159
160
161
161
164
165
164
163
163
163
162
162
162
162
162
162
160
160
161
159
160
161
161
161
158
158
161
160
158
159
159
160
161
161
162
163
164
167
168
168
165
163
163
163
158
157
157
156
156
156
156
157
156
157
156
155
155
157
157
159
158
158
158
157
158
158
159
159
159
157
157
159
155
156
157
158
157
157
157
157
158
159
159
158
160
161
160
160
160
160
160
159
161
163
164
163
160
158
157
159
159
159
158
158
158
156
155
157
157
158
158
159
161
161
161
160
162
163
162
162
161
162
162
160
158
158
159
158
159
162
160
161
160
160
161
161
164
163
164
163
163
164
163
163
161
159
158
158
158
157
157
159
161
161
161
161
161
162
161
161
160
159
158
158
158
161
160
158
158
157
157
157
158
158
158
157
160
160
161
161
163
162
163
161
160
159
159
158
160
160
162
164
161
162
162
162
162
160
159
157
157
156
155
156
157
156
155
156
156
155
155
155
155
156
154
153
150
150
150
151
151
149
149
149
149
149
151
151
152
154
151
151
152
152
151
151
151
151
151
151
152
152
152
152
153
153
153
153
153
152
152
151
151
151
152
152
152
152
151
153
153
153
153
154
155
155
155
155
154
153
153
152
151
152
154
154
155
155
154
155
153
153
155
155
157
157
157
158
157
156
156
155
155
156
155
156
155
156
156
155
156
156
156
157
156
157
158
158
158
158
158
156
156
157
158
159
157
156
154
155
154
156
156
156
158
156
157
158
159
157
157
158
158
157
158
158
158
158
156
155
157
158
159
159
156
156
156
156
155
155
155
158
158
157
157
156
156
156
156
156
158
158
159
157
157
156
156
155
155
154
156
156
154
155
158
156
156
156
156
156
156
156
156
155
155
155
156
154
156
157
156
155
155
154
153
153
153
151
152
152
151
153
152
152
152
152
152
153
152
152
151
151
151
151
151
151
151
152
152
154
153
153
153
154
153
155
155
156
156
156
156
155
156
155
157
159
157
157
158
155
154
152
152
152
149
149
149
149
149
149
149
150
150
150
150
150
151
152
152
152
152
153
153
155
155
155
156
157
157
155
153
154
154
155
154
154
154
156
157
156
155
155
156
157
155
154
155
155
155
155
160
158
159
158
154
155
156
153
151
152
153
153
154
154
153
153
154
152
152
154
154
150
151
151
153
154
155
157
152
152
151
150
150
149
148
147
148
149
148
148
149
148
149
150
150
147
146
148
147
146
146
147
147
146
145
145
145
146
146
146
146
147
146
146
145
147
145
145
146
145
145
146
146
146
146
148
149
147
148
147
146
146
146
145
146
149
149
148
147
147
146
146
145
146
146
146
145
145
145
145
144
144
144
144
144
144
145
146
146
148
148
148
150
151
152
152
152
151
152
152
152
152
152
151
151
152
152
152
151
152
153
153
151
152
151
150
150
149
150
149
148
148
147
146
147
146
146
146
148
148
147
146
147
145
146
146
145
144
144
143
144
145
145
144
144
145
148
147
147
148
148
149
148
149
150
149
147
145
146
147
147
146
146
146
146
147
146
147
147
148
148
148
149
150
152
150
149
148
147
151
150
151
151
152
152
151
149
151
151
151
151
150
147
145
145
146
146
146
146
145
143
144
144
145
147
147
147
146
147
146
146
147
148
149
148
148
148
149
150
147
148
149
151
152
152
150
149
150
149
150
148
149
149
148
146
145
145
144
143
142
142
144
143
142
141
142
142
143
145
144
144
146
145
145
144
141
141
141
140
139
140
142
144
144
144
144
145
144
144
142
142
142
143
144
143
144
144
143
144
144
144
143
143
144
143
144
144
143
142
142
143
143
142
140
140
139
139
139
142
142
142
144
144
143
142
142
142
140
139
140
141
141
139
139
140
139
139
140
140
140
139
140
141
140
142
142
140
141
141
140
141
139
138
139
137
137
139
138
138
138
140
141
143
142
142
142
142
142
142
141
142
143
144
146
146
144
144
142
143
143
141
141
141
140
140
138
139
139
139
139
142
141
141
141
142
142
142
143
143
143
144
142
142
141
141
141
141
142
143
142
141
143
143
144
144
144
143
143
143
142
142
141
140
140
139
139
139
140
140
140
141
140
140
139
140
139
140
140
139
140
142
143
143
142
141
139
139
142
143
143
142
142
140
142
142
139
139
139
140
140
140
141
141
141
142
143
143
143
142
142
143
142
141
142
142
143
142
139
139
139
137
137
137
136
136
136
137
136
135
136
135
135
136
136
136
135
135
136
140
139
140
142
140
140
139
139
141
141
142
141
139
140
139
141
141
143
143
143
143
144
144
144
142
141
140
138
137
138
138
138
138
139
138
137
138
138
138
139
139
140
140
140
139
139
139
139
140
140
140
140
140
142
141
145
144
145
145
143
143
144
143
143
142
143
142
142
140
140
139
139
139
138
137
135
136
136
138
137
137
138
139
139
138
137
137
136
136
136
136
136
137
137
138
139
139
139
137
137
136
135
135
134
134
133
134
134
134
134
133
134
134
133
133
133
135
135
136
136
136
137
138
138
138
139
139
138
139
138
138
139
139
137
137
137
137
137
137
136
136
135
135
135
136
136
136
135
135
137
137
136
135
135
136
137
137
138
138
139
137
137
136
136
137
137
140
140
141
139
139
141
140
141
141
139
138
138
137
138
138
137
136
135
135
135
134
135
135
135
136
136
137
138
137
136
136
137
137
137
138
137
136
137
137
139
137
138
138
137
137
138
138
138
138
138
138
136
136
136
137
137
138
136
135
134
134
135
136
136
136
136
136
138
140
141
140
140
140
141
141
140
141
141
142
142
142
145
145
145
146
145
143
141
140
139
138
138
139
139
141
140
140
140
141
140
140
137
137
136
136
136
135
136
135
135
136
137
135
135
135
134
133
132
132
133
132
132
132
131
131
131
131
130
131
133
133
132
133
134
135
135
136
136
135
132
133
132
131
133
135
135
136
135
134
133
132
133
133
133
134
134
134
133
133
134
134
135
136
135
136
136
136
134
135
135
136
135
135
135
134
135
136
134
134
134
133
133
133
134
135
134
135
134
134
136
137
138
138
138
137
138
138
137
138
137
139
138
138
137
137
137
136
135
134
134
132
130
133
134
133
135
134
134
135
134
132
133
133
133
134
134
133
130
132
132
133
133
133
134
134
133
133
133
135
136
135
134
134
134
134
135
136
136
135
135
134
134
133
133
133
133
135
133
133
135
135
135
136
135
135
135
136
135
135
136
136
136
136
136
135
133
132
132
133
134
135
135
135
135
136
136
137
138
136
138
138
139
137
136
136
136
136
136
136
135
135
135
135
135
134
136
136
137
136
136
136
135
135
136
138
138
138
138
137
136
136
136
137
137
137
136
137
137
136
136
135
134
134
134
133
132
133
133
133
135
135
136
136
137
135
136
138
137
138
138
139
139
138
138
138
138
140
139
139
139
140
138
137
138
138
139
137
137
135
135
135
135
136
136
138
134
133
135
135
136
136
135
133
132
133
133
132
131
131
131
134
133
135
135
135
135
134
135
134
133
133
133
133
133
132
132
132
132
133
133
133
132
130
130
129
131
131
130
132
132
133
135
136
136
136
133
131
130
131
131
132
131
130
128
127
127
127
128
128
129
128
128
128
129
130
130
130
129
129
129
128
128
128
128
127
128
128
128
127
127
128
129
130
130
131
131
132
132
132
132
131
135
135
135
133
133
134
134
133
134
134
134
135
135
136
137
136
136
136
138
138
139
137
137
135
134
135
135
137
139
139
138
137
137
134
134
134
134
133
132
133
133
131
133
134
133
132
133
133
132
132
131
132
132
131
131
131
130
130
129
129
130
130
130
130
130
131
130
130
130
130
130
133
134
134
134
135
134
133
135
135
135
135
135
136
136
138
138
138
138
138
138
137
139
137
136
137
136
137
139
139
139
137
137
138
138
137
138
140
137
137
136
136
136
134
134
134
135
134
133
133
134
135
136
135
135
135
135
135
137
136
136
136
136
134
133
134
133
133
133
133
134
131
130
131
133
133
131
131
131
131
130
130
131
132
132
132
134
134
133
134
135
134
133
133
133
133
133
133
132
131
132
132
131
133
136
136
136
135
135
135
133
133
133
134
134
136
134
136
137
138
140
140
137
137
136
135
136
138
138
138
137
137
138
138
138
137
136
136
136
132
133
133
131
132
132
131
128
129
129
129
129
129
129
132
132
132
133
132
131
132
132
131
132
131
131
130
130
130
130
130
129
129
129
130
132
134
134
135
135
134
134
134
134
134
134
134
133
133
133
133
133
133
131
131
131
132
132
131
130
130
130
131
130
130
132
130
128
128
129
130
131
130
129
127
126
128
128
128
127
128
128
128
126
126
125
126
127
127
128
128
129
130
130
131
130
129
129
128
129
130
129
127
127
126
126
127
127
129
130
129
127
126
125
126
126
126
126
126
126
126
126
126
126
126
128
128
129
131
130
130
128
130
131
131
130
128
129
129
130
127
128
128
128
126
126
125
125
125
127
127
126
125
125
125
125
126
126
126
126
126
126
125
125
126
126
126
127
127
126
127
127
128
128
129
129
131
131
130
130
130
129
129
129
129
131
131
130
129
128
126
126
125
125
125
125
126
128
128
130
130
130
131
131
130
132
132
132
131
132
132
133
134
137
136
135
133
134
136
135
135
134
135
135
135
136
136
137
135
134
134
131
131
130
129
129
129
128
127
127
126
127
126
126
126
126
126
125
128
126
126
126
127
127
127
126
128
129
128
129
129
130
130
131
131
132
132
131
131
132
133
133
134
133
133
133
133
131
132
132
132
131
132
132
131
131
131
132
131
131
131
131
133
132
131
133
132
128
130
128
129
129
129
129
129
130
129
127
127
127
127
128
127
127
129
129
129
130
130
130
131
129
129
128
125
126
127
128
129
129
132
134
135
133
134
133
132
132
132
132
130
130
129
129
129
130
128
127
128
127
129
129
128
129
129
130
129
129
128
128
131
130
129
129
127
127
127
127
126
126
126
124
126
126
125
126
127
128
128
127
126
127
127
127
128
129
129
129
128
129
129
129
131
132
132
130
130
130
130
129
128
128
127
128
128
126
127
129
128
129
128
126
129
129
128
129
129
128
128
130
131
132
131
130
128
126
126
126
126
125
124
124
123
123
125
125
126
125
124
124
123
122
122
122
122
123
122
123
123
123
124
122
121
122
122
123
125
128
128
126
127
128
124
122
121
123
123
123
123
122
121
120
120
120
120
120
120
118
119
118
119
120
120
119
120
120
120
121
119
119
120
122
122
121
120
120
119
119
119
119
118
118
117
117
118
120
121
120
120
120
121
121
121
121
121
122
121
121
119
119
120
120
120
121
120
119
119
119
119
120
119
119
120
120
120
120
119
119
121
122
121
120
120
119
119
118
118
118
119
119
121
121
122
122
126
127
128
129
128
128
124
125
126
125
124
125
126
127
126
128
127
126
126
125
124
124
124
121
120
122
120
119
119
121
121
121
120
120
120
120
119
118
117
117
118
119
118
119
119
120
119
118
116
117
117
117
116
116
117
118
118
119
119
122
122
123
121
120
119
118
117
116
116
115
115
115
116
119
119
119
120
121
121
120
120
120
120
120
119
119
118
119
120
120
121
120
120
121
120
122
123
124
124
120
120
120
121
121
119
119
119
120
119
119
120
120
121
124
123
123
123
124
125
124
125
124
121
120
120
118
117
116
116
115
115
115
115
115
115
116
116
116
116
117
116
115
114
114
114
115
116
115
116
116
115
115
115
115
115
116
116
116
117
117
116
117
116
117
117
118
120
118
118
118
120
119
119
119
119
120
121
121
122
121
122
121
121
121
121
120
121
120
119
119
122
121
121
123
123
124
124
125
126
125
124
121
120
121
121
122
123
122
120
120
121
121
120
120
121
120
121
122
120
120
120
121
120
120
120
120
119
119
120
122
122
122
120
121
120
119
119
119
119
120
119
118
118
118
118
120
118
119
119
120
120
120
119
117
117
118
118
118
118
118
118
116
116
116
116
117
117
117
117
117
114
113
114
114
114
114
114
114
114
114
115
115
115
115
115
115
116
116
118
118
119
119
119
118
117
117
119
118
117
117
117
119
119
120
122
122
122
120
121
118
118
118
118
118
117
117
118
121
122
122
121
119
121
121
121
122
122
118
119
119
118
117
117
117
117
118
117
117
116
116
116
116
115
115
114
114
115
114
114
115
114
114
116
117
117
117
117
115
116
115
117
116
116
116
116
118
119
118
118
118
119
119
118
119
119
118
118
118
118
118
117
118
117
117
119
119
118
119
119
119
118
118
117
117
117
117
118
118
118
119
119
120
120
119
117
117
116
115
115
114
115
115
116
116
115
115
114
114
116
116
116
117
117
116
118
119
119
118
118
118
117
119
118
117
118
117
116
118
117
118
