0.0006244827586206897 0.0007610344827586207
300
297
291
286
283
281
274
275
272
272
266
267
262
256
256
255
251
253
253
251
250
247
244
243
241
242
239
238
234
233
230
230
229
229
229
227
228
226
226
225
224
224
223
223
224
223
220
222
222
221
223
223
222
222
222
222
218
219
219
218
219
218
217
217
219
222
222
221
217
216
216
217
216
214
214
211
212
213
210
213
210
210
209
206
210
212
214
215
214
216
213
213
211
211
211
208
207
205
203
205
204
203
205
202
202
202
201
203
203
203
203
203
204
203
203
201
201
200
199
201
202
200
200
200
202
202
202
201
200
199
199
199
200
201
204
202
202
203
203
201
197
197
199
200
194
194
196
196
192
191
190
191
193
194
193
193
192
191
191
190
189
190
192
192
193
193
194
193
194
194
195
194
194
193
193
191
191
189
189
189
190
189
187
187
189
190
190
190
192
193
194
196
195
194
191
190
190
189
188
188
188
189
188
188
188
189
191
190
191
190
192
191
188
187
187
188
190
190
188
188
188
188
186
184
185
186
185
184
185
184
186
188
187
186
187
189
188
189
188
186
186
187
187
185
184
184
182
184
185
183
182
182
183
184
183
182
183
184
184
182
181
180
179
180
180
180
178
179
180
180
180
181
181
180
180
180
180
179
179
178
178
178
179
181
178
177
175
174
175
176
176
174
174
174
174
174
174
174
174
176
178
177
176
178
179
179
180
181
185
183
184
183
181
180
180
178
177
177
178
178
179
178
178
176
176
176
176
173
175
175
175
176
178
179
178
180
179
179
179
176
176
177
178
179
181
180
180
178
179
178
179
180
178
177
177
177
180
179
180
181
181
180
179
179
179
181
180
178
178
176
176
175
174
173
174
175
173
173
173
173
172
172
171
172
173
172
174
174
173
175
174
175
176
175
175
174
172
172
172
173
173
174
173
175
175
174
173
172
173
173
171
171
170
170
170
171
171
174
172
170
171
170
172
172
172
171
168
167
166
166
168
169
168
166
166
166
165
165
164
164
165
166
167
167
165
166
165
166
165
164
164
165
165
166
167
168
168
168
168
169
170
171
171
172
172
171
173
173
172
173
173
174
174
176
176
175
175
176
175
177
177
177
175
177
178
177
177
176
177
178
176
176
174
174
175
173
173
173
172
172
174
172
170
169
169
168
168
168
166
165
168
167
167
169
168
168
170
169
170
169
170
171
171
172
171
172
172
171
171
170
169
168
167
166
167
167
167
166
164
163
164
164
167
167
166
166
164
164
164
163
163
163
163
163
162
164
164
164
164
164
166
167
170
171
170
170
168
168
168
171
170
169
170
169
169
169
170
169
168
168
171
170
170
169
169
170
168
167
167
167
167
168
165
166
165
164
165
165
164
164
165
165
165
165
166
166
165
165
165
165
166
167
167
167
165
163
163
162
162
161
163
164
164
164
164
162
161
159
158
157
158
158
160
160
160
162
163
161
160
160
161
161
161
160
161
162
162
161
161
163
163
167
167
165
163
163
166
167
168
168
171
171
173
172
171
171
170
171
171
170
170
167
167
167
165
163
163
163
165
164
164
164
163
161
163
164
164
165
165
166
165
166
166
165
166
167
165
167
167
166
166
165
164
165
164
165
165
164
163
163
163
163
164
164
164
165
164
163
164
166
167
166
166
168
168
167
168
167
166
165
164
165
162
163
163
162
162
163
163
163
164
166
167
170
168
168
167
168
166
166
167
168
169
168
170
169
170
168
169
166
165
164
163
162
161
161
161
162
163
164
165
164
164
166
163
163
163
162
162
164
163
165
164
165
165
165
165
164
162
163
164
164
164
164
165
165
164
163
162
163
161
161
161
162
162
164
165
166
165
163
165
165
163
162
162
161
162
162
160
161
160
160
161
162
160
164
164
166
167
168
167
169
169
168
169
169
170
170
170
170
170
170
168
164
164
163
163
163
161
160
163
161
160
160
160
162
161
158
157
157
159
160
158
157
157
158
157
158
158
159
159
158
160
159
158
157
157
157
157
157
158
156
156
155
154
154
155
155
156
155
156
158
158
157
158
160
160
160
160
159
160
159
159
161
162
161
161
163
163
162
161
160
160
161
161
165
164
165
163
162
161
164
164
164
164
164
165
165
164
165
166
165
164
164
166
166
165
166
163
165
163
163
163
164
163
166
165
166
165
163
160
163
161
159
160
161
160
160
158
160
160
160
160
159
158
158
157
158
156
155
156
154
154
153
153
153
153
154
156
155
158
158
158
158
158
159
161
160
157
157
156
156
158
158
158
157
159
162
164
162
162
162
162
163
162
163
160
159
157
158
159
158
158
159
159
155
154
154
154
154
155
154
158
158
155
155
154
154
152
151
150
150
151
153
154
154
154
154
155
156
156
157
158
158
156
155
158
156
155
152
153
153
153
153
153
153
154
153
153
154
155
157
158
156
155
156
155
154
156
156
156
156
154
154
155
154
155
154
153
153
153
150
150
149
151
151
153
153
154
153
151
150
150
150
149
148
147
147
147
146
146
146
147
148
148
150
149
149
147
147
148
149
151
151
152
152
152
153
151
153
153
154
154
154
155
154
155
155
156
156
155
154
152
153
153
152
151
151
150
149
147
147
147
147
148
151
150
151
152
151
153
152
152
153
152
151
150
152
152
153
153
153
153
153
153
152
151
150
149
150
150
149
150
150
148
148
148
148
146
144
144
144
144
145
145
146
148
149
148
149
149
149
149
150
150
150
152
152
152
151
151
149
150
151
152
151
150
151
151
151
151
153
153
150
148
148
148
149
151
149
149
148
147
147
147
147
146
145
146
147
147
147
147
147
146
147
147
148
149
147
148
147
147
148
148
149
150
150
149
149
150
153
155
155
156
155
155
153
153
153
153
153
154
155
155
155
153
154
151
152
152
154
153
153
153
149
150
150
150
150
151
154
153
152
151
152
152
153
153
153
153
155
155
153
152
151
152
152
153
152
152
149
149
150
150
151
152
153
152
154
155
154
154
153
154
154
153
152
153
152
150
151
151
152
152
153
155
153
153
153
153
154
154
154
156
158
157
154
149
147
146
144
144
144
144
143
142
142
145
145
145
146
144
145
145
143
144
144
143
142
142
142
143
143
145
146
146
147
146
146
146
146
146
146
145
147
145
146
147
146
147
149
149
149
149
150
150
151
152
153
151
149
151
150
149
149
150
153
155
154
154
154
152
153
153
153
155
153
152
151
151
151
149
149
148
146
146
147
149
148
148
148
147
146
147
146
145
144
144
143
143
144
144
146
146
146
146
146
145
146
148
147
148
148
147
147
147
148
149
148
147
147
147
145
144
146
148
147
148
150
153
153
150
148
148
148
147
147
146
149
150
150
150
148
147
147
146
147
146
145
146
147
146
146
147
146
146
147
148
149
149
150
151
149
149
149
151
153
152
151
152
151
150
150
150
150
149
147
147
146
146
146
151
153
154
151
151
151
151
151
149
151
150
148
148
149
148
148
148
147
146
145
146
145
142
142
142
141
141
141
141
142
142
142
144
145
146
148
147
146
146
147
146
147
148
146
146
146
145
145
145
145
143
143
143
145
145
145
146
146
147
146
145
145
144
146
148
148
148
149
148
148
148
147
146
146
145
144
146
145
144
144
144
145
145
145
145
147
147
147
147
149
150
150
150
149
152
150
150
149
149
149
147
147
145
146
145
145
145
147
148
147
144
143
142
143
144
144
144
144
145
146
146
147
148
148
146
145
146
147
146
144
144
145
145
146
145
145
145
143
145
146
145
144
143
143
143
143
144
148
147
145
147
148
149
150
150
153
151
149
149
149
146
148
148
146
146
145
144
142
142
142
142
140
139
139
139
139
139
139
138
138
138
139
140
140
140
140
141
143
143
142
143
143
144
145
145
145
144
143
143
143
143
143
143
143
143
143
143
143
141
142
144
144
144
143
143
141
141
144
144
144
143
143
143
143
143
144
144
143
145
146
149
150
150
145
145
146
146
146
147
149
149
150
149
149
146
148
149
149
148
146
148
147
148
150
151
150
151
151
151
150
150
150
151
151
150
149
148
148
147
147
149
148
148
147
147
146
145
145
144
144
144
145
146
145
144
145
144
145
143
141
142
143
145
145
146
146
145
144
146
146
147
147
146
146
146
146
146
145
146
147
147
147
147
148
150
150
150
150
150
150
149
152
148
146
146
146
145
145
146
147
144
142
141
141
143
143
143
141
141
142
141
142
142
143
143
143
144
141
142
143
142
142
142
141
142
142
141
141
141
141
143
142
143
142
144
143
141
141
143
142
142
142
140
138
138
136
134
134
134
134
134
134
135
134
135
135
136
137
137
137
137
138
138
139
140
142
141
142
141
143
142
142
141
143
142
142
142
140
139
138
139
138
139
140
140
140
140
140
139
138
137
137
138
139
139
140
139
137
137
139
139
142
142
143
144
143
142
140
140
138
139
139
136
136
136
136
136
135
135
135
136
136
135
136
136
135
136
137
137
137
137
137
138
141
141
141
141
143
144
144
144
143
143
143
143
142
141
141
141
141
142
142
141
141
141
141
142
141
141
140
140
139
135
135
135
139
139
139
139
139
138
138
137
136
135
135
134
134
134
135
136
135
135
135
135
136
137
139
138
137
136
137
137
135
134
135
136
139
141
142
140
139
137
137
137
137
137
138
138
137
137
137
138
138
139
139
138
138
137
137
136
136
135
135
137
134
132
133
133
133
133
133
133
133
135
133
133
132
132
133
134
131
132
132
130
132
134
133
131
132
133
136
135
135
135
135
134
133
133
133
132
132
133
134
135
134
134
134
133
131
133
134
133
132
132
134
136
136
135
133
133
135
137
137
139
137
137
137
138
138
137
137
137
135
135
134
135
135
134
135
137
139
136
135
135
132
133
133
132
131
131
130
130
131
131
132
130
130
130
129
129
128
128
128
128
128
129
129
129
129
129
129
130
130
130
131
130
129
130
130
129
128
128
128
128
129
130
130
130
129
129
129
129
129
130
131
131
134
134
133
133
134
134
138
138
137
138
137
136
135
133
132
131
132
132
132
129
129
129
128
126
126
126
127
126
127
126
128
128
128
128
129
129
130
130
131
129
129
129
129
130
130
130
130
130
130
128
129
129
129
129
128
128
128
127
127
127
127
127
127
127
128
127
127
126
127
126
126
127
127
128
130
130
130
129
129
129
129
129
130
130
130
130
131
131
132
132
133
133
133
133
136
136
135
134
134
132
131
131
132
133
135
135
135
134
134
136
136
134
134
133
132
131
131
129
128
127
127
127
127
128
128
129
128
129
129
128
129
129
128
128
132
132
131
131
130
129
129
129
130
129
129
129
130
129
128
129
127
129
130
129
129
128
127
129
130
128
128
127
128
128
128
129
128
126
126
127
127
127
128
128
126
125
125
125
125
125
125
124
124
124
125
126
127
127
128
129
129
129
129
132
133
133
134
134
135
136
135
135
135
136
136
135
135
135
134
133
133
134
135
135
136
137
136
135
133
132
132
132
134
138
136
137
138
138
138
138
141
138
140
139
141
140
140
139
139
140
140
141
142
141
142
141
141
139
136
134
134
134
134
133
133
134
135
136
135
135
135
135
136
136
135
132
131
130
130
127
127
127
128
128
128
129
129
126
127
126
126
126
126
127
126
128
128
127
126
126
126
127
126
126
128
127
128
129
129
130
129
130
129
128
128
129
130
129
129
128
128
127
127
129
129
129
128
127
126
126
125
125
124
125
125
123
124
122
122
121
121
123
124
124
124
124
126
126
126
126
126
128
128
129
129
129
130
130
129
129
129
129
128
128
127
127
129
127
128
130
129
128
129
129
130
129
129
130
130
130
130
130
131
131
131
130
130
131
131
131
131
131
130
130
130
131
133
133
133
133
131
130
130
130
130
129
129
129
129
128
127
129
130
129
129
130
130
130
129
129
130
130
130
131
131
129
129
130
130
131
131
131
129
129
131
132
131
131
132
131
132
132
133
136
137
138
137
136
137
137
136
132
132
133
133
132
132
133
133
136
136
135
136
138
136
135
135
135
132
130
130
127
127
127
126
126
125
125
123
122
122
123
123
123
125
124
125
125
126
125
125
125
124
126
126
127
125
123
125
125
126
125
126
127
126
126
125
126
124
125
124
125
126
126
125
124
124
124
124
124
126
128
128
127
125
125
125
125
126
126
126
124
125
125
126
127
128
128
127
128
128
127
127
126
126
125
125
125
124
123
124
125
124
124
124
124
124
123
123
122
122
125
125
125
125
125
126
126
126
127
127
128
127
126
126
126
126
125
126
126
127
127
128
129
128
128
129
130
131
131
130
128
128
128
128
127
126
129
131
131
132
131
130
130
130
130
129
128
128
128
128
129
129
128
128
128
128
126
126
126
127
129
129
129
129
132
132
132
132
129
129
127
125
126
126
125
124
124
124
124
125
125
125
124
124
124
125
126
126
127
128
127
127
128
128
127
127
127
126
127
127
128
128
125
126
126
128
128
130
131
131
130
129
128
127
127
127
127
125
127
126
127
127
127
126
128
129
131
130
129
126
125
126
125
124
124
124
125
126
126
125
125
124
125
124
123
123
123
122
122
121
123
123
124
124
124
127
126
127
128
128
126
126
126
128
129
129
131
128
129
131
130
131
131
131
129
130
129
129
129
131
130
130
131
132
133
133
133
133
131
133
134
132
131
131
129
127
126
125
123
121
120
120
119
119
119
119
120
120
121
120
120
120
119
118
119
119
119
121
122
123
121
121
120
118
118
119
119
118
121
121
122
121
119
119
120
120
120
118
118
120
120
122
121
121
119
119
119
120
118
118
117
116
116
115
114
114
114
114
114
114
114
115
115
114
115
114
115
116
116
117
117
117
117
117
117
119
119
117
117
121
122
121
121
119
120
120
119
119
118
118
119
118
118
118
116
115
115
115
115
117
116
116
116
117
115
115
115
116
115
115
114
115
116
116
117
117
117
116
116
117
119
121
123
121
120
121
121
120
123
123
122
121
123
123
121
119
116
116
119
118
120
119
119
120
120
121
120
120
121
123
120
122
122
120
119
118
117
118
118
120
120
121
121
120
122
125
123
124
124
123
123
122
122
122
122
123
122
123
123
125
125
126
125
125
124
124
124
121
120
121
123
123
122
121
121
124
124
123
122
121
121
121
122
121
121
121
121
122
122
121
121
121
122
121
119
119
120
120
120
120
121
122
121
121
121
120
120
119
119
119
118
120
119
120
118
118
117
117
117
117
116
116
116
116
117
117
117
118
116
116
117
117
116
116
116
115
115
115
117
118
118
118
118
118
117
117
116
116
117
118
118
117
117
117
116
116
116
112
113
112
115
115
115
115
116
116
115
116
115
116
116
116
116
116
119
118
119
118
118
119
118
118
118
117
119
119
119
119
117
117
118
118
118
120
120
120
119
119
118
118
117
117
116
116
117
117
117
117
118
118
118
118
118
118
118
119
119
119
119
120
121
121
120
119
120
120
121
121
122
120
121
121
118
118
118
119
119
117
119
119
118
117
117
118
118
118
119
119
119
119
118
118
119
119
118
120
120
117
116
116
116
118
118
117
117
116
115
116
117
121
123
121
122
120
121
122
122
121
121
120
120
120
119
120
120
119
119
117
116
117
117
117
118
118
119
119
118
118
118
117
116
116
117
117
115
115
116
117
117
118
118
120
118
116
115
116
114
115
115
115
114
116
116
115
115
114
116
116
117
117
118
116
119
118
118
118
116
116
115
117
116
116
115
115
114
114
113
112
112
110
110
111
112
114
114
114
114
112
111
111
110
109
111
110
111
111
111
111
111
110
109
110
109
109
108
107
107
108
109
109
109
111
111
110
109
109
109
109
111
111
110
111
112
112
112
111
111
110
110
110
109
108
106
107
109
109
109
110
111
110
110
111
111
111
112
111
112
112
112
113
115
114
113
112
112
112
111
112
111
111
110
111
109
108
106
108
109
110
109
108
108
108
108
107
107
106
106
107
107
107
107
107
106
106
106
107
106
106
107
107
107
108
109
111
110
110
109
108
108
107
108
108
107
106
106
106
107
107
108
107
108
110
110
111
111
112
111
112
112
112
113
110
110
109
107
106
106
107
107
107
107
107
107
106
106
107
108
108
107
107
107
107
107
107
107
107
107
107
107
110
109
110
109
110
108
107
108
107
107
106
107
108
108
108
107
108
108
107
106
105
105
105
107
106
107
110
110
111
110
109
109
109
109
109
109
109
106
106
108
107
107
107
106
108
108
108
108
107
107
106
106
107
108
108
107
106
106
107
106
107
105
106
106
106
106
105
107
106
107
108
111
112
111
111
112
111
111
111
111
110
108
108
108
107
107
107
107
108
108
108
108
108
109
109
111
111
112
112
112
111
112
112
110
110
111
111
111
111
109
110
111
112
112
111
111
112
113
113
113
112
113
112
110
109
108
107
106
107
109
108
107
108
109
110
110
111
111
109
109
107
107
107
106
107
107
108
108
107
109
109
109
109
107
107
108
108
107
108
107
108
109
108
108
109
109
108
108
108
107
107
106
105
105
105
104
104
106
105
104
105
104
104
104
104
104
104
104
104
103
103
104
104
103
104
104
103
104
104
104
103
103
101
102
101
101
103
103
104
104
103
103
103
103
105
104
104
105
106
105
105
106
107
106
105
104
105
105
105
105
104
105
105
105
105
104
104
103
104
105
104
103
104
104
105
107
107
108
109
111
111
112
111
111
111
111
110
110
110
111
111
111
110
109
108
108
108
107
108
108
106
106
105
105
105
104
104
104
104
104
107
108
108
107
107
107
107
108
109
108
108
107
106
106
106
107
107
108
106
105
106
106
106
104
105
105
107
106
106
105
107
108
108
105
105
105
106
106
106
105
105
106
106
106
106
106
106
106
106
106
106
106
107
108
109
109
107
107
107
106
108
109
110
109
109
110
110
110
111
112
113
111
110
110
110
109
109
109
109
109
110
110
109
109
108
109
108
106
105
105
107
107
109
107
107
106
105
106
107
106
106
106
106
108
108
107
107
108
108
108
110
110
108
108
109
107
106
106
106
107
106
105
105
105
105
105
106
105
106
108
108
109
109
109
109
108
107
107
107
106
106
107
107
107
108
108
108
108
108
108
106
106
107
107
107
104
105
105
103
103
103
105
106
105
105
105
106
105
103
104
106
105
104
105
105
105
105
105
105
104
104
103
102
103
104
103
103
103
104
104
104
105
105
105
104
104
104
103
104
103
103
101
101
103
102
103
103
103
102
101
102
101
102
102
101
101
102
104
103
105
106
105
104
104
103
104
104
105
105
105
106
108
109
109
109
110
109
107
107
105
104
105
105
107
106
107
108
108
108
107
106
105
103
105
104
104
103
103
103
105
105
104
102
102
103
104
104
104
103
104
104
104
104
106
105
105
108
107
108
108
108
106
106
104
105
104
103
104
104
105
106
106
106
107
105
107
107
107
108
108
108
107
106
107
105
103
103
102
102
101
101
101
100
100
100
101
100
101
101
101
101
100
100
99
100
100
100
100
98
98
98
98
97
97
98
98
99
99
99
102
102
103
103
103
104
104
106
106
105
105
104
104
105
106
104
104
105
103
104
105
105
103
103
102
104
103
103
104
106
104
105
104
104
105
106
107
107
106
106
106
105
105
104
104
103
104
103
103
102
102
102
103
103
103
101
100
101
101
101
101
101
103
103
103
102
102
102
102
101
99
100
101
102
102
102
102
102
102
102
101
101
101
102
102
101
101
101
104
104
104
103
103
100
101
101
101
101
100
103
104
102
102
102
102
102
102
102
101
100
101
101
101
101
101
102
104
105
104
105
106
106
104
103
103
104
104
104
103
103
102
102
102
102
103
102
103
103
102
102
103
105
105
103
102
101
102
102
102
101
100
100
100
100
98
98
98
99
99
100
99
99
99
98
97
97
97
99
101
100
100
99
100
101
101
101
101
101
100
100
100
99
99
100
100
100
101
100
100
100
101
101
101
101
100
99
100
100
98
98
98
99
100
99
98
99
97
97
96
97
99
99
99
99
99
99
99
100
100
100
99
99
97
97
97
97
97
98
98
98
99
100
100
99
99
98
99
100
99
99
99
98
98
99
97
98
98
97
97
99
99
99
99
101
103
104
104
103
103
104
106
105
104
104
105
106
105
106
107
107
107
107
107
108
103
103
103
104
104
103
103
102
102
102
103
103
103
103
103
102
102
101
102
102
102
103
102
103
103
103
102
102
103
101
98
97
97
98
95
95
95
94
94
94
95
95
97
97
97
97
97
98
97
99
101
101
102
103
103
101
101
101
102
102
102
103
103
104
104
103
104
105
107
110
108
110
109
108
108
110
107
106
105
106
105
105
105
105
106
105
105
105
105
104
103
102
103
102
102
102
102
101
102
102
102
101
101
99
98
99
99
97
97
99
101
102
99
98
98
97
97
98
98
100
100
100
100
100
100
102
103
105
104
105
104
104
104
105
105
106
107
106
106
104
104
104
104
104
103
104
106
103
103
103
103
102
102
103
101
101
101
101
98
99
98
98
97
97
98
98
98
98
97
97
97
98
97
97
97
95
95
95
95
95
96
96
95
95
95
96
98
97
96
97
98
98
99
100
101
101
99
99
97
97
97
95
96
96
96
96
97
97
97
97
97
96
97
97
100
100
100
99
100
98
98
98
99
99
98
98
98
98
99
99
97
97
97
97
97
96
95
95
95
95
96
96
95
94
94
95
94
94
94
95
95
93
93
93
92
93
93
93
93
93
94
96
95
95
95
96
97
96
97
97
97
99
98
99
99
100
100
98
98
96
97
97
97
97
97
97
98
96
95
95
97
96
97
97
98
98
98
100
102
101
101
101
101
100
100
100
99
100
104
103
103
102
101
100
100
97
97
97
97
96
96
96
96
96
95
94
96
96
95
95
97
98
97
97
97
99
100
100
101
100
100
101
101
101
103
100
101
100
99
99
99
99
99
99
98
98
100
98
98
98
98
99
99
100
99
100
99
99
98
97
97
97
95
95
96
96
97
97
97
98
98
97
97
97
97
98
99
98
98
95
95
95
95
95
95
96
96
97
97
97
98
98
99
100
99
99
98
98
100
100
99
100
101
101
101
102
104
104
104
105
104
104
103
103
103
102
101
100
104
103
104
103
103
102
102
102
102
103
103
103
102
101
100
100
100
100
100
100
100
100
101
102
101
100
102
101
102
103
104
104
103
102
102
102
102
102
102
102
102
101
101
101
101
102
102
103
104
104
104
104
104
103
102
102
102
103
102
102
104
103
101
99
99
98
99
100
100
99
99
99
100
100
101
100
99
98
98
98
98
98
98
99
99
99
99
100
100
101
