0.00018068965517241382 0.0004196551724137932
300
298
293
288
286
285
282
277
273
272
271
272
271
271
270
269
270
270
269
267
268
269
270
269
268
266
266
266
268
269
267
267
266
265
266
266
266
265
264
263
264
263
263
263
264
264
263
264
265
265
263
263
262
262
265
262
261
259
259
260
262
264
265
264
264
263
262
264
264
261
262
259
258
258
261
257
258
258
258
259
258
258
258
259
260
260
257
258
259
258
258
258
259
259
259
258
259
260
260
260
260
261
259
259
259
258
257
257
258
261
262
258
258
257
258
258
257
257
258
258
257
257
258
258
258
258
258
261
259
259
259
260
259
261
260
260
258
258
256
256
257
258
260
256
256
256
256
255
256
256
255
255
256
259
258
259
258
258
257
256
257
256
257
258
259
255
256
255
255
255
254
256
258
256
256
256
255
255
255
256
258
258
257
257
256
259
258
256
258
258
256
255
257
254
253
253
252
250
249
249
249
249
248
250
252
252
253
251
249
250
252
254
253
253
255
254
250
251
250
255
253
251
251
249
248
247
249
249
248
247
247
246
246
246
246
247
247
247
247
248
248
249
249
251
251
250
250
248
248
247
248
247
246
246
246
247
247
247
248
249
251
251
251
250
248
246
246
246
246
247
247
247
246
246
246
245
245
245
244
243
243
244
245
246
247
247
246
249
249
249
249
249
246
248
249
248
247
245
245
245
246
246
245
242
242
240
240
240
240
241
241
241
241
242
242
242
242
243
242
243
243
244
245
246
247
247
245
246
246
245
245
243
242
242
242
243
243
243
242
242
241
241
241
241
239
241
241
242
242
238
240
241
242
243
243
242
241
244
242
240
240
240
240
237
237
238
240
242
242
241
241
240
238
238
238
241
240
239
238
238
237
237
237
238
239
239
238
238
239
238
238
236
236
235
236
237
236
238
237
236
238
238
238
238
239
238
237
237
237
237
237
238
239
240
238
238
240
239
239
238
235
235
236
236
235
234
237
233
234
234
234
235
234
234
233
233
235
234
236
237
236
238
238
236
236
235
234
234
234
233
231
232
232
232
231
230
230
230
230
230
232
232
232
232
232
232
231
231
230
230
229
229
230
231
232
231
234
233
233
232
228
227
228
228
228
227
228
229
229
230
232
231
229
229
229
230
229
229
230
231
230
228
229
228
229
230
231
232
230
231
231
230
229
231
230
227
227
227
227
226
227
228
229
232
234
232
231
228
230
227
226
226
225
225
226
226
228
229
228
228
228
227
227
227
228
228
233
232
230
229
230
231
231
230
226
226
227
226
226
227
227
225
226
225
223
223
224
224
224
224
225
225
227
224
224
227
228
226
225
224
224
224
224
227
224
223
223
223
223
224
225
225
225
225
225
225
225
226
227
228
227
226
226
226
226
225
224
225
223
223
223
224
221
220
221
222
223
225
224
223
224
224
226
225
224
225
224
225
226
223
223
223
224
222
222
222
222
222
223
225
226
225
225
225
226
226
227
225
226
226
225
226
225
226
225
226
225
226
226
225
224
225
226
226
228
226
226
227
225
223
223
223
225
223
223
226
226
224
223
222
221
223
224
223
225
225
224
224
224
225
225
224
224
225
224
224
226
226
225
224
224
226
225
223
222
222
222
221
222
223
222
223
223
222
223
221
222
223
223
224
225
225
223
223
222
223
224
226
227
226
226
225
225
225
225
226
225
225
223
224
223
222
222
223
222
222
222
221
223
223
222
219
219
221
220
222
223
221
221
221
220
221
221
223
222
220
218
217
216
216
218
218
218
217
218
217
217
217
218
218
217
218
219
219
218
218
219
219
219
219
221
221
220
219
219
219
220
220
219
218
218
218
218
219
219
219
220
219
219
221
220
220
220
219
219
219
219
217
217
217
217
218
219
219
219
219
217
218
220
221
223
222
223
222
222
222
221
222
222
222
222
224
221
221
221
220
219
219
217
217
217
219
219
219
219
219
219
219
220
221
221
220
219
220
220
219
220
221
222
222
222
226
225
224
224
225
223
219
219
219
220
220
220
219
218
221
221
217
218
220
220
221
222
222
221
220
219
218
218
219
218
216
217
217
219
219
218
217
216
215
217
217
218
218
219
220
222
221
220
220
218
218
221
218
216
216
216
215
215
215
217
217
217
216
216
215
215
213
212
213
213
213
212
212
212
212
212
214
213
214
214
212
212
212
214
216
215
215
216
217
216
217
217
217
216
215
215
214
214
216
215
216
213
212
214
215
216
217
216
215
215
217
216
214
214
216
217
216
218
216
216
215
215
215
216
216
214
214
212
211
210
212
214
214
214
213
211
209
209
208
209
209
208
210
211
211
209
211
212
213
213
212
211
213
212
211
212
213
213
213
212
212
213
213
211
213
210
211
212
211
211
211
211
211
211
212
213
213
214
214
214
213
210
209
209
208
209
209
210
210
211
212
213
213
211
211
210
211
214
214
214
213
213
213
213
212
211
213
211
212
212
213
210
209
208
208
212
210
210
211
212
212
212
213
211
211
211
210
210
210
209
209
208
208
209
208
208
208
209
209
209
208
209
208
208
207
210
213
214
214
215
212
211
210
211
211
209
210
210
210
211
211
212
211
210
210
209
210
208
211
210
210
209
207
207
207
207
207
207
207
206
206
206
206
207
206
208
209
209
210
209
208
208
208
208
208
209
210
208
207
207
208
207
210
210
209
208
207
207
208
208
208
208
208
209
210
208
207
206
208
208
208
210
211
213
215
214
214
214
215
215
214
213
211
210
208
207
208
210
208
209
208
208
209
209
208
208
206
206
206
205
205
205
205
208
207
207
207
207
206
207
207
208
209
211
211
210
209
210
209
209
208
207
208
210
209
209
207
207
206
208
207
207
210
211
214
213
212
211
212
211
208
208
208
207
208
208
208
208
207
206
205
208
207
207
204
204
204
203
203
203
203
203
204
205
205
205
205
206
206
208
209
211
210
210
209
209
207
207
206
206
207
209
208
207
208
209
207
207
208
208
208
206
206
208
209
210
208
207
207
207
208
207
205
204
204
205
206
205
205
207
207
206
206
205
207
205
205
204
204
204
204
204
203
203
204
205
204
204
204
204
203
203
203
205
207
208
210
210
209
208
208
206
206
205
205
205
206
207
208
208
208
207
207
206
205
205
205
205
206
205
205
204
203
203
203
202
202
203
202
204
204
204
205
205
205
205
206
208
206
204
203
203
205
206
204
207
208
209
208
206
206
205
207
208
207
207
206
205
204
204
204
202
202
202
202
202
203
203
203
203
203
203
203
205
205
204
202
202
202
202
201
201
203
204
205
205
205
205
205
206
204
204
205
205
205
205
207
208
207
205
205
203
202
202
203
204
205
204
202
203
203
203
204
204
203
203
203
203
204
205
206
204
204
204
206
205
204
204
203
203
202
203
202
202
203
202
202
202
202
201
203
204
204
204
203
203
202
203
202
201
202
202
204
202
203
203
203
202
203
203
202
202
201
202
204
204
203
202
202
203
203
203
202
202
203
203
202
202
203
203
202
203
202
202
201
202
204
203
203
203
204
202
200
200
201
201
201
201
201
202
202
202
201
201
202
203
202
201
201
202
201
201
200
200
201
203
203
203
204
202
202
202
204
200
200
200
199
199
199
199
199
199
200
201
203
204
203
202
201
201
201
201
201
201
201
201
203
204
203
205
204
204
205
206
205
207
207
205
203
203
201
201
203
203
204
205
205
205
206
207
207
205
202
201
199
200
200
200
198
200
200
197
198
198
197
197
197
197
197
198
201
198
197
196
196
196
196
197
195
195
196
197
196
197
197
197
198
199
199
200
201
201
202
203
204
204
202
201
201
199
197
197
198
197
198
198
198
196
195
194
193
194
195
195
196
196
194
194
195
193
192
193
193
194
194
195
194
195
194
193
192
191
191
191
193
194
195
194
192
193
194
193
194
194
194
193
192
192
191
191
191
191
193
194
195
195
194
195
193
192
197
197
195
195
195
195
195
192
191
191
192
192
194
195
192
192
193
195
196
196
196
194
194
193
192
190
191
191
191
191
190
191
192
191
191
189
189
187
187
187
187
188
188
189
189
189
189
189
192
191
190
190
191
190
190
191
189
190
190
190
190
190
192
190
190
187
188
189
188
187
186
186
186
188
188
189
190
191
191
192
193
194
191
191
190
188
188
188
189
188
187
188
188
189
188
188
188
188
188
190
190
191
188
188
188
187
188
188
188
190
190
189
188
187
186
186
188
188
187
187
187
186
186
187
187
189
189
189
190
191
191
192
191
191
191
192
191
190
187
187
190
190
190
187
187
187
188
189
191
191
189
189
189
187
188
189
188
188
187
187
187
186
186
186
187
187
190
189
190
188
188
187
187
188
189
189
188
189
189
189
188
188
188
187
186
187
189
189
189
188
187
187
187
187
187
186
186
186
188
188
188
187
186
186
186
186
186
186
186
186
185
185
185
185
185
185
186
185
186
186
187
186
188
189
189
188
188
187
188
188
186
186
183
184
184
184
184
185
185
184
183
183
183
183
183
183
183
185
184
184
184
184
184
185
184
184
185
184
184
185
186
183
184
184
184
185
186
186
185
185
184
185
186
187
187
187
186
185
183
184
185
186
185
185
185
185
185
185
186
187
187
185
184
184
184
185
186
186
186
187
186
185
186
187
186
185
184
184
185
187
190
189
190
188
191
190
190
189
187
185
183
185
185
185
186
186
186
185
185
185
184
184
183
183
186
185
186
186
183
183
183
183
184
183
182
182
182
183
183
182
182
182
183
182
182
183
184
184
184
183
183
183
183
183
182
182
183
183
183
185
184
182
182
182
182
183
183
185
186
185
185
184
187
185
185
185
187
188
188
187
186
186
185
185
186
186
184
185
185
186
185
184
184
185
185
184
186
186
186
185
187
188
187
187
185
185
185
184
184
184
183
183
182
181
181
181
180
180
180
180
180
180
180
182
182
182
182
181
181
181
183
182
183
182
181
181
181
183
183
181
182
182
183
183
184
185
184
186
187
186
185
185
181
182
183
181
181
181
181
181
181
181
181
181
179
179
180
181
183
182
182
181
182
183
183
181
181
181
182
182
184
184
186
185
184
183
181
180
180
180
180
182
181
181
181
181
181
180
180
181
181
181
179
179
179
180
180
182
183
181
181
181
181
182
182
181
181
183
181
181
181
182
184
185
184
185
187
186
183
183
183
182
181
181
182
182
181
180
180
181
182
181
182
182
182
182
182
181
181
181
184
183
183
181
182
181
179
179
178
178
178
179
180
179
180
180
180
183
183
185
184
184
182
181
181
180
180
181
181
181
181
180
179
179
179
180
180
181
182
181
181
181
183
182
181
178
178
178
178
178
178
180
179
181
179
179
178
178
178
178
178
178
180
182
184
182
181
183
180
179
179
179
179
180
181
179
179
180
180
180
180
181
182
179
176
176
176
178
178
178
179
181
180
180
180
180
181
181
181
181
183
183
181
179
179
179
177
178
178
178
179
178
177
178
179
179
180
178
180
181
181
181
180
179
179
180
179
176
176
175
174
176
176
175
175
175
175
176
175
177
176
175
174
175
175
176
177
177
177
177
176
177
177
177
177
177
177
176
176
175
175
176
177
176
176
176
176
176
177
179
178
177
177
175
174
174
175
175
175
175
174
174
176
176
177
178
177
175
175
175
175
176
176
176
176
176
176
176
177
177
177
176
177
176
175
175
176
175
175
173
173
173
173
173
173
173
175
174
176
176
175
176
176
177
177
177
174
173
173
173
174
174
174
174
173
173
172
172
173
173
173
173
174
174
175
176
176
177
177
174
172
172
172
173
174
175
174
172
171
171
171
171
171
171
173
174
173
174
173
173
173
172
172
172
171
172
173
172
172
172
172
171
171
172
173
172
172
172
175
176
175
176
175
175
176
176
176
175
176
176
176
176
175
176
174
175
174
173
172
173
172
174
174
175
174
174
172
172
171
171
171
172
173
173
173
173
172
173
172
172
172
173
174
174
174
174
171
172
173
175
174
174
174
175
175
175
175
175
176
174
174
174
174
174
175
172
173
173
173
173
174
174
174
173
171
174
173
172
171
171
171
171
172
171
171
171
170
171
172
172
171
172
171
171
172
171
171
172
169
169
169
170
170
171
172
172
172
171
171
171
171
172
172
170
170
170
170
170
169
170
171
171
171
171
171
169
169
169
169
169
169
169
168
168
167
167
168
168
168
169
170
170
171
170
169
169
170
170
169
170
169
168
168
169
171
171
171
171
171
172
172
173
172
173
173
175
174
171
171
171
171
171
171
169
170
171
170
169
168
169
170
170
169
168
168
169
169
169
171
170
171
171
168
168
168
167
167
166
165
166
167
167
167
167
168
169
169
169
170
169
170
170
170
171
171
170
171
167
166
167
167
166
167
171
169
169
169
170
170
169
169
170
171
172
171
168
169
170
172
170
169
169
167
167
167
165
165
165
166
166
166
166
168
166
165
166
165
165
165
164
166
166
166
167
166
166
167
167
167
168
167
168
168
168
169
169
170
169
169
169
168
167
168
167
165
165
167
166
164
164
160
160
160
159
159
160
161
162
161
163
163
163
163
163
161
161
160
159
159
160
160
161
163
163
161
161
161
161
161
162
161
163
163
162
162
162
162
161
161
162
162
161
160
161
161
161
161
162
163
162
162
163
161
160
161
159
159
159
160
163
163
162
163
161
160
159
159
159
156
157
158
157
157
157
158
158
158
158
157
157
156
156
156
158
159
158
158
157
157
156
156
157
158
158
156
156
156
156
156
156
157
157
157
157
159
159
160
159
158
160
159
160
159
159
159
159
159
158
157
157
157
158
157
157
157
157
158
158
157
157
157
158
158
158
160
160
160
161
160
159
156
156
156
155
155
155
155
156
156
156
157
157
157
155
155
155
156
155
154
154
155
155
156
156
157
156
156
158
159
158
159
161
161
160
158
159
157
157
158
157
157
156
155
155
155
156
156
155
155
155
156
156
155
153
153
153
153
153
153
152
152
152
152
152
154
153
153
153
153
154
154
155
156
156
156
155
156
156
154
154
153
153
153
154
154
155
155
155
155
155
154
155
156
157
157
158
157
157
155
153
152
153
151
151
151
151
151
152
153
153
152
152
154
153
153
152
152
153
153
154
153
154
154
155
155
154
153
155
155
155
155
155
154
153
153
154
154
153
154
155
155
155
156
156
154
151
151
153
153
153
152
152
151
151
152
152
151
151
151
152
152
153
153
155
155
152
152
151
151
152
153
153
154
154
154
153
154
154
151
152
152
150
149
151
153
152
151
151
151
152
152
153
152
153
153
153
152
151
151
152
152
150
151
152
152
152
152
152
151
150
150
150
153
152
152
151
150
152
153
153
155
153
153
150
150
150
150
150
150
149
149
150
151
150
149
149
149
150
151
151
150
149
149
149
150
150
149
151
151
151
151
152
152
152
151
150
151
151
151
149
148
148
149
148
148
148
149
149
148
148
148
150
150
150
150
150
149
149
150
148
148
147
147
147
147
147
147
147
147
148
149
149
150
149
149
150
150
150
150
150
150
150
150
149
148
148
148
149
149
149
149
147
150
148
148
148
148
149
149
149
149
150
150
149
149
148
148
148
149
150
151
151
151
152
151
150
150
150
151
150
150
150
151
151
151
150
149
148
147
146
148
148
148
148
148
148
149
148
147
147
146
146
146
146
146
146
146
146
147
147
147
147
147
148
147
147
147
147
147
147
147
148
148
148
147
148
148
149
149
150
150
150
152
153
153
153
152
153
155
152
151
150
150
149
148
149
150
149
149
149
149
150
150
150
149
150
150
148
148
147
147
147
148
148
148
149
149
149
150
150
150
150
149
149
149
149
149
149
149
149
149
148
147
148
148
149
149
148
147
146
146
148
148
147
148
148
148
148
147
148
150
149
149
148
149
150
150
149
149
147
148
148
148
147
147
148
148
147
148
148
148
148
149
151
150
149
148
148
148
148
147
147
147
148
147
147
147
147
147
145
147
146
146
147
146
146
147
146
145
146
147
148
148
148
149
150
149
148
149
148
148
149
148
147
147
147
147
146
147
148
148
149
150
150
152
150
149
148
148
148
147
146
147
146
145
144
144
143
143
144
143
143
145
144
145
145
145
145
145
145
145
145
145
147
147
148
147
146
147
147
147
146
147
146
146
146
146
147
145
146
146
145
145
145
145
146
146
147
149
149
148
148
148
148
147
147
147
146
145
145
145
145
145
146
148
147
147
146
146
146
146
146
146
146
144
145
146
146
145
145
145
144
145
145
145
145
146
145
144
145
144
143
143
143
143
144
143
142
142
143
143
141
142
142
141
141
142
142
142
143
141
141
143
143
143
145
143
144
145
144
143
142
142
142
142
142
142
142
142
142
144
142
142
142
142
142
143
143
144
143
143
142
142
142
141
141
142
143
143
142
142
143
144
144
144
145
146
147
146
146
145
145
146
145
145
145
145
145
145
144
144
144
142
141
141
141
141
142
142
142
143
145
146
144
143
143
143
141
141
142
144
145
144
145
146
145
145
145
141
141
141
141
140
140
141
143
142
142
140
140
140
140
141
143
140
141
140
139
139
140
138
138
138
139
139
140
140
141
141
140
140
143
143
143
143
143
142
142
142
141
140
140
139
139
138
138
138
140
140
141
142
144
144
143
142
141
141
141
141
140
140
140
139
139
139
139
139
139
140
140
140
143
143
143
143
142
140
140
140
140
140
140
141
142
142
144
145
145
146
144
144
144
144
143
143
143
140
140
140
140
140
142
141
141
140
138
138
138
138
138
138
139
141
141
141
140
140
141
144
146
143
143
143
142
140
141
142
142
143
142
142
142
140
141
140
139
139
139
139
139
140
140
141
139
140
141
141
140
140
140
138
137
137
137
137
138
138
137
137
137
137
138
138
138
137
137
137
137
137
137
137
138
140
140
140
140
140
140
138
139
139
139
140
140
140
140
139
139
141
141
139
140
139
139
140
140
141
138
138
138
138
140
140
140
141
140
140
140
139
139
139
139
139
139
138
140
139
139
139
139
139
138
138
138
138
138
139
139
140
140
141
141
141
142
143
144
143
143
142
141
140
140
139
138
139
140
140
140
140
141
142
143
141
141
142
142
142
141
141
140
139
138
138
138
138
138
138
138
138
138
139
139
139
139
139
139
139
139
140
140
140
140
140
139
138
138
139
140
140
139
140
142
141
141
140
140
139
138
139
138
138
138
138
138
138
138
138
138
138
139
139
139
139
140
141
141
141
140
139
139
137
138
137
137
138
140
139
139
141
140
139
139
139
140
138
139
138
138
138
138
138
136
136
136
137
137
137
137
137
137
136
135
136
135
134
134
134
135
135
135
135
135
136
137
137
133
133
134
134
133
133
134
135
135
134
133
134
134
134
134
135
134
135
136
136
136
136
136
137
135
134
134
135
136
137
136
135
136
133
134
134
133
133
133
134
134
135
135
135
134
135
134
134
134
134
133
133
133
134
133
133
134
133
133
133
133
134
133
133
132
132
133
134
134
134
133
136
135
135
136
136
136
136
137
136
136
136
136
136
135
134
132
132
131
131
133
132
133
133
133
133
132
132
129
129
129
129
128
128
128
128
128
130
130
129
130
130
130
130
129
128
130
130
129
129
128
128
129
129
128
128
129
129
129
129
131
131
131
131
131
132
132
132
131
131
130
130
131
131
132
132
132
131
131
131
131
131
131
131
130
130
130
130
129
129
130
131
132
133
132
132
131
131
131
130
130
131
130
130
130
129
129
129
129
129
128
128
129
129
129
129
129
129
130
130
130
130
129
130
130
130
131
131
132
133
132
132
131
132
133
133
132
132
132
132
133
133
132
132
134
134
134
132
131
131
130
130
130
129
129
129
129
129
130
130
130
130
130
130
130
131
131
131
131
129
129
130
130
130
130
130
132
131
131
131
130
130
131
130
130
131
132
131
132
131
131
132
131
133
133
132
132
133
133
133
132
131
131
131
131
131
131
131
131
131
131
131
131
131
131
131
131
130
131
132
132
131
130
130
130
130
130
131
131
130
130
130
130
130
130
132
131
130
130
130
131
130
129
129
131
131
132
132
132
131
131
132
130
130
130
130
130
130
130
130
132
132
131
132
132
132
132
132
132
132
131
132
133
133
134
132
133
135
136
136
135
134
134
135
136
136
133
132
132
131
131
131
131
131
131
132
131
132
132
132
132
133
134
134
134
133
133
133
133
133
133
134
134
131
129
132
131
131
129
129
130
130
130
130
130
130
130
130
130
130
130
129
129
129
129
130
130
130
130
130
130
131
133
133
134
134
134
132
132
130
130
131
130
131
132
131
130
130
131
129
130
131
131
130
131
131
130
130
130
132
131
130
130
130
129
129
129
129
129
129
129
129
129
129
130
129
129
128
128
128
127
127
127
127
127
127
128
128
128
127
127
127
127
127
128
127
127
127
127
127
127
127
127
127
127
127
128
128
128
128
127
129
129
129
129
127
127
127
127
128
128
127
127
129
130
130
131
131
131
131
131
131
130
130
129
128
128
128
128
128
128
129
128
128
128
129
129
129
130
128
128
129
128
129
129
128
126
126
126
127
127
127
127
127
127
128
128
128
129
129
129
129
128
127
126
126
125
127
128
129
128
128
128
128
130
130
131
129
129
126
126
126
124
124
124
124
124
124
124
124
124
124
124
125
125
124
124
125
125
126
126
126
126
126
125
124
124
124
124
124
124
124
124
124
124
125
124
124
124
125
125
126
127
128
127
127
127
126
125
125
125
126
126
126
125
126
126
126
126
126
126
125
125
125
125
125
125
125
125
125
125
125
125
128
128
127
127
127
127
126
125
126
126
126
126
126
125
125
125
126
126
126
126
125
126
126
126
126
126
127
126
126
126
126
126
126
127
128
127
127
126
127
127
127
127
126
127
126
129
129
128
128
128
127
127
127
126
125
125
125
125
126
126
127
129
129
127
127
127
126
126
126
124
123
123
123
123
124
123
124
124
124
124
124
124
123
122
122
123
123
123
123
122
122
122
122
122
122
122
122
122
122
122
122
123
124
123
123
124
123
124
125
125
124
124
124
124
124
126
125
125
126
126
124
123
123
123
124
124
125
125
125
125
123
122
123
124
125
126
126
125
125
126
126
126
128
128
128
129
128
128
125
125
127
127
126
126
124
126
128
127
126
125
125
125
126
127
126
127
125
126
125
125
125
124
125
125
126
127
127
126
127
126
125
125
124
123
123
125
125
124
125
126
126
128
127
126
125
126
125
124
124
124
124
124
127
125
125
126
126
127
126
126
124
126
127
126
126
125
125
124
121
121
122
121
121
122
124
124
125
125
126
125
123
