0.0006586206896551723 0.0001124137931034483
300
300
299
300
300
304
305
306
308
307
308
306
308
310
310
312
310
308
308
310
311
312
313
313
313
314
315
318
319
320
322
325
328
328
330
330
333
334
333
338
339
340
340
339
340
344
343
344
342
342
342
344
345
345
349
350
347
347
348
349
350
349
348
350
354
356
357
355
354
355
357
359
360
362
365
366
368
369
370
370
372
374
372
371
371
373
373
371
372
374
376
378
379
379
380
382
382
381
383
385
386
388
390
392
394
393
393
394
396
396
397
397
400
400
399
399
400
402
404
406
408
407
408
410
413
412
412
416
420
422
424
424
427
430
429
428
429
429
432
431
431
430
433
433
438
437
437
438
437
437
438
440
446
449
450
450
450
452
452
453
452
454
457
456
456
456
457
457
459
462
465
465
469
468
470
473
474
476
476
477
477
477
479
478
477
478
480
480
480
483
483
484
488
489
491
492
490
490
489
491
494
496
498
501
501
501
503
503
505
504
503
505
508
511
514
514
514
512
511
512
517
518
519
517
518
518
519
519
517
517
518
520
525
528
529
534
531
534
534
536
537
537
539
539
542
542
545
547
548
548
548
550
550
548
550
550
554
554
555
559
561
564
565
564
566
569
571
571
569
570
571
569
568
571
570
572
576
576
576
579
579
580
580
580
580
584
585
586
588
589
591
594
596
600
597
601
600
602
605
608
611
611
612
613
610
612
613
613
615
616
619
623
624
626
624
626
623
626
626
627
628
629
629
630
631
637
640
643
647
648
649
648
647
649
648
648
650
650
654
656
655
655
658
661
663
661
663
666
669
668
670
676
678
679
684
685
686
687
685
684
683
682
683
683
683
684
686
685
684
685
685
689
692
691
693
694
696
697
699
703
704
700
701
705
706
707
705
709
713
714
716
714
715
715
719
722
724
724
719
720
722
724
725
725
725
726
726
729
726
728
730
730
730
736
733
732
734
735
734
736
737
738
739
741
746
745
749
750
750
753
757
755
753
752
753
754
756
756
755
757
756
759
759
761
758
755
758
760
765
768
766
769
770
768
770
770
772
778
779
782
787
793
796
792
793
790
793
793
797
800
798
800
801
801
803
805
807
811
807
808
810
813
815
814
815
818
823
825
823
824
825
824
823
821
826
831
832
829
827
828
835
836
836
837
841
840
844
847
845
848
849
853
852
851
851
853
857
861
858
863
862
864
865
868
871
873
875
878
884
887
888
888
888
890
891
893
898
900
899
900
901
905
902
903
899
902
901
897
900
904
909
911
911
911
913
912
911
911
913
913
908
911
917
917
919
921
926
924
921
923
925
924
923
927
924
922
922
926
927
928
929
931
934
935
941
940
942
945
949
948
950
950
951
952
954
956
953
955
954
957
954
953
955
960
962
963
967
968
969
972
967
972
978
978
985
988
984
984
982
980
985
984
989
993
993
996
999
1004
1004
1006
1008
1010
1013
1018
1019
1016
1013
1013
1019
1022
1020
1027
1031
1037
1037
1040
1045
1048
1050
1050
1051
1050
1052
1052
1053
1056
1051
1051
1051
1047
1047
1047
1047
1049
1052
1052
1054
1061
1060
1059
1060
1067
1071
1075
1078
1075
1078
1078
1078
1077
1075
1080
1079
1087
1086
1086
1094
1088
1088
1092
1093
1100
1101
1107
1108
1109
1110
1114
1108
1116
1117
1121
1118
1121
1119
1123
1124
1122
1122
1123
1123
1125
1125
1130
1131
1137
1140
1143
1146
1151
1156
1160
1158
1157
1155
1156
1156
1161
1162
1166
1171
1175
1178
1177
1180
1183
1188
1185
1184
1182
1187
1188
1187
1190
1190
1192
1194
1196
1192
1195
1195
1201
1205
1206
1209
1207
1210
1217
1219
1219
1219
1222
1224
1220
1225
1227
1233
1235
1238
1239
1233
1233
1232
1236
1234
1228
1229
1228
1230
1232
1234
1237
1237
1238
1239
1239
1238
1233
1238
1237
1242
1247
1248
1254
1256
1261
1265
1263
1265
1262
1263
1273
1270
1268
1265
1264
1268
1268
1269
1268
1274
1268
1270
1272
1274
1273
1270
1275
1275
1272
1272
1272
1276
1271
1272
1268
1273
1275
1282
1289
1293
1291
1293
1292
1291
1296
1296
1295
1295
1298
1300
1299
1305
1303
1302
1298
1303
1302
1305
1307
1313
1316
1314
1320
1323
1321
1324
1327
1331
1332
1335
1330
1329
1330
1326
1332
1329
1326
1325
1327
1328
1329
1327
1330
1331
1330
1338
1341
1341
1345
1349
1347
1350
1353
1353
1351
1354
1351
1349
1354
1359
1357
1355
1358
1360
1366
1368
1371
1372
1375
1373
1379
1379
1381
1382
1383
1387
1389
1391
1387
1384
1386
1388
1392
1396
1399
1400
1402
1403
1406
1404
1409
1414
1410
1416
1420
1423
1430
1431
1435
1439
1440
1438
1440
1437
1436
1434
1436
1439
1438
1439
1439
1439
1445
1448
1458
1460
1462
1462
1460
1465
1466
1468
1463
1466
1470
1473
1474
1476
1476
1473
1481
1481
1486
1483
1487
1485
1494
1498
1498
1498
1496
1499
1508
1505
1502
1508
1506
1512
1516
1521
1524
1520
1525
1529
1538
1536
1533
1535
1535
1532
1535
1541
1536
1536
1538
1540
1540
1538
1545
1544
1558
1559
1562
1556
1562
1566
1564
1564
1573
1570
1568
1576
1575
1585
1589
1588
1588
1587
1584
1585
1585
1589
1592
1590
1593
1598
1601
1598
1597
1598
1603
1601
1609
1610
1615
1617
1615
1610
1611
1613
1619
1624
1624
1629
1627
1624
1622
1623
1622
1624
1623
1625
1628
1627
1625
1618
1627
1628
1635
1640
1643
1646
1651
1655
1660
1661
1665
1663
1666
1664
1672
1678
1677
1674
1675
1672
1675
1672
1672
1675
1676
1678
1676
1676
1682
1679
1679
1687
1693
1695
1697
1692
1691
1696
1700
1699
1705
1705
1710
1712
1714
1711
1709
1705
1712
1712
1718
1713
1718
1718
1716
1718
1716
1720
1726
1724
1730
1734
1739
1743
1744
1735
1739
1740
1746
1746
1748
1747
1746
1747
1748
1749
1749
1749
1746
1753
1755
1757
1762
1758
1764
1761
1762
1761
1753
1758
1761
1760
1760
1763
1759
1762
1763
1766
1774
1778
1778
1784
1787
1790
1784
1778
1780
1783
1785
1786
1794
1793
1788
1791
1795
1790
1793
1799
1798
1806
1808
1805
1802
1802
1802
1808
1808
1813
1814
1817
1819
1818
1816
1818
1816
1822
1829
1824
1828
1829
1827
1829
1833
1834
1840
1838
1840
1850
1844
1846
1859
1858
1852
1856
1861
1859
1865
1866
1865
1862
1862
1865
1861
1861
1858
1865
1865
1859
1853
1852
1853
1853
1847
1846
1847
1851
1851
1845
1839
1847
1852
1850
1856
1850
1850
1850
1858
1862
1862
1866
1864
1864
1864
1867
1869
1871
1873
1876
1877
1881
1885
1884
1885
1881
1877
1873
1876
1878
1881
1878
1883
1888
1892
1887
1884
1892
1890
1898
1896
1898
1902
1905
1911
1913
1913
1913
1914
1921
1923
1924
1926
1927
1936
1936
1935
1934
1927
1928
1932
1939
1939
1936
1942
1957
1954
1953
1954
1953
1955
1954
1960
1960
1960
1956
1955
1957
1963
1963
1970
1974
1969
1973
1975
1970
1971
1973
1974
1977
1972
1974
1981
1980
1984
1983
1991
1998
2000
2000
2003
2004
2005
2009
2006
1996
1992
1994
1998
2000
2010
2015
2022
2018
2020
2024
2025
2028
2031
2033
2036
2040
2038
2039
2037
2039
2035
2038
2038
2033
2032
2044
2037
2041
2042
2045
2045
2048
2049
2052
2047
2045
2048
2054
2058
2051
2051
2044
2049
2049
2046
2047
2055
2052
2055
2058
2058
2055
2060
2067
2074
2072
2074
2079
2077
2076
2076
2077
2079
2085
2092
2088
2091
2088
2089
2087
2077
2079
2081
2088
2091
2095
2094
2100
2103
2105
2110
2109
2102
2109
2110
2113
2111
2109
2119
2120
2123
2121
2121
2120
2120
2126
2124
2125
2133
2134
2128
2126
2128
2129
2126
2122
2120
2112
2112
2115
2117
2129
2124
2133
2133
2131
2129
2133
2133
2137
2138
2139
2136
2130
2134
2130
2128
2122
2126
2125
2130
2132
2129
2130
2130
2131
2125
2125
2123
2127
2129
2128
2133
2141
2148
2158
2161
2157
2164
2170
2167
2172
2165
2163
2164
2166
2165
2173
2181
2181
2196
2196
2193
2192
2193
2194
2192
2193
2193
2197
2200
2196
2199
2198
2201
2211
2208
2209
2204
2212
2214
2211
2214
2218
2221
2223
2224
2225
2219
2224
2232
2235
2240
2235
2231
2233
2228
2229
2233
2236
2240
2237
2233
2228
2233
2243
2252
2245
2245
2247
2246
2244
2242
2247
2249
2252
2259
2251
2252
2261
2256
2259
2267
2259
2268
2269
2279
2283
2280
2279
2281
2281
2278
2274
2278
2281
2281
2287
2293
2301
2305
2312
2313
2311
2305
2306
2303
2305
2310
2311
2314
2312
2311
2319
2328
2335
2335
2345
2340
2330
2333
2335
2338
2335
2337
2337
2346
2339
2354
2352
2350
2353
2351
2360
2358
2357
2359
2368
2363
2363
2366
2369
2371
2374
2371
2371
2369
2375
2381
2382
2390
2388
2383
2389
2390
2388
2391
2400
2402
2405
2406
2407
2405
2406
2411
2410
2404
2401
2406
2408
2409
2410
2418
2424
2425
2427
2432
2435
2437
2441
2446
2458
2456
2461
2465
2467
2470
2468
2469
2473
2469
2476
2478
2479
2486
2484
2487
2482
2481
2483
2484
2487
2482
2486
2492
2499
2492
2491
2489
2491
2486
2490
2495
2497
2495
2502
2503
2508
2513
2517
2520
2517
2528
2530
2526
2526
2519
2516
2518
2525
2532
2526
2526
2528
2534
2545
2530
2525
2528
2531
2535
2534
2537
2539
2539
2537
2541
2543
2540
2543
2547
2540
2544
2537
2542
2551
2554
2560
2561
2565
2563
2570
2570
2569
2579
2577
2574
2568
2572
2564
2567
2572
2569
2574
2579
2577
2586
2587
2579
2578
2580
2584
2586
2589
2593
2597
2593
2593
2597
2598
2600
2609
2614
2608
2607
2611
2608
2608
2608
2612
2616
2615
2612
2613
2621
2622
2623
2625
2620
2623
2622
2629
2626
2635
2630
2629
2643
2639
2642
2647
2650
2650
2650
2653
2656
2663
2666
2669
2674
2686
2689
2687
2693
2691
2691
2696
2702
2696
2698
2701
2708
2701
2690
2692
2695
2688
2692
2693
2695
2700
2706
2705
2717
2715
2713
2711
2707
2710
2710
2713
2711
2718
2719
2725
2725
2726
2728
2721
2726
2727
2733
2740
2738
2742
2741
2737
2742
2742
2752
2757
2762
2763
2765
2766
2763
2762
2768
2781
2782
2789
2790
2791
2795
2793
2803
2813
2814
2808
2812
2809
2812
2817
2817
2818
2824
2835
2837
2833
2841
2842
2837
2844
2846
2843
2841
2843
2840
2849
2855
2858
2854
2856
2859
2857
2856
2861
2854
2850
2856
2859
2862
2868
2877
2882
2882
2886
2883
2876
2884
2887
2888
2888
2901
2909
2906
2907
2914
2919
2920
2914
2922
2921
2921
2929
2930
2934
2931
2937
2937
2936
2941
2937
2933
2924
2929
2927
2927
2924
2925
2918
2929
2935
2935
2938
2936
2939
2940
2948
2948
2958
2965
2959
2952
2946
2954
2960
2962
2965
2964
2963
2968
2975
2973
2975
2978
2979
2981
2983
2981
2991
2998
2995
3008
3003
3003
3017
3018
3019
3010
3014
3015
3007
3012
3016
3016
3022
3028
3038
3045
3052
3057
3059
3056
3055
3063
3060
3067
3064
3067
3070
3076
3070
3066
3068
3065
3062
3064
3062
3062
3055
3054
3056
3057
3063
3068
3069
3075
3078
3087
3078
3081
3079
3079
3074
3078
3078
3076
3084
3074
3072
3071
3069
3073
3081
3082
3084
3088
3096
3097
3093
3101
3101
3097
3100
3106
3118
3125
3119
3126
3116
3119
3120
3126
3120
3126
3129
3129
3126
3116
3112
3118
3128
3134
3138
3149
3159
3148
3150
3146
3149
3143
3150
3147
3147
3137
3139
3138
3143
3149
3151
3152
3157
3164
3172
3167
3167
3169
3172
3174
3167
3173
3184
3176
3184
3198
3191
3193
3198
3203
3214
3220
3232
3229
3232
3234
3231
3234
3235
3231
3233
3236
3237
3234
3246
3244
3247
3252
3247
3249
3254
3254
3255
3250
3244
3244
3261
3262
3267
3260
3272
3271
3270
3272
3274
3269
3267
3274
3263
3273
3276
3283
3290
3290
3292
3294
3290
3296
3301
3312
3319
3325
3329
3320
3324
3319
3321
3318
3314
3322
3329
3331
3333
3332
3327
3335
3332
3343
3351
3354
3355
3352
3349
3359
3356
3364
3357
3365
3363
3368
3368
3380
3385
3388
3392
3388
3396
3402
3399
3393
3390
3383
3381
3389
3387
3397
3400
3405
3405
3407
3410
3412
3414
3419
3418
3423
3431
3421
3412
3416
3417
3420
3414
3425
3432
3430
3435
3448
3454
3455
3452
3451
3444
3432
3435
3442
3448
3444
3446
3443
3445
3436
3444
3441
3448
3447
3440
3447
3450
3450
3454
3453
3451
3451
3450
3452
3452
3459
3460
3466
3468
3462
3465
3467
3477
3483
3488
3482
3484
3482
3485
3495
3498
3504
3504
3498
3505
3507
3513
3518
3516
3513
3517
3519
3521
3519
3521
3516
3523
3523
3526
3521
3529
3535
3539
3544
3540
3543
3545
3541
3555
3565
3567
3566
3570
3569
3566
3575
3580
3579
3578
3575
3571
3575
3576
3570
3579
3579
3584
3591
3600
3600
3600
3609
3615
3606
3602
3612
3614
3607
3619
3618
3621
3624
3627
3625
3638
3640
3641
3654
3651
3661
3658
3651
3657
3662
3662
3666
3673
3671
3673
3682
3678
3675
3678
3681
3680
3685
3679
3683
3684
3690
3688
3691
3697
3690
3686
3685
3684
3692
3688
3688
3696
3697
3696
3703
3696
3704
3712
3708
3701
3706
3706
3708
3710
3708
3715
3714
3719
3717
3722
3728
3729
3731
3725
3724
3732
3727
3731
3736
3735
3735
3741
3732
3735
3743
3748
3750
3750
3755
3758
3758
3768
3773
3781
3789
3778
3786
3789
3793
3802
3817
3815
3810
3808
3806
3812
3822
3815
3811
3811
3812
3814
3812
3813
3811
3808
3813
3824
3827
3824
3826
3830
3833
3825
3824
3831
3829
3839
3837
3850
3851
3857
3860
3864
3873
3873
3883
3888
3883
3876
3888
3907
3907
3909
3917
3916
3917
3911
3923
3930
3925
3930
3936
3930
3924
3928
3934
3937
3948
3946
3942
3955
3961
3966
3964
3965
3968
3960
3967
3979
3980
3980
3992
3986
3987
3988
3989
3997
4001
4011
4009
4013
4017
4018
4021
4010
4008
4014
4017
4022
4011
4017
4012
4013
4015
4024
4020
4026
4032
4036
4039
4044
4045
4052
4052
4052
4061
4065
4066
4062
4076
4080
4065
4065
4076
4076
4080
4087
4082
4079
4093
4085
4084
4089
4097
4095
4084
4090
4091
4099
4108
4109
4106
4111
4104
4111
4120
4132
4142
4143
4144
4151
4141
4143
4148
4152
4154
4158
4176
4171
4176
4179
4182
4190
4186
4181
4190
4195
4199
4202
4205
4209
4204
4202
4199
4206
4216
4220
4226
4231
4240
4242
4251
4259
4255
4259
4257
4267
4268
4271
4265
4269
4274
4295
4291
4295
4283
4288
4294
4303
4306
4299
4303
4311
4319
4332
4339
4336
4337
4338
4344
4349
4346
4347
4354
4366
4367
4374
4378
4374
4363
4368
4367
4374
4372
4377
4376
4383
4380
4389
4390
4401
4401
4401
4394
4399
4411
4415
4400
4403
4404
4399
4407
4408
4407
4419
4416
4418
4421
4430
4434
4437
4443
4449
4449
4453
4459
4465
4472
4481
4466
4469
4470
4475
4486
4482
4483
4494
4496
4505
4490
4494
4496
4501
4504
4494
4495
4496
4506
4504
4505
4510
4516
4513
4504
4510
4514
4526
4520
4516
4524
4518
4521
4525
4523
4521
4521
4532
4532
4532
4540
4548
4550
4550
4559
4558
4550
4566
4559
4571
4572
4576
4575
4583
4583
4588
4582
4603
4617
4616
4613
4620
4622
4622
4617
4629
4628
4630
4622
4626
4614
4618
4617
4621
4623
4621
4631
4641
4644
4636
4639
4640
4642
4637
4635
4637
4638
4656
4653
4649
4654
4660
4663
4667
4675
4675
4672
4669
4677
4682
4685
4675
4674
4673
4690
4693
4694
4699
4708
4707
4712
4723
4727
4734
4742
4745
4756
4746
4750
4756
4754
4767
4766
4765
4778
4781
4784
4792
4798
4793
4792
4801
4797
4799
4815
4821
4824
4818
4826
4823
4835
4838
4847
4850
4854
4861
4866
4871
4876
4884
4889
4891
4888
4879
4904
4899
4898
4914
4914
4919
4917
4923
4935
4934
4927
4920
4926
4928
4936
4938
4934
4933
4926
4926
4924
4929
4933
4932
4934
4935
4940
4936
4940
4944
4952
4963
4963
4966
4966
4973
4984
4976
4985
4988
4986
4991
4987
4987
4990
4993
4997
5001
5000
5011
5004
5013
5022
5027
5030
5038
5031
5026
5035
5031
5033
5034
5038
5034
5030
5027
5029
5019
5017
5022
5030
5027
5033
5038
5032
5042
5045
5041
5044
5039
5050
5054
5053
5043
5055
5063
5059
5052
5053
5059
5061
5054
5057
5068
5070
5072
5069
5068
5078
5086
5100
5114
5121
5127
5122
5124
5130
5125
5126
5129
5125
5128
5132
5134
5140
5140
5142
5142
5153
5145
5153
5152
5149
5153
5159
5165
5175
5170
5164
5178
5184
5179
5167
5162
5163
5166
5174
5174
5178
5189
5189
5189
5183
5196
5208
5209
5221
5222
5221
5227
5228
5229
5234
5233
5231
5235
5227
5229
5240
5241
5253
5253
5252
5258
5251
5252
5257
5270
5268
5268
5261
5260
5262
5268
5274
5284
5292
5284
5288
5295
5290
5282
5294
5286
5292
5296
5291
5300
5309
5311
5316
5318
5313
5317
5314
5327
5328
5340
5337
5335
5341
5341
5347
5351
5352
5372
5364
5369
5366
5371
5384
5383
5389
5388
5400
5397
5407
5406
5399
5398
5402
5406
5415
5425
5419
5418
5419
5410
5414
5424
5432
5427
5426
5425
5431
5445
5442
5441
5452
5446
5451
5452
5456
5465
5465
5469
5474
5479
5482
5489
5481
5488
5498
5503
5513
5520
5517
5519
5536
5538
5533
5534
5529
5532
5542
5544
5543
5540
5536
5537
5523
5523
5536
5536
5542
5532
5525
5536
5547
5555
5559
5567
5564
5571
5564
5571
5575
5577
5585
5568
5582
5580
5586
5594
5599
5589
5586
5604
5595
5603
5611
5630
5631
5634
5631
5631
5634
5631
5636
5642
5634
5629
5625
5627
5628
5642
5645
5636
5629
5638
5646
5655
5651
5639
5643
5639
5642
5646
5656
5669
5673
5681
5681
5685
5697
5693
5700
5709
5706
5707
5714
5723
5725
5733
5747
5749
5750
5758
5760
5763
5772
5779
5759
5756
5767
5773
5766
5769
5776
5784
5778
5788
5794
5799
5814
5819
5811
5818
5825
5828
5830
5832
5834
5844
5851
5864
5859
5867
5864
5867
5875
5876
5887
5879
5880
5883
5892
5892
5906
5910
5900
5900
5900
5908
5887
5898
5897
5900
5897
5895
5898
5910
5914
5931
5932
5945
5948
5949
5964
5966
5974
5968
5965
5979
5980
5985
5995
5996
5998
6003
6007
6006
6017
6030
6021
6017
6021
6034
6037
6027
6033
6039
6055
6055
6065
6062
6071
6070
6077
6076
6088
6098
6092
6107
6116
6125
6119
6116
6117
6116
6116
6119
6122
6134
6139
6136
6138
6151
6159
6156
6148
6148
6153
6158
6152
6162
6169
6173
6174
6166
6186
6187
6193
6192
6200
6200
6207
6213
6228
6228
6224
6220
6226
6223
6225
6229
6237
6240
6246
6244
6245
6250
6272
6260
6265
6270
6258
6262
6272
6274
6282
6277
6274
6291
6283
6284
6288
6276
6292
6291
6280
6286
6297
6308
6315
6314
6317
6308
6322
6318
6323
6323
6326
6333
6336
6345
6337
6349
6356
6356
6363
6357
6362
6354
6362
6368
6368
6368
6370
6381
6390
6385
6372
6377
6374
6375
6388
6394
6389
6383
6382
6390
6395
6390
6402
6395
6406
6409
6409
6420
6431
6437
6433
6443
6457
6452
6462
6466
6470
6471
6471
6476
6469
6458
6476
6492
6495
6500
6491
6496
6499
6506
6518
6517
6531
6544
6538
6557
6550
6546
6542
6558
6565
6574
6575
6593
6601
6595
6594
6601
6607
6605
6601
6617
6623
6629
6628
6642
6650
6659
6664
6680
6690
6683
6697
6701
6694
6696
6698
6696
6703
6703
6709
6715
6713
6714
6714
6719
6718
6733
6740
6737
6749
6752
6760
6757
6767
6765
6778
6793
6788
6778
6772
6761
6770
6786
6786
6787
6785
6789
6801
6789
6791
6792
6793
6791
6791
6792
6791
6788
6792
6812
6813
6816
6813
6838
6832
6840
6846
6845
6852
6845
6846
6830
6837
6846
6852
6853
6874
6876
6883
6893
6902
6902
6918
6940
6942
6934
6928
6935
6948
6954
6954
6971
6969
6979
6977
6974
6975
6981
6991
6992
7001
6999
7011
7011
7022
7019
7020
7027
7027
7028
7039
7028
7023
7033
7042
7049
7045
7045
7052
7071
7075
7078
7084
7090
7093
7097
7100
7107
7092
7099
7107
7119
7125
7129
7143
7138
7141
7154
7155
7144
7146
7140
7133
7151
7141
7153
7168
7170
7172
7179
7190
7185
7187
7200
7202
7201
7218
7223
7220
7224
7233
7237
7251
7259
7274
7278
7272
7278
7292
7283
7279
7297
7295
7306
7305
7315
7315
7311
7316
7322
7317
7320
7317
7319
7338
7339
7355
7360
7361
7358
7361
7367
7362
7381
7395
7399
7395
7393
7400
7421
7413
7406
7419
7428
7438
7439
7434
7440
7434
7445
7466
7478
7477
7478
7484
7470
7466
7467
7467
7468
7473
7483
7481
7489
7480
7489
7495
7494
7492
7495
7507
7528
7531
7534
7528
7536
7543
7549
7552
7567
7567
7568
7575
7591
7587
7586
7591
7590
7594
7590
7608
7607
7618
7632
7640
7643
7633
7634
7638
7635
7644
7645
7651
7660
7648
7652
7664
7677
7672
7681
7697
7702
7706
7707
7705
7724
7724
7722
7732
7745
7753
7753
7751
7760
7762
7770
7768
7774
7786
7782
7788
7795
7791
7798
7797
7794
7804
7805
7809
7821
7830
7826
7819
7823
7819
7831
7845
7844
7853
7855
7861
7863
7864
7863
7869
7868
7867
7886
7881
7892
7893
7898
7896
7889
7900
7906
7904
7912
7917
7920
7913
7905
7901
7924
7931
7941
7941
7958
7961
7961
7959
7961
7960
7964
7970
7970
7976
7983
7996
8006
8007
8023
8028
8035
8050
8050
8057
8059
8084
8084
8097
8122
8123
8128
8138
8135
8148
8151
8159
8153
8157
8166
8171
8178
8179
8184
8180
8177
8185
8175
8194
8180
8196
8215
8217
8221
8223
8240
8249
8253
8272
8263
8261
8281
8277
8289
8283
8283
8284
8305
8314
8304
8303
8318
8325
8340
8345
8346
8350
8360
8377
8385
8391
8395
8393
8385
8399
8394
8410
8420
8435
8426
8429
8436
8431
8437
8456
8457
8463
8462
8459
8471
8475
8475
8488
8489
8498
8497
8508
8520
8509
8518
8524
8523
8515
8515
8531
8538
8531
8516
8523
8534
8542
8545
8556
8558
8564
8579
8595
8594
8608
8594
8594
8597
8604
8608
8613
8615
8619
8640
8640
8635
8644
8653
8664
8658
8659
8666
8666
8661
8682
8675
8671
8682
8691
8698
8695
8708
8705
8721
8718
8727
8731
8727
8735
8735
8746
8750
8754
8750
8750
8766
8760
8779
8777
8780
8785
8807
8826
8827
8828
8839
8831
8832
8834
8836
8841
8849
8864
8889
8889
8907
8915
8909
8906
8909
8919
8917
8929
8942
8937
8921
8928
8928
8932
8952
8946
8960
8970
8969
8980
8993
8997
8995
9001
8996
9012
9016
9017
9026
9025
9026
9033
9035
9053
9045
9054
9073
9060
9071
9083
9092
9106
9098
9117
9107
9116
9117
9127
9131
9133
9131
9132
9148
9167
9173
9183
9178
9174
9172
9171
9170
9165
9169
9180
9195
9203
9218
9222
9209
9216
9219
9217
9235
9220
9228
9246
9257
9256
9267
9259
9273
9270
9277
9276
9298
9303
9306
9312
9313
9313
9321
9327
9341
9331
9338
9341
9354
9366
9383
9394
9393
9396
9404
9405
9407
9420
9422
9429
9434
9429
9454
9449
9462
9481
9487
9484
9498
9506
9516
9508
9514
9521
9521
9528
9526
9531
9538
9565
9563
9581
9576
9577
9593
9598
9600
9595
9588
9605
9600
9608
9614
9634
9636
9641
9655
9649
9653
9649
9663
9679
9693
9686
9681
9688
9694
9706
9729
9729
9742
9752
9747
9752
9749
9779
9783
9788
9797
9811
9810
9825
9829
9846
9863
9854
9871
9882
9879
9876
9882
9886
9892
9913
9933
9921
9932
9948
9960
9965
9974
9971
9977
10000
10000
10021
10025
10005
10015
10019
10009
10022
10020
10031
10050
10052
10068
10076
10073
10078
10079
10079
10095
10099
10100
10107
10111
10120
10108
10138
10148
10150
10154
10186
10193
10197
10211
10199
10226
10228
10243
10241
10249
10272
10279
10286
10275
10285
10285
10283
10295
10321
10324
10322
10338
10343
10363
10373
10377
10366
10363
10375
10385
10383
10390
10395
10394
10410
10433
10445
10452
10465
10472
10449
10458
10474
10463
10463
10472
10489
10481
10499
10513
10522
10537
10549
10559
10567
10580
10578
10582
10591
10600
10599
10616
10622
10638
10653
10657
10659
10661
10678
10671
10666
10682
10685
10701
10712
10702
10710
10725
10719
10735
10746
10750
10750
10759
10763
10769
10774
10778
10798
10821
10819
10817
10831
10820
10832
10843
10850
10854
10873
10883
10878
10894
10888
10902
10908
10913
10936
10942
10955
10962
10966
10966
10983
10996
11010
11006
11012
11027
11020
11026
11046
11077
11093
11097
11105
11103
11084
11092
11097
11108
11112
11099
11119
11112
11114
11119
11143
11165
11160
11159
11172
11188
11189
11185
11189
11220
11231
11249
11263
11265
11286
11282
11291
11295
11292
11301
11296
11314
11327
11327
11335
11338
11349
11350
11362
11361
11375
11388
11405
11406
11414
11414
11429
11449
11461
11465
11457
11476
11478
11510
11495
11496
11517
11513
11524
11531
11537
11546
11544
11551
11537
11559
11554
11558
11571
11601
11590
11586
11578
11599
11607
11606
11599
11612
11621
11642
11636
11660
11666
11665
11677
11682
11672
11683
11687
11702
11715
11729
11736
11759
11760
11774
11792
11790
11781
11796
11814
11826
11832
11842
11856
11867
11871
11886
11896
11899
11905
11917
11912
11904
11929
11933
11934
11953
11950
11972
11968
11978
11986
12005
12016
12024
12026
12046
12068
12068
12075
12079
12065
12069
12068
12059
12070
12081
12106
12119
12117
12135
12144
12159
12158
12163
12173
12184
12184
12198
12214
12212
12208
12215
12228
12227
12251
12236
12248
12252
12267
12266
12285
12298
12306
12333
12333
12330
12332
12323
12331
12354
12359
12354
12363
12371
12384
12393
12404
12405
12437
12443
12455
12477
12487
12491
12499
12527
12525
12524
12527
12538
12535
12536
12554
12549
12560
12565
12590
12596
12577
12594
12592
12617
12606
12613
12627
12655
12675
12678
12672
12696
12700
12717
12730
12731
12748
12773
12779
12774
12780
12772
12792
12802
12809
12802
12820
12832
12840
12875
12879
12877
12880
12887
12883
12898
12894
12912
12913
12926
12935
12937
12935
12949
12949
12955
12963
12966
12960
12976
12969
12984
13005
13009
13028
13046
13038
13055
13050
13055
13039
13054
13063
13065
13060
13077
13094
13098
13109
13115
13122
13130
13142
13141
13132
13163
13163
13177
13183
13178
13197
13210
13224
13210
13224
13235
13244
13250
13250
13258
13235
13261
13274
13290
13304
13305
13328
13350
13343
13349
13357
13375
13381
13381
13392
13395
13413
13426
13438
13437
13439
13455
13474
13460
13459
13474
13476
13483
13495
13515
13504
13526
13525
13541
13539
13550
13558
13591
13596
13590
13607
13610
13613
13620
13624
13624
13634
13647
13631
13653
13658
13664
13669
13666
13664
13678
13682
13692
13690
13700
13710
13733
13760
13772
13776
13799
13814
13811
13821
13834
13863
13864
13879
13894
13899
13898
13919
13925
13921
13928
13932
13929
13957
13957
13979
13985
14002
14010
14016
14028
14044
14045
14045
14064
14068
14067
14091
14103
14113
14133
14143
14153
14153
14162
14179
14195
14220
14216
14223
14244
14259
14273
14275
14298
14301
14308
14323
14323
14350
14343
14356
14393
14366
14388
14395
14400
14418
14430
14441
14454
14475
14487
14513
14524
14525
14542
14558
14563
14577
14585
14599
14591
14615
14627
14627
14641
14621
14638
14650
14668
14683
14671
14672
14680
14695
14689
14701
14729
14731
14736
14737
14748
14780
14777
14788
14774
14780
14793
14804
14820
14848
14882
14878
14874
14893
14922
14936
14940
14951
14973
14962
14984
14991
15007
15012
15013
15019
15014
15036
15050
15057
15062
15093
15101
15103
15117
15134
15132
15140
15138
15157
15155
15176
15174
15177
15209
15205
15221
15227
15228
15253
15255
15247
15262
15271
15284
15318
15326
15336
15349
15358
15374
15384
15373
15394
15407
15420
15416
15425
15426
15446
15451
15451
15472
15469
15496
15491
15481
15497
15503
15517
15511
15531
15499
15528
15539
15564
15569
15584
15577
15591
15595
15625
15647
15661
15653
15665
15682
15690
15705
15715
15738
15751
15759
15769
15780
15803
15809
15819
15827
15839
15853
15867
15865
15879
15896
15934
15948
15941
15955
15966
15963
15974
16001
16004
16012
16035
16072
16065
16065
16080
16090
16094
16116
16138
16150
16158
16172
16165
16184
16188
16189
16193
16204
16208
16213
16226
16243
16251
16269
16270
16280
16283
16296
16302
16330
16341
16325
16343
16345
16351
16362
16385
16387
16415
16410
16430
16439
16432
16461
16452
16467
16487
16502
16513
16519
16532
16546
16569
16572
16587
16588
16603
16613
16614
16612
16617
16634
16656
16656
16672
16668
16683
16702
16730
16725
16725
16737
16744
16751
16776
16792
16802
16797
16824
16830
16848
16873
16878
16880
16883
16906
16912
16910
16928
16932
16976
16981
16980
16986
16986
17009
17011
17020
17016
17035
17050
17051
17065
17092
17083
17105
17131
17118
17117
17118
17144
17166
17171
17185
17209
17214
17236
17244
17276
17278
17281
17301
17295
17333
17355
17348
17379
17391
17403
