0.0008293103448275862 0.0006927586206896553
300
297
295
290
288
286
285
283
285
281
278
275
275
273
272
269
267
267
265
263
261
261
261
258
258
254
253
253
251
249
252
251
250
248
248
244
245
244
244
243
243
243
243
244
245
245
247
246
245
244
244
243
242
241
240
241
242
240
240
241
241
238
234
232
232
231
231
227
229
228
230
229
229
229
228
228
227
225
227
228
224
224
225
226
230
229
228
229
232
232
230
230
226
226
226
229
228
228
226
227
227
230
230
230
230
226
227
225
223
222
221
222
220
221
223
222
222
220
220
220
222
221
222
221
223
222
223
223
223
221
220
220
221
223
223
222
221
219
220
219
218
218
219
218
221
222
223
221
221
220
219
218
218
220
221
222
222
223
222
221
223
224
222
223
222
221
220
220
220
220
220
219
220
220
220
220
219
218
218
217
217
219
221
222
221
222
222
224
225
225
223
222
223
223
224
222
222
223
225
223
219
221
223
223
221
222
217
215
216
215
215
214
215
217
219
219
219
218
217
217
217
215
214
215
217
218
222
222
221
217
215
214
215
215
216
218
216
215
217
216
216
216
215
213
213
214
213
213
212
214
214
215
215
212
214
210
211
214
216
217
218
219
219
219
216
218
219
217
218
216
214
214
214
215
216
216
214
212
211
213
212
211
209
210
211
213
213
210
212
210
212
210
208
211
212
211
212
213
212
211
211
212
210
210
208
205
206
206
205
206
206
206
207
204
205
206
207
209
208
208
202
201
201
200
199
200
200
200
199
199
199
199
199
197
196
199
198
198
200
199
199
200
202
202
203
202
205
204
207
206
206
206
207
207
207
206
207
208
208
208
210
208
206
206
204
207
207
206
208
208
208
209
208
208
208
206
207
208
209
206
205
207
211
210
208
209
210
209
208
208
208
206
202
200
200
200
200
200
198
197
198
198
197
197
196
196
196
196
197
194
195
197
197
198
197
196
195
196
194
195
194
194
195
196
196
196
197
199
198
199
201
201
202
202
203
201
201
200
200
198
200
198
200
200
198
200
200
201
200
202
198
196
198
198
198
199
201
201
202
200
203
203
201
199
199
196
195
195
194
193
192
191
190
192
193
193
192
193
191
189
191
190
193
193
195
194
193
192
191
191
192
191
192
193
192
189
189
190
192
191
191
193
195
195
196
195
194
194
194
194
194
194
193
190
190
188
188
189
187
190
187
187
187
187
187
188
189
189
190
189
190
190
191
190
190
188
187
189
190
190
189
190
191
194
195
196
196
194
192
193
193
192
192
192
192
192
190
191
191
191
189
190
190
188
187
186
186
187
188
188
187
186
187
188
188
189
189
189
189
191
189
187
188
190
190
189
187
187
186
188
188
188
188
187
188
189
188
189
188
188
188
187
188
188
187
188
186
185
185
185
186
188
190
193
195
194
192
195
195
194
195
196
195
194
193
190
189
188
190
188
188
187
188
187
187
185
186
186
186
184
182
183
182
183
186
186
187
189
187
188
188
187
188
187
186
187
188
189
189
188
188
188
187
186
188
187
187
185
184
183
184
183
184
185
184
185
181
181
180
181
183
184
184
183
182
183
184
186
186
187
187
187
188
189
188
186
185
185
185
183
182
180
178
178
178
178
177
176
176
177
177
177
178
179
179
179
179
179
179
176
176
174
175
175
175
175
175
175
175
176
176
176
176
175
175
175
175
176
177
177
177
176
176
176
177
181
182
182
181
180
179
178
177
178
178
180
180
182
184
184
186
182
180
181
182
183
182
180
178
179
178
179
181
181
179
179
179
179
179
181
180
180
179
177
176
175
175
177
179
178
180
180
182
182
182
182
181
181
181
183
183
182
183
183
184
186
188
187
185
183
184
186
185
186
186
186
183
182
184
186
187
187
189
188
183
184
185
185
185
187
187
183
183
184
182
179
179
178
179
179
180
179
181
182
183
183
183
184
185
182
181
181
181
182
187
185
186
184
181
182
183
184
186
183
185
184
186
187
186
184
182
182
182
181
181
179
177
177
176
176
175
174
175
175
178
177
177
179
179
177
177
177
180
181
180
181
181
181
182
182
182
180
179
180
180
180
178
177
179
179
179
179
180
180
179
178
178
179
178
179
181
182
182
180
178
178
177
178
178
177
178
178
178
176
175
174
173
172
172
171
170
170
170
170
171
170
169
169
169
169
169
169
169
169
169
169
171
171
171
170
170
169
168
169
170
169
170
170
169
169
169
170
173
172
171
171
172
170
170
172
173
174
175
175
174
173
173
172
173
173
172
172
170
169
169
169
168
169
167
167
166
166
165
165
165
165
165
165
166
166
166
166
167
168
170
170
167
167
167
166
165
165
166
167
169
169
168
167
166
165
166
167
168
167
167
165
167
169
169
168
168
170
170
170
169
169
166
168
167
170
170
169
171
171
170
169
169
168
168
168
167
167
168
169
169
165
166
165
167
167
165
163
164
164
162
162
161
161
162
163
163
167
165
166
166
167
169
171
170
169
172
171
170
170
167
169
167
168
167
166
165
164
165
165
166
168
168
168
169
168
166
166
165
165
166
167
168
167
165
165
166
164
164
163
163
164
163
163
163
163
162
164
166
167
166
163
163
164
166
167
167
167
166
166
166
168
168
170
169
170
170
171
171
171
170
169
169
167
166
165
168
167
167
170
170
169
166
165
165
165
165
166
167
162
163
166
166
164
164
164
163
164
162
163
163
163
162
163
164
165
167
167
166
167
166
166
165
163
163
164
163
162
162
162
162
162
160
160
161
162
163
163
163
162
164
166
165
164
163
164
164
166
165
165
167
168
169
167
166
164
165
163
161
162
162
161
161
161
161
160
160
160
160
161
163
164
165
165
164
164
163
164
164
164
164
166
165
165
165
165
167
166
167
166
167
166
166
166
165
165
163
163
165
164
164
164
166
164
165
164
163
163
163
163
163
162
163
163
162
163
164
166
167
168
168
166
165
166
165
164
165
166
163
163
164
164
166
164
164
164
164
163
162
161
161
160
160
159
159
160
160
159
159
160
162
163
162
162
162
161
160
161
162
163
164
164
165
165
166
164
161
161
160
161
162
164
162
161
162
164
164
165
164
164
163
162
162
162
162
163
163
163
163
164
164
163
162
163
164
164
162
162
161
162
163
161
162
162
162
164
165
166
168
169
168
169
168
168
167
168
167
166
169
170
168
167
165
165
165
167
167
168
166
166
167
168
166
166
165
167
168
167
167
168
168
167
167
167
167
167
169
168
169
169
171
171
170
170
172
172
171
170
170
171
171
171
170
168
166
165
165
167
169
168
166
164
164
165
163
163
164
166
167
166
165
163
163
165
165
166
167
167
167
166
168
168
167
165
167
167
166
168
169
172
171
170
169
169
169
170
172
173
173
174
171
169
168
168
168
168
168
168
169
169
169
171
171
170
170
169
169
170
171
169
168
167
166
166
166
166
165
165
165
164
164
165
164
162
162
161
163
163
163
165
166
166
165
165
164
165
167
167
164
164
164
165
165
167
167
167
166
166
168
166
166
165
166
166
167
167
166
165
166
165
165
165
167
165
164
165
165
167
166
166
165
166
166
166
166
166
164
167
166
165
166
166
165
165
165
166
166
166
166
166
165
166
166
164
164
165
165
164
163
163
166
164
164
165
166
165
165
164
163
162
163
164
164
163
163
164
165
162
163
164
164
165
165
164
165
165
164
164
165
162
163
163
160
159
159
160
162
163
164
166
164
164
164
162
162
160
160
162
163
164
164
164
163
164
165
164
165
166
167
168
165
164
164
163
163
163
163
162
162
162
162
163
163
162
162
162
163
163
162
162
161
161
162
163
163
164
165
164
164
163
163
163
163
163
162
163
163
164
165
163
162
160
160
161
161
162
161
163
164
161
162
161
161
160
162
162
163
163
164
164
166
162
164
163
163
162
163
164
164
166
168
168
169
167
165
164
166
166
163
163
163
164
163
162
163
164
163
163
163
165
163
163
165
164
164
164
162
162
162
162
163
160
160
160
158
159
159
159
159
159
158
157
158
159
160
160
159
160
160
158
157
157
157
157
156
157
157
157
156
157
155
156
154
156
155
153
153
153
155
155
155
158
158
160
158
158
158
159
158
157
157
159
159
157
156
155
156
158
158
159
158
162
163
162
161
162
160
158
159
159
159
158
159
160
159
158
159
161
159
160
160
160
159
159
159
161
161
162
162
162
160
161
163
162
163
163
162
159
160
159
159
157
157
157
157
157
158
158
158
157
159
157
157
158
157
159
160
160
160
159
158
159
158
158
156
157
159
160
164
163
161
162
161
162
162
159
159
159
160
160
160
161
162
163
162
161
161
159
158
159
158
157
158
160
160
161
161
161
161
161
161
163
164
165
166
162
162
162
164
165
165
164
164
162
161
161
162
160
162
162
162
162
162
161
162
160
159
159
158
159
160
162
162
162
164
163
164
165
165
165
164
163
160
161
160
161
161
161
162
160
161
162
164
162
162
162
165
164
163
162
163
164
164
166
166
166
166
166
166
165
165
168
168
168
165
164
164
162
165
164
165
165
164
164
164
162
164
165
165
165
165
167
167
166
163
162
162
164
163
163
163
163
162
163
162
162
162
161
161
162
162
160
161
162
162
164
163
163
162
161
160
160
160
159
160
160
160
155
155
154
156
155
155
155
155
154
155
155
155
154
156
155
156
156
157
157
158
158
155
157
156
156
158
161
161
161
162
163
160
158
158
158
159
159
156
155
156
156
155
155
155
156
155
156
156
158
158
158
157
157
156
155
155
155
154
155
156
156
156
156
155
158
158
159
157
156
156
157
156
156
156
155
156
155
155
156
157
158
157
158
158
157
157
155
155
157
156
155
158
157
156
158
157
157
153
155
154
155
154
154
153
153
153
156
154
154
156
155
155
153
155
154
153
153
153
153
154
151
150
151
151
152
152
152
152
152
151
150
150
151
151
151
151
150
150
150
150
150
150
150
151
154
154
154
154
153
152
151
151
151
153
153
153
153
152
155
157
157
159
159
158
158
159
159
159
159
159
158
159
159
158
159
159
158
157
156
153
153
153
151
151
151
150
150
150
150
149
149
150
150
150
150
150
150
150
150
152
151
151
152
153
153
154
154
153
153
153
154
155
154
154
154
153
152
153
154
153
153
153
151
152
154
154
154
157
158
159
158
157
156
157
157
155
157
156
157
157
158
158
158
154
150
151
151
150
152
152
153
155
155
154
153
153
153
154
154
153
155
153
153
153
153
153
153
156
157
155
153
154
153
154
153
152
151
150
150
149
149
148
149
150
151
152
153
152
153
153
154
154
155
155
157
155
155
156
155
153
151
151
152
151
150
150
150
150
150
149
150
149
149
149
149
148
148
148
148
147
146
147
151
151
151
151
148
150
151
151
151
150
149
148
148
149
149
149
148
148
148
149
147
147
146
145
144
145
147
148
148
148
148
146
145
145
146
145
145
144
145
145
144
147
147
148
146
147
148
149
150
151
150
151
152
153
151
151
151
151
151
151
150
151
152
151
151
151
150
151
151
151
151
151
151
152
152
152
152
152
152
153
152
150
152
153
153
151
150
152
153
153
153
153
152
150
149
149
148
149
148
148
149
149
150
151
153
154
153
152
153
154
153
153
153
153
153
153
151
151
150
151
151
151
150
150
151
149
149
150
149
149
149
150
150
150
150
150
150
148
147
147
147
147
147
148
148
148
148
148
149
149
149
148
148
149
146
144
144
143
143
143
144
144
144
145
147
148
149
150
151
151
149
150
147
147
149
150
150
151
152
154
154
154
153
153
152
153
153
154
154
154
157
158
160
159
159
155
156
156
158
156
153
153
151
151
151
149
151
153
152
152
153
151
150
149
150
150
148
148
149
148
146
146
144
144
144
146
146
148
148
149
147
147
146
147
148
149
148
148
149
148
148
151
149
148
149
150
150
151
152
150
148
148
148
148
149
151
150
147
147
147
148
148
147
146
147
146
147
149
148
149
149
147
151
150
151
150
149
149
148
147
149
149
149
148
148
148
149
149
150
150
151
152
152
152
149
148
151
150
149
146
147
146
148
149
149
149
149
150
149
149
148
148
147
146
145
145
145
147
146
145
146
147
150
151
150
151
149
148
150
149
148
148
147
148
148
149
149
149
149
148
148
147
146
144
146
144
145
145
145
145
145
145
145
145
145
146
146
145
146
146
147
147
147
147
148
148
148
150
151
151
150
149
149
147
149
150
150
150
150
149
149
148
147
145
145
146
145
144
144
144
144
144
144
145
145
145
146
148
148
149
150
151
150
153
150
149
149
149
150
149
150
151
153
153
152
153
153
153
152
152
155
155
156
153
150
151
152
151
151
152
148
147
145
144
145
143
142
140
143
143
143
143
144
143
142
142
144
144
144
142
142
142
142
142
142
143
142
142
141
141
142
142
142
144
144
145
144
144
143
145
144
144
143
142
140
140
140
141
140
140
142
142
141
141
142
142
142
143
143
143
144
144
145
145
145
146
144
144
145
145
145
145
144
143
144
143
144
144
143
143
143
143
142
142
144
143
141
141
141
142
142
144
144
142
141
142
143
142
143
143
143
141
141
144
144
141
140
139
140
140
141
140
139
138
138
137
137
138
139
140
139
139
140
137
137
138
139
139
141
141
142
141
142
140
140
141
141
142
142
143
141
142
143
144
143
143
141
141
141
141
140
139
138
138
137
138
140
140
141
142
141
141
140
140
139
139
139
139
141
141
141
142
141
141
141
140
140
139
139
138
139
138
138
138
139
139
139
140
140
140
139
139
138
138
138
138
139
139
139
138
138
138
138
140
141
139
138
138
139
140
141
142
142
143
143
141
140
138
138
138
139
140
141
141
143
143
143
144
141
141
141
139
139
140
138
139
138
138
138
136
137
138
139
141
138
138
142
143
142
142
140
140
139
139
139
140
138
138
138
142
143
143
143
143
143
142
140
139
141
140
140
143
141
143
143
143
143
142
142
143
144
143
143
143
141
142
141
139
139
139
138
137
137
138
138
140
141
142
143
144
144
144
147
145
145
143
146
145
145
144
143
140
141
139
139
140
140
138
139
140
139
139
137
137
136
136
137
138
139
139
139
140
140
142
144
143
145
144
145
144
143
142
140
138
140
140
142
139
139
138
137
137
138
138
138
139
141
141
143
141
139
140
140
140
140
140
140
140
139
137
137
138
138
138
136
136
137
137
138
139
138
138
137
138
139
140
139
139
138
138
139
138
138
138
138
138
139
139
139
140
140
141
141
139
139
139
139
138
138
138
138
138
137
137
136
136
136
136
137
140
140
140
140
140
140
140
139
138
138
136
138
137
138
138
138
138
138
138
136
137
137
137
137
137
138
137
137
138
138
138
137
137
137
137
139
140
139
139
139
138
138
137
138
137
137
138
138
139
141
143
143
142
141
142
140
139
138
137
140
140
140
140
140
140
141
141
141
139
138
138
139
137
137
138
138
137
137
139
139
139
140
140
139
137
137
138
139
139
140
140
141
141
140
140
142
142
142
141
141
142
144
143
147
146
148
147
147
146
144
145
146
146
144
144
146
144
144
144
141
143
142
142
141
140
141
142
142
140
143
143
144
144
145
145
145
145
147
146
146
146
146
146
147
148
148
146
147
148
149
150
151
150
149
148
149
149
146
144
147
145
147
147
146
145
143
143
143
142
142
143
142
142
144
143
142
140
139
138
138
139
139
139
139
140
142
142
142
142
143
142
141
141
142
141
141
141
138
137
138
136
136
137
136
137
137
137
137
138
138
137
138
139
140
141
141
140
139
139
139
138
139
138
138
138
139
139
138
138
140
141
142
141
141
141
141
141
142
141
143
141
140
140
138
138
138
138
138
137
137
138
138
140
141
141
141
143
143
142
142
142
145
146
145
143
146
146
146
148
147
147
144
143
142
143
145
147
147
147
148
147
146
146
148
148
150
149
148
147
145
145
144
144
143
144
144
144
145
146
147
147
147
147
146
147
146
144
143
143
143
140
142
142
143
142
142
144
144
144
144
141
141
140
139
139
139
140
143
143
143
141
141
140
140
141
143
143
144
141
139
138
139
139
141
140
142
141
140
139
139
139
139
138
138
138
138
138
138
139
139
139
139
139
139
139
140
140
140
140
142
142
142
143
143
143
144
147
146
146
145
145
145
147
146
144
145
143
142
142
144
144
145
144
144
145
144
144
144
142
141
140
139
139
140
141
141
141
142
143
144
143
143
143
143
144
144
144
143
143
144
143
143
141
141
141
141
141
141
139
139
138
138
137
137
137
137
138
137
136
136
135
136
136
135
135
135
136
136
136
136
138
138
141
140
139
139
140
139
139
141
141
140
141
139
139
139
140
140
141
141
141
142
141
140
140
141
141
141
141
143
142
143
143
144
143
141
141
142
141
142
142
141
142
142
142
142
143
145
146
145
143
142
142
142
143
142
140
140
139
141
141
141
139
141
141
142
141
140
139
139
139
141
141
143
142
141
142
142
141
140
140
139
139
138
137
137
139
140
139
138
139
139
137
137
135
137
135
134
135
135
135
135
135
135
137
137
136
138
137
137
137
137
137
136
137
137
139
140
140
139
139
139
138
137
136
136
135
134
133
133
134
134
134
135
133
133
133
134
134
133
132
132
132
131
128
128
128
128
128
129
129
129
131
132
134
133
132
132
132
135
134
134
134
135
135
134
135
135
135
136
135
136
135
134
134
134
135
134
134
133
133
132
132
133
133
131
131
132
133
132
132
133
134
133
134
135
134
135
138
138
137
137
136
136
136
134
135
135
133
136
138
137
137
137
136
136
137
138
139
141
139
139
140
140
140
139
140
140
140
139
139
140
139
139
138
135
136
136
136
136
136
135
135
135
135
136
138
136
136
136
135
135
134
134
134
134
133
133
134
133
133
135
136
136
136
136
137
139
139
138
138
138
137
137
136
135
134
134
135
134
134
135
133
134
134
135
134
133
133
130
130
130
129
129
129
130
130
128
129
131
131
132
132
132
133
133
132
133
132
132
130
131
134
134
133
132
131
127
128
127
128
128
127
126
127
126
126
126
126
127
127
126
127
126
128
128
130
132
131
130
130
130
128
127
126
125
124
125
125
124
124
125
125
125
126
125
124
123
122
122
121
121
119
122
122
121
122
121
121
121
122
123
122
122
122
122
123
120
121
121
121
122
122
122
124
125
124
124
125
126
124
122
122
122
124
124
125
125
126
127
126
126
124
124
123
124
124
123
123
124
123
122
123
124
123
123
123
123
123
123
125
126
126
125
126
126
126
125
125
126
126
126
125
126
127
127
124
125
123
122
123
123
126
127
126
126
126
127
125
125
123
122
124
122
122
123
125
123
124
124
124
123
123
123
123
123
124
125
125
124
127
129
130
128
128
128
128
128
128
128
126
126
126
124
124
123
122
123
123
125
124
127
125
124
125
126
126
128
129
130
128
129
130
129
128
128
126
126
127
127
127
125
124
124
123
124
124
124
124
122
122
120
119
120
120
119
118
117
117
117
117
117
117
117
117
118
118
118
120
120
117
117
118
118
118
120
122
123
122
121
121
122
123
121
121
122
123
123
124
125
124
124
125
125
125
125
123
121
121
119
120
118
118
118
116
116
115
115
115
116
115
116
117
117
117
118
118
120
121
121
121
122
123
122
123
124
123
121
121
120
121
120
119
118
118
118
117
118
120
118
120
119
119
119
118
119
120
122
123
123
121
122
124
124
124
122
122
122
122
123
124
124
123
121
121
121
121
123
122
121
121
121
120
120
120
120
119
121
121
121
121
120
120
118
118
118
116
116
116
117
119
119
119
119
119
119
120
119
118
115
116
116
117
117
118
119
119
119
119
120
119
119
118
118
120
118
118
118
119
120
119
119
120
121
121
122
122
123
122
123
123
123
123
123
124
126
127
128
128
128
127
128
126
126
125
125
124
124
123
124
123
124
123
123
122
122
121
123
124
125
125
124
124
124
123
124
123
123
124
124
122
123
122
123
121
122
122
122
121
121
122
122
122
121
123
123
124
125
123
123
124
122
123
120
117
117
117
117
120
121
120
120
120
120
119
118
118
118
117
117
117
118
118
118
118
118
114
116
114
115
115
114
115
115
115
115
115
116
116
116
117
118
117
117
117
117
117
117
117
117
117
118
119
119
119
118
116
117
115
115
115
114
114
115
115
115
115
118
118
117
117
116
116
116
116
114
113
111
111
112
112
112
112
112
112
112
113
113
114
113
113
114
113
113
114
115
114
114
114
114
114
115
115
115
115
115
115
115
115
113
114
115
115
115
115
115
115
115
116
116
116
118
117
116
116
116
116
116
116
116
116
117
116
115
115
117
117
117
116
117
117
116
117
117
117
117
119
118
118
116
115
114
115
115
116
116
114
115
115
114
115
115
115
115
115
114
114
114
113
114
116
115
116
116
119
118
120
120
120
120
120
120
118
117
117
116
116
115
113
113
113
113
114
115
116
116
117
118
118
118
119
120
120
120
119
119
121
120
118
117
118
118
117
116
115
116
118
116
117
118
118
119
118
118
118
119
120
118
118
117
118
118
117
117
118
118
117
118
119
120
119
119
119
119
122
122
121
121
120
121
121
120
121
120
120
120
120
119
118
118
117
117
118
119
120
121
120
122
119
120
120
119
118
117
116
116
115
115
114
115
114
112
112
112
111
109
109
109
109
110
110
111
111
112
112
113
114
113
112
112
112
112
112
113
114
114
113
112
111
111
113
113
114
115
117
116
116
117
118
118
119
119
119
117
117
117
117
117
116
116
117
118
120
120
119
119
119
119
120
120
121
121
119
115
117
118
118
118
118
118
118
116
117
116
115
115
115
116
116
116
116
116
117
117
118
117
117
116
116
117
117
117
117
118
117
117
116
114
114
114
113
115
116
115
114
117
116
116
116
117
117
117
117
116
116
116
115
116
116
115
114
114
114
115
116
116
117
117
118
118
118
118
118
116
117
119
120
122
121
119
121
120
120
120
119
118
119
120
120
121
121
123
124
125
125
125
127
127
127
125
124
124
125
125
125
125
123
123
122
122
123
123
123
124
124
123
123
123
123
123
125
123
124
124
124
125
126
124
123
124
124
124
123
124
125
125
124
124
124
124
123
127
127
126
125
125
124
126
127
126
126
125
125
124
123
124
122
122
123
122
121
120
120
119
119
118
118
118
119
119
119
117
117
117
118
119
119
118
120
120
120
118
119
119
118
118
118
118
118
119
119
119
121
121
121
122
122
120
119
119
119
119
120
121
121
120
121
121
121
121
123
121
120
120
120
120
120
121
122
121
121
120
119
119
118
118
118
118
118
119
120
120
120
119
117
116
118
119
