0.0006927586206896553 0.0007610344827586207
300
290
285
283
280
274
266
264
263
261
253
251
250
248
246
247
245
244
242
239
239
239
240
239
235
237
234
231
229
228
226
226
226
228
227
225
226
224
220
221
221
221
223
221
222
223
221
221
220
218
219
219
217
217
217
217
217
220
219
219
221
218
217
213
215
216
217
214
215
213
213
210
211
209
211
211
211
210
210
209
208
209
209
208
206
205
205
206
209
210
211
209
209
209
210
212
212
214
214
212
213
209
209
209
208
207
207
206
206
210
208
207
206
206
206
207
208
206
209
210
209
211
213
212
211
213
213
212
209
209
208
209
208
207
204
203
204
204
203
203
202
203
204
204
204
203
200
200
200
201
202
201
198
199
200
199
201
201
200
200
202
202
201
202
200
201
203
203
202
203
204
204
205
206
205
206
202
202
202
199
199
200
197
196
196
196
194
194
192
192
194
195
197
197
197
195
194
194
194
195
194
194
193
195
195
195
194
195
193
193
192
192
193
192
192
193
194
194
195
196
192
192
193
193
193
193
194
196
193
194
193
192
191
192
191
191
190
190
191
191
188
187
187
188
190
189
190
189
187
188
189
189
191
189
191
190
191
192
192
191
191
188
188
187
189
189
190
192
192
194
194
194
194
195
194
193
194
193
192
190
190
190
191
190
188
184
186
184
184
185
184
185
186
185
184
183
182
183
181
181
180
178
179
179
179
180
181
184
184
186
186
186
186
187
189
189
189
188
187
186
188
189
189
190
189
189
187
188
190
189
193
195
190
192
190
189
189
190
190
186
186
183
184
183
183
183
184
185
185
184
183
184
184
185
184
182
182
182
182
183
181
182
181
178
176
176
175
175
175
175
174
174
173
175
173
174
174
173
171
172
172
173
176
177
176
175
176
176
173
175
178
177
176
174
175
176
175
174
173
174
175
175
176
176
175
175
177
178
178
177
177
177
177
176
176
177
175
173
174
177
176
175
173
175
174
175
177
176
177
176
175
176
175
176
177
177
176
176
174
173
173
173
175
176
176
175
174
174
174
174
174
174
172
172
172
172
174
174
175
174
172
172
172
173
173
171
171
171
172
172
171
171
171
169
169
168
167
167
166
167
166
165
166
165
165
167
167
169
170
170
170
171
169
170
169
169
170
169
168
167
166
166
166
168
168
166
166
165
166
166
167
168
168
165
166
166
166
166
169
170
169
169
171
170
170
170
169
168
169
171
173
172
170
171
169
167
168
169
169
169
167
170
171
170
170
168
168
167
167
166
166
167
166
168
168
167
166
165
164
163
163
163
163
162
161
163
163
163
161
162
160
160
160
160
161
162
163
162
165
165
164
165
164
164
165
164
164
165
164
164
163
165
164
165
165
163
161
162
163
164
163
164
165
164
166
164
164
165
163
164
165
164
164
164
165
163
165
165
165
164
163
163
162
159
159
158
158
158
156
158
158
160
161
162
162
162
161
160
159
159
160
160
159
158
159
159
160
161
164
162
162
161
163
166
164
164
163
163
163
162
161
161
161
159
159
160
162
164
165
161
160
159
160
161
163
163
161
161
160
159
159
160
163
161
161
161
161
161
163
163
163
162
161
160
160
161
161
164
163
164
164
165
166
167
170
170
169
169
169
167
166
166
165
165
165
164
163
164
165
165
166
166
164
165
164
165
165
164
165
163
162
162
159
161
160
160
163
163
166
165
164
163
163
162
164
161
162
164
163
162
163
162
161
160
161
159
158
157
155
155
155
156
156
157
157
156
156
156
156
156
156
158
158
158
159
159
157
159
159
158
159
159
157
158
158
159
159
161
161
163
161
163
163
164
161
159
159
158
158
159
158
157
157
157
156
156
157
157
157
158
159
159
159
160
161
163
162
157
157
158
158
159
159
160
160
160
160
160
160
160
159
158
158
156
156
156
156
157
158
158
156
156
156
155
154
154
153
154
158
158
156
156
158
158
160
159
161
159
158
158
159
157
158
158
158
159
156
156
155
155
155
156
156
154
154
152
153
153
153
152
151
151
151
154
154
154
154
156
155
156
154
155
155
159
156
157
157
156
156
156
155
154
154
155
156
157
156
156
156
156
157
158
157
156
154
154
151
151
151
153
153
154
155
154
155
155
155
156
155
153
152
152
153
152
151
151
150
152
152
150
155
155
153
154
155
153
154
154
153
153
151
151
152
152
150
150
151
150
150
150
149
150
150
151
150
149
149
151
150
149
150
150
151
151
151
150
151
150
151
152
152
152
152
154
154
158
158
157
157
161
160
160
159
159
159
160
160
159
157
159
160
158
159
160
158
158
160
160
160
160
160
160
159
159
159
157
157
157
157
156
157
158
156
155
154
154
155
156
155
154
155
154
154
154
155
154
157
157
157
158
158
159
158
158
158
162
159
159
159
161
159
159
159
157
157
158
158
159
158
157
157
158
156
157
155
154
154
155
154
155
156
154
155
154
154
152
152
153
154
154
156
155
153
153
152
152
151
150
151
150
150
150
149
150
150
150
150
152
152
152
152
153
152
152
155
155
155
155
155
156
157
157
158
157
159
156
160
159
158
155
157
158
159
159
158
160
161
161
162
161
159
158
157
157
157
156
155
154
153
152
151
148
148
147
146
147
148
148
148
148
149
149
149
149
150
151
152
150
151
156
155
155
154
153
150
149
150
149
150
149
150
150
149
153
151
150
150
150
148
148
149
149
149
151
150
150
148
148
148
150
150
152
152
153
153
153
153
155
155
153
152
152
152
152
152
152
152
153
152
151
150
149
148
149
152
151
150
150
150
150
150
148
149
150
149
148
148
148
149
148
149
149
151
151
152
152
153
151
151
151
154
154
152
152
152
153
154
155
154
155
155
157
157
155
155
154
154
155
156
157
158
159
158
156
157
157
155
155
155
156
157
157
156
155
154
152
152
151
151
152
151
151
151
152
152
152
153
153
154
154
154
155
156
156
153
153
154
153
156
157
157
159
159
158
158
157
156
157
158
155
154
151
150
150
152
152
151
150
154
154
153
152
152
151
151
151
151
152
152
152
152
151
152
152
150
151
151
152
152
154
154
154
154
155
154
154
156
156
156
156
158
158
159
160
159
156
156
156
156
156
157
157
157
158
156
156
155
154
153
154
156
155
154
154
154
154
153
152
152
153
154
152
153
154
153
153
154
155
154
151
152
150
150
150
151
151
149
149
149
149
149
149
149
148
149
148
148
148
150
151
150
151
151
151
152
152
152
149
149
149
149
149
149
149
148
149
149
150
147
150
151
152
151
148
147
148
148
149
150
150
150
151
150
151
150
149
151
150
150
149
147
147
146
146
147
147
144
145
145
144
144
143
145
145
145
146
146
148
147
149
150
150
151
152
151
152
149
149
149
151
152
152
151
152
150
150
150
148
150
151
147
147
146
147
147
145
145
144
143
141
139
138
138
140
140
140
140
139
141
142
141
144
145
146
147
144
145
144
145
146
146
146
146
148
147
146
146
146
146
144
143
142
143
143
143
142
142
143
143
142
142
141
139
138
137
138
137
137
139
140
139
139
140
140
139
139
139
139
139
138
137
139
137
138
137
137
136
135
136
137
137
137
137
137
136
137
137
137
138
139
138
141
141
142
142
142
142
142
141
141
140
140
140
139
138
138
137
136
137
138
138
138
139
140
141
140
140
140
140
141
140
140
137
137
137
139
139
140
140
140
139
138
138
137
139
140
138
138
138
138
137
139
140
137
138
140
137
138
138
138
140
141
140
141
141
140
139
139
140
140
141
141
141
141
141
142
143
146
145
145
142
141
140
141
142
142
142
141
141
141
139
139
139
139
139
140
140
139
140
140
142
141
139
138
137
136
135
135
136
136
136
137
137
137
136
137
138
138
139
139
137
136
136
139
138
139
138
138
138
139
140
139
138
138
137
136
136
135
137
138
137
137
139
139
136
136
136
137
137
137
138
139
137
137
136
134
133
133
135
136
136
136
135
135
135
132
131
131
131
131
130
131
131
131
133
134
134
135
134
133
135
134
134
136
135
136
137
139
139
137
137
136
135
134
135
136
136
137
138
138
139
139
136
137
137
136
136
136
137
136
137
137
138
138
138
138
140
138
136
135
134
134
136
136
137
137
137
138
138
139
138
137
137
137
136
136
135
135
134
135
134
136
137
136
137
136
136
136
135
133
133
135
134
133
132
133
134
134
133
134
136
136
135
134
135
135
135
135
135
135
136
136
136
136
136
136
135
134
136
136
134
134
136
136
139
140
139
139
139
138
140
140
139
139
140
140
141
141
141
138
138
137
136
135
136
135
135
135
134
134
134
135
136
137
136
136
137
136
137
138
140
140
141
140
140
139
139
139
139
140
141
141
141
141
140
140
140
141
140
143
142
140
140
139
139
141
142
142
141
141
140
141
142
141
141
141
141
138
138
139
140
141
141
140
140
138
138
139
140
141
141
143
143
143
143
143
144
143
142
141
141
140
140
139
140
140
139
139
139
138
139
139
140
138
137
138
138
139
140
140
137
137
137
137
137
138
136
137
137
137
137
137
138
138
137
138
138
139
137
138
138
136
137
137
136
136
135
135
136
135
135
134
133
134
133
133
132
132
132
133
131
131
131
131
133
134
134
133
134
134
134
134
134
134
134
133
133
133
134
135
136
136
135
133
132
133
133
133
134
136
137
138
138
137
137
137
137
135
136
136
134
136
136
135
132
133
134
135
135
132
131
130
132
132
131
132
132
132
132
132
132
132
131
131
132
134
134
134
134
134
133
131
131
135
135
135
136
138
138
139
138
138
137
136
136
136
135
135
137
138
138
135
136
136
136
135
134
134
133
134
136
137
139
140
141
141
140
138
139
141
141
141
140
143
143
141
140
139
139
137
137
136
136
137
136
136
137
136
134
134
134
134
135
134
134
136
138
138
138
139
140
139
138
137
138
138
138
139
137
136
135
136
136
135
134
135
133
133
131
131
133
133
131
130
129
131
132
132
134
134
134
131
131
130
129
129
130
131
131
128
128
127
126
127
127
126
125
125
125
126
126
127
127
128
128
127
127
129
128
128
129
128
128
128
129
129
129
130
130
128
128
128
129
129
129
128
127
128
128
128
128
128
129
129
129
131
131
131
131
130
129
131
132
134
132
132
131
131
130
129
130
130
131
131
130
130
129
129
128
127
128
128
128
128
128
129
128
128
127
127
127
128
129
127
127
128
130
129
128
128
128
128
127
127
126
126
127
127
127
127
127
125
125
125
124
124
124
126
125
124
124
123
124
124
125
125
125
124
124
124
125
126
127
126
126
125
126
127
126
127
127
127
128
126
126
124
124
126
127
126
126
125
127
127
127
127
127
128
127
127
125
125
125
126
125
125
125
125
125
125
125
127
127
127
127
127
127
128
126
126
126
127
128
126
125
124
125
125
126
126
126
128
128
127
127
128
130
132
132
131
131
131
130
129
129
127
127
128
128
127
129
130
129
131
131
132
131
131
134
132
133
131
130
133
131
131
130
131
128
126
124
125
125
124
125
126
126
125
124
125
125
125
124
125
124
125
127
125
125
125
126
126
126
126
126
124
123
125
125
127
126
125
125
124
126
125
125
127
127
126
126
126
125
126
128
128
130
128
130
131
131
132
132
131
132
132
129
129
128
128
127
126
127
127
128
128
127
125
125
125
125
125
125
124
125
127
127
129
128
128
128
128
127
128
129
129
129
131
131
131
129
128
127
124
124
123
123
123
122
122
122
120
120
120
120
121
121
122
123
125
124
124
124
125
125
126
129
128
128
130
130
131
130
130
129
128
129
130
131
130
130
133
133
132
133
134
133
131
132
131
131
133
134
133
132
134
132
132
127
127
127
126
127
125
125
125
126
127
127
126
126
127
129
127
128
126
127
128
128
125
125
127
127
127
127
128
128
127
126
125
124
124
124
124
125
125
125
125
125
124
124
124
125
125
123
123
124
124
125
125
124
124
124
125
125
127
124
124
125
125
126
128
129
128
128
128
128
128
128
129
128
128
128
126
126
125
125
124
123
123
123
124
123
123
123
122
122
122
121
121
121
121
120
119
119
119
119
119
120
120
121
121
121
122
122
121
119
119
119
119
119
118
118
118
118
118
118
121
120
121
122
118
118
119
119
119
119
120
121
121
122
123
125
125
125
125
126
124
122
120
121
121
122
121
121
121
122
123
122
122
123
123
123
123
123
123
121
121
122
120
120
121
121
121
120
120
121
120
119
119
119
121
121
122
123
123
122
121
122
121
122
122
121
116
115
114
114
114
115
114
116
117
116
116
116
115
114
114
115
115
115
115
115
116
116
116
115
115
116
116
116
116
115
117
118
118
118
118
118
117
117
117
116
117
117
116
115
117
118
119
120
119
118
118
118
120
119
120
119
119
118
122
123
123
122
122
121
120
120
119
119
119
118
118
117
116
116
117
117
118
119
119
119
118
117
120
120
119
119
119
120
118
119
117
119
120
119
119
119
118
116
116
115
115
115
113
113
111
112
112
113
115
114
114
115
115
114
112
112
113
113
113
114
114
115
114
113
112
112
112
113
114
111
111
111
111
112
112
113
113
116
117
118
117
116
116
115
115
115
115
115
115
114
114
115
116
116
116
118
120
122
123
123
123
121
121
122
123
120
122
123
123
125
122
121
118
116
115
115
116
116
114
112
112
111
113
113
113
113
112
111
110
111
112
111
111
111
111
112
115
114
114
115
114
114
113
113
114
113
112
111
111
111
111
111
111
111
112
115
113
113
113
113
112
112
112
113
113
113
113
112
112
112
113
112
112
112
112
113
113
113
113
114
113
113
113
113
114
114
114
114
114
114
114
114
114
114
114
114
114
115
113
115
115
114
113
113
113
113
112
111
111
114
113
112
113
112
112
112
111
110
111
111
111
111
111
111
112
114
117
117
117
117
117
116
115
117
116
115
113
110
112
112
112
112
112
112
112
111
112
111
111
111
112
112
115
117
117
116
116
114
112
112
113
114
115
116
116
116
117
117
115
115
115
115
115
114
113
114
115
117
117
117
116
117
116
117
118
120
118
119
118
117
118
118
118
118
117
117
118
118
118
116
116
116
115
116
115
117
117
117
116
117
117
116
115
115
118
117
116
117
119
119
119
119
118
117
117
118
116
116
116
116
116
118
119
121
122
122
122
118
117
117
118
118
118
117
116
116
117
116
115
114
114
112
112
112
112
111
110
110
112
112
112
112
112
112
113
113
113
112
112
113
113
114
114
114
114
114
114
114
114
115
115
118
115
115
115
116
115
113
113
113
115
115
116
116
116
115
115
115
114
114
114
113
113
113
112
114
115
116
116
118
117
116
115
116
116
116
116
116
116
116
114
114
114
113
113
115
115
116
117
117
117
117
115
115
115
116
114
114
114
117
117
116
116
116
117
116
118
121
120
117
118
118
118
118
119
119
119
119
118
118
116
116
115
115
117
116
116
117
117
118
117
116
116
118
120
119
118
118
117
118
117
117
118
117
118
118
118
117
118
118
120
118
117
119
120
120
120
119
119
119
116
115
115
115
115
114
115
115
113
113
113
113
113
114
114
114
115
114
114
113
114
114
115
116
117
116
116
118
119
120
118
119
121
121
121
121
121
122
121
120
118
118
116
115
115
117
117
118
118
119
120
120
120
118
118
120
118
117
117
117
117
117
117
118
118
118
117
116
116
115
114
114
115
116
116
117
116
116
116
114
114
114
115
116
114
114
115
115
114
114
113
114
115
114
113
113
113
113
114
112
114
114
114
113
113
113
114
115
115
116
116
117
120
118
119
119
119
120
118
117
117
118
118
118
118
118
119
119
120
118
118
117
116
116
117
117
116
115
116
115
115
115
115
116
116
116
118
119
118
118
118
117
117
118
118
118
118
118
118
118
119
119
118
117
116
116
116
115
115
116
116
116
116
117
117
118
117
117
116
117
117
118
118
118
117
117
117
117
115
115
116
117
117
116
116
116
116
115
115
117
117
117
117
117
117
117
116
115
115
115
115
115
115
115
115
115
115
115
115
116
116
117
118
118
117
118
116
116
117
118
117
117
118
117
117
118
117
118
118
119
120
118
118
118
118
117
117
118
115
114
114
113
112
112
114
113
113
113
114
115
114
115
116
117
117
119
119
119
118
117
117
117
116
115
115
117
118
116
118
117
117
118
118
117
117
117
117
114
114
113
114
114
113
113
113
114
114
114
114
114
113
113
114
115
116
116
116
115
115
116
115
116
114
113
113
114
112
112
112
112
113
114
116
116
115
114
116
116
116
117
116
115
117
117
118
117
116
115
117
117
117
116
116
115
116
116
116
118
119
118
118
118
118
120
118
116
115
116
118
118
119
120
120
118
119
119
117
117
117
117
117
116
115
115
114
114
114
115
114
114
114
114
115
113
113
113
112
112
113
113
112
112
114
114
114
115
115
114
113
114
114
114
115
113
113
113
113
112
111
110
110
110
109
110
110
109
109
109
109
109
109
109
110
109
109
110
109
109
109
109
109
109
109
109
109
109
109
109
110
110
110
110
110
110
110
111
109
109
109
109
108
109
109
110
112
112
112
112
113
113
114
114
115
116
117
116
115
115
115
115
114
114
114
114
116
116
116
116
116
116
116
116
116
116
116
116
115
115
115
115
115
115
116
117
117
116
117
116
115
115
115
115
114
115
115
116
116
116
116
116
117
117
118
118
117
118
117
117
117
117
118
118
117
117
119
116
117
117
117
117
119
117
117
119
119
118
119
120
121
118
118
120
120
120
121
120
118
117
118
117
118
118
115
115
115
115
115
117
116
115
113
113
111
112
111
111
110
109
108
106
107
108
108
110
112
110
110
110
109
108
108
108
108
109
109
110
110
111
111
109
109
109
109
109
109
110
109
110
110
110
110
112
112
112
111
111
111
110
110
109
110
109
109
109
111
110
110
109
110
108
108
110
109
109
109
109
109
110
110
108
108
108
108
108
108
108
108
108
108
107
107
107
108
108
107
109
111
112
113
113
114
115
117
117
117
117
116
114
113
112
114
116
116
116
117
117
116
116
116
116
115
115
114
114
115
115
115
115
114
116
116
116
115
115
116
116
116
116
115
114
115
114
114
114
114
112
114
115
114
115
115
116
117
117
116
117
116
118
116
116
113
112
109
108
110
110
110
110
110
110
110
112
112
112
113
112
111
110
110
110
110
109
108
109
110
109
109
110
112
110
110
109
110
111
111
111
111
109
110
109
109
109
109
110
110
111
111
111
109
109
109
110
110
109
108
109
107
106
107
106
106
106
106
108
108
108
106
106
107
108
108
108
108
109
109
109
109
109
110
110
111
111
111
110
110
109
109
109
110
111
112
112
112
112
112
109
109
109
108
110
110
110
109
109
109
108
108
108
108
107
109
110
111
113
113
111
111
112
112
112
112
112
113
114
113
112
112
111
112
112
113
113
114
115
113
112
113
113
112
113
112
112
109
108
107
107
107
107
106
107
107
107
106
107
106
107
106
106
106
108
109
109
111
110
110
111
109
109
109
109
110
109
107
107
108
108
108
109
109
109
107
106
105
104
104
104
104
104
104
104
104
105
106
107
107
105
104
104
104
104
103
103
103
102
100
101
102
102
102
102
102
102
102
102
102
104
105
102
102
102
103
103
103
104
103
104
105
104
104
104
102
102
101
101
104
103
103
104
103
102
101
100
99
99
98
98
99
99
99
99
99
98
98
99
99
100
100
100
101
101
101
101
101
101
101
101
101
100
100
100
101
101
101
104
104
104
105
104
103
102
102
102
102
101
100
101
101
100
99
99
99
99
99
98
98
99
98
97
97
98
100
100
100
100
100
100
102
103
103
102
103
103
103
102
102
102
103
104
104
104
103
104
102
101
102
102
101
101
102
102
103
103
102
101
101
104
104
104
103
103
105
106
106
104
105
105
105
105
105
104
104
105
103
102
102
102
102
100
100
100
101
101
101
101
101
101
101
100
101
103
103
105
104
104
103
104
103
103
103
104
104
104
103
103
103
102
102
102
105
105
104
106
105
104
104
103
104
103
103
104
106
103
104
103
104
103
104
104
104
105
106
103
102
102
101
101
101
101
102
101
101
101
101
100
101
101
100
99
100
100
100
100
100
100
100
98
98
99
99
100
100
101
101
101
101
102
102
103
101
101
101
101
101
102
103
104
102
102
102
102
102
103
103
100
100
100
100
100
99
99
99
99
98
98
98
99
99
99
98
98
98
98
99
101
101
100
99
99
99
99
100
100
99
98
98
98
99
100
101
100
100
99
99
101
100
101
101
101
101
102
101
101
100
99
98
98
98
99
98
98
100
100
99
99
98
98
98
98
98
98
99
99
98
98
99
101
104
105
105
105
103
103
104
104
105
104
102
102
101
100
101
102
101
101
101
100
101
102
103
104
105
106
105
106
108
106
106
107
107
106
107
107
106
103
101
101
102
102
102
103
103
103
103
102
102
102
103
101
100
100
100
99
99
99
98
99
99
98
97
98
99
99
98
98
98
98
100
100
100
99
100
99
99
97
98
99
100
100
100
100
100
101
101
103
103
104
104
104
103
104
105
106
105
105
105
102
102
102
101
100
100
100
99
101
100
101
98
98
98
97
97
96
96
96
96
96
96
96
96
96
96
97
97
98
100
100
99
100
101
102
100
100
100
100
99
99
98
98
98
98
98
97
97
97
97
98
98
98
99
99
101
100
97
98
98
98
98
98
98
98
99
99
98
98
100
101
101
101
102
101
101
101
101
101
101
100
100
101
100
100
101
100
100
100
99
100
100
100
101
101
100
100
100
103
103
104
103
103
102
100
100
100
99
99
98
98
99
99
99
99
99
99
100
100
100
101
100
100
100
100
100
100
101
101
102
102
103
104
105
102
103
103
105
107
108
106
105
104
105
106
104
103
101
101
102
101
101
101
102
103
102
101
99
98
99
97
98
99
99
98
97
96
97
96
96
96
98
99
100
100
99
99
100
102
102
102
101
101
99
97
97
99
99
99
99
98
97
99
99
99
98
97
96
97
97
98
98
98
99
99
98
98
100
99
98
101
102
103
103
105
104
104
104
104
104
105
106
104
103
103
100
100
100
101
100
100
100
100
99
101
101
103
103
101
101
103
103
103
103
102
103
102
102
102
103
102
103
102
102
102
103
101
101
101
100
98
98
97
98
98
97
97
97
98
99
99
99
99
99
99
98
98
98
98
98
98
97
97
98
98
98
98
98
97
98
97
97
98
97
97
97
96
96
96
96
96
96
96
96
96
97
97
96
96
96
97
97
98
98
97
97
97
97
99
99
98
98
99
99
99
99
98
99
98
97
96
96
96
97
97
96
96
97
97
98
97
97
