0.0004196551724137932 0.0006586206896551723
300
295
291
286
277
275
264
260
259
256
255
255
253
250
248
248
245
246
245
242
244
244
241
242
239
238
239
238
237
236
238
236
238
239
241
239
237
232
233
232
229
228
227
227
228
228
227
229
228
228
228
226
225
225
224
225
226
225
226
223
222
221
221
220
218
218
218
216
218
215
216
215
217
219
221
222
222
222
222
218
218
218
217
218
219
217
217
216
215
215
217
216
216
214
213
215
213
212
212
211
211
211
211
211
210
210
210
210
210
212
214
215
217
219
216
217
217
216
215
214
214
215
214
211
212
212
212
212
214
216
215
215
215
213
210
210
209
209
212
210
210
208
208
209
209
208
208
207
208
211
209
209
209
210
210
208
208
211
211
212
211
210
208
209
208
212
212
211
212
211
211
210
212
210
209
210
211
212
210
209
206
206
206
209
207
207
210
210
209
211
214
212
211
211
209
208
207
207
206
206
209
208
206
205
205
205
207
206
207
207
204
203
204
204
203
205
203
202
200
200
200
200
200
200
198
199
198
199
199
200
201
200
199
199
200
201
201
202
202
202
204
204
205
206
205
204
203
202
201
202
201
203
203
203
205
205
205
206
206
206
206
203
202
201
202
202
201
201
202
202
202
202
201
200
200
200
201
200
200
199
199
199
198
198
198
198
198
196
195
195
195
197
196
196
199
199
200
201
201
204
202
201
201
199
200
200
199
199
200
201
200
197
197
199
198
198
197
198
199
199
198
199
199
197
198
197
198
200
201
198
197
199
201
201
203
201
202
198
199
197
198
198
196
197
197
196
195
195
195
195
195
195
193
192
192
194
197
197
198
199
197
195
194
193
193
193
193
193
193
194
193
194
194
194
192
191
193
192
192
193
189
188
189
190
194
195
195
192
194
191
191
189
190
190
190
189
190
190
188
189
189
189
190
192
190
191
191
189
189
191
192
196
196
197
197
200
201
198
200
199
198
200
201
200
200
203
202
203
202
200
199
201
202
200
200
200
199
199
199
198
198
198
198
196
196
196
197
197
199
200
199
200
202
201
200
195
197
196
194
195
193
192
192
192
192
192
189
188
189
187
188
189
188
188
188
188
189
188
187
185
184
187
185
184
184
187
188
185
183
182
182
183
184
184
184
184
184
184
183
183
183
183
183
183
182
184
182
184
185
184
183
183
182
183
183
183
183
183
184
182
183
183
186
185
186
187
185
186
186
185
187
187
187
186
186
182
182
183
183
181
181
181
181
184
186
187
189
190
189
189
191
190
190
188
188
189
189
188
187
186
187
187
187
187
187
187
186
185
186
184
183
183
184
183
184
184
184
184
183
181
180
180
180
182
182
182
182
182
181
180
182
182
180
180
182
183
184
182
182
182
181
180
181
180
179
180
180
178
178
177
175
178
178
179
180
181
183
182
183
182
182
183
184
182
180
180
178
177
179
179
181
181
181
179
180
180
181
182
180
177
177
177
178
178
181
181
180
181
181
181
179
181
181
180
183
183
181
180
181
181
180
177
179
179
178
177
177
177
176
176
177
177
178
178
179
179
179
178
179
180
180
181
181
180
180
182
180
181
177
177
177
175
175
175
175
173
174
174
174
174
174
175
177
178
178
179
179
180
181
180
178
180
179
179
176
175
174
173
173
173
173
173
173
173
173
173
175
177
179
181
179
179
178
178
176
175
174
174
174
174
173
173
173
172
174
174
175
175
176
176
181
178
177
176
176
176
177
179
180
181
178
178
178
176
177
177
178
180
179
178
179
178
176
177
176
176
176
173
172
171
171
171
171
173
170
170
169
170
171
173
173
172
172
170
170
172
172
173
173
173
173
173
175
175
174
173
175
176
175
173
173
173
173
172
172
172
172
172
172
172
171
172
172
171
172
172
172
173
173
174
176
174
176
177
178
179
180
178
177
175
174
174
173
174
174
172
176
176
175
175
174
173
173
173
173
172
172
173
174
173
173
172
172
172
171
175
176
175
174
176
174
173
174
174
172
172
172
174
173
172
174
173
177
174
173
172
174
171
171
171
171
169
169
169
170
170
170
170
170
170
170
169
169
169
170
171
171
172
171
173
172
172
172
173
175
174
174
174
174
174
174
172
174
174
175
176
175
175
176
176
176
176
175
175
175
174
174
175
175
175
175
175
177
177
177
177
175
174
174
174
175
174
174
174
173
172
172
172
172
171
171
170
170
171
170
171
172
170
170
170
170
171
171
170
168
168
168
169
169
169
169
169
168
168
170
171
173
174
174
173
174
174
176
177
177
177
175
175
173
173
173
173
172
172
171
171
171
171
173
172
171
171
172
171
171
173
173
173
174
173
172
172
171
170
170
171
173
174
173
173
172
172
172
170
170
171
174
175
172
170
168
168
167
166
166
166
167
170
170
171
170
170
169
169
170
168
170
170
170
170
168
169
168
167
167
168
166
166
166
167
167
166
168
168
168
168
167
167
167
166
167
167
168
168
166
167
166
166
166
166
167
167
167
167
167
167
166
166
166
166
167
167
167
167
168
168
169
170
168
170
171
170
169
167
165
165
165
166
165
163
164
164
165
165
164
165
163
163
162
162
163
163
162
162
165
165
166
165
164
166
169
168
169
167
166
166
165
165
165
165
166
166
167
166
165
164
165
163
163
163
164
164
165
165
165
167
166
168
168
169
168
167
165
165
165
165
165
165
166
166
166
166
166
167
168
167
167
166
166
167
167
168
166
167
167
167
169
167
169
167
167
168
168
168
168
167
167
167
167
168
168
169
169
169
168
167
167
168
167
168
168
166
166
165
165
164
163
163
162
161
161
162
161
161
161
162
161
161
162
161
164
165
165
165
165
166
164
164
163
166
165
164
163
164
168
167
167
168
168
166
164
165
166
166
165
165
165
165
165
166
166
165
166
165
163
165
164
166
164
164
164
166
166
166
165
166
168
165
166
165
164
164
164
162
161
161
161
160
160
161
162
163
163
163
163
162
164
165
165
162
162
161
163
162
162
162
164
164
161
161
160
160
160
161
161
162
163
163
162
163
164
164
164
163
163
163
163
164
163
163
163
164
163
161
162
163
163
162
160
160
161
161
161
162
161
162
162
161
161
163
162
160
160
162
162
163
162
161
160
161
162
161
159
159
159
159
159
159
160
161
162
164
164
163
163
161
163
162
161
160
161
160
159
159
160
160
161
162
161
161
161
159
157
159
159
159
160
159
161
161
158
160
161
162
163
163
162
163
163
164
164
162
162
162
162
163
163
163
162
161
160
161
159
161
161
160
161
161
162
161
159
159
159
161
161
160
160
161
161
161
162
163
163
160
160
160
160
160
160
160
160
159
158
158
158
156
156
158
160
161
160
161
161
161
162
163
162
163
161
161
161
160
162
162
162
162
161
159
159
159
161
160
160
159
159
158
160
160
160
157
158
156
156
159
158
158
158
157
157
158
159
159
159
157
156
156
157
157
157
156
156
156
155
155
155
154
155
155
155
155
156
155
155
156
157
157
157
158
159
158
158
158
158
158
157
157
157
157
156
156
155
155
155
155
156
157
158
157
158
158
156
155
156
156
158
158
159
160
158
159
158
158
158
159
157
157
158
157
157
158
156
156
155
157
158
158
157
156
153
153
153
153
153
153
153
155
155
155
155
155
155
155
155
156
156
156
156
156
155
155
155
155
154
156
155
155
155
155
155
156
154
153
153
153
153
154
156
157
161
161
161
158
158
158
158
158
160
159
159
159
160
159
157
157
153
153
153
153
154
155
156
156
156
157
156
155
153
153
152
153
152
153
148
148
150
148
150
150
151
151
150
149
151
150
150
151
151
151
151
151
151
150
149
150
150
150
149
149
150
149
152
153
153
152
153
154
154
155
156
155
155
154
154
154
154
151
150
150
150
150
151
151
151
152
151
150
149
149
149
152
152
153
152
151
149
149
148
148
147
148
148
148
149
150
149
148
150
150
149
149
154
154
154
152
148
147
145
145
145
145
145
146
146
146
148
149
149
151
151
151
151
151
150
150
149
149
148
149
149
149
149
148
150
148
148
147
147
148
149
149
150
149
148
147
147
148
149
153
153
154
154
154
153
151
149
149
149
149
149
150
149
149
150
150
149
148
147
148
146
146
148
147
148
149
150
150
150
148
147
147
145
145
144
144
144
144
145
144
144
146
146
146
147
146
145
146
147
145
145
147
147
147
146
146
146
146
146
146
147
149
148
148
148
149
149
149
149
149
149
149
149
150
148
148
148
147
148
148
148
148
148
148
147
148
147
146
146
146
147
148
149
149
148
150
150
153
153
152
152
153
153
152
151
151
148
148
146
146
146
146
146
146
146
146
148
148
148
147
148
148
148
148
148
148
148
147
148
148
148
148
148
150
151
151
149
149
148
148
148
148
149
150
150
151
151
150
149
152
152
150
151
151
151
152
153
151
150
148
148
149
147
145
145
145
145
146
146
146
147
149
149
149
150
149
150
150
151
150
148
150
148
148
148
149
148
149
149
148
148
150
152
152
153
153
152
152
152
153
153
154
153
153
154
152
151
151
150
149
150
150
150
151
150
150
149
149
151
153
152
151
150
148
150
150
150
148
146
145
145
145
146
146
146
146
146
146
147
147
146
148
148
147
146
146
146
146
145
143
143
143
144
143
143
144
144
143
143
144
145
144
145
146
145
145
145
144
144
144
144
145
145
145
145
145
145
145
147
146
145
145
144
143
144
145
145
142
142
142
142
142
142
143
143
143
142
143
144
145
144
143
143
144
144
145
145
144
145
145
143
143
143
143
144
143
144
144
145
145
147
148
147
148
148
147
146
147
148
149
149
150
150
148
147
147
146
147
147
145
144
145
145
145
146
145
145
145
148
148
148
148
145
145
146
146
146
144
145
144
143
143
143
143
144
143
143
141
142
142
144
144
144
144
142
142
142
142
142
140
140
140
140
140
141
142
142
140
142
142
142
142
142
143
143
143
144
145
144
143
144
146
147
147
146
146
142
144
144
144
144
145
145
143
142
143
143
143
143
142
142
143
143
143
144
142
141
141
141
141
142
142
142
141
143
142
143
142
140
140
140
139
138
138
137
137
137
139
139
139
139
143
143
142
142
142
144
143
143
140
139
140
140
139
140
141
142
142
142
142
141
140
139
139
137
136
137
137
138
138
138
138
137
138
138
138
138
139
140
140
142
141
141
142
142
142
143
143
143
144
143
142
142
141
141
142
142
140
139
138
138
138
140
138
138
140
141
143
142
142
140
141
142
142
141
142
143
143
142
142
143
144
143
143
141
141
141
141
142
141
140
140
142
142
140
140
140
139
138
138
138
139
137
138
138
137
137
138
138
138
137
138
139
139
140
136
136
138
138
135
136
135
136
136
137
136
135
135
136
138
138
138
136
136
138
137
139
140
141
142
143
142
141
142
143
141
138
137
137
137
138
138
138
137
137
137
138
138
137
139
137
136
136
136
136
136
136
137
138
135
134
135
134
133
133
134
136
135
137
137
137
137
137
137
138
139
139
139
140
139
139
139
139
141
142
142
141
141
143
145
143
139
139
139
140
140
140
140
139
139
139
139
139
139
137
137
137
138
137
137
138
140
141
141
143
142
141
141
141
141
140
139
141
141
141
142
142
141
140
140
140
140
138
135
134
135
135
134
134
136
138
138
140
140
140
139
138
138
137
137
138
138
140
137
135
133
133
133
133
134
132
133
134
134
133
134
134
135
134
134
132
132
132
132
132
133
134
134
134
134
136
135
135
135
137
136
136
135
136
136
136
137
137
135
136
136
134
134
134
134
133
133
133
133
133
132
133
133
132
134
133
133
132
131
130
130
129
130
130
130
130
131
132
132
131
131
131
132
132
131
132
133
133
133
135
137
139
138
135
135
135
135
134
135
134
133
134
134
134
134
134
133
134
132
133
133
135
135
133
132
131
134
133
134
134
137
136
136
137
137
135
136
136
137
137
136
135
135
134
135
133
132
134
134
135
137
135
135
135
133
133
133
136
134
135
135
135
135
134
132
134
133
133
133
133
134
133
131
131
132
134
136
138
137
135
134
134
133
133
133
134
134
134
132
133
132
131
131
131
131
132
132
132
130
130
130
129
129
130
130
131
130
131
130
131
130
129
130
130
129
129
129
129
129
130
132
133
134
133
132
132
132
129
130
129
128
131
131
131
133
135
134
133
132
132
132
130
129
129
129
127
129
128
128
129
129
128
128
129
129
129
130
130
131
132
132
131
133
131
131
130
130
129
129
130
130
130
129
129
130
130
130
129
130
132
130
128
129
130
130
130
130
130
129
129
128
128
129
129
129
130
129
129
128
128
128
127
128
127
128
128
130
130
128
128
129
131
130
131
130
130
130
131
130
130
129
130
131
131
130
130
130
130
132
132
130
129
128
127
128
127
127
127
127
127
127
127
127
126
126
125
125
125
126
126
127
127
127
127
127
127
127
128
129
128
128
129
129
127
125
126
126
126
127
126
127
124
125
126
126
126
126
125
127
127
127
127
127
126
125
125
125
125
124
126
127
127
127
127
128
128
126
126
127
126
124
125
125
125
126
126
126
128
128
128
129
128
128
128
127
127
127
127
128
129
128
126
127
128
128
127
126
126
126
126
126
127
127
127
126
127
125
124
124
123
125
125
125
124
123
123
123
123
124
123
123
123
124
123
123
123
123
122
122
122
123
122
122
122
122
124
125
125
124
124
124
124
125
125
125
126
126
125
126
125
124
125
125
124
124
126
125
125
126
126
127
126
126
126
126
128
130
131
131
130
128
127
128
128
126
127
126
127
128
128
127
127
127
130
130
128
128
129
128
128
128
128
127
125
124
126
124
122
122
122
122
123
124
125
126
127
127
127
127
124
125
123
122
122
123
123
124
127
126
128
128
129
131
131
132
130
129
130
131
130
128
128
128
126
127
128
127
127
126
125
122
122
121
122
122
121
121
120
120
119
119
120
121
122
121
120
120
121
120
121
121
121
121
121
119
120
120
123
124
125
124
125
125
125
125
124
124
124
124
124
124
124
124
122
123
123
124
124
122
122
123
123
123
121
121
120
120
121
119
118
119
119
119
119
119
120
121
121
121
121
121
121
121
121
120
120
120
121
120
119
119
119
119
120
119
119
120
121
120
119
119
121
120
121
121
120
119
120
121
120
119
119
119
122
121
121
122
122
124
122
122
120
118
118
118
118
118
118
119
119
119
120
120
120
120
121
121
121
122
120
119
118
119
119
119
120
120
120
120
121
122
122
123
123
124
124
124
123
122
122
121
121
121
121
122
122
120
119
119
120
121
120
119
120
120
120
119
119
119
119
118
119
119
119
119
119
118
119
118
117
117
118
118
119
118
118
118
118
118
118
119
119
120
120
120
121
121
121
122
123
123
123
124
123
122
121
122
121
119
119
119
119
121
120
120
121
121
122
122
122
122
122
121
122
122
121
119
118
119
119
120
121
119
119
119
119
119
120
120
120
119
120
120
118
118
118
119
118
119
120
118
117
117
117
117
117
117
118
118
118
118
118
118
118
118
119
121
120
120
122
122
123
123
122
122
122
123
120
121
121
121
122
124
124
122
122
121
123
124
121
121
121
122
120
120
123
123
124
123
123
122
123
123
123
123
123
124
124
125
125
122
122
122
122
122
124
123
122
120
119
119
119
119
120
121
120
121
121
123
123
124
123
123
122
122
123
123
122
122
122
122
124
124
123
123
123
124
123
122
121
121
120
120
121
121
121
121
121
122
123
123
121
122
122
120
120
120
121
119
120
120
119
119
121
121
121
123
123
122
122
122
122
125
125
126
126
126
125
123
124
126
127
127
126
125
124
121
122
121
121
121
120
119
119
120
121
121
121
121
121
122
121
121
119
121
122
120
120
120
120
120
120
120
121
119
120
120
120
120
121
121
121
119
118
118
119
121
122
122
124
124
124
124
123
123
123
123
125
126
125
127
128
125
126
124
123
121
121
121
121
121
120
119
118
118
118
117
118
118
118
119
118
118
117
117
118
118
118
118
121
121
122
123
123
125
125
124
127
127
127
129
127
126
125
124
124
124
124
123
122
122
122
122
124
122
122
122
121
121
120
121
120
121
120
120
121
121
123
124
123
124
124
125
126
125
126
125
125
124
123
124
124
123
125
122
122
121
121
121
120
121
121
121
121
121
120
121
120
120
120
120
120
120
121
123
122
121
121
120
120
119
118
118
117
118
117
118
118
119
119
118
118
118
118
117
117
116
116
116
117
118
118
118
118
118
117
117
119
120
120
120
123
122
122
121
122
122
124
123
122
123
122
123
122
121
121
121
122
122
124
123
122
122
123
123
124
122
121
120
120
120
120
121
121
122
123
126
126
126
125
126
125
125
124
124
123
123
124
124
125
126
125
123
123
121
121
121
121
121
124
122
122
122
121
123
122
121
121
121
121
120
120
120
121
119
118
119
120
120
120
121
121
121
121
122
122
123
123
122
123
124
123
122
122
122
122
121
121
121
121
119
120
120
119
120
120
120
120
121
122
123
123
123
123
122
122
123
124
124
123
124
122
122
121
121
123
122
122
121
120
120
121
120
120
121
120
120
121
121
122
122
122
122
121
123
123
121
122
120
121
121
121
120
120
119
119
119
120
120
119
120
121
118
116
116
119
120
120
120
123
124
125
125
125
124
124
123
122
122
121
122
124
122
120
118
119
118
117
118
120
122
121
121
120
121
119
119
117
116
116
115
115
115
114
114
114
114
114
115
115
115
116
117
117
117
117
119
119
119
119
121
120
121
121
120
117
116
116
117
118
118
118
119
119
119
121
121
122
121
120
121
121
120
121
121
122
121
121
120
118
118
118
117
117
116
118
118
119
119
119
120
120
119
117
117
117
119
119
117
118
118
117
116
117
116
116
116
117
117
118
117
117
117
118
120
121
120
120
120
122
122
122
125
123
121
123
122
122
123
123
123
122
122
121
121
120
122
122
123
124
122
120
120
120
121
120
118
118
118
118
118
118
119
119
120
119
118
118
117
116
116
116
117
117
117
117
117
117
119
120
120
121
119
115
116
116
117
118
119
119
119
119
119
118
119
119
119
120
120
120
120
120
120
119
118
118
118
118
119
119
118
118
117
117
116
117
117
117
117
119
118
118
118
119
119
119
121
121
121
122
120
121
122
121
119
121
119
119
119
119
119
118
118
118
116
116
116
116
116
117
118
118
117
116
115
116
115
115
115
115
115
115
113
114
114
114
113
112
112
112
113
113
112
112
113
114
114
114
115
116
115
115
115
115
114
114
114
116
115
114
114
114
114
114
114
115
115
115
115
115
117
117
117
116
115
115
115
115
115
115
114
114
114
114
114
113
114
114
115
115
115
116
116
114
115
115
115
114
114
115
116
115
115
116
115
115
114
113
114
112
112
114
115
114
112
112
112
112
112
114
114
113
113
115
114
113
113
113
113
113
114
114
115
115
115
115
117
118
120
119
120
121
121
122
124
122
124
124
121
123
122
121
121
121
119
122
121
122
119
118
118
119
119
119
117
117
118
117
118
119
117
112
111
111
110
110
110
111
112
112
112
111
111
111
110
110
110
110
110
110
110
110
110
110
110
110
109
109
110
110
111
111
111
112
112
113
113
113
113
113
112
113
113
110
109
110
110
111
112
112
112
112
113
113
112
113
113
113
114
114
114
113
112
112
112
112
112
111
113
112
112
113
114
114
115
116
115
116
115
114
113
112
114
115
114
114
116
115
116
116
115
116
114
113
113
113
113
112
112
112
112
113
112
113
113
113
112
113
113
113
112
111
111
111
111
111
112
112
112
112
112
113
114
114
115
115
115
117
114
115
115
116
118
118
117
115
115
115
114
115
116
115
115
115
115
116
116
115
115
116
114
113
114
114
114
115
116
114
114
114
113
113
113
113
111
110
111
112
114
114
115
115
115
113
111
111
111
111
112
112
112
112
112
113
114
114
112
111
111
112
112
112
111
112
111
110
111
110
110
110
113
113
113
113
113
113
113
113
113
113
113
113
114
115
113
113
113
113
114
114
114
115
115
115
115
115
116
116
115
114
114
115
115
115
116
116
114
114
113
112
112
112
112
112
112
113
113
112
111
111
112
113
111
111
112
112
113
113
114
115
113
113
112
113
113
113
114
114
115
114
116
116
115
116
116
115
116
117
117
117
117
117
117
117
116
116
114
113
114
115
115
114
114
113
115
115
112
113
113
112
112
112
112
112
111
110
109
109
110
110
110
111
113
113
112
111
111
113
114
114
115
116
114
114
113
113
114
114
114
113
111
111
111
110
110
110
109
111
111
112
112
113
113
112
109
108
108
107
107
107
107
107
107
107
107
109
109
108
108
107
107
108
109
109
110
110
110
110
110
111
111
110
109
109
108
107
107
107
107
107
108
107
107
107
108
107
107
107
107
107
107
108
106
107
107
107
107
107
105
107
108
106
106
106
106
107
106
108
109
108
107
106
106
105
104
105
105
106
107
107
106
106
107
107
107
109
109
110
110
109
108
109
109
109
109
109
109
108
107
107
106
107
106
106
106
105
105
104
103
104
104
104
104
104
104
105
106
106
107
106
106
106
105
105
105
105
104
104
106
105
105
105
106
106
106
106
107
106
104
104
104
104
105
106
105
104
104
104
104
104
104
104
104
104
104
104
104
104
104
104
104
103
103
104
103
104
104
104
104
105
104
105
107
107
107
107
107
106
106
106
105
105
105
104
104
104
104
103
104
106
106
105
105
105
105
106
107
108
107
107
107
108
109
107
107
107
107
109
109
108
107
107
104
104
104
104
104
104
105
106
105
105
106
106
108
108
108
106
106
104
104
104
105
104
105
104
105
105
106
105
105
104
104
104
104
104
104
103
103
104
104
106
106
107
107
107
107
106
104
104
104
104
103
103
103
103
103
103
102
102
102
103
103
103
104
104
104
105
105
105
105
105
105
105
105
105
106
105
104
104
104
104
104
104
104
104
105
103
103
103
104
104
104
104
104
104
104
104
104
105
104
104
104
104
104
104
104
103
105
105
105
105
104
104
103
103
103
105
105
104
104
104
104
105
106
106
107
106
107
107
108
108
108
108
109
110
110
109
106
106
106
104
104
105
104
103
103
106
107
107
106
107
106
105
105
105
107
106
106
107
107
107
108
108
106
106
106
106
107
108
109
108
108
109
109
108
108
106
107
105
105
105
105
104
103
104
105
106
106
106
106
106
106
106
105
105
105
105
104
104
104
104
104
104
105
105
103
103
103
102
102
103
104
104
104
104
103
103
103
104
104
104
103
103
103
103
103
103
103
103
105
105
105
107
106
106
105
105
104
104
104
104
104
104
104
105
105
