0.0007610344827586207 0.0008975862068965518
300
294
286
281
277
266
261
260
256
249
247
245
245
245
244
245
245
244
243
241
239
239
237
235
230
229
227
228
220
220
222
221
220
217
217
217
217
217
217
217
216
216
217
216
216
214
214
214
216
217
217
212
213
212
209
207
207
204
204
204
203
204
202
200
200
199
198
197
198
199
198
198
198
198
198
196
195
197
196
195
196
195
194
194
195
198
194
192
190
187
187
187
187
186
187
187
187
188
189
191
189
188
187
186
187
188
190
187
187
190
190
192
190
190
190
189
190
190
191
189
189
188
187
187
191
190
189
187
189
190
192
190
187
187
187
189
189
188
189
188
188
190
189
188
189
189
189
189
190
189
188
188
189
189
189
191
191
191
190
188
186
185
186
185
187
188
189
188
188
190
188
188
186
185
187
189
190
188
187
186
184
183
180
181
182
183
182
180
180
183
183
185
185
184
185
184
184
188
186
189
187
187
187
187
189
189
188
188
188
188
190
190
191
191
190
189
190
192
190
189
188
188
188
187
188
188
186
186
184
185
186
186
185
188
188
187
184
183
180
179
179
179
179
181
182
185
186
186
185
183
185
183
183
183
184
184
183
183
183
181
180
179
179
178
178
177
178
178
178
179
179
179
183
182
183
182
183
183
183
183
184
184
183
181
181
182
182
182
182
182
183
182
182
181
180
181
179
178
179
179
179
179
179
180
179
177
176
177
178
177
178
177
176
176
176
174
176
176
177
176
177
178
177
176
175
175
178
177
176
176
178
178
179
180
179
179
182
183
183
183
181
181
183
182
181
180
180
180
179
179
176
176
176
176
176
177
175
176
177
177
176
175
177
176
175
174
172
172
173
173
173
174
173
173
174
176
176
174
173
173
172
172
173
172
171
173
173
173
173
174
174
176
175
175
175
174
175
176
177
175
173
173
171
171
173
175
176
177
179
178
178
179
179
178
180
180
180
179
181
179
179
179
176
177
177
175
177
176
176
176
178
177
178
179
177
179
178
180
176
176
177
177
174
171
169
171
172
174
176
178
178
175
176
176
176
175
174
176
174
173
175
176
176
177
174
175
175
175
175
176
175
175
174
174
173
170
173
171
173
174
174
176
178
177
174
173
172
172
173
174
175
174
171
169
170
172
174
173
171
172
173
175
176
175
174
175
175
173
170
170
169
170
170
170
170
172
173
173
175
177
175
175
174
175
176
175
173
171
169
168
167
167
167
167
166
166
167
169
169
170
173
171
170
169
168
170
170
169
168
166
167
168
167
168
167
168
167
167
165
164
164
166
165
166
167
167
166
164
164
164
163
162
162
162
162
161
161
164
163
165
165
165
164
163
161
160
160
162
163
164
162
163
163
164
165
165
166
164
165
163
163
163
161
158
160
159
159
160
161
160
159
159
161
159
159
160
161
161
162
163
162
162
162
163
163
163
162
160
162
165
164
165
164
162
162
162
162
163
164
167
168
169
166
167
166
165
164
163
162
162
162
163
165
164
164
165
164
163
162
162
162
162
162
162
163
162
162
161
162
163
161
161
161
161
162
162
161
161
160
161
161
161
161
161
164
165
163
163
163
164
162
161
161
162
163
165
164
164
164
164
162
163
164
165
165
166
165
166
165
166
166
167
169
168
168
166
166
167
165
165
164
164
162
164
165
164
164
165
165
166
168
170
171
170
168
168
167
169
169
171
171
169
166
165
166
169
167
168
169
170
171
169
168
168
166
166
165
164
166
164
164
162
163
162
162
161
161
160
159
159
159
158
158
160
161
161
161
162
162
161
160
160
161
159
160
159
159
161
162
162
162
163
163
163
161
162
163
163
162
163
161
163
161
161
162
162
158
157
159
159
159
160
160
159
159
157
156
157
158
157
159
161
163
163
161
161
163
162
162
163
161
160
158
157
158
159
159
161
164
164
161
158
156
156
157
155
153
154
156
156
156
156
158
159
157
158
158
157
157
158
156
156
158
158
158
158
158
157
155
156
155
155
156
155
154
155
156
156
156
158
156
156
156
157
157
156
157
155
154
154
154
154
155
156
157
156
155
157
156
154
155
158
156
158
156
156
157
156
157
156
155
155
157
158
157
157
157
159
160
161
162
163
163
163
162
162
163
161
162
159
159
157
157
157
158
157
157
155
155
155
158
157
154
154
154
154
156
156
155
153
155
155
158
159
159
160
157
157
160
160
163
163
160
161
162
160
160
159
157
155
154
154
154
154
153
153
152
153
152
153
153
155
156
157
158
158
155
153
151
152
152
154
154
155
154
152
152
151
152
152
151
151
150
149
150
149
149
148
147
149
149
148
147
149
147
148
148
149
150
150
149
149
148
148
149
149
150
150
149
149
149
149
148
146
149
147
148
148
148
145
145
147
147
148
148
147
147
145
145
144
144
144
144
144
145
146
145
145
144
143
143
143
142
141
141
140
140
140
141
141
140
139
139
138
137
138
139
139
139
138
138
139
140
140
140
141
139
140
143
143
145
145
145
144
144
144
144
144
142
142
144
145
144
144
145
144
145
142
142
142
142
143
143
142
141
141
141
143
143
142
144
144
144
144
144
144
146
144
143
141
141
139
139
138
138
138
138
138
139
142
143
142
141
141
141
139
139
139
137
137
137
137
138
138
139
139
139
139
140
140
141
141
142
143
142
141
140
140
139
138
138
139
139
138
139
139
140
140
140
141
142
141
141
140
141
141
141
139
140
140
141
141
143
143
144
145
142
143
143
142
144
144
141
140
139
138
138
141
139
139
139
139
137
137
137
137
137
135
135
135
134
134
133
133
133
133
134
135
135
136
137
137
137
137
136
134
134
134
134
135
135
134
135
135
134
134
134
134
135
135
135
136
136
134
136
136
136
137
138
139
140
142
142
142
142
141
140
140
139
139
139
139
139
137
134
136
136
135
135
135
139
140
138
136
137
136
135
132
132
134
133
133
132
133
133
134
135
134
134
132
132
132
132
133
132
134
135
137
136
135
134
133
133
135
137
137
137
136
135
135
136
136
137
140
141
143
144
141
140
141
141
141
140
141
142
142
139
143
142
142
140
142
138
135
134
137
137
137
135
135
135
135
134
137
138
138
136
137
138
137
138
137
135
135
133
132
131
132
133
132
132
131
131
130
132
132
134
134
133
135
135
135
139
140
140
141
140
139
138
138
138
137
136
136
137
135
137
137
136
138
139
139
141
138
137
139
138
137
137
135
133
131
132
133
133
132
132
134
136
138
138
139
139
138
139
140
140
142
141
142
141
140
140
140
138
138
138
138
137
138
137
138
138
138
137
136
136
135
135
135
135
135
136
135
135
136
137
136
136
138
137
135
135
134
134
134
135
136
135
138
140
139
139
139
141
141
139
139
139
139
137
137
138
140
141
141
139
139
139
141
141
140
140
139
140
139
139
139
137
137
138
137
136
136
139
139
139
140
140
139
139
140
138
138
137
138
138
136
134
133
133
133
133
132
132
131
133
132
132
132
132
133
133
133
132
132
133
133
134
134
134
134
134
136
135
135
135
136
136
136
135
134
135
134
135
139
140
139
138
138
137
137
136
135
134
136
137
137
137
137
137
136
135
136
135
135
134
133
131
131
127
127
126
126
127
128
129
129
127
128
129
128
130
131
132
132
131
131
130
131
132
131
132
132
131
131
131
130
131
129
129
129
128
127
127
127
127
127
126
127
126
127
127
126
127
127
127
128
128
127
126
126
126
126
129
134
134
133
134
135
135
135
134
133
133
131
132
132
131
134
134
134
134
134
132
132
131
131
131
131
131
131
132
132
132
132
132
132
132
133
131
132
133
132
133
135
137
135
135
134
134
135
135
135
136
136
135
136
137
137
138
138
137
135
135
134
131
133
135
134
135
135
137
137
136
137
137
135
135
136
137
137
137
135
136
137
137
137
136
136
134
134
134
135
135
136
136
136
137
138
136
135
135
134
131
130
130
129
127
127
127
127
127
128
128
128
130
130
129
129
129
133
133
133
135
137
137
137
135
135
133
131
132
130
129
128
127
127
127
128
128
128
129
129
130
127
128
128
129
129
128
127
128
127
126
125
126
126
128
128
125
124
124
125
125
125
125
125
124
124
124
123
123
123
124
126
124
125
126
126
126
126
126
123
124
122
122
121
120
122
122
122
123
123
123
123
124
122
121
121
122
122
124
124
123
123
125
123
123
124
125
124
125
126
127
126
125
124
125
124
126
127
127
126
125
123
123
122
123
124
126
126
127
127
127
127
126
126
127
126
126
125
125
125
126
126
123
123
124
124
123
123
124
122
124
124
124
124
123
125
126
125
126
126
125
124
124
125
125
124
123
123
121
121
121
121
121
121
122
122
123
125
126
125
123
123
124
126
126
126
125
124
124
124
124
124
124
123
123
122
122
122
123
122
122
123
126
123
123
123
123
123
123
123
122
122
122
122
120
120
122
122
122
123
123
121
122
122
120
120
119
119
119
118
119
119
119
119
119
118
121
122
122
123
123
123
123
123
121
120
121
121
121
121
121
121
121
121
119
118
118
118
118
120
120
121
120
120
120
120
119
120
118
119
117
117
117
119
117
118
118
117
118
118
117
119
123
123
126
125
124
122
122
123
121
121
122
122
124
122
121
121
121
119
120
120
120
120
119
119
121
121
119
121
121
121
122
123
123
124
124
125
126
127
126
126
127
128
127
130
129
128
128
126
127
126
125
124
124
124
124
122
123
123
123
122
123
124
124
125
122
120
120
120
120
122
122
122
120
121
122
124
123
122
121
120
121
121
121
121
120
120
120
119
119
119
119
119
119
118
118
119
119
119
119
121
121
122
120
121
121
120
120
120
120
121
121
121
122
122
125
125
123
123
120
120
121
124
124
122
122
122
122
121
120
120
121
120
121
121
121
123
123
121
122
120
117
116
116
117
118
118
117
117
116
116
116
116
113
114
115
114
115
117
116
118
119
117
119
119
120
119
120
120
119
117
117
117
117
118
118
119
119
118
118
117
117
115
115
114
114
113
113
114
113
113
114
115
115
116
115
115
114
114
112
109
110
109
109
109
109
109
109
108
108
110
109
109
108
110
112
113
113
114
116
116
117
116
117
118
118
120
120
119
117
117
118
118
119
119
118
115
115
115
116
117
117
118
117
117
119
118
117
120
118
118
119
119
118
118
121
121
120
120
119
117
115
115
116
115
116
115
115
117
115
115
116
115
114
114
113
113
114
113
114
115
116
116
116
115
116
117
117
118
117
115
116
116
114
114
115
115
116
116
116
116
116
118
117
117
117
117
117
116
117
116
116
116
117
116
116
117
119
119
116
116
116
115
115
115
116
116
116
115
115
115
115
116
114
114
115
115
115
114
113
113
113
113
113
112
112
113
114
114
114
114
114
115
114
114
115
116
117
117
117
117
117
114
115
115
115
116
115
115
115
117
117
117
117
118
118
118
118
117
115
115
116
115
115
116
116
115
114
112
111
111
111
111
112
112
112
113
113
113
113
113
113
114
113
114
114
114
114
114
116
119
119
120
120
119
118
117
116
116
115
115
116
116
116
117
117
117
116
116
114
114
114
116
116
115
116
116
117
117
117
119
119
117
113
113
114
114
114
115
116
117
117
115
114
114
114
114
114
113
113
114
112
112
112
111
112
113
114
113
112
112
112
112
112
114
114
112
112
111
112
112
111
112
113
114
114
113
113
114
114
118
117
116
117
118
118
120
119
119
119
119
122
121
121
120
122
121
121
120
119
119
118
119
119
119
120
119
121
119
122
119
119
118
114
115
115
115
115
113
114
112
113
115
113
112
111
110
111
111
112
112
112
111
110
108
108
107
107
107
108
108
109
109
108
108
108
107
107
106
107
106
107
106
106
106
106
106
106
107
107
106
105
105
104
104
104
105
105
105
105
105
105
105
105
105
105
106
105
105
103
103
104
103
104
103
102
102
102
102
103
101
101
101
101
103
103
104
104
104
105
106
106
107
107
108
108
108
106
106
106
105
105
105
106
107
107
108
108
109
110
109
111
112
111
112
111
111
111
110
110
110
110
112
113
111
111
110
112
112
112
112
113
113
114
113
112
110
109
110
111
110
110
112
110
110
111
111
109
107
107
107
107
107
106
106
106
106
106
105
105
106
109
109
110
111
110
109
110
109
109
107
107
107
107
107
107
107
108
108
107
107
107
107
106
108
108
106
106
107
107
107
107
106
106
105
104
106
107
108
109
108
110
109
108
108
109
106
108
108
107
106
104
105
104
105
105
105
103
104
103
103
103
104
104
105
105
107
107
108
108
108
108
108
107
107
105
105
105
106
106
106
106
106
106
105
105
105
105
107
110
109
110
109
109
109
112
110
111
111
112
113
112
112
114
114
115
115
114
113
112
112
112
110
108
108
107
107
107
108
108
107
107
108
107
107
108
109
109
107
107
107
108
109
109
110
110
112
112
113
114
113
112
112
111
112
109
109
107
107
106
106
106
107
108
106
108
108
109
109
109
110
110
110
110
109
109
108
107
108
108
109
110
110
111
111
113
113
112
111
112
112
111
112
112
112
113
112
111
114
111
112
110
111
111
111
112
111
110
110
110
111
111
110
110
110
111
109
109
109
110
111
111
112
112
112
112
112
110
109
108
108
108
108
109
110
111
109
109
108
108
107
107
106
106
107
106
106
105
106
107
107
110
108
107
105
105
105
105
105
106
106
106
106
105
106
106
107
108
108
108
108
108
108
109
108
109
110
109
108
107
106
106
107
106
105
105
104
103
105
106
107
107
108
110
110
111
110
109
109
107
106
106
107
107
108
109
109
111
111
111
113
112
112
113
112
113
113
115
114
113
111
111
111
110
112
111
111
109
108
110
110
109
108
108
108
108
107
107
107
107
107
106
109
109
107
107
106
104
104
106
108
109
108
107
107
108
108
106
106
105
104
104
105
106
106
108
109
110
110
110
111
111
110
108
108
109
109
110
109
109
110
108
108
108
105
103
103
101
101
102
103
103
103
102
103
103
103
104
105
105
107
107
107
106
106
107
107
107
106
106
105
105
105
105
105
105
106
105
105
104
103
102
103
103
101
101
102
101
100
100
100
101
101
99
100
100
101
102
102
102
102
102
102
106
107
105
105
105
105
107
107
107
106
105
105
105
104
104
104
104
104
105
107
107
106
105
105
104
103
100
100
101
101
100
100
100
101
101
100
101
99
99
99
100
99
97
98
98
98
99
99
100
100
102
102
102
102
102
102
103
104
104
103
102
101
104
102
102
102
102
102
101
101
102
103
102
103
102
102
101
102
103
107
107
107
107
107
106
105
104
104
105
105
105
105
105
105
105
104
104
104
104
104
103
103
102
102
102
101
101
101
102
102
101
100
98
98
97
97
97
96
95
93
94
95
96
95
95
95
94
95
93
93
94
95
96
97
97
96
97
97
97
99
98
97
97
97
98
99
100
98
97
97
97
97
97
97
97
95
95
95
95
95
95
95
96
96
95
97
98
98
98
98
99
100
102
99
99
99
99
100
101
100
100
99
97
98
97
97
97
97
96
96
97
96
97
96
95
95
95
95
95
96
97
96
98
98
98
98
98
98
101
100
100
99
98
98
98
98
98
100
100
101
101
100
98
97
97
98
98
100
99
98
98
98
99
99
99
99
98
97
97
98
97
98
99
99
100
99
98
98
98
98
99
99
98
98
98
99
100
101
101
101
101
101
101
100
101
100
102
103
103
104
102
102
101
100
101
101
100
100
100
102
102
103
102
102
101
101
100
101
102
101
102
101
101
100
100
100
100
101
100
101
101
100
99
98
97
98
97
99
98
99
100
100
99
99
99
98
98
98
98
100
99
97
99
100
101
101
101
102
103
103
101
101
99
100
100
100
99
99
99
99
99
99
98
98
98
99
99
99
99
100
98
98
97
97
96
96
98
96
97
97
96
96
96
96
98
98
98
99
99
99
101
102
102
104
104
103
103
102
103
103
104
103
102
101
102
101
100
100
100
100
99
100
100
100
101
103
102
101
101
101
102
102
102
103
101
101
99
98
98
98
98
97
96
96
98
99
100
102
101
103
105
104
104
103
101
101
101
101
101
101
101
100
100
100
98
97
97
96
95
95
95
97
97
97
97
99
99
99
98
98
98
98
98
97
97
97
98
98
97
97
98
97
96
96
96
97
97
98
98
98
97
97
97
97
97
96
97
97
98
99
99
99
99
100
102
101
101
100
96
96
96
96
96
96
96
96
94
92
91
91
92
92
92
92
93
93
93
92
92
93
93
94
95
95
93
94
95
95
96
96
96
96
96
96
95
95
94
95
95
94
94
95
95
96
97
96
96
96
95
94
94
94
93
91
93
93
95
95
93
93
93
93
93
93
93
94
93
93
93
93
93
94
93
94
93
93
93
93
93
93
92
93
93
93
92
93
93
94
94
93
93
94
94
92
93
93
94
94
94
93
93
93
92
91
91
90
90
91
92
92
92
92
92
91
91
91
91
91
91
90
92
91
92
91
91
92
93
94
93
92
92
92
91
92
91
92
92
92
92
92
92
92
94
94
95
96
96
96
97
96
95
94
94
95
95
95
95
94
95
94
94
93
94
94
94
96
96
97
96
96
96
97
96
95
93
93
93
93
93
93
93
94
94
94
95
95
94
94
94
94
93
93
96
96
95
95
93
92
92
92
92
91
90
89
90
90
91
91
91
91
93
92
91
90
90
90
90
90
90
91
90
91
91
90
90
89
89
92
95
95
95
95
95
95
96
96
96
96
97
98
96
94
93
93
93
93
92
92
94
94
94
94
95
94
94
94
94
95
95
93
93
93
91
92
91
92
92
92
92
93
93
91
91
92
93
95
95
93
93
93
93
93
93
94
94
95
94
95
95
95
96
96
94
95
93
92
91
91
92
92
94
96
96
95
95
93
93
92
90
90
89
89
89
89
90
89
88
90
89
89
89
88
88
89
91
92
91
91
90
91
93
93
92
93
93
92
91
91
92
92
91
92
90
90
91
90
90
91
90
90
90
90
90
89
89
89
88
88
89
90
89
89
89
90
90
90
90
89
87
87
87
88
89
89
89
89
90
89
88
86
86
86
85
84
84
85
86
86
86
86
85
85
85
85
84
84
83
85
85
85
86
85
85
86
85
85
85
85
86
85
85
85
85
85
85
85
86
86
86
86
87
87
87
87
87
84
84
84
84
84
84
84
84
84
84
85
85
86
87
86
86
86
86
86
86
85
86
85
86
86
86
86
86
86
87
87
88
88
87
86
85
84
84
84
84
84
85
85
85
85
86
86
85
85
85
85
84
86
87
88
87
87
87
87
87
86
88
88
87
88
88
89
88
88
88
88
88
88
88
88
87
87
87
86
87
85
86
85
86
87
86
86
86
86
86
86
88
88
88
88
88
88
88
89
88
88
88
87
87
87
86
87
87
85
86
86
87
86
87
88
87
86
86
88
88
89
89
87
87
88
88
88
88
89
89
89
88
86
87
87
84
84
83
82
82
82
83
84
85
86
85
84
84
84
83
84
85
85
85
85
87
86
86
86
85
85
86
85
85
85
84
84
84
85
86
87
87
87
87
88
89
87
88
88
88
88
85
85
85
85
86
86
85
85
84
84
85
86
87
88
89
89
88
88
87
85
84
85
85
85
85
84
87
87
86
86
87
87
87
88
88
89
88
90
91
89
88
86
86
86
86
86
87
89
89
88
88
87
88
87
87
87
86
86
86
86
87
86
86
86
86
87
86
84
85
86
86
87
86
86
85
85
85
84
84
84
84
84
85
85
84
85
87
87
88
86
86
87
87
87
87
88
88
88
87
87
87
89
89
90
92
92
91
92
92
92
91
90
90
91
91
88
86
86
86
86
85
85
85
83
83
83
84
84
84
85
85
84
84
83
83
84
84
85
84
84
84
85
85
84
83
83
83
83
83
84
85
85
85
85
85
85
85
85
84
84
84
83
83
83
82
82
83
83
83
83
84
85
86
86
87
89
89
90
90
90
92
90
89
89
87
87
88
87
88
89
90
91
91
88
88
88
89
89
88
90
89
87
87
88
88
89
88
87
87
88
89
89
89
88
88
88
88
87
85
84
84
84
84
84
81
81
81
83
83
82
82
83
83
82
81
81
80
80
81
81
81
81
83
82
82
82
82
82
81
81
81
82
82
82
83
82
82
81
81
81
83
82
83
84
83
83
84
84
85
85
84
85
85
84
84
83
82
83
85
85
84
84
83
83
84
84
84
85
85
85
84
83
83
83
83
83
82
81
81
81
82
82
81
82
83
83
83
84
85
86
85
84
84
84
84
85
86
87
87
85
86
87
87
89
89
87
87
85
86
86
86
85
85
84
83
83
82
82
83
82
82
82
82
82
80
80
81
79
80
80
80
80
79
79
79
83
83
83
84
84
84
84
85
87
86
86
86
86
86
87
87
85
84
85
84
85
85
85
85
84
84
85
84
85
83
83
83
84
86
84
84
83
83
83
83
84
83
84
83
84
84
83
82
82
83
83
83
82
82
82
82
83
83
83
83
83
83
83
82
82
81
81
81
82
82
82
83
83
83
83
83
83
82
83
83
85
85
84
82
82
82
82
82
82
83
85
85
85
86
85
85
85
85
85
85
85
84
84
85
84
85
86
85
85
85
85
84
83
82
82
82
83
83
83
83
83
83
83
82
82
83
83
82
82
82
84
83
84
84
84
84
83
83
84
82
82
82
84
82
83
83
82
82
83
83
83
83
83
85
85
85
85
83
84
84
83
82
83
83
84
84
84
84
83
82
83
83
83
84
83
83
83
84
83
82
82
83
82
81
81
81
81
80
80
80
80
81
83
81
81
81
81
82
82
80
81
81
81
81
82
83
82
82
82
82
82
83
82
80
80
80
79
79
80
82
82
83
83
84
84
83
84
81
81
79
79
79
79
79
80
80
80
79
79
80
81
79
80
80
81
79
78
78
78
78
79
80
80
80
80
81
82
82
81
82
82
81
82
81
82
82
82
84
83
84
84
84
83
83
83
83
83
81
81
81
80
80
80
80
81
81
81
81
81
81
81
81
80
80
80
80
80
80
80
80
80
80
80
81
81
81
81
82
82
84
84
84
84
84
84
84
83
83
82
85
86
85
85
83
85
85
85
86
85
85
84
83
83
84
85
85
85
84
85
85
86
86
86
85
86
86
87
87
86
84
84
84
84
84
83
83
83
84
84
85
87
87
86
86
85
85
83
83
84
85
84
84
84
85
84
83
83
83
84
83
83
82
82
83
83
83
83
82
81
81
81
81
81
81
81
81
81
80
80
80
80
80
80
82
82
82
82
82
83
83
85
85
86
86
86
85
84
85
84
84
85
