0.0005903448275862068 0.0005903448275862068
300
288
281
276
274
273
269
267
265
262
259
260
258
255
251
250
251
251
248
246
246
245
246
243
243
244
244
244
246
243
243
243
241
240
239
239
237
237
237
235
235
233
230
230
228
227
226
227
225
226
224
224
221
220
220
219
219
219
219
220
221
221
222
221
222
222
222
222
221
222
224
221
221
221
221
221
220
220
221
222
219
218
220
219
219
219
221
223
224
224
224
224
224
225
222
221
223
222
221
218
218
218
223
220
220
220
219
218
220
217
219
219
220
220
218
220
221
222
223
221
218
218
219
217
216
215
213
213
214
214
213
214
214
213
213
217
216
215
216
216
215
219
220
216
216
214
215
217
215
212
213
213
214
216
215
218
218
217
218
216
215
216
217
217
217
217
217
217
217
218
217
214
216
215
215
213
212
211
212
213
212
210
208
208
209
209
209
209
208
209
210
210
208
206
206
206
206
206
206
206
206
210
210
210
208
207
208
208
208
207
209
210
212
213
213
211
212
211
210
210
210
210
210
209
209
210
207
207
205
206
206
206
207
207
206
207
207
208
207
205
209
209
210
206
204
203
204
206
205
206
206
205
204
204
205
206
206
205
204
204
203
207
207
206
207
206
206
205
202
202
202
203
205
205
206
206
205
205
207
206
205
207
207
207
207
206
205
204
204
203
202
200
200
201
201
201
200
200
198
198
198
198
198
199
199
200
199
195
195
195
195
195
195
194
196
195
193
194
194
195
194
194
194
195
195
194
192
192
193
193
190
193
194
194
198
199
197
197
196
196
196
195
198
197
197
197
201
200
198
198
198
198
197
193
190
189
190
191
193
194
193
194
193
193
194
194
195
193
192
192
192
193
197
199
198
196
195
194
194
194
193
193
196
196
196
195
196
195
195
196
195
194
193
194
194
194
192
191
191
191
192
193
193
193
194
195
193
193
192
193
194
194
193
193
195
195
196
197
194
195
195
196
196
195
195
193
190
189
190
188
190
190
190
190
188
187
188
188
187
187
187
187
188
190
188
188
189
188
187
188
187
188
189
190
190
190
191
189
189
190
188
187
187
188
188
189
189
191
192
189
191
193
192
192
193
191
191
191
190
190
190
190
189
188
188
188
188
187
187
187
187
186
185
184
185
185
186
186
186
185
185
185
185
185
185
185
185
185
188
188
189
190
188
188
189
187
189
189
189
189
189
190
191
188
189
189
189
187
188
189
191
192
193
190
190
191
190
187
187
188
188
188
187
187
187
186
187
189
191
189
189
188
191
192
192
190
191
190
190
190
190
191
191
191
189
189
189
189
189
187
187
186
187
186
187
187
187
189
190
192
191
193
191
190
191
193
193
192
192
190
190
188
186
186
185
187
186
188
189
188
184
186
186
186
187
188
186
184
184
185
185
186
186
186
186
191
190
190
191
190
191
191
190
191
191
190
190
192
191
191
192
193
193
194
193
192
190
189
190
189
188
188
188
188
187
187
186
186
186
187
187
188
187
190
192
192
193
192
193
194
192
191
190
189
189
189
187
188
189
187
187
187
188
186
187
189
188
191
192
192
194
195
195
194
190
191
191
190
189
187
188
187
188
191
190
191
191
193
193
191
190
190
188
188
188
188
188
188
188
188
189
188
190
190
191
194
192
192
191
191
190
191
193
194
194
191
190
189
192
194
194
192
192
192
193
188
188
189
187
189
190
190
189
189
189
190
191
192
190
188
185
184
184
184
183
183
182
181
183
183
184
183
182
181
181
181
184
184
182
182
181
182
181
181
181
182
182
183
183
184
187
186
186
185
186
186
186
187
189
190
190
191
188
188
187
188
188
189
190
188
187
186
188
188
187
186
187
188
189
189
188
188
190
189
190
190
192
191
192
189
190
190
190
189
189
189
190
187
188
189
188
188
190
190
190
189
188
188
188
189
187
187
189
189
188
188
186
187
187
188
191
190
188
186
188
184
184
186
189
190
191
190
187
187
186
186
186
186
187
185
185
188
188
187
186
187
186
186
187
189
189
189
188
188
188
185
184
184
181
181
181
181
182
181
181
181
181
182
182
182
182
182
179
179
179
180
180
179
180
183
184
186
187
184
185
186
186
186
185
185
186
187
186
188
187
187
186
185
183
184
185
183
183
183
183
183
183
184
182
182
183
183
183
182
184
183
183
183
185
185
185
184
183
185
184
184
182
183
184
182
181
183
182
179
180
180
182
182
180
181
183
183
182
182
183
183
182
181
182
181
180
179
178
179
180
181
183
184
184
184
186
186
186
187
189
188
187
186
187
186
185
184
185
184
183
184
183
182
182
182
183
184
187
187
187
188
190
189
190
187
187
188
187
187
186
185
184
184
187
186
185
187
187
188
187
189
189
186
185
186
185
185
184
186
185
186
188
188
187
187
186
185
184
184
186
186
187
186
187
187
189
188
187
187
186
186
187
186
185
186
186
184
185
186
187
184
186
186
184
184
180
182
183
182
183
185
187
189
188
189
189
188
189
186
185
182
184
183
184
186
184
183
182
181
182
181
182
182
181
180
179
178
176
175
175
176
176
178
176
178
177
176
175
177
178
180
179
180
180
180
179
180
182
181
183
182
180
179
178
176
176
175
176
176
176
176
176
176
176
176
177
177
177
177
176
176
177
177
177
179
179
181
178
178
177
176
176
174
172
169
169
170
170
171
170
173
173
172
171
172
172
172
173
173
173
173
170
170
169
169
169
169
171
172
173
174
172
171
174
173
173
173
171
170
169
168
168
169
167
167
167
169
168
166
168
168
168
169
169
168
171
169
167
168
168
168
168
170
170
170
171
170
169
167
166
164
164
164
164
165
166
167
167
166
165
166
165
166
167
167
167
167
166
165
164
162
164
166
166
166
165
166
167
167
165
164
164
163
164
165
165
164
163
163
163
163
163
163
163
164
166
167
167
165
165
164
164
162
162
162
162
163
165
165
167
167
168
167
167
168
169
170
169
172
174
172
171
173
174
175
171
170
170
171
170
170
170
169
168
168
167
168
167
168
167
167
167
166
167
168
168
168
169
172
172
170
168
167
166
165
166
166
167
167
168
167
169
169
169
169
169
169
170
170
169
169
169
167
167
168
169
168
165
165
167
166
166
166
166
165
164
164
164
167
166
167
167
167
167
166
167
167
169
169
169
168
165
165
165
166
163
164
165
166
166
167
170
172
169
168
167
167
168
169
168
169
171
171
170
168
168
170
169
172
173
172
173
172
172
171
170
169
169
170
173
173
174
174
173
172
173
172
174
174
173
172
172
172
172
173
173
173
171
172
170
170
168
168
166
166
163
163
163
165
165
164
165
166
166
165
163
166
168
169
168
168
168
168
167
168
167
167
168
166
165
166
166
167
167
167
168
167
166
167
167
167
166
162
162
162
162
164
164
164
166
165
164
164
163
163
165
165
162
163
164
164
164
165
166
168
166
169
170
170
170
172
174
170
170
172
170
172
172
170
169
169
169
169
168
169
167
167
167
166
165
166
165
165
166
166
166
168
169
168
168
167
165
165
165
167
167
165
164
165
165
166
167
168
169
168
169
168
168
168
170
172
171
172
172
172
173
175
173
172
170
171
171
172
171
172
173
173
174
175
175
176
176
174
175
175
174
174
173
173
173
173
173
175
172
172
171
170
172
172
173
173
173
173
171
171
167
166
167
168
171
172
170
170
170
169
169
169
169
170
166
166
165
167
165
165
163
162
162
162
163
162
161
162
163
161
160
161
161
161
159
160
161
162
162
162
162
163
163
161
161
163
163
161
161
162
162
163
163
164
163
162
162
160
160
160
160
162
164
165
165
167
166
166
167
166
165
165
164
164
164
164
164
165
164
164
163
163
162
163
163
163
165
167
170
170
170
169
168
169
169
169
170
172
172
171
170
170
168
167
164
165
166
164
163
163
163
163
164
164
163
163
164
164
163
162
163
162
164
164
164
164
163
162
163
162
162
161
161
161
161
160
161
162
162
161
162
159
160
158
158
158
158
161
162
163
161
161
162
164
163
164
165
163
164
164
164
165
163
163
164
164
163
163
162
162
162
162
162
161
161
160
160
158
158
158
158
160
161
161
161
160
162
162
164
163
162
164
164
166
162
162
162
162
163
163
163
163
159
158
158
160
161
162
162
162
163
164
164
165
165
164
165
165
164
165
162
162
162
163
163
163
161
159
160
162
162
163
162
163
161
161
160
160
161
160
161
161
160
161
161
164
163
163
162
162
162
162
162
162
162
164
164
165
162
162
164
163
162
164
162
160
160
162
162
162
162
161
162
161
160
159
159
159
157
156
158
158
158
158
158
158
158
161
160
161
160
162
160
160
159
158
157
157
159
160
161
161
161
160
159
157
157
156
157
158
159
159
157
157
158
159
159
159
161
159
158
158
160
159
160
161
163
164
165
163
160
160
160
156
157
156
159
159
160
159
158
159
155
156
155
155
155
155
155
154
153
154
153
153
153
153
153
155
152
152
154
155
157
157
157
157
157
158
156
156
156
156
156
156
157
156
156
156
157
156
157
155
154
153
155
155
155
154
152
152
152
152
151
154
154
153
153
153
155
155
155
156
156
156
157
157
157
157
156
156
155
155
156
157
155
156
156
157
161
160
159
156
156
155
156
157
157
157
156
156
157
157
157
157
159
160
160
159
159
159
158
157
157
157
157
156
156
157
157
157
158
154
154
155
156
156
157
157
157
158
159
159
159
161
158
158
158
158
158
159
159
161
161
162
162
161
163
163
163
162
160
160
158
158
157
159
160
160
160
162
160
160
160
159
158
158
157
159
158
157
159
160
161
162
161
161
162
163
163
164
167
168
167
167
165
166
166
164
165
163
163
165
166
168
166
164
163
164
164
163
164
163
163
163
160
160
162
161
160
162
162
160
159
160
160
160
159
160
159
159
159
158
157
156
155
155
157
153
152
153
154
154
153
153
152
151
152
153
154
155
155
155
157
156
156
155
153
151
150
149
148
148
148
148
148
150
150
151
151
151
152
151
151
153
153
152
153
154
154
153
152
152
152
151
153
154
155
156
157
156
156
157
156
155
154
155
155
156
157
155
153
154
154
154
155
157
156
154
154
153
152
152
153
153
152
154
155
156
153
153
153
154
155
155
154
155
154
155
157
158
157
157
157
156
155
155
153
155
156
156
155
155
154
154
154
156
157
157
157
156
156
156
156
157
155
157
156
159
157
158
158
160
162
164
163
162
161
162
161
160
160
159
161
160
159
159
159
157
157
156
156
155
155
157
157
158
157
157
157
157
157
156
156
156
156
156
154
156
155
157
157
156
156
157
155
157
157
156
155
154
154
154
153
153
154
154
153
154
155
157
159
159
157
155
157
157
158
159
158
157
155
156
155
155
156
154
158
159
159
159
158
157
158
159
155
155
156
157
156
155
153
152
153
152
153
151
151
151
151
151
149
150
151
150
150
149
147
147
149
148
148
150
149
148
149
148
148
148
149
148
149
149
149
149
148
149
148
148
148
147
147
146
147
149
149
150
148
150
151
151
149
148
148
148
148
150
149
151
151
153
153
153
153
153
151
150
149
149
150
151
150
149
149
145
149
149
149
150
149
151
151
150
148
146
146
147
147
147
147
146
146
147
148
149
150
150
150
150
151
150
148
146
146
146
146
145
145
145
146
145
146
145
146
146
146
145
144
145
145
145
144
143
144
143
144
144
145
146
144
144
144
145
145
145
145
145
147
147
146
148
147
147
146
147
148
148
146
147
148
148
149
149
150
149
149
149
150
152
151
149
145
146
146
146
147
145
145
146
147
146
146
146
147
147
147
149
151
150
154
154
156
157
155
152
151
152
152
151
150
150
147
146
147
146
146
147
147
147
148
150
148
150
149
149
149
148
149
149
149
148
148
149
151
151
151
153
152
151
149
149
150
149
148
150
151
152
152
151
153
150
149
149
148
148
148
148
149
147
147
145
148
146
146
145
146
147
146
147
149
150
151
150
152
153
150
151
152
150
151
152
153
154
154
153
153
156
156
155
154
153
151
150
149
149
149
149
148
148
149
148
148
147
148
148
150
151
152
152
153
152
151
149
149
148
150
150
153
153
154
150
150
150
148
146
146
146
147
145
146
145
145
145
146
146
145
146
146
146
146
147
146
147
147
148
148
149
148
149
148
147
150
150
150
149
148
149
148
147
147
148
150
151
151
148
147
148
148
148
149
150
149
149
148
148
146
147
145
147
146
145
145
145
146
146
146
146
147
146
145
143
143
142
142
143
144
143
143
143
145
144
144
144
145
144
143
144
145
145
145
145
146
148
148
147
144
145
143
143
139
139
141
139
140
140
140
139
141
141
141
141
142
143
142
142
143
143
143
146
145
144
144
144
141
141
141
141
140
140
141
141
143
142
143
144
143
142
141
142
143
141
140
140
141
142
141
142
141
142
141
142
142
142
141
142
144
144
147
147
147
146
147
146
145
146
147
147
147
147
148
149
149
148
147
145
144
143
143
141
142
141
140
140
140
142
142
142
142
141
142
144
144
145
144
145
145
144
144
143
143
143
142
142
142
142
142
141
140
141
140
140
140
141
141
143
142
140
140
140
141
140
140
139
141
143
142
141
139
140
140
140
140
138
139
139
139
140
140
142
142
141
140
140
140
142
141
141
141
141
144
144
144
144
144
147
146
146
147
147
149
151
149
150
147
145
146
148
148
146
147
146
147
147
147
146
146
145
144
144
142
140
140
139
138
138
138
139
139
137
139
139
139
139
139
140
140
140
141
141
140
139
140
141
140
143
143
144
144
144
141
141
139
140
141
140
139
140
141
143
142
143
144
143
142
143
143
141
141
142
141
141
141
142
143
141
142
142
143
144
144
143
143
142
139
139
138
137
140
140
139
140
142
142
142
141
141
141
144
143
142
142
142
142
143
140
141
141
140
141
141
141
141
140
140
140
140
141
140
139
139
138
139
141
142
139
137
138
138
137
136
135
135
133
133
132
134
133
134
135
133
133
134
132
132
133
132
132
131
131
131
131
131
132
132
133
132
130
129
129
133
132
133
133
132
133
133
132
132
132
132
131
131
132
131
131
133
134
133
134
136
135
134
136
136
136
137
137
138
138
139
137
136
136
135
136
136
137
134
132
132
133
133
134
135
135
133
133
134
134
135
134
133
132
131
132
131
132
132
132
133
134
136
137
137
136
136
136
135
134
133
133
132
132
133
133
132
132
132
131
131
131
130
131
131
131
133
132
132
133
133
135
134
134
132
132
133
133
133
133
132
132
131
133
132
131
131
131
131
130
130
128
128
128
128
128
129
130
131
131
132
133
134
137
134
134
133
132
132
132
132
133
132
129
129
129
130
131
132
132
134
134
134
134
134
133
132
131
131
132
133
133
135
134
135
136
136
135
136
134
133
133
133
132
132
133
131
131
131
131
131
132
132
132
133
133
133
134
134
133
133
133
135
134
134
133
132
132
132
133
133
132
133
134
135
134
133
134
132
132
132
131
132
131
133
133
135
136
135
135
135
135
134
134
135
136
138
137
140
141
142
142
141
139
139
138
138
137
137
137
136
135
137
137
137
137
137
136
137
137
137
136
135
135
136
136
137
136
135
133
134
134
134
134
135
135
134
134
134
134
133
133
135
137
138
136
134
134
134
135
136
137
137
136
134
134
136
136
137
135
135
137
137
137
137
135
136
136
135
136
137
138
139
139
138
138
138
139
139
140
140
137
137
137
137
136
135
135
134
134
135
135
134
134
133
133
132
131
131
133
134
137
140
139
139
138
139
138
137
139
138
135
130
130
129
129
129
129
129
129
129
128
130
129
129
132
133
132
131
131
132
132
133
135
135
135
134
134
131
132
133
135
135
133
133
133
133
134
134
134
134
133
133
133
132
132
133
134
134
134
133
133
133
133
134
137
138
139
139
137
137
138
138
136
136
136
135
135
135
137
135
134
133
134
133
131
132
132
131
131
131
132
132
130
131
131
132
134
135
134
134
134
135
135
135
134
134
135
137
137
137
137
136
136
138
138
139
137
136
136
135
136
134
134
134
133
133
133
133
133
134
134
134
134
134
133
134
133
133
134
134
134
135
135
132
133
132
133
133
133
132
131
132
131
132
133
132
131
131
132
131
131
130
130
132
133
133
133
133
135
135
133
134
133
133
133
132
132
132
134
134
135
133
133
134
132
133
131
131
131
131
131
130
131
131
129
128
129
130
129
129
128
129
130
129
130
129
128
127
127
127
127
127
127
126
126
127
126
125
125
125
127
127
127
127
125
123
124
125
126
127
129
129
127
128
128
128
128
129
127
126
126
127
128
129
130
129
129
128
128
130
128
129
128
127
126
126
126
126
126
128
127
126
126
128
128
126
125
126
126
129
128
128
126
125
125
125
126
125
125
125
124
124
125
124
123
123
123
124
123
124
124
124
125
125
126
125
124
124
124
124
125
125
125
124
124
124
125
125
125
125
124
125
125
126
128
128
126
126
126
127
127
127
127
126
126
126
126
126
125
125
125
126
126
126
126
125
124
127
126
126
125
126
128
127
130
130
130
130
129
130
131
130
129
129
128
127
127
126
127
126
126
126
126
127
127
127
129
128
126
126
125
126
124
125
125
124
125
126
125
126
125
126
126
125
125
125
126
126
126
125
124
123
122
122
122
122
122
124
122
121
123
124
125
126
125
125
124
123
123
123
123
123
124
125
125
125
124
124
126
127
126
126
125
125
125
124
123
123
121
121
121
122
122
122
123
122
122
122
122
122
122
123
122
122
122
123
124
124
125
125
124
124
122
122
122
122
122
123
123
124
123
122
122
122
122
121
121
121
122
122
122
121
122
121
121
121
121
122
121
121
121
121
121
121
120
122
123
124
123
123
123
124
125
124
125
126
124
124
123
123
123
123
123
124
124
125
126
126
127
127
126
125
125
126
124
124
125
125
125
125
124
125
125
124
124
124
123
124
124
124
122
122
121
121
122
122
122
123
123
126
124
123
122
121
121
121
121
122
122
122
122
123
124
125
126
126
126
127
126
126
126
127
127
128
129
128
127
126
125
122
122
122
123
125
124
124
125
126
127
126
126
127
127
127
127
128
128
130
128
129
130
129
128
129
129
130
130
129
129
130
129
129
130
128
128
128
129
128
128
128
128
126
125
125
127
129
128
128
129
130
128
127
127
125
125
125
124
123
124
125
125
125
125
123
123
125
125
124
124
124
124
124
124
124
125
126
125
125
124
124
124
124
125
126
125
125
127
127
125
122
122
123
123
121
122
123
124
123
124
122
124
125
124
124
123
121
121
121
121
121
122
123
123
121
121
119
120
120
120
119
120
120
120
119
120
120
120
120
120
119
119
120
120
121
122
121
121
119
119
119
120
120
120
119
120
120
121
121
120
119
119
118
118
118
117
118
118
118
117
117
118
120
123
123
123
122
122
122
121
120
119
118
118
119
120
122
122
122
121
122
123
122
121
120
122
124
124
126
125
124
124
125
125
124
124
124
124
123
123
122
122
123
122
121
121
122
121
122
122
122
122
122
123
121
119
120
121
121
125
124
123
124
124
123
123
123
125
121
119
119
120
120
121
122
122
123
122
121
122
119
119
120
121
120
120
119
119
120
117
117
118
118
117
116
117
117
118
119
120
119
120
120
121
123
123
122
123
122
123
121
121
120
120
120
120
121
121
121
121
121
121
121
121
121
122
122
122
121
121
119
119
119
120
120
120
122
123
122
121
121
121
121
120
120
121
120
120
120
122
121
122
123
121
120
121
121
121
122
122
121
122
122
123
123
125
123
122
122
122
123
123
124
124
123
123
123
122
122
123
123
123
124
123
124
124
123
122
122
123
124
125
125
123
123
124
126
124
125
125
125
124
123
124
126
125
124
125
127
127
126
124
124
124
124
124
123
123
123
122
122
122
123
123
122
121
121
121
122
122
121
121
122
122
122
122
122
122
121
121
120
121
122
121
121
121
122
122
121
120
120
119
118
119
120
121
120
120
119
121
121
121
121
122
121
120
122
123
123
123
123
123
121
122
122
123
123
122
121
121
121
121
121
122
122
123
124
123
123
122
122
121
121
121
120
121
122
122
122
122
120
120
119
118
118
119
121
121
121
122
123
124
125
125
125
126
124
123
124
124
123
126
128
128
125
125
126
126
125
125
124
123
123
122
121
121
120
120
120
120
118
119
119
119
119
120
118
117
117
118
118
116
118
117
117
117
117
116
117
118
117
116
116
117
118
118
117
117
117
119
118
118
116
116
116
116
116
117
116
116
114
115
115
114
113
113
112
112
112
114
114
114
114
114
113
113
114
115
114
114
114
114
114
114
114
113
113
114
115
115
116
116
116
117
116
116
117
117
116
116
115
115
115
115
114
114
115
115
115
115
115
115
116
116
116
116
116
115
116
116
116
116
116
115
115
116
117
117
117
118
116
116
116
117
117
116
118
118
117
116
115
116
117
115
115
114
114
114
113
113
115
116
115
115
116
114
114
113
112
113
115
116
118
118
119
117
117
117
116
116
115
114
115
115
114
114
113
114
114
115
114
113
114
114
114
114
115
115
116
117
117
118
116
115
115
115
114
113
114
115
114
115
115
115
114
113
114
114
115
115
114
113
113
113
114
115
114
113
113
112
111
111
111
112
112
112
114
114
115
114
114
115
115
114
114
113
113
113
114
115
115
113
114
113
116
117
118
117
116
114
114
114
113
113
112
112
112
113
113
114
114
114
114
115
115
115
115
115
115
115
115
114
116
116
116
115
114
114
114
112
112
112
112
111
113
115
115
116
116
116
116
117
116
116
115
115
115
115
115
117
115
115
115
115
115
116
115
115
113
114
114
114
116
116
116
117
116
116
114
114
114
115
115
115
115
116
116
116
115
116
114
114
113
114
115
115
116
115
115
114
114
115
117
117
118
116
119
118
118
117
117
118
116
116
117
118
117
117
115
114
114
113
113
113
113
115
116
115
115
115
114
114
114
114
114
114
114
116
114
115
116
115
115
114
115
115
116
113
113
114
115
115
115
116
116
115
115
115
115
115
114
116
117
117
117
117
116
116
116
116
116
115
115
116
115
116
115
115
115
116
115
114
114
115
115
115
118
116
116
115
114
116
117
116
114
113
112
113
114
114
115
114
113
113
112
112
112
113
114
114
115
115
115
115
115
115
115
114
114
113
112
111
111
111
110
109
109
109
110
110
110
110
110
110
110
110
110
109
110
111
111
112
112
112
112
113
112
112
113
114
115
114
114
112
113
113
112
113
112
113
113
112
112
111
111
111
112
113
113
114
114
113
112
111
111
111
111
111
112
112
112
113
113
111
112
111
110
110
110
110
109
110
