0.000863448275862069 0.00024896551724137937
300
292
290
285
283
285
283
282
284
282
281
281
283
282
279
281
284
280
280
280
279
276
275
275
277
277
280
280
283
281
280
280
278
280
282
283
285
289
289
288
289
290
291
292
293
294
294
295
297
296
297
300
301
298
297
298
300
301
301
300
303
305
304
303
302
301
301
301
301
301
302
301
302
301
300
300
300
303
304
304
304
303
303
303
306
305
305
306
306
306
307
307
307
312
312
312
312
312
314
315
315
316
315
317
321
322
320
321
324
323
323
321
323
324
325
324
321
321
321
324
323
326
329
327
328
328
328
327
328
329
330
325
326
329
329
329
328
329
327
330
329
331
330
330
330
331
331
331
333
335
335
336
333
334
333
333
332
334
334
335
335
333
333
336
338
340
340
341
342
344
344
348
348
348
346
349
353
356
355
355
356
357
356
356
357
356
358
356
355
356
358
358
358
360
361
361
361
360
361
360
360
361
361
361
360
361
361
361
363
364
360
362
361
365
368
366
367
365
365
365
365
365
368
372
373
371
370
372
374
373
375
372
369
373
374
374
374
372
372
377
380
382
381
380
380
382
381
381
378
381
381
382
377
376
373
371
369
369
371
373
376
378
379
378
377
380
380
380
379
377
379
376
377
379
380
382
383
384
385
386
385
382
383
383
384
385
384
387
387
388
386
385
390
390
389
391
390
390
390
389
391
393
392
393
394
396
398
397
397
400
402
398
402
402
400
401
399
399
399
397
396
400
402
399
399
400
398
402
403
405
405
408
408
410
410
409
408
408
409
410
414
417
414
415
419
420
424
422
422
427
422
420
418
420
421
419
417
412
414
413
415
414
415
415
413
413
415
417
418
414
413
415
414
415
414
415
415
415
416
418
421
419
417
415
416
416
416
418
419
418
420
418
416
418
418
416
414
415
416
415
415
413
410
412
411
411
413
415
415
417
417
416
415
416
415
416
416
418
420
421
419
422
421
421
422
424
425
425
426
430
430
430
430
430
430
432
431
430
431
430
431
432
432
432
431
432
434
434
431
434
434
434
430
433
432
431
432
430
436
436
436
437
436
433
435
437
436
437
437
438
439
440
443
442
442
442
442
445
443
441
442
440
443
447
446
447
448
450
447
448
448
446
444
446
446
448
451
450
450
448
449
450
447
448
441
442
442
445
446
446
447
445
449
449
450
448
449
446
445
446
447
449
450
450
452
451
449
448
446
448
453
453
451
453
454
456
455
459
453
454
455
455
456
458
455
455
453
450
450
449
449
452
451
450
452
452
452
452
452
451
454
454
459
461
463
463
464
461
461
463
464
463
463
462
463
464
464
463
468
466
465
467
465
460
463
465
467
469
470
472
472
470
471
470
468
470
472
471
471
471
474
474
480
481
479
477
476
473
477
478
480
479
479
479
481
481
479
479
480
480
481
482
484
485
484
482
481
482
485
486
485
485
481
481
483
483
481
483
484
485
486
483
481
475
475
474
476
478
482
479
480
477
478
477
479
478
477
474
471
475
478
481
480
481
478
481
482
482
483
486
480
484
483
483
483
487
489
485
490
491
490
487
490
493
496
493
492
495
492
491
494
490
494
490
490
491
491
490
487
491
493
496
494
496
495
493
494
492
493
491
493
494
494
493
495
498
495
496
493
494
497
498
499
499
501
500
499
497
499
504
504
503
504
499
500
499
502
504
504
503
501
502
498
498
496
497
497
496
491
493
492
497
496
496
495
496
498
496
496
496
496
498
494
493
498
498
500
501
501
501
501
498
499
497
499
497
498
497
496
502
502
501
501
497
501
504
507
502
502
497
496
497
492
490
489
489
489
488
485
486
487
488
492
491
490
489
492
496
493
493
495
496
493
495
497
495
498
503
504
503
503
505
498
499
499
500
503
507
508
509
506
504
502
502
504
504
506
506
505
507
508
507
507
506
506
510
509
510
511
513
515
511
512
514
516
514
515
513
514
511
513
511
517
516
515
517
517
515
516
513
510
510
508
508
507
507
507
506
509
512
511
512
511
511
511
509
512
513
510
512
513
514
514
513
518
520
520
522
520
519
519
521
524
520
518
517
517
516
512
516
516
516
515
514
515
516
515
515
517
516
516
516
519
522
520
520
521
521
523
523
524
523
526
522
522
524
524
523
522
521
521
521
520
522
523
524
519
522
522
525
521
524
527
526
525
523
522
520
522
523
524
525
524
527
527
525
527
528
530
529
526
527
528
524
521
522
521
522
522
523
518
523
524
520
523
524
525
527
528
531
534
531
536
533
534
535
536
536
535
536
535
535
535
532
532
531
534
533
529
530
532
534
535
536
534
534
538
538
537
535
535
533
537
539
536
536
534
535
539
540
538
540
537
536
535
535
537
537
538
537
541
545
545
547
549
552
549
549
551
550
552
551
550
551
550
546
546
542
545
550
549
549
550
546
544
543
544
545
545
547
542
541
540
538
538
537
538
536
540
544
543
542
545
548
547
547
545
545
543
545
544
546
546
543
543
544
542
543
540
540
539
538
540
538
540
545
544
544
542
541
540
537
536
534
534
537
538
537
541
542
547
546
542
544
542
541
542
543
539
538
539
540
541
539
540
538
538
542
543
544
541
543
545
544
545
544
544
544
545
542
540
539
540
540
542
542
545
542
541
541
541
540
541
542
542
543
545
546
546
546
548
552
554
555
553
555
554
554
550
551
551
550
551
551
549
550
552
555
552
553
551
550
549
552
551
549
553
551
550
552
554
551
550
554
554
553
556
561
561
559
560
558
556
552
551
551
550
551
550
549
551
550
552
547
546
545
544
546
545
543
545
546
545
545
545
549
550
548
546
546
546
552
553
555
556
556
559
559
562
563
561
562
558
558
558
558
559
557
556
556
553
554
555
556
556
558
563
567
570
566
566
567
566
571
569
572
572
572
572
573
576
574
573
574
574
575
573
576
576
576
571
577
579
579
578
578
576
578
579
577
576
574
578
579
576
572
571
570
570
565
566
570
569
569
572
572
573
573
571
570
572
575
577
581
582
584
584
581
581
582
587
587
587
589
590
591
592
591
588
592
595
596
591
588
590
590
592
591
587
590
591
589
589
588
591
589
589
589
590
589
590
588
588
588
586
586
588
594
594
593
591
592
588
589
588
590
589
586
584
585
584
581
584
588
590
588
586
588
587
587
586
587
590
595
597
595
592
590
590
590
593
595
594
597
601
602
603
603
603
599
599
599
599
597
598
597
599
597
598
600
603
604
602
603
604
609
608
608
604
604
602
603
605
604
602
603
605
600
598
598
597
594
593
596
600
601
602
605
604
604
607
608
608
607
607
605
603
604
605
607
605
605
609
609
608
608
610
608
610
612
611
615
609
608
610
610
608
610
609
607
607
607
607
606
606
603
599
602
602
602
602
601
602
604
602
603
601
602
601
604
604
603
601
603
606
605
601
600
599
597
597
600
597
601
602
603
604
605
601
602
600
599
602
603
602
600
602
604
602
598
597
598
598
601
600
600
597
598
601
601
597
600
601
600
602
603
599
598
600
602
603
605
602
607
607
608
606
610
608
609
608
609
610
608
608
606
607
609
608
611
610
606
606
605
608
607
605
604
605
605
604
606
606
607
609
610
609
607
604
602
602
597
596
598
599
603
603
605
604
603
603
602
606
606
606
603
605
612
611
611
605
605
608
605
605
604
607
607
607
607
607
610
610
610
610
610
609
609
607
606
606
609
611
611
612
613
610
611
609
610
615
615
618
615
613
612
614
613
613
617
616
620
620
620
618
621
620
620
620
618
619
616
620
621
626
623
623
622
626
628
630
627
629
630
631
632
633
632
631
626
628
624
624
631
632
633
634
637
635
633
630
628
631
629
630
626
629
629
630
632
635
633
633
630
629
630
630
631
629
627
624
624
628
633
631
631
629
626
629
632
631
627
629
629
632
633
631
631
633
635
635
636
634
633
634
633
636
637
639
640
636
638
636
632
632
630
633
639
636
637
634
634
632
632
634
632
631
629
629
629
627
627
629
629
630
631
632
636
637
635
634
636
638
639
637
636
636
636
636
639
639
638
637
633
636
639
641
641
645
643
643
644
642
641
641
644
643
644
646
643
646
647
644
640
638
635
639
640
635
633
634
636
634
634
636
639
638
636
636
638
640
638
638
635
632
632
636
634
634
634
634
636
629
631
633
634
633
637
635
640
641
642
645
642
639
641
642
641
639
644
644
641
642
640
639
637
636
636
636
636
638
635
638
639
642
641
644
649
652
647
646
642
641
639
638
639
638
641
642
643
647
648
647
644
645
645
647
650
649
651
648
650
652
652
653
648
650
650
650
657
656
654
654
659
658
655
654
654
656
658
655
655
656
660
658
658
659
658
657
657
660
659
660
655
655
660
661
655
657
655
652
651
656
656
652
652
656
658
655
657
655
658
656
659
658
654
654
654
654
655
655
654
650
646
644
645
643
647
643
645
648
646
651
648
650
651
652
648
649
651
649
651
648
649
650
650
650
648
648
650
653
653
653
653
654
652
651
648
646
646
649
650
650
653
653
655
656
655
658
654
659
661
661
659
661
661
662
661
660
657
656
654
651
651
651
654
654
659
658
654
655
658
657
662
660
656
659
659
658
657
660
661
658
659
661
660
659
659
663
665
666
669
672
671
668
668
669
670
671
668
665
664
668
669
668
663
663
662
661
666
665
666
667
669
670
673
676
677
677
675
671
671
667
663
663
668
669
668
670
671
675
677
676
677
683
684
683
683
684
682
682
677
681
684
684
680
676
676
678
682
684
681
679
678
680
678
681
683
686
687
686
687
687
690
685
685
687
685
684
680
681
682
679
674
675
673
676
674
676
679
675
671
673
674
674
677
677
676
678
681
678
679
680
678
675
681
683
687
686
686
688
690
694
692
687
689
690
692
695
694
691
692
692
692
692
690
686
685
684
684
689
696
695
694
691
690
693
690
696
697
697
697
696
696
694
691
691
694
697
696
689
690
692
693
692
691
692
696
695
698
693
694
688
687
686
689
690
687
685
682
683
677
678
679
680
679
680
680
682
679
677
676
679
679
678
680
682
682
684
681
681
678
675
673
677
678
676
678
682
684
691
690
689
689
689
688
688
688
689
690
687
685
685
686
688
687
686
687
683
684
685
681
682
680
680
679
676
677
680
683
686
686
689
689
687
691
689
688
694
694
697
700
699
703
698
697
700
697
700
700
702
707
705
704
702
699
700
702
700
702
696
692
692
691
686
687
683
682
681
681
678
674
678
679
682
682
683
686
686
689
688
688
687
689
689
691
691
693
694
694
693
697
698
693
702
704
703
702
704
705
710
709
709
711
711
709
707
709
709
711
713
711
713
713
718
716
716
716
719
722
721
719
716
714
712
716
717
718
709
711
712
712
712
711
710
706
709
715
713
713
715
716
716
715
712
713
711
712
714
714
715
712
712
708
708
706
706
702
701
698
701
704
706
708
704
703
701
700
699
700
699
695
700
702
698
698
698
695
696
698
701
703
707
707
703
705
700
699
697
692
693
693
694
691
694
698
700
702
699
694
694
691
692
692
697
698
693
691
691
693
694
691
692
689
690
691
692
691
690
692
697
698
699
702
703
696
698
699
700
697
697
696
696
698
700
694
693
699
697
697
688
688
687
687
685
692
690
695
697
693
692
692
694
699
699
700
701
703
706
703
703
701
703
700
700
699
701
699
703
706
707
707
702
706
709
709
706
704
706
706
706
705
706
709
711
708
709
710
712
714
717
717
715
717
709
714
714
707
706
703
705
707
709
710
710
711
712
712
711
712
717
717
719
717
715
708
709
709
709
710
707
708
709
710
709
706
710
709
708
709
714
709
706
706
704
703
707
709
707
708
707
707
710
710
708
705
705
704
704
706
707
708
707
707
704
705
705
701
701
703
704
705
710
710
714
715
716
714
711
710
710
706
705
702
704
705
705
701
701
703
708
706
707
706
706
708
709
709
709
711
715
716
713
712
715
718
713
719
720
720
718
721
721
721
718
719
717
717
716
719
722
719
722
723
721
719
719
719
714
714
713
717
712
713
705
710
706
707
714
713
716
718
715
714
715
719
716
715
714
715
717
717
717
723
725
726
724
720
717
720
720
717
716
715
714
714
713
715
714
715
713
714
712
711
710
711
713
715
717
720
723
724
729
729
732
730
730
732
727
729
731
730
732
735
736
738
735
733
735
737
740
740
736
738
741
745
749
747
749
749
746
745
742
741
736
737
738
739
743
741
740
742
743
743
737
737
737
736
739
743
748
752
751
750
752
745
747
742
739
742
739
737
736
737
738
735
736
736
735
734
734
731
733
734
733
732
730
730
730
734
736
739
738
741
741
742
740
740
739
740
739
739
738
738
740
733
731
732
733
732
731
730
728
722
723
729
728
729
730
732
730
733
731
727
728
736
738
736
740
738
736
733
734
738
735
734
731
733
730
733
731
730
734
737
733
733
732
730
730
732
734
739
736
729
732
730
731
733
732
731
734
735
730
729
731
728
728
727
722
722
719
719
722
726
724
727
727
728
727
726
728
727
724
724
730
733
730
729
735
737
735
734
732
736
732
728
730
727
727
729
732
731
729
730
733
731
728
731
731
732
730
724
733
736
734
732
732
729
731
734
733
733
730
733
732
733
737
740
739
740
741
742
744
743
740
740
738
736
736
739
738
743
742
743
740
739
736
736
740
741
740
739
742
737
738
740
737
735
738
737
734
732
733
735
735
735
736
735
736
738
740
728
729
732
735
736
736
735
738
740
740
742
746
744
743
742
745
745
744
745
746
745
744
747
743
745
745
750
751
748
751
752
753
752
752
750
750
755
751
751
750
750
751
750
750
746
748
749
746
746
747
744
745
744
749
749
748
745
744
753
753
753
755
758
758
757
755
759
758
755
758
759
758
761
761
761
766
769
764
758
757
758
756
755
752
751
757
759
758
758
758
757
757
759
761
765
765
762
764
760
758
756
754
754
752
751
757
758
755
753
758
759
754
751
755
749
751
752
750
748
749
751
753
751
752
752
750
751
751
748
750
746
749
750
751
751
749
749
750
754
752
753
756
758
759
759
760
758
757
761
759
755
753
755
752
753
757
753
752
755
753
757
758
758
756
749
748
753
752
747
747
747
747
750
748
748
748
754
750
750
751
753
753
760
760
756
761
762
757
757
756
758
756
754
757
758
759
754
758
758
757
760
761
764
767
766
765
766
768
766
771
773
773
770
770
766
768
768
766
765
766
767
768
772
774
774
772
770
775
777
774
775
772
772
773
771
772
776
772
770
774
777
774
769
766
768
773
772
774
777
777
776
770
768
762
762
759
759
758
758
760
757
759
761
763
762
763
767
763
760
760
762
762
761
755
752
752
752
754
755
756
756
753
754
753
751
748
744
743
741
740
739
742
744
746
746
748
750
752
750
750
752
755
758
760
762
763
764
762
764
764
767
761
763
762
762
762
759
760
761
759
760
760
765
764
763
769
769
774
779
779
774
771
773
779
779
781
785
786
787
788
785
784
784
784
784
787
788
789
790
791
791
793
792
791
793
791
789
787
788
787
789
789
788
786
787
786
783
784
783
784
784
782
781
786
788
788
792
792
792
795
795
791
790
790
796
799
800
798
800
800
803
803
801
800
797
795
792
787
788
789
789
793
791
791
790
791
794
789
786
782
785
788
783
787
785
785
787
786
786
783
779
774
771
777
780
780
783
778
777
780
780
775
769
770
770
766
766
769
771
775
777
779
782
781
779
782
785
785
783
786
787
792
791
795
790
791
795
802
802
803
802
799
795
794
793
798
795
794
795
794
796
793
794
790
789
787
785
787
788
791
787
788
791
792
788
785
785
784
783
785
785
784
775
773
774
778
779
783
781
780
776
779
780
784
783
780
784
778
776
772
770
768
766
769
771
772
771
770
768
769
769
768
769
761
762
766
767
770
772
772
771
772
771
772
773
772
768
769
770
772
769
766
769
769
771
772
771
768
767
769
766
766
769
766
764
766
763
764
767
765
763
767
767
766
770
773
771
773
772
767
767
769
768
767
766
765
772
769
771
768
770
769
768
775
773
772
776
772
777
777
781
781
778
782
780
779
777
779
778
777
773
769
767
770
771
774
773
771
773
778
777
779
777
778
779
778
779
781
771
773
771
770
771
771
770
773
773
772
776
779
775
772
773
776
774
777
776
772
774
768
769
769
771
773
774
770
768
766
766
767
769
765
764
767
766
761
761
765
763
760
761
755
760
764
768
764
764
762
762
763
758
756
754
753
753
754
757
759
762
760
761
761
761
761
760
762
762
759
758
761
756
753
757
759
758
762
762
762
759
761
764
765
766
764
753
750
753
750
750
749
747
747
749
749
751
750
748
752
749
748
750
758
760
757
756
756
756
755
755
752
753
755
757
755
753
751
754
754
755
755
754
749
749
752
753
758
758
758
758
757
750
752
747
748
750
750
746
747
744
746
744
742
742
743
745
751
753
753
753
755
754
753
752
752
756
752
755
755
754
751
757
754
754
753
752
753
751
751
752
748
747
748
750
753
753
757
758
760
759
760
760
757
757
753
753
757
757
764
761
762
763
768
770
769
764
761
764
765
763
763
758
757
755
755
754
751
753
750
749
754
762
760
760
754
755
757
760
764
763
762
764
759
760
760
759
760
763
768
772
770
769
768
769
771
766
760
761
763
764
764
762
761
764
763
760
761
757
759
761
761
762
762
762
761
762
761
763
767
767
770
770
772
776
780
781
778
778
783
779
777
774
776
768
766
764
766
765
767
771
769
772
773
773
773
777
779
778
775
777
773
775
775
774
776
780
777
775
772
769
768
769
767
772
768
767
768
762
759
760
761
759
762
759
761
764
766
764
764
765
765
766
766
768
770
771
771
772
764
764
764
763
761
759
760
761
756
757
757
757
758
758
756
750
753
752
750
750
749
752
753
755
759
761
758
759
760
756
758
762
758
759
760
760
759
756
758
758
757
760
757
760
761
759
758
762
764
759
761
762
761
759
757
758
758
758
765
763
764
764
763
762
759
760
760
758
762
761
756
753
756
753
755
756
758
757
763
764
765
764
761
759
755
758
760
754
751
752
752
754
754
754
755
757
760
756
754
757
753
752
752
750
751
750
751
759
754
754
755
757
755
757
759
758
758
761
761
765
763
768
767
767
767
766
763
762
761
760
757
752
749
754
755
752
752
755
755
754
750
747
746
749
747
746
749
752
752
753
755
753
753
751
750
752
755
755
755
761
755
754
755
755
756
753
754
752
753
756
755
756
756
758
760
760
757
758
752
757
756
756
755
753
752
755
754
755
755
759
760
759
765
765
768
768
770
774
766
772
768
768
768
768
766
760
760
757
755
753
755
752
751
749
753
752
753
752
757
754
752
748
748
749
756
756
750
753
753
750
751
750
753
753
756
757
756
758
759
764
766
762
766
767
768
764
761
764
766
767
765
766
766
763
763
764
764
769
771
770
768
763
768
768
766
762
766
765
763
767
768
766
770
772
777
776
770
769
768
772
769
772
772
768
769
768
771
776
775
772
773
771
767
769
767
769
765
764
766
762
764
761
757
753
754
753
750
753
756
755
756
756
758
759
760
761
762
761
761
765
763
761
757
757
760
766
767
761
758
758
757
752
750
750
749
751
752
750
751
748
746
748
749
748
752
748
743
751
754
755
755
753
751
750
746
748
748
746
746
749
751
754
755
751
751
753
755
760
758
758
760
759
755
756
758
759
765
761
762
762
761
761
761
761
754
752
751
750
747
753
752
758
759
755
750
744
745
744
748
749
745
749
749
756
758
762
766
762
760
757
758
759
757
752
754
753
753
751
755
755
754
754
751
742
742
742
746
750
753
753
749
746
745
745
744
744
747
744
746
743
750
748
746
745
743
739
740
741
746
739
739
738
737
738
739
735
733
737
737
738
740
743
746
749
750
751
747
747
745
747
745
745
744
747
745
739
739
736
738
743
742
739
736
738
738
737
733
738
740
738
740
746
743
747
747
744
741
742
746
749
753
753
753
749
748
746
746
744
743
744
746
744
744
747
748
747
747
750
746
744
745
743
736
735
736
734
734
734
737
735
733
734
737
733
736
735
736
732
734
737
737
740
737
732
734
733
730
733
734
737
731
733
736
737
735
734
735
736
734
734
733
733
735
735
734
740
736
737
737
736
737
742
745
747
743
742
741
744
739
741
740
740
742
745
747
749
747
745
742
743
742
744
743
741
739
739
739
738
737
734
732
731
735
737
738
735
733
731
733
738
735
733
735
739
740
740
738
737
741
738
740
742
743
742
741
742
742
739
741
738
734
737
736
736
737
738
737
738
737
737
742
745
745
744
741
740
741
746
745
747
748
750
747
748
745
746
741
741
738
737
735
733
737
732
734
736
736
738
736
733
734
732
731
736
735
737
728
725
721
724
726
726
727
727
721
724
727
721
728
726
726
722
721
724
723
724
729
727
727
727
723
718
719
717
717
719
722
721
722
720
723
721
722
716
712
710
707
710
711
712
710
711
710
712
709
705
703
703
713
711
709
707
707
709
714
717
715
716
718
717
720
719
716
715
715
714
714
713
709
710
710
713
714
714
714
714
710
708
708
710
710
710
713
711
709
709
709
708
711
710
712
715
717
714
717
720
721
718
718
720
726
723
724
724
721
724
727
726
726
729
728
730
727
728
727
727
732
732
725
726
728
726
731
731
731
729
725
723
722
717
722
726
722
722
723
724
722
722
724
725
728
727
726
722
723
722
725
726
729
726
727
726
726
730
737
734
736
740
736
734
736
736
737
741
738
736
734
736
730
729
732
729
726
727
728
726
727
727
727
727
729
731
735
733
734
732
730
728
728
729
730
728
730
732
731
733
737
738
738
732
737
731
730
733
735
738
737
737
736
737
737
739
738
739
737
739
741
746
743
739
740
740
747
748
751
747
746
745
738
738
741
744
746
743
743
745
744
750
749
745
743
739
737
738
739
737
737
741
742
741
745
744
745
743
743
742
740
740
735
736
733
737
740
741
742
748
752
748
747
751
750
749
752
753
757
755
755
754
752
752
750
745
746
746
745
744
741
745
746
744
749
743
742
742
744
746
744
745
742
742
744
742
743
742
740
743
741
738
735
732
736
736
739
740
746
747
748
743
740
744
743
747
746
747
746
749
750
751
752
748
752
753
750
749
754
753
752
753
761
761
763
764
760
759
761
759
757
758
756
757
760
755
755
753
755
759
758
759
758
755
757
754
752
755
758
757
756
755
754
753
756
756
759
755
755
754
756
755
759
758
756
761
761
757
759
757
755
759
762
751
752
752
751
749
746
749
751
750
753
753
754
752
