0.00018068965517241382 0.0005903448275862068
300
295
291
287
283
282
280
275
272
275
272
273
269
267
267
265
264
265
264
262
261
259
258
258
257
256
256
255
257
258
258
258
259
256
258
258
257
258
257
257
254
255
254
256
256
257
259
258
256
256
258
258
258
258
257
256
256
256
256
253
254
255
255
255
253
253
254
255
256
255
258
257
255
255
255
256
256
256
256
254
253
252
252
252
250
250
251
253
256
257
259
259
259
260
260
259
257
255
256
256
255
256
255
254
254
254
257
256
255
255
255
253
253
253
253
255
253
254
254
254
255
255
256
255
255
255
257
257
254
254
254
255
255
258
259
258
257
257
255
256
255
253
251
250
249
249
249
249
249
249
250
250
249
250
249
250
249
249
249
250
250
253
252
250
252
252
252
254
253
252
253
255
256
254
253
253
252
251
252
249
249
249
249
250
249
249
250
249
247
247
247
247
247
247
247
247
246
248
248
248
247
246
247
249
248
246
248
249
248
248
248
246
246
248
248
248
246
246
247
247
246
246
247
246
246
246
248
248
249
248
248
248
248
246
246
246
245
244
245
246
246
244
245
245
245
245
247
244
243
242
244
244
242
243
243
242
242
242
241
240
239
239
240
241
241
242
241
241
241
241
242
243
243
243
243
244
243
243
242
243
241
240
240
241
241
242
242
242
242
242
241
242
242
242
244
244
244
246
246
246
245
246
245
246
245
245
245
245
243
241
242
242
242
242
241
240
242
242
242
242
242
243
244
244
244
242
242
243
243
243
242
241
241
243
244
244
243
244
243
242
243
241
241
241
240
240
240
241
240
239
241
243
242
244
246
245
243
243
243
241
241
241
241
240
240
239
239
238
235
234
234
235
235
236
237
237
235
235
235
235
236
236
236
239
237
237
235
235
235
235
236
238
237
237
237
238
238
237
237
240
240
241
242
241
239
239
239
241
240
241
241
242
241
240
243
244
245
244
245
243
242
242
244
244
243
241
242
241
238
235
235
237
237
237
236
236
236
236
236
236
236
237
237
236
236
237
237
236
238
240
238
236
237
236
235
234
234
234
234
233
234
235
235
236
234
233
235
236
236
235
234
233
232
232
233
235
233
232
233
233
233
233
235
234
232
231
230
229
229
229
229
229
231
232
233
234
235
236
235
235
235
236
232
232
230
231
230
229
230
230
229
231
230
230
229
229
231
231
230
230
230
228
228
230
230
229
229
229
229
230
231
230
230
228
228
228
228
227
228
228
229
228
229
228
229
230
230
231
232
230
231
231
232
230
230
229
228
230
230
230
230
231
231
231
230
231
231
231
232
233
232
232
233
234
234
234
234
233
232
230
230
230
228
227
228
227
226
227
227
227
228
228
227
225
224
225
224
224
224
224
224
225
225
225
227
228
228
227
226
226
227
227
229
227
227
228
228
227
226
226
226
226
226
226
227
226
227
227
227
229
231
230
229
232
232
230
229
228
228
227
226
226
225
224
223
223
223
224
224
228
228
228
227
226
226
226
227
226
226
227
228
227
227
226
226
227
227
229
229
228
228
229
228
228
228
229
228
226
226
226
224
224
224
225
226
226
226
228
226
226
226
227
227
228
229
228
228
229
229
229
229
228
229
230
228
227
226
227
227
226
226
226
228
228
228
228
226
226
226
226
226
225
225
226
226
227
227
227
226
228
229
229
229
227
226
226
227
229
227
226
225
225
224
223
224
224
224
224
224
226
225
226
227
227
227
227
228
226
226
226
227
226
227
227
227
228
227
227
227
227
231
231
230
232
231
230
230
230
231
232
230
229
230
229
227
228
227
227
229
230
229
230
231
231
227
228
225
226
226
226
226
226
226
226
225
225
225
226
225
226
226
227
226
225
226
224
224
224
224
225
225
225
225
225
223
223
224
224
224
223
224
225
225
224
223
222
224
224
223
223
223
223
224
224
223
221
222
222
223
224
225
225
221
223
223
224
223
224
224
224
225
225
226
226
226
228
228
229
230
230
229
228
229
229
228
225
225
224
223
224
225
225
226
227
227
224
224
224
224
226
226
224
225
225
225
227
225
226
226
226
226
225
225
223
223
224
224
223
223
223
223
224
224
224
225
226
226
226
225
223
222
222
222
220
220
221
222
222
223
225
222
222
222
221
221
222
222
222
222
222
220
220
220
220
221
223
223
223
222
222
223
223
223
225
226
225
224
224
223
222
222
221
221
221
221
222
222
223
223
221
221
221
220
220
220
220
221
222
223
223
222
222
221
220
222
222
222
223
223
223
223
221
220
221
223
223
224
225
224
223
225
224
226
225
226
226
225
225
224
224
223
225
223
222
221
223
221
220
221
220
220
220
219
217
218
218
219
218
219
218
217
217
218
216
215
217
220
219
219
219
219
219
218
218
218
217
219
217
216
216
215
217
218
219
220
220
221
221
221
221
220
218
219
219
219
219
219
221
222
222
222
223
222
221
221
219
219
218
219
218
218
217
219
220
221
221
220
220
219
217
219
219
219
220
220
219
217
217
217
216
217
218
219
219
220
216
215
216
218
218
217
217
216
215
215
215
215
219
218
219
219
219
219
218
218
218
218
218
216
216
218
217
216
216
216
217
217
216
215
215
215
215
215
214
214
214
214
214
214
215
215
215
215
215
215
215
215
216
216
216
216
216
216
216
213
213
213
213
213
214
214
214
215
215
215
215
215
215
214
214
214
214
213
215
214
212
214
214
213
213
214
214
214
215
213
213
213
212
213
213
214
214
213
213
213
213
214
216
215
215
215
215
214
214
214
214
215
214
214
215
214
213
213
214
214
214
213
213
212
212
213
211
211
212
213
213
213
213
214
214
215
215
216
214
215
216
216
216
215
214
213
213
214
214
212
213
213
211
212
214
214
215
215
216
216
216
217
216
214
214
214
214
213
213
214
214
213
214
214
213
212
210
211
211
211
211
211
211
210
210
211
211
211
211
211
213
213
212
213
214
214
215
213
215
214
214
214
214
214
214
215
215
216
218
220
220
220
218
220
220
218
216
215
214
213
213
212
211
211
211
210
209
209
210
210
210
210
210
209
210
210
210
210
211
212
212
213
213
213
213
214
214
213
212
212
212
212
212
211
211
210
210
210
212
210
211
211
210
211
213
212
211
211
211
211
211
211
210
210
211
210
210
210
209
210
212
212
213
211
210
211
209
209
210
211
212
214
216
216
217
215
215
215
214
212
212
212
209
209
210
211
211
209
209
209
210
211
211
212
213
213
215
212
211
209
208
209
208
208
208
206
207
209
208
208
210
210
211
211
211
212
210
209
208
208
208
207
207
208
208
207
209
209
209
211
212
212
212
211
209
210
210
209
209
209
210
211
212
210
209
209
210
210
210
209
210
210
213
213
215
215
213
213
212
212
211
212
211
210
210
210
210
210
210
209
211
210
211
213
214
213
213
213
212
211
211
210
209
211
212
212
212
214
211
209
208
207
207
207
207
205
205
206
206
206
205
206
206
206
206
206
205
205
204
204
204
204
205
205
204
204
205
206
206
205
205
204
204
205
206
207
207
205
206
206
202
202
202
202
202
203
204
204
204
205
205
205
206
205
205
205
205
205
205
205
205
209
206
207
206
206
207
207
206
208
208
210
210
211
208
207
208
207
208
209
208
209
209
208
206
205
206
206
208
208
210
210
209
208
208
207
206
207
207
207
207
205
205
204
204
204
204
202
203
203
203
202
202
203
203
202
202
203
205
205
206
207
208
208
207
206
207
207
207
207
206
206
207
207
207
206
207
205
205
206
206
206
206
207
206
205
204
204
204
203
202
202
202
204
203
203
202
204
205
203
203
202
201
201
202
201
201
202
201
204
206
203
203
204
203
202
202
202
202
202
201
200
200
200
199
200
201
202
202
203
201
201
203
204
204
206
208
206
204
204
204
204
203
204
204
204
204
204
204
206
205
203
202
201
201
202
203
202
201
200
200
200
200
200
201
200
202
201
202
202
201
201
200
201
199
199
199
199
199
198
198
198
198
198
200
200
200
201
200
200
201
201
201
201
201
201
202
203
201
200
200
200
201
201
202
203
203
200
197
199
199
200
199
200
201
202
203
203
200
199
200
201
201
200
197
196
197
195
195
196
198
198
197
198
199
199
198
198
197
198
198
197
197
197
196
197
197
196
196
196
196
197
197
197
199
197
197
196
200
199
200
200
199
199
201
199
199
199
200
199
199
198
199
197
197
197
197
198
197
197
196
196
197
198
199
199
198
198
198
200
197
197
197
198
197
198
197
198
197
197
197
197
197
197
197
198
198
197
199
199
198
198
200
200
200
200
199
199
198
197
197
197
197
198
197
197
198
199
199
199
199
200
200
201
199
200
202
199
199
199
199
199
199
200
200
201
200
199
199
198
197
197
197
197
199
197
196
196
197
196
196
197
197
197
195
194
195
196
198
197
197
197
197
195
194
193
194
194
193
193
195
196
197
195
195
195
195
194
192
192
192
193
195
196
197
198
200
198
199
197
196
195
195
195
196
195
194
194
193
193
193
193
193
193
193
193
194
195
195
194
196
196
196
198
197
197
198
198
195
195
195
194
194
196
195
197
197
198
197
198
198
198
195
196
196
196
194
194
194
194
193
193
192
192
192
192
193
193
194
195
195
197
195
195
195
195
195
195
194
194
192
193
194
193
194
193
193
194
193
193
194
194
194
193
194
195
195
194
195
195
194
194
193
194
195
193
193
193
195
193
195
197
197
197
198
197
196
196
196
196
196
196
196
196
198
196
195
194
194
194
192
192
194
194
194
193
193
194
194
194
195
195
195
195
195
194
195
194
192
192
193
195
195
194
195
194
194
194
194
193
193
194
193
193
193
195
194
194
195
195
195
196
196
195
195
193
191
191
192
192
192
192
191
191
191
191
191
192
192
193
192
192
192
193
194
194
194
195
196
195
195
194
195
194
198
198
199
197
198
198
197
197
198
197
198
198
199
201
200
199
199
200
200
202
205
205
205
203
202
203
204
200
200
198
199
199
194
193
190
190
190
191
192
191
191
190
189
189
189
189
189
190
191
191
192
190
190
189
189
188
188
191
191
192
190
190
190
191
191
193
192
191
191
193
192
192
193
194
194
194
195
195
191
191
190
191
195
195
194
191
192
191
191
191
191
190
190
191
191
190
190
191
193
195
196
196
198
199
200
197
196
193
190
189
189
188
188
187
189
190
191
190
190
189
189
189
188
187
187
188
187
187
187
187
187
187
188
187
187
188
187
188
188
185
186
186
186
187
187
187
186
185
185
185
185
185
184
185
186
188
187
187
186
187
188
186
186
185
186
186
186
188
188
188
188
188
188
188
186
185
185
187
188
188
191
192
191
191
190
190
189
188
186
186
185
185
185
185
185
185
185
185
185
185
185
185
185
185
184
183
182
182
182
182
182
182
184
186
185
185
185
185
184
183
183
183
183
183
183
184
184
184
186
188
187
187
188
186
187
187
186
187
187
187
189
188
187
186
187
187
187
187
187
188
186
185
185
184
185
185
184
184
184
184
184
184
181
181
181
181
181
182
184
182
182
182
181
181
181
180
180
180
180
180
180
180
180
181
181
182
183
184
185
185
185
187
187
187
187
187
189
187
187
186
186
186
186
186
186
186
186
183
182
179
180
181
181
180
180
180
179
179
179
180
181
181
180
180
180
180
180
180
179
179
181
182
183
183
182
182
182
181
180
180
180
181
182
183
185
182
183
183
184
185
183
183
183
184
184
184
184
184
184
183
183
183
187
187
187
187
185
184
182
182
180
181
181
180
181
181
181
180
179
180
181
181
182
182
182
183
184
184
183
183
184
185
186
186
186
185
183
183
183
183
182
181
180
181
181
180
180
180
181
181
181
179
179
179
181
181
181
183
182
183
182
182
183
184
184
184
182
182
182
183
184
184
185
185
185
185
185
184
185
181
181
182
182
182
183
183
182
183
183
182
181
178
178
179
178
178
178
178
179
180
179
180
178
178
177
177
177
177
177
177
177
178
177
177
178
179
179
180
178
178
177
177
177
177
178
178
178
178
179
178
177
177
177
177
177
176
177
177
177
178
178
180
181
179
179
179
179
179
179
179
179
179
183
182
183
183
183
184
183
183
183
181
181
181
180
180
180
181
181
180
181
180
180
180
179
180
181
180
181
182
180
182
183
182
183
183
185
183
182
181
179
181
181
180
178
177
177
178
177
177
176
176
177
174
174
174
174
175
175
176
177
178
178
178
179
179
179
178
176
179
179
179
179
179
179
179
179
179
179
178
178
178
178
178
178
179
179
179
178
177
177
178
178
179
178
178
179
181
180
180
181
180
181
184
184
181
182
182
181
181
179
179
180
179
180
182
182
182
182
181
181
181
180
179
179
180
181
180
180
180
180
180
181
180
179
177
176
176
177
178
178
179
180
178
178
177
177
177
178
178
178
178
179
179
178
178
179
179
179
181
179
179
179
179
179
179
179
181
182
182
182
182
181
182
183
183
183
183
181
180
180
180
180
179
178
178
179
180
179
179
178
178
179
178
179
179
179
178
179
178
178
178
178
176
176
176
175
175
175
176
179
182
182
181
182
182
181
182
180
181
180
181
181
181
181
179
180
180
180
178
178
179
181
180
181
180
180
181
182
180
181
180
180
180
180
179
180
181
180
179
178
178
178
178
179
178
177
178
178
176
177
177
178
178
178
177
178
178
178
178
176
176
176
177
177
176
176
176
176
176
176
177
177
177
176
176
177
177
177
175
175
175
175
174
175
176
177
176
178
178
177
178
179
179
177
177
177
180
180
179
180
179
177
175
174
174
173
174
174
173
175
175
176
175
175
175
175
175
175
177
179
178
179
180
180
179
179
179
179
179
180
181
180
178
179
178
177
178
177
178
180
180
179
179
180
182
181
179
179
179
179
179
178
177
175
177
176
176
176
176
176
177
177
177
177
175
175
175
175
175
175
175
176
176
176
177
176
176
177
178
178
177
177
179
180
180
180
179
181
180
182
181
180
179
179
179
178
175
175
174
174
172
172
171
170
169
169
170
170
170
170
171
170
171
170
170
169
169
169
169
169
169
169
169
169
169
169
170
171
171
171
171
171
171
170
170
172
172
173
171
171
171
171
171
171
171
171
173
172
172
173
172
172
172
171
171
171
171
172
173
174
174
174
173
174
175
175
175
175
173
173
174
174
174
173
173
173
173
172
172
173
172
173
173
173
173
173
172
173
173
171
171
171
170
171
171
171
173
173
175
176
173
172
171
170
171
170
171
170
172
172
172
170
171
171
171
171
170
171
172
172
171
173
170
171
170
169
169
169
169
169
169
169
168
168
168
168
168
169
170
170
170
169
169
169
169
169
171
171
171
171
173
171
170
171
170
170
171
172
173
175
174
173
171
171
170
170
170
170
169
169
169
169
169
169
170
170
170
170
170
169
169
170
170
171
172
173
175
174
173
172
170
171
171
170
169
169
169
170
171
172
172
172
173
172
171
174
174
172
171
169
170
171
171
170
171
172
171
171
173
173
173
173
173
173
174
174
171
170
169
170
167
168
168
168
168
168
168
168
169
170
169
169
167
166
166
167
168
168
168
169
169
168
169
166
166
166
166
166
166
166
166
165
164
164
163
164
163
163
162
162
162
162
162
162
162
162
162
162
162
162
162
162
162
162
163
164
164
163
163
163
164
164
165
165
166
166
166
167
166
167
166
165
165
167
167
166
164
164
164
165
165
165
165
165
166
164
166
165
164
165
164
165
165
167
167
167
168
168
168
167
168
167
168
168
168
167
165
165
165
164
164
164
164
164
165
165
165
165
165
166
166
166
166
166
165
165
164
166
167
167
167
167
167
166
165
165
166
167
167
167
165
165
166
166
166
165
166
167
167
167
165
166
169
170
169
171
171
172
170
171
169
168
167
167
170
168
169
169
169
169
171
172
172
173
173
172
170
172
173
170
169
169
168
167
165
164
165
163
163
164
163
163
163
162
162
162
163
164
163
163
164
164
164
163
162
162
162
164
164
164
162
162
162
162
162
162
163
164
163
162
161
160
161
161
161
162
162
163
163
164
163
164
164
164
164
166
165
164
164
164
163
162
162
163
163
164
164
166
165
165
164
163
164
164
163
163
165
165
166
165
166
165
163
161
163
162
162
157
157
157
157
158
158
158
158
159
159
158
159
158
158
159
157
158
158
158
158
158
159
157
157
158
158
158
157
156
156
156
156
156
155
155
156
158
158
158
158
158
157
157
157
157
157
158
158
158
157
156
155
156
158
158
160
159
157
160
160
160
157
156
155
154
154
155
155
155
156
156
155
155
155
155
155
156
157
157
156
155
155
156
156
155
155
157
157
157
155
155
155
155
156
157
154
153
153
153
154
154
156
157
157
156
155
155
154
154
153
153
153
154
154
155
154
154
154
156
156
156
157
156
156
158
157
158
154
153
153
153
153
153
153
152
152
152
152
152
152
152
152
153
153
152
153
151
151
151
151
151
151
151
151
151
152
152
155
154
155
156
157
157
156
157
156
154
154
154
154
154
153
152
153
153
154
153
154
153
153
156
157
157
156
157
157
160
160
159
160
159
161
161
161
160
159
159
159
158
156
157
157
157
157
156
155
155
156
155
155
156
157
156
156
154
154
155
155
155
156
157
158
159
158
158
158
159
159
158
158
156
155
157
157
157
156
156
155
158
158
156
156
155
155
155
154
155
155
156
159
158
157
157
156
157
157
155
155
155
155
155
156
158
158
158
157
156
155
155
155
154
154
157
158
158
157
157
156
155
155
157
157
159
160
160
160
158
158
158
159
161
157
157
155
155
155
155
154
154
153
153
154
154
154
154
155
155
155
155
155
155
155
155
157
159
157
158
156
156
156
157
156
156
156
156
157
157
157
156
157
157
155
155
157
158
159
158
158
158
157
155
156
157
158
158
158
156
155
154
155
156
156
156
156
156
155
156
156
156
155
155
155
154
153
153
153
153
153
153
153
154
154
154
154
155
155
155
155
153
153
153
153
153
154
155
156
157
156
157
158
158
158
157
156
155
154
155
155
155
156
155
156
156
159
161
161
160
161
161
161
163
163
159
158
160
159
158
157
158
156
156
155
155
155
155
155
154
154
154
156
155
154
154
155
155
155
154
154
155
155
154
155
155
155
156
155
155
155
155
153
151
150
152
152
153
153
152
152
152
152
152
152
152
151
151
153
153
153
152
152
153
153
153
153
153
153
153
154
154
153
153
153
155
155
156
156
155
154
156
156
155
155
156
155
155
154
153
153
152
153
152
152
152
153
153
153
154
155
155
154
154
152
152
153
153
153
153
151
151
150
151
151
152
153
153
154
153
152
152
153
151
151
153
151
150
150
150
150
149
150
150
150
151
150
154
153
152
151
150
151
152
152
151
151
150
151
151
150
148
148
146
147
147
148
150
150
150
149
149
149
149
149
149
149
149
149
149
149
148
148
148
146
147
148
147
147
148
149
150
150
151
151
151
150
150
151
149
149
149
149
149
150
150
149
147
147
147
148
148
148
148
148
148
149
149
149
149
148
148
147
147
149
149
149
148
148
148
149
149
150
148
148
149
149
149
149
148
148
148
147
146
146
146
146
146
147
150
149
148
148
149
148
148
151
151
151
151
151
152
151
151
150
150
150
150
152
150
150
151
150
150
149
149
150
148
150
150
151
150
151
152
152
150
149
148
148
148
148
149
150
150
150
150
150
149
148
149
148
147
147
146
146
146
146
147
147
147
147
146
147
147
148
149
148
147
148
150
150
150
150
149
148
147
147
149
150
149
149
149
149
150
149
149
149
149
149
149
148
148
148
148
148
148
148
147
147
146
147
148
148
148
147
147
147
147
148
148
148
149
149
150
149
149
149
149
148
147
147
148
148
148
149
150
150
151
151
150
148
147
149
148
148
146
148
149
150
149
149
149
149
149
150
150
148
149
149
149
149
148
149
149
149
148
148
150
150
150
149
150
149
149
149
149
149
149
148
148
148
148
149
149
149
149
150
150
150
150
150
150
150
149
149
149
150
148
148
148
147
147
147
147
148
146
147
146
146
145
145
146
146
146
145
145
145
145
146
147
148
148
150
150
149
149
149
148
147
147
147
148
148
147
146
146
146
146
145
145
145
145
145
145
145
146
146
146
146
147
148
148
147
147
147
147
147
146
147
147
147
147
147
148
148
149
150
148
148
148
148
148
148
148
149
149
149
149
149
150
149
149
149
150
148
148
147
147
147
147
148
148
147
147
147
148
148
149
149
150
150
151
150
150
149
149
149
150
148
149
149
150
148
148
149
150
149
149
149
148
148
149
150
150
152
151
149
149
147
149
150
148
148
148
147
148
149
149
148
148
148
148
147
148
148
148
147
148
148
149
150
148
148
148
149
150
150
150
150
152
153
153
152
150
150
150
150
150
152
150
149
149
149
149
149
150
151
151
151
151
151
151
151
149
149
149
149
150
151
153
153
153
152
151
150
151
152
154
150
151
151
151
151
150
149
150
149
148
148
148
148
147
147
148
147
147
148
148
148
148
149
149
149
150
150
150
151
153
152
152
153
152
151
151
152
150
150
152
152
152
152
154
152
151
152
153
153
152
152
152
152
153
152
151
151
152
151
151
150
150
150
150
149
150
150
150
151
151
152
150
150
149
149
150
149
149
149
149
149
149
149
148
149
149
150
151
151
152
151
151
152
153
152
151
150
150
150
152
149
149
148
148
148
149
149
149
150
150
150
151
152
154
154
154
154
155
154
154
154
156
155
156
156
155
154
154
153
153
152
152
152
152
153
153
152
153
154
153
154
154
154
152
152
152
153
153
154
153
154
154
153
152
152
152
151
151
151
152
152
152
151
151
151
151
149
150
149
151
151
153
151
151
153
153
153
154
154
153
152
153
152
152
152
152
153
151
150
150
150
150
151
151
151
152
152
152
152
153
153
153
152
152
152
151
153
153
153
153
153
153
152
151
152
153
150
151
151
152
151
153
153
153
152
153
153
154
153
152
152
153
153
153
152
154
154
154
153
152
154
155
157
157
154
154
155
155
153
152
151
152
152
150
150
150
151
150
150
149
150
150
151
151
151
151
151
150
150
149
148
149
149
149
151
151
151
151
150
150
149
149
149
149
148
147
147
147
147
147
148
148
148
147
147
147
146
146
146
147
146
147
148
149
148
148
148
148
149
149
147
148
148
149
148
146
146
144
144
144
144
145
145
146
146
146
147
147
149
148
147
146
146
147
147
147
147
146
146
146
146
146
146
146
147
146
146
146
147
147
147
149
148
147
147
149
150
150
150
147
147
147
147
145
145
144
146
146
144
146
146
146
146
145
145
144
144
147
