0.0004879310344827587 0.001
300
296
294
288
282
281
276
273
273
268
265
262
261
256
255
250
249
246
244
243
238
235
235
232
232
230
228
228
226
225
221
219
219
218
215
216
216
216
214
215
215
218
216
215
215
214
217
215
214
215
215
218
219
220
220
219
218
216
216
215
214
214
214
215
213
213
211
210
210
210
210
210
210
211
210
212
213
214
212
210
210
210
209
209
212
213
210
209
208
208
209
207
209
209
210
211
212
213
212
213
213
213
213
213
211
210
208
206
208
208
207
208
208
205
205
204
203
201
202
201
202
201
199
200
201
200
201
202
202
202
202
203
203
202
202
202
202
203
202
201
199
199
199
200
200
202
202
201
201
200
200
200
200
197
197
198
197
197
198
197
199
201
199
199
199
198
198
199
200
200
200
200
199
199
201
199
199
197
196
195
195
196
196
200
200
201
199
197
199
200
200
198
195
195
196
197
197
197
199
199
200
200
199
201
201
200
202
202
202
201
201
201
201
199
199
199
197
195
197
198
197
197
198
198
199
199
199
199
201
202
203
202
202
202
202
200
199
198
198
199
199
198
199
201
198
199
201
200
199
201
201
202
202
201
201
200
200
201
200
198
199
197
198
198
196
195
196
195
195
194
193
192
192
192
192
191
191
192
192
193
192
193
193
193
194
193
192
191
192
191
190
189
190
189
190
192
193
192
191
193
194
193
194
195
193
192
192
194
192
193
193
191
191
190
191
190
190
189
190
192
192
192
191
189
190
190
190
192
192
193
193
192
191
191
194
194
192
192
191
189
189
189
189
190
192
191
190
191
191
192
192
191
188
189
190
189
190
189
189
190
190
191
191
190
190
190
190
192
192
192
192
194
193
193
191
192
192
193
194
196
195
192
192
192
192
191
194
193
191
191
190
189
189
190
190
190
188
187
188
191
190
190
190
189
189
187
187
189
189
190
189
189
186
186
186
186
186
188
191
192
191
192
195
194
195
191
190
191
189
190
191
191
190
190
194
193
194
194
193
195
193
191
191
191
194
192
191
192
192
192
190
191
190
189
187
188
189
190
189
188
186
183
184
186
186
187
188
190
192
191
192
193
194
194
191
191
189
186
186
184
182
181
179
180
179
179
178
179
180
179
179
179
181
182
181
181
182
182
181
181
180
180
180
180
180
183
184
185
186
187
187
187
191
189
189
190
188
184
184
183
185
186
186
186
186
186
187
186
188
186
186
186
187
188
187
183
182
182
183
184
185
186
188
188
185
185
184
183
182
183
182
183
184
182
182
182
183
184
184
181
180
180
177
177
177
177
177
177
176
176
176
176
176
177
178
179
180
179
182
182
182
182
181
181
181
180
180
180
180
183
184
184
183
184
185
187
185
187
187
186
184
182
182
182
181
181
182
181
182
182
179
180
181
179
181
180
180
179
179
179
179
180
180
179
178
178
179
179
179
180
179
180
180
179
177
178
177
176
176
175
177
177
177
177
176
177
175
176
178
178
178
180
179
177
177
177
178
177
176
174
174
175
175
175
175
175
175
176
177
177
178
178
178
178
178
177
177
178
178
179
181
179
179
178
177
177
177
176
177
176
177
175
176
176
179
179
177
176
174
174
174
174
173
174
176
176
174
175
175
172
172
171
171
171
171
172
171
171
172
172
173
172
171
172
173
177
178
178
175
173
174
176
177
178
177
175
175
177
175
174
175
177
178
179
180
178
179
177
176
173
172
173
174
174
174
174
174
173
174
174
173
174
174
175
175
175
177
179
181
179
179
179
178
178
176
174
173
170
169
168
168
168
166
165
165
165
165
165
166
168
168
170
171
170
171
171
173
172
172
172
172
171
172
171
173
174
173
173
172
172
172
171
169
170
170
170
171
171
173
172
172
172
173
175
176
176
177
176
176
176
176
177
177
177
178
179
178
175
174
174
174
172
173
173
173
174
170
170
170
171
172
170
171
172
170
171
170
169
170
168
169
170
173
174
174
173
173
174
175
175
174
174
174
172
173
171
172
172
172
172
172
171
171
171
169
168
168
170
170
170
169
170
172
174
173
173
171
169
171
172
173
171
172
171
171
169
170
170
169
167
168
167
166
167
167
166
165
165
166
166
168
169
168
168
169
169
169
169
169
169
168
169
171
174
173
173
173
172
172
171
170
170
168
168
167
168
166
166
165
165
164
161
161
161
162
162
162
161
162
164
164
165
165
165
163
166
165
166
167
169
167
167
167
168
169
169
170
170
169
166
168
169
169
170
170
168
169
169
167
167
165
166
166
166
166
166
166
166
168
170
170
170
167
164
164
164
163
162
162
161
162
162
162
162
162
165
165
165
165
165
165
165
165
164
162
162
162
161
160
161
161
160
160
159
159
157
156
156
157
156
157
159
159
157
157
157
157
157
157
158
159
159
160
160
158
158
156
156
157
156
157
156
156
156
155
156
156
156
155
155
155
156
158
158
158
158
157
157
157
158
158
161
159
159
158
159
160
162
161
161
161
161
161
163
164
166
166
163
162
162
162
162
162
161
161
161
163
164
163
165
166
166
164
164
164
165
165
165
166
164
164
164
164
164
165
165
165
164
167
167
168
169
168
167
167
169
167
168
167
170
169
166
166
166
166
166
164
165
166
167
166
168
167
167
168
171
171
171
170
169
168
167
167
169
168
168
167
166
169
169
170
168
169
166
166
166
166
164
165
165
164
165
166
166
165
166
166
168
169
167
167
168
169
166
166
168
168
167
167
166
166
165
165
165
163
163
164
165
164
166
165
165
166
166
164
164
164
163
163
163
164
163
161
159
158
158
157
158
158
159
159
159
159
158
158
158
158
157
159
162
162
162
161
163
162
162
164
164
163
163
161
160
161
161
162
161
160
162
162
163
163
165
164
164
163
164
165
168
168
168
167
166
167
166
165
164
163
163
162
161
162
162
161
163
164
165
165
165
165
165
166
165
166
165
164
162
161
161
160
160
160
161
164
162
162
163
162
164
163
163
165
165
164
164
164
162
163
162
162
161
163
162
161
161
162
161
161
160
158
158
156
156
157
158
156
156
156
157
157
157
157
156
156
156
156
157
157
157
156
156
156
156
157
159
161
160
159
158
157
157
157
159
160
160
162
163
163
161
161
162
163
163
163
164
162
164
165
162
163
167
169
172
171
172
170
169
167
166
166
167
168
168
169
171
172
172
171
171
172
172
173
174
174
173
171
170
168
169
166
166
163
164
164
164
165
164
164
162
162
162
162
161
161
162
161
161
162
162
162
163
165
165
165
165
164
167
167
167
167
168
169
166
167
165
164
163
166
167
168
168
169
169
170
170
167
167
168
167
164
164
164
164
164
164
166
164
163
163
161
158
158
158
159
160
160
160
160
157
157
157
157
157
158
158
160
161
161
164
161
161
161
162
163
165
164
164
165
166
164
160
162
159
160
159
158
159
160
161
160
159
158
158
158
160
157
158
158
157
157
157
156
156
156
156
156
156
155
155
156
153
153
153
153
153
153
153
155
154
155
154
153
152
152
152
149
149
148
149
150
149
150
150
151
152
152
153
153
152
151
152
152
151
152
153
154
154
154
154
154
154
155
156
155
157
157
159
159
160
159
158
157
156
155
155
156
158
158
157
157
158
158
158
156
157
156
157
158
158
158
158
158
159
159
160
160
159
158
158
156
155
155
155
156
156
158
158
159
159
159
158
159
157
156
156
155
156
156
156
156
156
156
156
157
159
159
159
159
158
156
156
156
156
157
157
157
157
158
157
157
157
158
157
157
156
155
153
153
154
155
156
156
155
155
155
155
156
156
157
156
157
157
156
156
156
155
155
155
153
153
152
150
149
149
150
151
152
153
153
153
155
155
154
152
151
151
153
152
153
154
154
153
154
155
155
156
157
156
156
157
157
158
158
158
157
158
158
159
160
157
157
157
157
157
156
158
158
158
159
159
160
161
161
163
162
164
161
162
160
160
160
160
160
160
159
160
159
160
160
159
159
158
157
158
161
161
162
160
157
157
157
157
157
157
156
157
156
155
154
155
153
153
154
153
153
153
154
155
153
153
153
154
155
155
154
154
154
154
154
151
151
152
153
153
153
152
153
153
154
153
154
154
153
152
151
152
152
152
153
154
154
155
156
156
156
157
157
156
157
157
157
160
160
159
159
157
156
157
157
157
154
155
155
153
152
154
155
156
157
156
157
158
158
160
160
161
161
160
161
159
159
159
157
158
157
157
156
158
158
157
155
155
155
156
155
155
155
154
153
152
152
153
153
153
154
154
155
154
158
158
159
156
154
155
153
153
154
155
154
154
154
154
154
151
151
151
150
149
149
149
148
148
148
147
147
147
147
147
149
148
149
149
149
150
150
152
152
153
155
154
154
154
154
153
156
156
157
157
157
157
158
157
157
160
161
161
161
159
160
159
158
158
158
159
158
159
160
159
157
155
153
153
153
153
152
152
152
153
152
153
152
152
152
151
151
149
151
151
150
150
151
152
154
154
153
154
154
155
154
157
155
154
154
152
151
151
152
151
152
154
156
156
155
157
155
151
151
151
150
151
150
151
152
152
152
152
152
150
150
149
150
151
151
153
153
150
151
151
151
151
151
152
152
153
153
154
156
154
154
155
155
151
151
150
150
150
150
150
151
151
150
152
152
156
155
154
153
154
152
153
154
156
157
158
157
158
157
157
157
157
157
157
156
155
155
155
156
154
152
153
152
152
152
152
152
153
154
153
153
153
151
150
150
151
151
151
150
151
151
151
151
151
150
151
150
149
150
149
150
150
150
150
151
151
152
153
155
153
152
153
154
153
153
153
152
153
153
153
153
151
148
149
148
146
146
145
147
147
148
148
147
147
147
147
149
149
148
146
148
147
147
146
146
146
146
146
146
147
148
147
145
145
146
146
146
146
146
145
145
145
144
143
144
146
146
147
148
146
147
148
147
146
145
145
143
144
147
148
147
146
145
144
144
145
146
148
148
147
146
146
146
146
144
144
142
142
142
142
143
143
142
142
143
143
144
147
148
149
149
148
148
147
149
147
148
149
149
149
147
147
146
145
144
144
143
142
144
144
144
144
144
145
143
143
143
145
145
143
143
142
143
143
144
143
143
143
142
143
145
144
146
145
144
143
144
144
144
147
148
149
148
148
147
148
148
147
147
147
146
147
147
147
147
146
147
147
151
149
148
147
149
148
145
146
147
146
146
145
146
145
145
145
145
145
146
147
146
145
145
144
144
145
146
148
147
147
147
147
146
146
145
145
147
149
148
147
146
145
145
145
146
147
145
147
145
146
146
144
144
144
144
146
144
143
143
143
143
143
147
147
145
144
145
144
144
144
142
142
142
142
141
141
142
143
144
144
143
145
144
144
145
144
144
144
143
143
142
143
143
144
144
145
145
145
149
149
150
151
149
148
148
147
147
147
147
147
147
147
147
145
146
144
144
146
146
145
145
146
146
148
147
145
145
146
146
145
145
145
145
145
144
144
144
144
145
146
147
147
147
148
147
148
149
148
151
152
150
145
145
146
145
145
144
144
146
145
144
145
147
146
146
146
146
146
147
146
145
145
146
147
148
148
148
149
151
150
149
146
146
147
148
148
148
150
149
147
149
148
148
150
150
150
150
150
150
150
149
149
149
149
151
152
152
151
149
149
149
148
149
147
147
147
148
148
147
146
147
147
147
147
146
145
145
144
143
143
144
144
144
144
143
143
142
141
141
142
142
142
142
143
143
144
145
146
147
147
146
144
144
144
145
146
144
144
144
145
144
145
147
145
146
145
145
144
144
144
143
145
146
147
147
144
145
143
144
144
144
145
145
146
145
145
145
145
146
146
146
147
147
147
146
146
145
144
144
144
144
144
147
147
146
146
146
147
146
147
147
148
148
148
146
146
147
149
146
146
145
144
144
145
145
144
144
144
145
145
145
147
147
148
147
147
147
147
147
147
147
146
146
146
145
145
145
145
144
146
148
148
148
146
145
145
144
144
144
145
145
146
147
147
148
149
149
147
148
146
146
147
147
148
147
148
150
150
151
151
151
151
150
149
151
151
151
151
152
152
150
151
153
153
153
151
150
151
151
150
150
150
149
147
146
145
145
145
145
144
144
145
146
147
147
147
148
149
149
150
150
148
146
146
146
146
147
146
145
145
145
145
146
145
145
145
145
144
146
147
148
148
145
146
147
147
147
147
149
149
149
149
150
148
148
147
144
143
143
144
145
145
145
144
144
145
144
144
144
144
145
145
145
145
145
146
146
148
149
149
148
146
147
147
147
147
147
146
148
149
148
149
149
149
149
150
149
148
148
147
147
147
148
148
148
149
148
148
147
149
149
149
148
147
146
146
146
145
147
148
148
149
149
150
150
152
152
151
151
151
151
151
151
151
151
151
148
148
150
150
149
150
152
151
149
149
149
146
146
148
148
147
147
147
145
145
144
145
143
143
146
145
146
147
144
144
145
145
146
146
146
146
146
148
148
147
147
146
147
146
146
146
147
148
148
148
148
149
149
150
150
149
149
147
149
149
147
147
147
147
147
147
148
148
150
145
146
146
147
147
148
148
146
146
146
146
147
148
148
149
148
147
147
147
149
148
147
147
147
147
147
146
147
148
147
147
147
148
147
147
146
146
147
146
147
145
145
144
144
144
144
143
144
143
143
143
142
142
142
142
142
143
142
141
141
140
141
143
144
145
146
146
146
146
144
145
146
145
144
145
146
145
145
146
146
149
149
149
149
146
146
145
144
145
144
144
146
146
145
147
146
146
146
146
144
145
146
145
147
148
149
148
147
147
146
146
147
148
150
150
150
150
150
149
149
147
146
145
143
143
142
143
143
143
143
142
142
144
145
143
145
145
144
144
145
143
142
142
142
144
145
145
144
144
144
145
145
144
144
144
144
146
147
144
144
145
142
143
143
144
144
145
144
145
144
143
143
143
143
144
145
145
146
146
145
145
145
144
144
144
142
140
139
141
139
139
139
139
139
139
138
139
137
137
139
139
140
140
142
142
144
143
144
144
145
145
144
144
143
144
144
145
147
148
146
147
146
146
144
144
146
147
146
147
147
147
146
146
145
145
144
142
144
144
143
143
144
145
146
146
146
145
144
144
142
142
142
143
144
144
144
145
144
145
146
145
147
147
148
146
145
145
145
145
144
145
146
146
148
151
152
154
153
152
149
150
149
147
150
148
148
148
147
146
146
146
146
145
147
148
149
147
146
146
146
143
143
142
140
139
138
138
138
139
141
144
144
145
144
144
145
144
144
143
142
142
142
142
142
140
140
141
141
142
142
140
140
140
140
140
141
140
141
143
144
141
143
145
145
145
147
146
144
143
142
142
143
142
144
144
143
144
145
145
146
145
146
144
144
143
144
145
145
145
143
142
143
143
145
147
146
145
144
145
146
146
146
146
147
145
144
143
144
145
145
145
145
145
145
146
145
144
143
144
143
141
142
144
143
142
143
143
143
144
144
143
142
142
142
143
144
144
143
143
143
143
143
142
142
141
140
140
140
141
142
142
143
145
146
144
143
143
143
143
145
145
145
144
145
144
144
141
141
141
143
143
144
143
143
144
144
146
145
146
144
145
143
143
142
140
140
140
140
138
139
140
142
142
143
143
144
144
143
144
144
142
143
145
142
143
144
142
142
143
141
141
141
139
141
141
141
139
139
138
138
138
138
138
136
136
137
136
137
139
138
140
140
140
137
139
140
140
139
139
138
138
138
138
139
138
139
138
137
139
139
139
139
138
138
139
141
140
140
140
141
141
141
142
141
142
143
143
143
140
138
138
138
138
137
137
137
137
137
139
139
140
140
140
138
137
138
139
140
141
143
141
139
140
141
140
139
138
138
139
139
139
139
139
140
141
141
140
139
140
139
139
137
142
142
139
138
137
137
137
137
137
138
138
138
139
140
140
137
138
137
137
137
137
137
139
139
137
134
135
135
135
135
136
137
138
138
137
137
137
137
135
135
136
137
137
136
137
136
136
136
135
136
135
135
135
136
137
137
135
134
133
132
133
133
134
134
135
136
137
137
137
137
136
137
137
136
135
135
135
135
136
137
137
137
138
137
138
137
137
137
137
137
139
139
138
137
138
137
138
139
138
139
140
140
141
142
141
141
140
139
137
139
138
138
138
138
139
140
140
141
141
142
142
141
141
140
139
139
139
138
137
136
135
135
135
137
136
136
136
137
135
135
136
136
137
137
137
136
135
134
134
134
137
137
137
137
137
139
139
138
137
138
136
135
135
136
135
136
137
138
138
138
136
139
140
140
139
140
139
140
140
142
140
139
142
142
140
141
141
141
142
140
138
139
139
140
141
141
141
141
139
139
139
139
141
143
143
142
140
139
139
139
139
139
140
139
137
137
137
138
138
137
137
138
138
138
137
136
135
135
135
135
134
134
135
136
137
138
138
137
137
137
137
135
136
136
136
136
135
135
135
135
135
137
136
136
136
137
138
138
137
140
140
139
141
138
139
135
135
136
136
136
136
135
135
134
135
134
134
135
134
134
135
136
136
136
137
137
136
136
136
134
134
135
137
137
137
138
139
140
138
140
139
139
137
138
135
135
135
135
136
136
134
133
133
134
134
134
133
132
132
132
133
136
136
136
135
133
133
133
132
133
133
134
135
134
134
134
134
133
133
133
133
133
135
135
135
134
134
135
134
134
133
132
134
134
135
136
135
135
134
136
137
135
135
135
135
135
136
136
136
138
135
133
132
133
133
132
131
133
132
132
133
132
132
131
131
130
130
130
130
130
131
132
133
133
132
131
131
132
132
132
133
134
134
131
131
131
131
133
134
135
135
133
132
132
131
131
130
131
131
131
131
133
133
133
133
133
132
134
137
138
137
136
134
134
134
134
133
133
133
133
134
134
134
134
134
134
134
135
134
133
134
134
134
135
135
135
134
134
134
134
134
133
133
133
133
134
135
135
135
136
136
135
133
134
133
133
133
133
132
132
133
132
132
135
137
138
136
136
135
135
134
134
134
134
133
134
135
135
134
131
131
128
128
130
132
133
132
132
132
133
132
132
131
131
130
130
131
131
132
132
131
128
128
127
130
130
132
132
131
130
130
132
132
133
133
134
134
133
132
132
133
131
132
133
133
134
133
132
135
136
136
136
136
137
137
136
136
136
136
136
135
136
135
135
135
135
135
136
134
134
135
134
134
133
134
133
132
134
135
136
135
134
134
134
133
132
131
131
131
131
131
131
132
132
132
131
132
130
130
130
130
131
131
130
129
129
130
130
130
129
130
130
130
131
131
131
131
130
131
130
132
131
130
130
130
131
131
131
132
130
130
131
130
130
130
129
128
129
129
130
130
131
130
131
130
130
130
130
130
130
129
129
129
131
131
129
128
129
129
129
129
129
131
131
130
130
131
130
132
132
133
133
132
133
132
131
131
130
128
127
128
129
132
133
133
134
133
134
133
132
132
132
132
132
132
131
130
130
130
130
130
130
130
130
130
131
131
131
132
133
134
137
137
137
137
137
137
135
137
135
137
136
136
137
136
136
135
134
134
134
134
133
133
134
134
134
136
137
138
137
136
134
132
131
131
129
130
132
132
132
132
130
131
132
132
133
134
134
134
135
133
134
134
133
132
132
131
131
130
129
129
129
127
127
129
130
131
130
132
133
133
131
131
132
135
133
132
131
130
130
128
128
129
128
128
128
127
128
128
130
130
129
128
129
129
128
129
129
129
129
130
131
132
132
130
130
129
129
129
128
128
129
128
128
128
128
127
127
126
125
125
126
126
126
127
128
129
129
129
129
129
129
129
129
129
129
129
130
130
130
130
131
134
134
132
131
135
134
134
134
137
134
135
132
132
131
131
129
128
127
127
127
129
129
131
129
128
128
129
130
130
130
131
131
132
131
132
131
131
131
132
135
133
132
133
134
132
132
131
130
130
130
130
131
131
132
130
129
129
130
129
129
130
131
131
131
131
130
128
130
130
130
129
131
131
133
133
133
134
134
131
131
132
134
133
133
133
133
135
135
134
135
134
132
132
133
133
134
133
135
135
134
135
134
134
135
135
134
136
139
138
139
138
139
138
140
138
138
137
137
136
137
137
136
137
136
135
137
136
136
135
134
134
134
134
135
135
136
136
136
136
136
135
134
134
132
132
131
131
132
130
130
131
129
129
128
128
129
129
127
127
127
127
127
128
129
129
127
127
127
128
129
129
128
128
130
130
130
131
133
133
133
133
133
134
132
131
132
133
132
133
134
134
134
133
135
133
132
131
133
131
131
131
131
130
129
131
130
129
131
130
131
130
130
129
129
128
133
134
133
134
134
132
132
132
132
130
130
128
128
127
129
128
128
127
128
129
130
131
132
132
131
131
131
131
132
132
132
131
131
129
129
128
128
127
127
126
126
128
128
128
129
128
129
128
129
129
129
129
130
131
132
131
131
130
131
131
130
130
130
130
129
130
131
131
131
133
132
132
133
134
135
135
136
134
135
137
136
136
133
130
131
131
132
131
131
131
130
130
131
131
130
128
130
130
129
128
129
130
130
130
128
130
130
130
131
131
132
132
132
132
132
130
128
128
128
128
126
127
127
128
128
128
129
129
129
128
127
128
126
126
127
127
125
124
125
124
124
126
125
125
126
125
125
124
125
126
124
124
124
124
125
125
124
125
125
124
124
125
125
126
128
129
131
132
133
132
134
133
133
133
132
131
130
130
127
128
128
127
128
127
126
126
128
128
126
126
127
128
127
127
127
126
126
126
126
126
124
123
123
124
125
125
125
125
125
124
123
123
124
123
124
126
125
126
126
127
126
125
125
125
126
127
128
128
129
128
128
129
129
129
128
128
128
127
127
125
126
126
125
126
124
124
126
126
127
128
128
126
125
125
126
126
126
126
126
126
125
125
125
125
127
127
128
130
132
133
135
133
131
130
130
129
128
127
129
130
130
129
129
129
130
129
129
129
128
128
128
128
129
130
131
130
130
129
128
130
128
127
128
128
127
127
128
127
127
129
130
130
132
130
130
130
129
129
130
130
128
127
128
128
128
129
130
130
129
128
128
129
128
127
125
125
126
126
126
126
127
128
128
128
128
128
128
128
128
128
127
126
126
127
127
127
127
128
129
130
129
127
126
127
128
128
128
129
129
131
130
131
128
128
128
127
127
127
126
126
126
126
128
129
130
129
130
130
130
129
128
127
125
126
126
127
127
128
127
127
127
127
126
126
127
127
125
125
127
128
129
129
132
132
131
129
128
128
130
129
129
128
127
127
127
128
128
128
127
128
128
128
127
128
127
127
128
130
130
129
130
129
129
130
130
130
131
129
130
130
131
130
130
128
127
127
128
129
128
128
126
