0.0007951724137931035 0.00031724137931034486
300
296
289
287
282
279
279
277
272
274
271
272
272
273
278
276
277
277
278
274
273
270
268
267
269
268
266
266
264
265
267
267
268
268
266
267
267
268
269
272
272
270
270
269
272
272
273
273
271
270
273
273
272
274
273
271
272
271
270
271
270
270
271
272
272
272
274
274
275
275
275
277
279
278
277
276
274
275
278
279
279
280
279
282
283
283
279
277
278
278
278
280
279
280
281
280
281
281
280
279
275
275
280
281
279
280
280
282
282
279
281
278
280
281
279
279
278
279
279
278
279
280
278
276
279
282
283
284
285
286
285
285
284
288
289
288
291
291
290
291
292
293
293
295
294
290
287
287
288
287
290
290
289
288
288
288
287
288
289
286
287
288
286
288
289
291
290
290
290
288
286
285
286
287
286
287
287
287
290
288
291
289
290
292
294
292
292
293
293
292
294
296
294
294
296
296
296
296
295
295
296
296
295
295
291
290
290
291
293
292
291
292
292
294
295
294
295
299
299
299
296
296
296
297
299
299
300
301
302
299
296
293
295
297
298
297
299
300
301
301
299
300
298
300
299
300
300
298
298
301
300
300
300
299
299
299
301
302
303
303
302
301
298
298
299
299
297
297
296
297
299
301
300
303
303
301
301
304
306
307
304
302
302
307
306
305
309
309
312
309
307
309
310
308
306
307
307
307
307
307
307
308
312
312
313
314
313
312
312
313
314
312
313
312
312
313
309
309
309
310
307
308
311
313
316
313
315
314
314
315
314
315
315
315
317
317
318
316
318
320
322
321
322
325
321
319
318
317
319
320
320
319
316
316
315
317
319
321
321
323
323
322
324
324
325
325
324
326
325
326
326
326
328
331
332
335
335
332
333
331
332
331
331
330
331
332
330
330
330
329
329
331
334
330
333
332
331
334
335
333
333
336
335
333
331
331
332
333
336
337
338
339
338
336
336
336
337
337
340
342
343
345
348
349
348
347
349
345
344
345
348
349
351
351
353
353
354
354
357
357
354
353
353
351
349
347
345
344
344
345
347
347
346
348
350
349
349
347
345
345
344
343
342
339
340
339
342
339
338
334
333
333
333
332
333
337
338
340
338
341
343
344
341
340
341
341
341
342
341
341
340
343
345
346
346
346
345
346
349
348
350
350
350
350
352
349
347
349
343
343
343
346
342
342
343
341
343
344
344
345
345
348
343
342
343
343
344
342
344
344
345
344
344
347
347
346
346
345
344
341
340
340
343
342
342
341
343
342
342
345
343
344
345
344
345
344
344
344
343
345
345
346
344
345
345
346
345
346
348
348
347
347
347
348
348
350
352
353
353
355
357
357
356
355
354
353
353
353
352
353
353
353
351
348
348
348
349
350
350
352
352
353
355
355
356
358
358
359
360
359
360
360
359
355
355
355
353
351
352
354
356
359
357
357
357
359
360
362
362
364
364
365
364
362
361
361
361
359
357
356
359
357
353
352
353
357
356
356
355
356
357
353
354
351
351
352
352
353
356
356
356
355
357
358
356
355
355
354
355
353
352
354
357
357
357
354
353
353
351
350
350
350
353
354
354
356
360
359
359
360
360
359
358
364
363
365
365
366
365
364
364
366
365
361
359
358
356
358
359
360
360
360
358
359
358
360
362
362
361
364
365
364
363
366
365
363
362
359
359
361
363
364
362
365
367
366
367
366
366
365
364
363
362
361
361
357
354
355
355
355
357
358
360
360
362
361
362
362
362
359
358
359
361
357
359
360
359
359
362
360
358
359
356
356
360
361
361
362
361
363
365
366
366
368
365
368
367
365
367
364
364
364
363
361
361
362
362
362
362
366
367
367
371
369
367
365
363
364
362
362
360
362
363
363
363
365
364
367
366
364
364
365
363
364
365
364
363
363
366
364
363
366
365
364
364
366
365
365
364
365
363
362
361
358
358
359
359
360
359
358
358
359
357
359
362
361
361
360
358
359
359
360
359
360
357
359
359
360
363
362
362
362
359
360
361
363
367
370
371
373
373
370
372
371
373
372
370
374
373
374
374
374
374
375
376
375
373
373
379
378
378
377
376
375
374
374
374
377
376
375
377
377
377
379
380
382
382
380
380
378
379
378
377
379
380
379
373
373
371
370
368
366
367
369
369
367
362
364
367
368
368
370
371
373
375
374
370
371
374
374
376
374
375
378
381
380
377
378
380
384
384
381
379
379
377
378
380
376
377
378
379
378
383
383
379
378
378
381
382
382
386
388
391
391
389
388
386
387
388
387
387
386
383
381
382
382
383
384
384
383
382
381
380
382
383
387
389
389
393
393
395
394
395
395
397
396
396
396
396
396
397
396
395
394
395
394
393
396
397
396
396
395
393
392
393
394
392
394
398
401
404
401
405
406
408
406
405
404
405
402
405
405
404
406
408
408
407
404
405
409
410
411
410
410
407
405
410
406
406
406
402
403
403
400
399
397
398
398
397
397
398
401
403
400
400
402
405
401
402
403
404
405
405
402
404
405
401
401
400
401
404
405
407
409
409
411
410
412
413
414
414
411
413
410
412
409
407
403
398
400
401
402
399
399
400
399
400
399
398
399
398
398
400
401
404
407
407
407
404
404
408
410
410
406
407
404
404
404
402
402
404
404
408
408
407
409
408
404
405
407
405
406
405
408
408
409
406
409
408
407
406
408
408
410
409
409
412
408
406
404
404
403
405
407
405
403
405
402
405
404
404
403
404
406
408
405
405
404
403
407
408
410
406
406
406
404
401
405
402
402
403
399
397
398
399
400
399
399
402
405
407
408
403
401
399
402
404
401
401
401
400
404
404
403
407
406
405
404
404
404
402
402
402
404
406
406
404
403
403
400
400
404
404
405
406
404
403
402
401
403
404
404
401
401
403
402
398
395
397
396
395
395
396
394
394
391
393
397
395
396
397
396
397
393
394
393
393
394
395
395
394
396
397
394
393
397
397
398
397
399
402
399
399
399
399
400
402
404
406
405
403
404
406
405
404
407
403
405
402
402
402
401
402
403
407
406
405
406
407
408
409
411
409
407
406
404
404
405
404
403
402
400
405
404
407
408
405
408
406
407
402
404
405
402
402
404
403
404
402
403
402
403
402
402
399
398
397
396
398
396
396
396
397
398
396
399
400
401
398
398
398
400
401
400
403
403
404
406
405
404
401
403
403
406
407
406
405
407
406
408
406
406
407
409
408
408
411
408
406
402
404
404
405
404
406
407
406
407
406
408
410
409
410
410
409
409
408
408
408
411
414
414
410
408
407
407
409
409
409
408
406
408
409
411
410
410
408
411
414
417
419
417
415
414
416
418
415
416
413
414
415
418
417
416
420
420
426
425
424
424
426
428
423
421
421
423
424
428
426
423
424
425
424
427
427
426
428
427
428
427
426
424
426
428
429
426
425
427
426
427
430
429
426
424
425
424
423
424
423
421
421
420
419
423
421
423
423
424
421
424
425
422
424
424
425
426
429
428
424
425
426
427
427
427
428
428
430
434
432
430
430
427
424
427
427
423
425
427
424
423
420
422
423
423
423
421
422
420
421
420
425
427
424
422
424
428
429
431
432
432
432
435
435
435
434
430
425
425
426
426
425
425
423
425
425
424
425
424
425
427
425
427
430
431
428
428
424
427
427
423
421
422
422
421
420
421
421
420
419
420
421
424
422
423
425
427
424
426
426
424
425
426
424
426
425
426
427
425
421
420
424
421
418
416
417
417
416
418
419
422
423
420
420
423
418
414
415
417
417
418
418
419
419
418
418
416
418
421
425
419
416
417
417
417
417
416
416
416
417
418
419
419
419
419
417
417
416
417
413
413
412
414
416
416
416
415
411
412
415
415
415
411
411
409
408
410
409
410
409
410
411
409
410
411
413
412
413
412
414
414
410
408
409
408
406
406
410
408
407
408
406
405
404
405
407
407
407
410
412
414
416
415
414
412
410
409
411
414
412
414
415
415
418
418
412
414
414
416
420
418
421
422
418
420
425
426
429
428
429
427
426
427
425
425
424
427
428
430
429
432
431
434
435
434
436
431
430
433
430
431
431
433
434
431
430
434
432
434
429
428
427
423
424
426
423
423
424
423
422
421
421
418
423
424
425
428
428
427
428
426
423
424
422
421
424
424
426
426
430
431
431
431
431
432
433
430
430
432
430
429
427
425
425
427
430
432
432
431
432
433
436
435
432
440
437
439
437
435
436
433
432
432
428
425
426
429
431
432
430
430
430
431
430
429
430
429
429
431
433
439
436
435
438
435
434
433
435
435
434
436
438
439
440
439
440
440
438
439
439
440
443
445
445
444
444
445
440
443
445
442
440
443
439
441
441
442
442
443
447
448
449
448
448
447
448
448
447
448
446
445
445
447
445
445
445
449
452
451
453
453
451
449
450
448
445
443
445
441
441
439
440
441
444
446
445
442
443
440
440
443
446
445
446
445
443
443
443
442
445
442
445
445
440
441
441
441
440
446
445
439
439
439
438
441
444
439
439
436
435
436
437
439
437
434
436
434
435
439
439
439
438
434
435
433
431
434
432
430
430
428
430
435
440
443
439
438
435
436
435
435
438
437
438
439
441
437
437
437
436
437
438
439
439
434
432
435
435
433
436
435
434
431
432
435
434
436
438
435
434
436
436
440
441
446
447
447
447
444
444
444
446
446
444
441
440
444
445
448
443
439
443
444
444
447
448
447
448
448
449
448
448
447
450
451
451
448
449
448
446
446
444
444
443
445
443
446
447
447
447
447
447
447
447
444
445
447
450
446
446
446
445
446
441
441
440
441
440
442
441
440
440
436
435
436
437
441
445
446
444
445
447
446
445
449
451
451
453
455
457
456
459
461
463
463
460
458
456
454
453
452
451
451
452
451
453
454
457
459
457
457
453
454
454
454
456
455
451
450
449
450
451
454
456
457
456
458
456
456
453
456
456
456
457
459
461
459
454
457
455
457
456
454
447
449
450
453
449
452
452
454
453
455
457
460
458
458
457
457
460
456
455
453
453
450
451
450
452
452
453
450
446
445
447
448
451
449
448
447
447
450
449
451
452
451
450
451
454
452
455
458
458
458
455
455
453
456
455
456
454
453
453
452
451
452
455
453
451
451
450
450
449
448
450
453
454
453
452
452
451
453
450
452
452
450
453
453
453
449
451
449
449
453
454
451
450
449
454
455
452
452
454
450
450
450
452
451
452
456
457
455
457
456
456
454
455
455
453
451
451
452
452
452
454
456
457
461
465
463
465
465
462
460
461
457
459
460
458
459
460
459
460
461
461
461
461
461
459
456
455
455
457
457
456
457
454
456
459
455
454
453
454
453
451
449
451
449
450
453
453
454
453
452
452
452
452
453
454
454
452
448
447
450
451
453
451
452
453
452
448
448
449
448
447
443
445
444
448
447
448
446
444
446
447
446
447
447
449
448
447
448
448
447
447
449
447
445
442
444
444
446
448
450
451
456
457
454
457
456
453
457
457
455
456
458
457
456
459
459
460
458
459
460
464
463
464
465
464
464
467
468
467
470
466
472
471
472
472
471
472
471
472
470
471
473
474
472
472
471
467
465
464
465
466
466
466
467
467
463
464
466
469
468
467
468
471
470
468
469
470
471
468
468
469
470
467
467
466
463
465
469
469
471
472
475
475
475
473
478
475
473
477
479
475
475
475
474
475
476
479
478
473
474
473
473
473
473
471
472
476
474
473
475
473
469
469
464
465
463
463
466
466
469
469
469
466
466
469
469
466
464
465
465
464
466
466
463
461
461
461
463
463
462
463
465
467
466
467
468
470
471
474
473
472
473
475
472
469
469
469
470
468
467
465
466
470
471
471
473
471
470
468
468
470
470
470
470
469
470
472
472
474
475
473
474
473
471
470
472
473
473
472
471
468
467
466
468
470
468
466
463
463
467
468
466
467
466
466
466
470
469
467
468
466
465
469
469
470
470
475
472
473
477
479
478
475
478
479
480
477
474
474
474
476
477
475
476
476
474
474
475
474
473
473
466
466
466
468
471
472
473
472
474
474
473
478
477
479
474
475
477
477
477
477
479
477
481
479
480
479
475
477
476
477
477
471
478
477
477
475
476
475
480
477
475
473
473
472
469
470
471
475
475
474
472
474
475
479
477
478
478
479
477
474
473
473
475
475
475
473
478
476
475
474
471
472
474
474
473
474
473
478
475
477
475
475
476
474
475
475
476
476
474
472
475
473
475
475
477
476
475
474
472
475
480
483
486
486
486
484
486
489
486
485
486
489
489
490
488
490
491
495
495
495
492
487
489
491
492
495
490
489
490
490
494
493
490
493
495
494
492
494
495
493
495
497
496
494
497
498
502
502
501
499
501
504
503
503
496
498
497
492
490
491
487
487
489
490
489
489
491
492
489
491
494
490
491
491
491
491
492
492
495
497
496
494
495
491
493
495
497
494
493
492
489
488
483
486
485
486
488
487
485
484
486
486
488
486
487
486
485
486
486
487
486
483
484
484
484
486
487
487
488
488
484
483
487
487
485
487
485
487
485
485
487
487
491
488
485
483
484
483
481
480
479
480
480
480
480
482
482
480
481
484
487
487
484
484
484
479
478
476
479
478
482
483
480
477
480
481
479
479
480
483
481
479
479
482
479
480
477
478
477
476
475
477
477
474
472
475
473
474
476
473
473
474
476
476
476
479
482
483
482
481
477
476
476
476
476
480
479
482
481
477
477
478
478
475
475
472
472
472
471
469
468
468
466
463
462
465
471
474
474
475
471
468
467
465
463
463
464
465
465
468
466
471
467
469
471
469
468
464
465
463
466
471
469
469
468
469
466
468
472
470
466
463
463
462
460
460
458
457
454
454
453
454
450
446
445
449
448
447
448
448
451
451
452
448
447
449
450
450
449
450
451
452
454
454
459
458
457
454
453
454
455
455
457
456
456
457
459
464
463
464
463
459
461
462
466
465
467
467
464
463
460
456
456
452
454
454
453
453
456
454
458
457
453
451
452
451
453
452
450
448
447
447
450
451
450
447
447
449
449
450
452
450
445
443
445
448
449
451
449
447
445
445
447
446
448
448
449
451
450
452
450
449
451
446
446
445
444
444
446
445
444
445
441
443
444
442
440
441
444
443
447
447
445
444
444
447
447
448
449
446
447
445
445
443
445
446
443
442
442
440
440
443
445
444
444
443
442
443
443
440
445
441
442
443
445
447
448
445
441
440
439
441
440
442
442
442
444
444
442
443
442
443
442
443
448
449
449
448
447
446
447
449
448
451
453
449
447
446
448
446
447
448
446
447
448
447
446
444
444
443
442
443
443
442
446
444
441
443
442
442
441
443
443
442
442
446
442
448
446
447
449
448
447
447
449
448
449
449
450
448
449
448
445
445
445
444
443
442
442
444
440
444
443
442
440
439
439
438
438
439
440
441
441
442
441
440
437
440
440
441
439
438
440
442
445
443
441
439
438
440
439
441
441
438
439
441
444
445
445
446
446
446
450
450
450
447
444
443
439
438
438
441
439
441
439
439
439
438
438
440
442
445
444
443
444
440
440
439
436
433
435
432
435
435
433
431
433
435
430
431
431
433
433
437
436
434
438
440
442
440
437
440
441
441
436
437
438
440
440
441
438
441
443
443
442
441
443
443
439
438
436
437
438
439
440
440
439
437
438
435
435
435
434
436
436
436
438
435
438
436
436
436
435
436
434
435
432
431
430
431
432
433
434
435
431
433
436
438
440
440
439
437
438
437
438
438
441
440
438
437
437
438
440
440
440
441
439
440
444
442
441
439
443
442
443
444
446
446
447
447
445
449
451
448
446
445
445
446
447
448
444
447
446
447
446
446
445
442
443
442
444
445
443
444
447
444
451
447
444
445
445
447
444
444
443
444
446
446
444
444
440
442
442
443
443
444
448
448
448
449
446
448
450
447
446
446
443
441
442
442
441
441
442
445
445
443
441
442
443
443
443
444
446
448
447
448
450
451
451
454
454
455
454
455
452
453
454
453
451
451
450
453
453
457
456
456
454
452
453
452
454
454
453
455
455
457
459
458
457
457
457
454
453
455
454
455
459
460
457
460
460
459
457
459
462
461
458
463
466
466
462
465
466
464
468
466
466
467
459
457
456
451
453
454
454
454
452
451
453
455
454
453
454
456
453
450
450
449
451
448
449
447
447
447
446
448
448
447
446
448
445
448
449
448
443
444
444
446
444
446
446
445
447
444
438
439
439
440
442
441
440
440
440
441
440
439
440
438
440
440
440
440
440
441
441
441
445
445
446
444
444
444
445
444
448
449
450
450
452
452
452
452
453
453
454
456
457
456
455
456
460
461
462
461
459
458
458
459
458
456
452
450
449
450
451
450
449
449
449
450
452
455
457
455
453
451
452
451
453
455
453
453
453
453
456
452
455
455
455
453
453
453
451
454
454
455
455
455
456
452
455
457
457
457
455
455
453
454
456
456
460
457
457
459
457
456
458
457
456
456
457
462
462
463
462
464
465
462
464
463
459
465
463
465
464
461
465
463
462
460
463
465
465
466
467
466
462
464
467
469
468
466
465
467
466
465
465
462
463
461
460
459
461
461
460
461
458
456
452
454
453
454
455
456
455
455
456
456
461
460
462
462
459
460
458
458
460
457
461
458
458
459
458
457
459
459
459
458
458
461
461
466
466
468
469
468
467
465
464
465
466
465
468
468
467
466
467
467
465
466
466
466
466
463
463
461
461
459
458
456
454
457
458
462
462
463
466
467
469
467
467
469
471
467
467
464
462
459
460
463
462
461
462
464
467
467
469
466
465
465
466
466
468
471
472
472
471
469
469
468
467
468
468
468
469
469
473
474
472
471
469
469
470
471
471
472
472
471
475
472
472
471
471
468
466
467
470
470
473
474
475
477
485
486
486
484
483
485
483
485
484
481
479
477
478
478
478
481
480
480
476
475
478
478
477
478
477
477
480
477
478
480
480
486
485
484
480
479
481
477
475
471
474
470
470
468
468
463
463
464
461
462
460
463
463
465
466
464
462
463
462
460
460
461
460
456
459
461
460
460
460
458
459
458
459
458
457
459
460
460
461
461
459
457
461
460
459
459
459
462
460
463
462
463
463
466
463
464
466
464
463
464
466
466
467
467
468
464
465
465
465
465
469
469
467
462
462
461
461
464
462
461
464
461
461
463
461
460
460
460
459
459
459
458
460
457
458
457
459
459
462
468
466
467
467
465
465
464
463
462
460
459
460
465
465
467
468
468
468
466
466
468
466
469
473
474
478
480
477
474
469
469
470
467
471
470
467
468
468
465
467
465
462
462
461
461
461
459
460
463
465
465
466
466
467
469
467
466
464
464
463
462
460
459
461
458
459
459
461
463
463
465
465
464
466
465
464
465
467
463
466
465
467
470
473
471
471
469
471
469
467
466
465
463
467
466
467
463
465
468
466
467
465
467
465
470
468
468
471
470
472
473
473
474
478
477
476
477
473
477
481
480
483
484
484
490
484
484
485
485
485
483
478
480
480
482
479
481
480
480
480
480
478
476
473
474
476
474
474
474
475
475
471
471
471
472
470
468
469
470
472
471
475
476
474
476
477
474
473
474
474
475
476
476
478
478
478
477
477
476
473
469
469
466
467
467
470
470
467
469
468
471
469
468
472
466
465
463
464
461
460
463
463
463
463
463
463
466
465
465
466
466
464
464
465
467
465
468
469
470
472
470
469
472
473
470
470
469
468
464
465
465
464
464
465
467
468
470
471
469
468
465
465
466
468
462
462
460
460
459
459
461
464
463
465
468
468
466
465
466
466
467
468
465
468
469
469
466
465
467
465
467
469
471
469
467
466
467
466
468
470
472
468
470
469
468
468
466
466
466
466
467
466
467
466
470
470
472
474
475
472
472
470
470
472
471
473
471
474
470
470
472
472
471
473
470
476
477
479
480
479
479
478
478
478
477
478
477
478
482
480
480
480
480
478
474
473
472
471
471
470
469
468
465
466
466
466
466
469
470
470
469
468
469
468
469
469
470
468
468
467
467
467
469
468
470
471
468
468
469
467
469
471
472
472
474
476
477
480
480
480
475
477
476
478
477
475
474
474
474
474
476
475
479
476
480
478
476
474
475
477
470
471
473
473
475
473
474
473
470
471
473
471
472
471
473
473
474
474
475
473
469
469
470
469
471
469
469
471
473
474
475
475
472
475
476
475
476
475
471
473
471
468
468
471
470
468
467
466
464
466
466
464
466
465
465
467
469
469
471
467
467
467
464
470
471
470
469
467
465
465
463
465
459
460
460
461
462
462
460
459
460
459
460
457
457
453
452
453
455
456
454
457
458
458
454
454
456
454
454
456
455
460
461
462
462
463
463
461
464
462
461
461
458
459
461
459
459
456
455
454
456
454
457
454
455
456
458
456
454
452
449
448
448
446
445
445
448
448
449
450
452
456
453
455
451
453
452
452
450
450
451
452
453
453
454
455
452
448
450
449
449
454
454
456
455
454
457
457
458
458
464
465
464
462
462
462
462
463
465
463
460
464
467
462
460
457
458
458
456
458
459
457
458
459
455
454
451
453
455
454
457
458
460
462
461
463
462
462
462
462
463
464
465
462
465
463
464
462
462
464
466
462
464
467
468
470
468
469
467
465
460
461
461
459
460
461
458
456
453
454
454
455
458
459
464
463
464
466
466
464
464
465
459
459
458
461
463
465
464
465
465
466
466
464
464
465
466
466
464
464
465
464
466
463
464
464
463
465
466
466
464
464
468
469
468
467
467
470
470
469
469
466
465
467
467
466
467
468
467
468
468
466
468
467
467
468
462
463
465
462
464
465
465
465
466
468
467
468
468
473
473
475
472
470
473
476
477
478
475
478
474
471
465
463
462
461
462
462
463
463
462
462
464
467
468
467
464
462
464
465
463
464
464
464
465
468
468
468
467
465
465
465
469
468
470
468
469
472
471
471
470
468
469
469
469
471
468
469
467
470
469
468
469
471
469
470
469
468
470
473
471
472
473
476
474
470
469
470
470
469
469
470
470
470
470
469
469
472
472
471
471
471
472
473
468
469
472
472
473
475
474
471
474
473
474
473
471
473
473
474
472
470
470
471
470
470
466
466
464
465
464
467
466
463
465
463
464
465
469
468
470
468
466
465
466
464
463
463
462
465
467
467
471
472
472
472
472
472
470
469
468
467
470
472
472
472
471
469
473
472
471
470
469
471
472
471
473
474
474
475
473
473
472
471
470
468
467
466
469
472
476
480
478
475
474
475
472
476
478
480
480
481
478
477
478
478
480
479
480
482
482
482
485
484
483
483
480
480
482
484
487
489
485
483
485
483
481
481
481
480
482
483
483
482
475
475
