0.0007610344827586207 0.0006586206896551723
300
298
293
288
285
281
278
274
269
267
268
267
264
263
259
258
258
256
257
256
257
257
254
254
253
254
255
252
256
255
255
255
252
252
250
248
245
245
248
247
246
247
246
246
244
245
242
241
239
239
240
237
237
235
232
233
233
232
233
234
234
234
231
231
232
232
231
228
227
226
222
222
224
226
224
224
226
227
226
223
223
222
222
220
219
220
222
225
225
224
225
222
222
222
222
222
222
222
224
228
227
227
223
221
219
221
223
223
222
222
221
219
219
218
220
222
223
220
219
218
215
220
222
220
221
220
218
217
215
216
213
213
210
209
209
211
213
214
216
216
215
213
214
212
211
211
211
213
212
213
214
214
215
214
214
214
212
212
211
209
209
208
208
209
208
207
207
205
206
206
206
206
202
202
199
196
196
197
197
198
200
200
202
202
203
204
204
204
204
205
206
206
206
205
207
207
205
204
204
205
202
202
204
205
203
202
202
203
204
202
200
201
202
203
203
202
204
202
203
202
202
202
202
202
204
204
203
203
202
201
200
199
199
200
199
198
199
201
201
202
198
197
199
199
199
199
199
200
200
199
198
199
202
199
201
203
202
202
202
199
198
198
198
198
199
197
195
196
195
194
191
193
195
197
197
195
195
195
195
194
193
192
194
195
197
196
196
196
196
196
193
195
197
197
196
195
194
194
196
197
198
198
195
193
192
193
193
193
194
194
190
190
190
190
192
193
194
194
197
197
198
200
198
200
198
200
201
201
203
201
200
202
202
200
200
198
199
198
196
196
196
196
198
198
198
197
198
195
194
193
192
194
196
198
197
198
201
200
197
197
197
197
196
197
196
197
197
197
197
200
198
198
198
196
195
195
196
199
198
198
199
197
196
196
195
196
196
195
194
194
194
194
194
194
195
195
193
194
192
193
194
193
196
194
194
192
190
191
193
196
194
194
193
191
191
192
192
193
195
194
195
198
197
199
198
198
197
198
199
199
199
198
197
194
193
193
195
196
196
195
196
197
196
195
195
193
192
192
193
192
192
190
189
189
190
190
191
194
195
195
195
195
195
195
190
191
191
190
188
190
191
191
193
195
197
196
196
196
194
194
195
194
196
196
196
196
195
198
193
190
190
190
190
191
189
189
187
188
189
188
189
191
190
188
188
188
189
192
195
195
194
194
193
192
192
194
194
193
194
196
199
198
196
196
196
194
192
189
189
189
190
190
192
193
194
193
195
195
195
193
193
193
191
192
193
194
192
192
190
190
191
190
192
192
190
192
192
191
193
191
192
192
192
192
190
190
191
191
191
193
192
190
191
192
193
192
193
194
194
194
195
195
195
195
195
195
194
197
196
195
195
196
191
191
191
191
191
190
192
192
192
193
196
193
193
191
191
192
191
195
195
193
193
195
194
194
197
197
194
193
193
193
191
192
193
191
191
192
192
193
193
193
193
194
194
194
194
192
192
191
190
190
189
190
190
188
191
190
189
190
188
189
189
189
191
190
191
193
190
190
190
192
192
190
191
192
194
193
194
195
196
196
197
198
194
192
191
191
192
192
192
192
191
190
189
189
187
185
184
184
183
183
183
184
184
185
184
184
184
185
186
187
185
185
184
185
186
185
187
187
190
189
190
192
192
192
191
191
190
190
191
190
190
192
192
192
192
194
190
190
190
190
191
191
190
188
185
187
185
185
185
186
187
187
186
185
185
186
189
190
189
189
189
189
188
187
187
186
185
186
187
186
188
190
191
193
193
193
192
192
194
193
191
192
190
191
192
192
190
190
189
189
188
187
187
187
186
186
188
189
188
187
187
186
187
188
187
187
191
189
187
185
184
184
184
184
181
180
180
180
180
179
181
182
183
182
182
182
183
181
181
182
183
183
183
183
183
181
181
182
181
181
180
180
179
179
180
180
179
180
181
181
182
182
182
182
183
183
183
184
183
182
183
185
183
183
181
183
183
181
181
181
183
182
183
181
182
181
183
183
182
182
182
182
182
181
181
182
184
184
184
182
182
181
180
180
182
185
183
183
183
184
186
185
186
186
185
183
183
183
182
181
180
180
183
183
181
179
179
179
180
179
180
182
182
183
184
182
178
176
175
175
174
173
173
174
174
174
175
175
175
175
177
177
176
176
175
174
174
174
174
175
175
175
175
174
174
174
176
176
175
176
178
177
176
176
177
177
176
175
174
173
175
174
173
173
173
172
172
172
173
173
173
174
176
175
176
177
175
176
176
177
176
177
177
177
178
176
176
177
176
176
175
176
178
178
177
178
177
179
177
177
176
176
175
174
175
174
174
172
171
172
172
172
173
174
172
173
173
172
172
172
175
172
173
173
173
170
170
170
169
170
170
171
171
172
172
172
171
172
172
172
172
171
171
171
173
173
175
175
169
170
171
169
170
169
167
167
170
169
170
170
170
170
170
170
169
167
168
170
170
172
174
173
173
173
173
171
172
170
169
169
170
169
170
169
168
168
167
168
169
169
169
170
170
170
173
174
174
172
171
169
169
167
168
168
168
168
169
172
173
170
169
168
166
165
169
170
170
167
166
166
164
165
165
164
165
166
166
167
167
166
166
164
163
163
163
165
164
166
167
167
167
168
168
167
166
164
164
164
165
165
167
167
165
165
166
167
168
168
169
169
170
170
170
169
167
166
166
165
165
165
164
164
164
165
166
167
167
168
168
168
169
170
170
172
173
170
171
172
170
171
172
171
170
171
171
170
170
167
169
169
168
168
169
168
169
169
168
172
171
170
171
171
172
172
170
170
171
172
172
175
175
174
172
173
171
169
168
167
168
168
168
166
168
168
169
168
168
170
170
170
170
170
171
171
170
169
171
170
172
174
173
172
170
168
171
170
170
171
171
172
172
171
172
170
170
169
169
169
169
170
170
171
171
170
170
170
169
170
170
170
169
170
170
169
166
167
167
167
167
167
167
168
167
167
168
168
168
166
166
168
168
168
170
168
170
172
173
173
171
172
171
171
169
168
166
170
171
169
170
166
165
164
163
163
163
163
163
163
164
164
164
166
170
170
170
170
169
170
169
170
166
163
163
162
161
162
161
159
160
160
160
159
160
161
161
161
163
164
162
162
161
161
161
163
163
164
163
165
165
164
165
165
163
162
163
163
163
166
165
164
164
163
164
165
164
164
164
163
165
166
165
166
167
167
168
169
170
171
173
172
171
171
168
169
167
168
168
168
167
166
167
166
167
167
168
168
169
169
171
171
172
171
170
169
171
170
172
172
169
167
168
169
169
171
171
171
171
171
172
172
171
170
168
168
168
169
166
165
164
166
166
166
166
166
165
165
164
164
163
163
165
166
166
167
167
166
166
165
167
167
166
165
168
168
169
172
172
173
174
171
170
172
172
170
170
171
170
171
171
170
171
169
171
170
170
170
170
169
167
167
166
165
165
165
166
166
166
169
168
170
168
170
170
168
169
169
170
169
171
170
170
172
173
173
174
173
175
175
174
175
176
176
175
175
176
175
174
173
172
173
174
172
172
172
173
173
173
171
170
172
169
169
170
167
167
168
170
169
168
167
167
168
166
165
166
166
167
167
169
169
169
168
167
166
165
164
164
164
164
163
163
163
163
165
166
167
166
165
164
164
163
166
166
164
164
163
165
166
165
164
166
166
166
167
167
166
166
167
166
162
164
163
162
162
163
165
165
164
164
164
165
164
163
163
165
165
164
163
162
163
162
163
163
162
163
163
163
163
163
163
165
165
165
166
166
167
166
166
163
166
163
164
163
164
165
166
165
167
166
166
166
167
167
167
167
171
172
173
170
169
169
168
167
167
166
166
168
168
169
170
170
167
166
165
165
165
162
161
161
161
161
161
165
165
165
167
164
162
165
165
165
166
166
166
167
165
164
163
163
163
164
166
165
163
163
164
164
163
163
163
162
162
163
163
162
163
164
164
164
163
163
164
164
164
165
166
164
163
163
163
164
164
165
164
163
162
162
163
164
164
166
166
165
165
163
163
163
163
162
162
162
163
163
164
163
162
162
162
160
160
162
162
161
163
165
165
163
163
163
162
162
162
162
163
163
163
163
163
164
163
165
166
164
164
165
165
166
166
167
168
168
168
169
168
168
169
171
171
170
168
168
167
166
163
167
166
167
165
165
165
165
165
166
164
166
165
165
164
164
165
168
169
168
165
165
165
165
164
164
166
166
166
166
165
165
167
166
168
166
163
163
162
162
163
165
164
162
162
162
160
158
158
159
160
161
160
161
161
160
161
161
162
163
163
163
163
161
160
162
162
162
162
162
161
160
160
159
157
156
156
156
156
156
155
156
156
156
156
156
156
157
156
157
157
157
155
157
158
158
157
157
156
156
155
156
156
155
155
155
155
155
156
156
157
157
156
153
154
154
154
154
155
154
153
153
153
151
153
153
152
152
154
154
153
152
154
156
157
155
157
157
160
160
160
159
159
157
157
157
156
157
158
157
157
158
158
159
158
158
160
159
158
156
154
154
153
153
153
153
154
156
155
154
153
154
154
154
153
153
154
154
154
154
154
154
154
154
151
152
151
151
155
154
152
152
153
154
152
153
151
151
150
150
150
151
150
151
150
151
152
153
155
152
152
151
150
150
150
150
149
150
150
149
152
152
152
152
155
155
154
153
152
149
151
151
150
150
152
152
155
155
156
155
156
155
156
156
156
157
156
157
157
155
154
154
153
152
152
154
154
155
155
156
155
156
155
154
152
150
151
151
151
151
150
152
154
153
152
154
153
154
154
153
150
150
151
150
150
152
150
148
149
150
150
149
149
147
149
149
149
149
150
150
150
150
150
147
147
147
147
148
149
150
149
148
148
147
147
146
146
147
147
147
147
147
147
147
149
149
149
149
149
151
150
149
151
150
151
153
153
152
152
150
150
150
151
151
151
154
154
157
156
154
156
156
154
153
153
152
152
152
151
151
151
151
151
150
150
150
149
148
149
149
147
147
147
147
147
147
147
148
148
148
147
148
149
150
151
149
149
148
149
151
151
149
149
149
149
149
150
150
150
151
151
152
151
152
152
154
156
155
155
154
153
153
149
149
147
147
147
146
145
144
146
146
147
148
148
147
147
147
147
147
149
149
153
151
150
149
149
149
149
149
149
150
150
150
148
147
147
148
148
150
150
149
149
148
149
151
151
151
151
151
150
150
149
148
148
148
148
147
148
149
149
149
148
148
147
147
147
148
148
148
148
147
146
146
148
147
149
148
148
149
149
150
149
147
148
147
148
147
147
148
148
147
148
148
148
147
146
146
146
147
147
146
147
147
150
152
153
153
152
152
149
147
148
147
149
148
148
147
147
147
148
148
148
147
148
147
146
147
147
147
148
146
147
148
150
150
151
150
152
149
148
147
149
150
148
147
148
149
147
147
149
147
148
148
146
143
143
142
143
144
145
147
147
147
147
146
147
148
148
148
147
145
143
144
144
142
143
143
145
142
143
144
144
142
140
140
140
141
140
140
140
140
142
143
143
144
144
142
141
142
143
141
142
141
142
142
143
143
145
145
145
144
144
145
144
144
145
146
148
149
150
151
150
151
150
148
148
148
147
148
146
147
147
147
147
145
145
143
142
141
141
141
141
143
140
140
140
140
140
139
140
141
141
142
143
144
144
144
143
139
139
139
142
143
144
142
140
142
139
140
140
140
140
140
141
142
141
140
142
142
140
140
140
139
139
138
139
139
142
144
141
140
140
140
141
145
145
144
141
141
140
142
140
142
140
142
142
142
143
143
145
145
143
142
142
144
146
146
146
142
144
146
147
144
144
145
144
144
143
145
143
143
143
146
145
146
145
145
145
147
146
146
146
146
146
145
147
146
147
148
146
147
147
147
148
148
148
147
146
146
146
146
147
145
146
147
149
148
145
147
148
146
146
147
148
149
149
149
148
150
150
150
150
149
150
150
148
150
151
150
151
153
151
150
149
150
147
146
146
145
145
143
142
142
141
140
143
143
143
143
144
144
142
141
142
140
139
138
139
140
141
141
141
140
141
142
141
142
141
140
140
139
139
139
138
138
135
135
138
140
138
137
137
137
136
136
138
138
138
138
137
136
137
137
138
137
138
139
138
139
138
140
140
140
138
137
137
138
139
139
138
138
140
140
139
139
140
138
139
138
138
137
138
139
138
139
141
142
141
140
141
143
141
140
139
138
137
136
136
135
135
135
136
137
137
138
139
139
138
138
139
138
137
138
138
141
142
142
144
142
143
144
144
144
147
146
145
143
141
140
138
138
139
139
139
138
137
138
136
136
135
133
133
133
136
135
135
135
135
135
135
134
132
132
132
132
133
133
134
135
135
136
135
136
135
134
133
133
132
132
133
135
135
135
133
134
134
136
136
137
136
137
138
137
137
137
138
139
139
140
139
140
139
138
138
139
138
137
138
139
139
137
137
137
137
137
136
137
137
138
137
138
138
136
136
137
137
138
137
137
139
139
138
138
139
139
136
138
138
140
139
139
136
138
140
141
141
142
143
143
143
142
142
141
140
140
140
139
138
138
139
139
140
140
139
137
137
138
138
138
140
140
141
139
139
139
138
136
136
138
139
138
137
136
137
137
139
139
140
141
141
139
137
137
135
135
135
135
134
134
134
133
133
133
132
132
132
132
132
131
131
131
132
132
133
132
133
134
134
135
136
135
134
136
134
133
134
134
134
134
135
136
135
135
137
136
133
133
132
132
133
134
133
135
135
134
135
135
134
135
136
135
135
135
136
137
138
137
137
136
134
134
133
134
132
133
133
133
134
135
134
133
133
133
134
136
137
135
135
135
136
136
136
136
136
136
135
135
135
135
135
134
134
134
134
134
135
134
134
135
136
136
136
137
137
136
137
138
139
138
139
139
141
140
140
141
140
139
139
138
138
139
138
137
137
134
135
135
138
137
137
137
137
138
138
139
138
138
139
139
140
139
139
140
139
138
137
137
137
138
138
138
136
137
136
136
136
136
136
136
137
139
136
136
137
138
137
139
140
140
139
138
139
138
137
137
137
137
134
133
133
134
132
132
134
135
135
135
135
136
138
136
135
135
135
136
136
137
138
139
139
138
137
137
136
136
135
136
134
133
133
133
133
132
133
134
133
134
133
131
133
132
132
131
130
131
131
131
134
133
133
132
132
132
134
133
132
132
132
132
132
132
133
135
137
138
138
137
136
132
133
133
133
132
132
131
130
130
129
129
130
130
131
130
130
129
129
129
129
129
129
129
129
128
128
128
128
127
127
126
127
127
128
127
128
128
128
128
127
129
129
129
130
129
128
128
129
129
129
129
129
129
127
128
128
130
130
130
132
132
132
133
133
131
131
131
131
132
132
131
132
131
131
130
131
131
132
131
131
133
132
132
131
132
130
130
129
130
129
129
129
129
128
128
128
129
130
132
131
133
132
132
133
133
132
132
133
131
130
129
129
129
130
131
133
134
134
133
133
133
134
135
134
134
134
133
134
133
134
135
137
137
135
135
136
134
135
134
134
135
135
135
136
136
135
135
136
136
135
134
133
134
136
135
137
138
140
140
140
139
138
138
140
140
140
142
142
140
141
142
139
139
139
137
139
140
141
139
137
136
135
134
135
133
133
132
133
132
131
132
132
131
133
133
134
131
129
128
128
126
128
128
129
128
127
129
129
129
129
129
131
131
129
129
129
128
128
128
128
129
130
130
131
130
130
130
132
136
135
134
134
135
135
136
136
136
137
138
139
139
138
138
135
139
137
137
136
135
133
134
135
135
135
133
135
135
134
132
132
134
136
135
135
135
134
133
134
134
134
134
134
131
133
134
133
131
133
132
132
131
131
132
132
133
133
133
134
134
133
132
131
129
130
129
129
130
132
132
132
132
131
131
131
133
132
132
131
130
131
131
134
135
135
135
135
136
135
134
134
135
133
134
133
132
133
133
133
132
132
131
129
130
129
132
133
133
134
131
131
133
132
130
131
131
131
130
130
130
131
132
134
134
135
134
134
134
132
133
132
132
131
131
130
130
131
131
130
130
132
131
131
130
129
130
130
128
129
129
130
128
127
127
127
127
127
127
127
128
127
127
126
127
128
128
128
128
128
128
128
129
129
128
127
127
127
128
127
128
127
127
127
127
128
127
128
128
127
127
126
125
126
126
127
127
127
128
128
128
128
129
130
131
129
130
130
128
128
127
126
126
127
126
126
127
127
127
127
127
126
127
127
127
127
126
126
126
127
129
126
125
125
125
124
127
126
126
126
126
125
125
124
125
126
127
126
126
127
127
126
125
125
125
123
124
124
124
125
126
126
126
126
126
126
125
125
125
125
124
124
124
124
124
123
123
123
123
124
125
125
126
127
127
127
127
129
130
131
130
129
128
127
127
127
127
127
127
127
126
126
127
127
127
128
128
127
127
127
128
128
128
129
130
130
130
129
131
131
131
135
134
133
131
130
132
132
132
127
129
130
130
130
130
127
127
125
124
123
124
123
124
125
127
127
128
128
128
128
128
129
133
131
130
129
130
131
132
131
130
130
127
127
128
127
127
127
127
127
125
125
125
124
126
126
126
126
125
125
125
125
126
126
126
127
127
126
125
124
125
125
125
126
127
128
128
127
127
127
128
128
128
128
129
129
128
129
129
127
129
127
127
126
129
129
128
129
128
128
131
131
129
127
125
125
125
124
122
121
120
121
122
123
125
125
124
124
124
124
124
124
124
122
122
122
122
122
121
121
122
121
121
121
121
121
122
122
122
124
124
125
126
127
127
128
128
127
125
125
123
123
123
124
124
123
123
124
124
125
126
126
127
127
127
127
126
126
123
125
125
124
123
122
122
124
124
124
124
125
123
126
126
126
127
129
128
128
127
127
124
125
125
124
126
126
125
127
127
128
128
128
128
128
128
129
128
127
126
126
125
125
125
127
126
126
126
124
125
129
128
128
128
128
128
128
128
127
127
126
127
128
129
129
129
130
129
127
127
126
124
125
123
123
123
123
122
122
122
123
122
122
121
121
121
121
121
121
121
121
122
122
122
122
123
124
125
124
124
125
124
125
127
127
126
126
126
126
125
125
125
125
126
124
123
123
123
122
123
122
123
125
125
122
123
121
122
123
124
123
123
122
122
121
122
123
122
122
123
123
122
122
123
123
126
126
125
124
123
123
124
123
124
124
124
125
125
125
125
126
128
127
125
125
126
127
126
125
123
123
123
122
124
125
125
126
126
126
125
124
122
121
121
120
120
120
120
120
120
119
118
120
120
122
122
124
124
123
125
124
125
126
126
125
124
121
119
119
119
118
118
119
120
121
121
123
122
122
121
121
121
121
121
121
121
121
123
121
122
122
124
121
122
121
123
124
125
123
121
119
119
119
119
119
119
119
120
120
121
122
121
121
122
122
122
123
122
123
124
126
126
126
127
128
128
127
127
126
127
125
124
125
124
123
122
123
123
122
123
123
123
123
121
120
122
122
122
121
121
121
123
123
125
125
125
125
124
126
125
125
124
123
123
123
122
122
122
123
122
123
122
122
122
122
121
121
121
120
120
121
121
121
121
121
120
120
120
121
121
121
122
122
122
122
124
124
125
123
123
123
123
123
124
125
125
125
126
126
126
127
128
129
129
129
127
125
123
123
123
122
125
125
124
125
124
124
125
126
127
126
124
124
124
124
124
125
122
123
124
125
125
125
126
127
127
127
127
128
127
128
127
127
126
126
126
126
127
127
127
126
126
126
125
126
127
127
129
129
129
129
129
127
127
128
129
129
129
130
130
130
132
133
133
132
132
131
131
132
131
131
129
129
129
130
130
131
130
131
131
133
132
132
132
134
134
135
135
134
135
134
135
132
130
129
130
130
130
130
129
129
129
129
132
131
131
131
132
132
130
131
128
126
123
124
122
123
123
123
122
123
123
125
125
126
126
126
127
127
128
127
127
127
128
128
128
131
130
129
130
131
130
131
130
131
132
134
133
133
130
130
130
129
130
129
130
132
132
132
131
131
130
132
131
129
127
129
128
128
127
127
128
128
128
128
128
127
128
126
126
126
126
126
126
125
125
126
128
128
128
126
128
129
128
127
126
126
125
125
123
123
123
123
125
125
125
123
123
122
122
123
123
123
123
124
125
127
126
125
125
123
123
124
124
124
124
123
121
121
122
122
124
124
125
126
127
126
126
126
125
125
126
126
127
127
127
128
129
128
128
128
128
130
128
129
126
126
127
126
126
129
128
128
128
127
127
128
129
128
127
125
127
127
126
127
129
130
129
130
131
132
132
131
128
127
127
126
126
126
126
126
127
128
128
127
127
127
127
127
127
129
129
130
130
131
133
133
133
133
134
133
133
135
134
134
136
134
134
135
133
134
134
133
133
133
130
130
131
129
128
127
127
127
126
126
126
128
129
128
128
128
129
129
129
129
129
128
128
129
127
127
127
127
128
129
132
132
129
129
129
130
129
126
126
128
128
126
127
128
129
129
127
127
125
125
126
126
126
128
128
126
127
126
127
128
129
129
129
128
128
130
130
131
131
132
132
133
132
131
132
133
133
132
130
129
128
130
129
129
129
127
127
125
124
124
122
125
124
125
125
124
124
124
124
128
128
126
127
128
128
127
129
129
128
128
127
130
132
130
129
130
130
130
129
129
130
131
130
128
129
126
126
126
126
126
127
128
127
129
130
130
128
129
127
126
125
125
125
125
126
126
127
127
127
125
127
126
126
126
124
124
122
122
122
122
122
122
123
124
125
128
129
127
125
124
125
125
125
124
125
126
125
123
123
124
124
126
126
126
126
124
123
123
122
122
122
124
124
122
122
123
123
122
120
120
121
120
119
120
120
122
121
121
121
121
118
118
118
117
117
117
118
118
119
119
119
119
120
120
120
120
120
121
120
121
121
121
121
123
124
124
124
124
123
124
124
124
125
126
123
122
122
122
121
122
122
122
122
122
122
122
121
122
123
123
123
123
125
126
126
126
124
123
123
123
124
122
121
121
123
122
122
122
122
122
123
122
123
123
122
123
123
123
123
121
121
122
122
122
122
121
122
122
122
122
124
125
124
124
123
124
126
127
127
127
127
128
128
129
128
126
126
125
125
126
125
124
124
123
123
123
123
123
123
122
123
123
123
123
124
125
124
127
125
125
125
125
124
123
123
124
123
124
123
122
122
122
121
120
121
120
120
120
119
119
120
120
122
124
124
123
124
125
124
124
124
127
127
127
125
124
124
123
124
124
122
121
121
122
122
125
126
126
127
127
128
128
128
128
128
128
126
123
124
124
124
124
123
123
123
125
125
126
125
124
123
125
124
122
123
122
124
123
125
125
127
127
127
125
124
124
124
127
127
127
128
128
128
127
