0.001 0.0009317241379310344
300
295
290
284
279
280
274
269
270
267
267
267
266
264
265
262
258
254
256
254
252
250
245
244
242
237
236
237
233
231
231
232
231
229
227
227
228
230
231
229
230
230
228
228
225
227
223
221
218
214
215
214
212
213
213
211
211
212
212
211
211
210
209
209
207
206
204
204
205
204
204
203
204
204
204
203
203
203
203
205
206
205
205
205
207
207
207
207
204
204
205
204
202
202
204
207
207
206
205
211
212
211
212
211
209
208
208
207
207
206
205
207
208
208
208
207
208
205
204
202
202
203
202
202
201
199
199
198
198
197
197
196
196
195
193
194
193
192
192
188
188
188
189
190
190
189
186
185
185
184
188
189
191
189
190
190
190
190
189
189
187
186
185
187
186
188
187
187
186
187
189
190
189
190
190
189
189
188
188
186
185
185
185
185
184
186
187
187
190
191
191
190
192
191
195
193
192
194
193
194
195
195
195
194
193
192
193
191
192
192
189
188
187
187
187
190
189
189
190
189
189
186
187
186
184
183
182
182
181
179
181
178
176
176
176
177
178
178
178
179
180
178
181
181
178
178
178
178
176
176
175
175
177
177
177
177
176
177
175
176
176
176
174
174
173
173
173
173
173
173
175
176
176
175
177
178
177
179
178
179
181
178
180
179
180
179
178
178
180
178
176
174
175
173
172
172
172
172
173
173
173
174
172
174
177
176
175
174
174
174
174
175
174
174
172
172
171
171
168
167
169
169
169
170
171
171
172
171
171
171
170
171
171
171
172
168
168
168
169
170
172
172
171
170
173
174
172
174
173
172
169
167
168
167
169
165
163
165
165
166
166
168
169
171
171
172
173
171
173
173
172
172
172
171
172
172
172
173
171
172
170
170
169
168
169
170
168
169
169
167
165
164
163
162
163
162
162
162
160
160
161
160
161
160
160
158
159
158
158
159
159
159
159
159
160
162
162
163
162
160
159
160
161
160
162
163
161
163
165
164
164
164
163
163
164
165
166
167
167
166
167
167
167
168
168
169
167
166
164
164
165
162
161
161
159
159
159
158
159
158
159
160
161
160
159
159
159
161
162
165
163
163
164
166
165
163
162
162
164
165
165
163
165
164
164
165
165
165
165
164
164
163
164
164
165
163
164
164
163
163
164
166
166
168
168
169
169
169
169
168
170
171
171
170
171
170
170
170
168
168
167
167
167
167
168
168
167
168
167
167
164
166
166
166
165
163
163
163
163
164
164
163
166
165
165
163
163
163
163
163
163
162
163
162
162
161
160
161
161
162
162
162
162
165
166
165
164
163
163
166
164
162
162
160
161
162
164
162
162
162
163
164
165
166
167
166
166
166
167
168
169
168
167
167
167
165
166
167
166
165
166
166
164
162
163
164
163
164
162
162
162
160
160
163
164
165
164
164
162
163
164
164
164
163
164
164
164
162
161
163
162
162
162
162
161
161
163
165
166
169
165
166
166
167
164
164
165
165
168
168
168
169
170
169
167
165
165
165
164
165
163
163
163
164
164
165
164
164
164
163
163
163
164
167
168
168
168
168
169
169
168
167
168
165
165
165
165
165
166
165
165
165
166
166
164
164
162
161
161
160
161
162
161
159
161
161
163
161
161
162
160
161
161
161
160
159
159
158
160
162
163
165
164
163
162
162
161
161
160
158
158
157
158
157
158
159
159
159
160
161
162
160
159
158
159
159
158
157
158
158
159
160
159
158
156
156
157
156
157
156
156
155
155
155
158
158
157
158
157
157
156
157
157
157
157
157
156
157
157
154
155
154
154
155
155
154
153
152
151
153
153
152
151
151
150
150
150
149
149
149
151
153
152
153
153
153
154
153
154
154
152
153
153
153
153
152
152
152
152
151
150
149
149
150
149
149
149
149
150
149
149
149
151
150
150
149
150
151
151
153
153
152
153
155
155
155
153
150
151
151
152
153
153
153
153
153
154
155
155
155
154
155
155
156
157
159
158
158
158
160
160
158
158
159
159
159
159
159
159
158
159
159
158
158
158
156
156
156
156
156
154
154
153
154
152
154
155
154
154
154
154
154
155
154
155
155
155
156
155
153
154
153
153
155
153
152
151
153
153
153
154
153
153
154
153
153
152
152
150
151
151
153
153
154
151
154
157
158
157
158
159
160
160
159
158
159
158
158
158
159
159
159
159
159
159
161
159
160
158
159
159
159
160
160
161
161
160
162
162
162
161
162
160
158
159
160
160
163
162
159
156
155
154
154
153
153
153
153
154
153
154
155
155
155
155
156
155
155
156
156
156
156
155
155
155
155
157
161
159
157
156
156
156
159
157
155
154
153
153
154
154
156
156
155
155
155
155
155
153
150
153
153
151
153
154
155
155
156
157
157
159
161
160
159
158
158
156
156
156
155
154
152
152
153
155
155
155
155
156
155
156
157
156
158
156
156
157
154
155
156
154
154
153
154
152
152
154
154
156
156
153
152
151
152
152
153
153
152
155
152
151
151
149
147
147
147
147
148
148
149
151
151
150
149
149
150
150
150
149
149
151
151
151
152
152
152
152
152
152
154
154
155
151
152
152
152
150
150
150
149
150
151
150
150
151
151
152
152
152
151
151
151
151
152
150
150
149
148
148
148
148
148
150
150
150
152
153
155
155
155
155
157
156
156
156
156
156
155
149
150
149
151
151
152
154
155
157
157
155
155
153
153
153
152
149
148
148
147
145
146
148
148
150
150
151
153
153
152
152
152
152
152
151
152
151
152
152
152
150
150
149
150
149
148
145
145
146
145
145
143
142
142
142
143
144
144
144
145
148
146
145
145
145
145
144
144
144
145
144
143
143
142
143
142
143
143
143
144
144
145
147
148
150
150
149
149
145
144
144
146
146
149
150
150
150
148
146
147
145
145
145
146
146
146
145
145
144
144
144
144
145
144
145
145
145
145
145
147
147
149
149
150
149
150
150
149
150
147
147
147
146
145
146
147
147
148
147
144
144
144
147
146
146
146
147
147
146
146
146
147
146
146
145
146
144
143
143
143
143
141
139
141
141
142
142
141
139
138
138
138
138
139
139
141
143
145
145
146
147
146
145
144
143
143
143
143
142
141
140
140
139
141
139
138
136
135
133
134
135
135
137
136
138
138
137
138
138
139
139
140
140
139
138
137
137
137
137
137
137
136
136
138
141
141
142
142
140
141
140
140
140
140
141
140
141
140
140
142
140
140
140
139
139
139
139
143
143
142
142
142
142
142
140
138
139
139
140
140
142
142
141
143
143
143
142
142
141
142
142
141
139
139
138
137
138
139
140
139
139
138
138
139
138
137
138
142
142
142
141
141
139
137
137
137
138
137
137
137
139
140
141
141
140
140
139
140
138
137
138
138
138
137
138
137
136
136
134
133
133
133
134
134
132
132
132
133
134
134
133
132
133
133
133
133
133
133
133
133
133
133
133
134
135
135
136
135
135
134
134
134
135
135
134
135
134
134
134
132
132
131
132
132
133
133
133
132
132
132
134
134
134
134
134
136
136
136
134
135
137
136
136
137
136
136
138
138
138
138
135
133
134
135
135
135
136
138
138
138
136
136
135
134
134
134
133
135
133
134
134
134
135
135
136
136
136
136
136
135
134
136
137
137
138
138
137
137
135
136
136
137
137
136
136
136
136
136
137
137
136
136
136
134
137
137
137
137
136
137
138
138
138
138
138
137
136
136
135
134
135
135
133
133
134
133
133
133
134
133
133
132
135
136
135
136
139
140
139
140
138
136
136
136
137
137
136
136
136
136
136
138
139
138
138
141
143
142
142
142
141
143
145
143
140
139
137
136
135
135
134
133
132
133
133
134
131
132
131
131
130
130
130
131
131
131
131
131
132
133
135
135
135
136
135
136
135
134
133
133
133
134
132
132
132
132
132
132
132
132
132
134
133
132
132
132
133
132
133
133
133
133
133
134
134
132
133
133
131
130
132
132
133
133
132
132
132
131
132
130
130
129
129
128
128
128
128
128
127
128
128
128
128
127
128
128
126
126
126
125
123
124
125
126
126
128
128
129
128
128
131
130
132
133
134
134
132
130
130
128
128
128
128
129
129
130
129
129
129
128
127
127
128
129
129
128
125
123
123
123
123
123
123
125
128
128
128
128
128
128
128
129
130
131
131
132
131
130
131
131
131
131
130
129
128
129
130
130
129
131
131
130
127
128
129
130
132
130
130
130
130
130
130
133
134
133
133
133
134
134
133
133
132
132
132
131
129
129
129
128
128
128
129
129
127
129
128
128
128
127
129
129
128
127
128
128
125
125
127
128
127
127
126
125
125
125
125
127
128
129
130
129
129
129
129
129
129
129
128
127
127
127
126
127
125
125
126
126
125
125
127
127
129
129
128
128
129
130
129
127
127
127
126
126
127
127
128
128
128
127
128
129
127
126
126
125
127
126
127
127
125
125
126
126
126
126
127
127
128
129
128
129
129
126
125
125
126
128
128
130
130
129
129
130
132
131
131
134
132
129
129
126
125
124
124
124
125
126
125
125
124
125
125
124
124
124
125
125
126
126
127
130
131
132
131
131
131
128
128
128
127
127
128
128
126
125
127
127
127
127
127
125
126
127
127
129
128
129
128
129
128
130
132
131
131
132
132
131
131
131
128
128
127
126
125
126
126
126
127
127
126
125
125
125
127
127
127
127
130
130
130
129
130
128
128
128
129
127
128
127
128
128
127
127
128
129
127
127
128
128
128
127
127
129
129
130
130
130
131
132
130
129
128
128
129
128
128
128
127
126
126
125
126
126
125
126
126
126
125
124
124
124
124
123
123
125
126
126
125
127
127
126
125
126
125
126
125
125
126
126
126
126
125
126
127
129
130
131
131
132
130
131
131
131
128
128
129
129
129
131
131
132
132
132
131
132
131
131
130
129
130
130
129
130
129
128
128
128
128
130
130
130
130
130
129
127
124
124
124
124
123
122
122
121
121
121
122
123
123
124
125
127
127
127
129
130
130
130
129
129
130
128
127
128
129
129
129
127
126
127
124
124
124
124
124
125
125
124
124
123
121
121
121
120
121
122
122
123
122
122
122
122
122
122
122
122
122
122
122
123
122
121
121
120
120
120
121
122
121
121
121
122
123
122
122
121
121
120
119
118
118
118
118
119
119
120
120
120
120
120
119
119
118
118
119
119
119
118
119
119
119
122
123
123
124
125
125
127
127
127
128
126
125
125
125
125
126
125
123
124
123
123
122
123
123
120
120
120
120
121
122
122
122
122
122
120
117
117
117
119
120
118
118
117
116
118
116
116
116
117
117
117
117
115
114
112
112
112
112
112
112
111
110
111
113
114
114
115
115
114
115
116
117
117
116
116
117
117
117
117
116
114
114
114
115
114
114
114
114
114
115
117
116
116
115
115
115
116
115
118
117
117
117
117
118
118
120
119
117
117
117
118
119
119
120
121
121
121
121
123
122
120
119
119
119
121
120
120
118
117
117
117
119
116
116
116
117
117
117
117
117
118
119
118
119
117
119
118
121
119
119
119
119
119
119
120
119
119
118
118
116
118
119
121
121
121
122
121
120
120
120
121
120
120
123
123
124
122
122
122
124
122
122
122
121
121
121
120
120
121
120
119
119
121
122
122
122
122
120
121
121
121
121
120
119
118
118
120
121
121
121
122
122
121
122
122
120
121
122
123
121
121
121
121
120
118
118
118
117
118
118
119
119
118
118
118
119
118
118
120
119
120
121
121
120
120
120
121
122
121
122
123
123
121
122
121
121
121
121
123
123
123
123
122
123
124
122
122
122
122
122
123
124
123
124
124
124
126
126
125
125
124
124
123
123
122
122
122
121
120
120
121
121
121
121
121
124
123
121
121
121
121
123
125
125
125
126
126
126
126
124
123
123
123
121
119
119
119
122
124
125
123
122
120
120
119
118
118
118
119
122
119
120
120
120
119
116
117
116
115
115
115
114
114
114
114
114
113
113
113
115
115
116
116
116
115
116
116
116
118
118
118
118
117
119
120
121
121
121
121
120
121
121
120
120
119
119
119
120
119
120
119
118
118
119
118
117
117
117
117
118
118
117
116
116
116
117
115
115
115
115
115
113
113
114
114
113
113
113
113
113
112
112
111
110
110
111
111
111
112
115
116
115
115
114
114
116
116
116
119
118
118
117
117
117
117
118
118
116
116
116
116
116
116
116
117
115
115
116
116
116
116
115
114
114
115
115
114
115
116
118
119
119
119
117
117
116
117
116
116
116
115
114
115
114
115
118
119
118
119
116
117
118
118
118
117
117
117
116
115
116
115
116
118
118
120
119
119
119
119
120
120
120
120
122
122
121
122
121
121
121
120
120
119
119
120
120
121
122
123
122
122
122
120
120
119
118
119
119
118
117
116
115
113
112
112
111
111
110
110
112
112
112
112
113
113
113
114
114
114
113
114
115
114
114
112
112
113
113
114
113
115
115
115
116
116
116
116
115
115
115
115
114
113
113
112
113
112
112
112
113
113
113
113
113
114
115
117
118
118
117
118
118
118
118
117
117
117
117
116
116
117
116
117
116
115
115
117
116
117
117
115
115
114
113
114
114
114
115
116
116
116
115
114
115
116
115
115
115
115
114
114
113
112
112
114
114
113
114
114
112
114
114
113
114
116
117
117
118
120
119
121
122
122
122
119
117
116
116
114
114
115
114
115
113
114
115
115
116
116
117
117
117
116
115
115
116
114
113
114
115
116
116
114
114
113
113
114
111
111
111
111
111
113
114
113
113
113
113
112
111
111
112
114
113
114
112
111
108
108
110
110
107
106
105
107
107
108
107
108
109
109
109
109
108
108
108
109
109
108
109
110
109
110
109
111
112
111
111
111
112
112
113
112
112
111
111
110
109
109
107
109
107
108
108
108
108
108
108
109
109
109
108
108
111
109
108
108
108
110
111
110
108
106
106
107
109
107
107
109
111
110
111
109
109
110
107
108
108
108
107
108
108
108
110
109
110
110
109
108
107
108
109
110
111
111
111
110
112
113
112
111
111
112
110
110
111
111
111
110
109
108
107
106
106
106
105
106
106
106
105
105
105
105
105
107
107
106
106
106
106
106
105
106
107
110
110
110
110
110
108
110
109
110
109
109
110
110
110
110
110
110
111
112
112
111
113
112
112
113
113
115
115
115
115
117
115
115
114
113
111
111
110
110
111
112
113
112
113
112
111
111
112
111
112
111
111
111
111
113
113
113
113
113
114
113
113
113
113
113
112
115
114
111
111
111
112
111
111
111
114
114
114
114
114
115
113
113
113
114
114
114
114
114
114
114
115
115
112
113
114
115
116
117
117
117
117
118
115
114
114
114
114
113
112
112
112
112
112
114
113
112
112
113
112
113
115
113
113
113
113
112
112
112
112
111
112
111
110
110
110
107
107
108
105
105
104
104
104
104
105
105
105
107
106
106
106
106
105
106
106
106
107
106
107
107
106
106
105
105
107
107
107
109
105
105
106
105
105
105
106
107
108
108
109
110
109
109
111
113
112
113
113
112
113
113
110
111
110
109
109
109
110
110
109
109
108
109
109
107
108
107
107
106
106
106
106
106
106
108
107
106
106
103
104
105
105
107
107
107
107
108
106
106
106
106
106
106
106
106
105
104
105
105
105
105
105
105
105
104
103
105
104
105
105
105
105
104
104
103
105
106
106
106
104
104
105
104
104
104
105
103
102
102
102
102
102
103
104
104
105
105
104
103
104
104
104
104
105
106
108
108
105
104
105
105
106
107
106
105
105
105
105
103
104
103
103
104
105
107
107
106
106
105
106
106
107
107
107
106
106
105
106
105
105
108
109
110
109
108
107
109
108
108
106
106
106
107
107
107
108
106
107
107
107
109
108
109
110
110
110
110
111
111
112
113
113
112
111
112
109
108
109
111
111
111
111
113
114
113
113
113
112
112
111
110
108
107
108
106
107
105
106
106
107
108
107
107
110
113
114
114
113
113
111
112
113
113
112
108
107
107
106
106
104
104
103
101
100
101
100
100
100
101
102
103
103
103
103
104
103
104
105
104
103
104
105
105
104
104
105
106
107
107
107
107
106
106
106
106
107
107
106
105
104
103
103
103
104
104
103
104
103
102
102
102
102
101
100
99
98
98
97
98
98
98
97
97
97
97
97
98
98
98
99
99
99
101
101
103
103
104
105
105
103
104
103
102
100
101
102
102
102
104
104
103
103
102
102
102
102
100
100
100
101
102
102
103
101
102
101
103
104
103
103
103
104
104
104
103
103
103
103
104
104
103
103
103
103
103
103
104
105
104
105
106
106
107
109
109
110
110
108
111
112
113
113
112
113
112
113
114
114
111
111
109
108
107
107
106
107
108
107
107
107
106
107
107
106
106
106
106
106
106
105
105
105
105
105
105
106
109
110
110
108
109
109
110
111
108
108
108
109
109
109
109
110
110
112
112
112
111
110
111
111
110
108
107
105
105
105
105
103
103
103
103
103
103
102
102
104
104
104
103
102
102
102
102
102
101
101
102
102
102
103
103
103
103
104
105
105
105
105
104
104
104
104
103
104
104
102
103
103
103
104
104
105
105
106
107
107
108
108
108
108
110
110
111
111
111
112
113
113
112
112
113
113
113
112
111
111
111
111
110
110
110
110
111
112
111
111
110
110
109
110
110
110
109
110
111
111
112
109
109
108
110
109
108
108
109
109
109
109
109
109
108
108
108
108
109
107
108
107
107
108
108
109
109
109
107
107
108
108
105
104
104
104
103
102
102
102
103
103
103
102
103
102
101
100
101
99
100
100
100
100
100
99
98
98
100
100
101
101
101
101
102
102
102
103
104
104
103
103
102
103
105
105
105
104
103
102
101
101
102
101
101
100
100
100
100
100
100
100
100
100
100
99
99
98
98
98
98
98
100
100
101
102
102
102
102
101
99
99
98
97
98
98
99
98
98
98
99
98
97
97
97
98
98
98
97
98
99
99
98
98
97
97
96
96
96
96
96
96
96
96
96
96
96
95
96
95
95
95
96
96
96
97
97
96
97
96
96
96
95
95
95
95
95
95
94
93
93
93
94
94
94
95
95
95
95
97
97
97
98
97
95
96
96
96
96
95
96
97
97
97
97
97
97
96
96
96
96
96
97
99
98
97
96
96
97
97
98
98
98
99
97
98
98
99
100
100
99
98
97
97
97
98
99
99
99
97
96
95
95
94
93
94
94
94
94
97
99
99
96
97
98
97
96
96
96
95
96
96
96
94
94
93
94
93
96
96
97
96
96
96
96
96
96
96
96
96
96
96
95
95
94
93
93
93
93
94
95
95
95
95
95
94
94
94
94
93
93
93
93
93
93
91
91
91
94
95
94
94
95
95
96
96
96
96
95
95
96
96
97
95
95
95
95
96
95
95
94
93
94
95
95
97
98
97
97
96
96
96
96
97
94
94
94
94
94
94
94
94
95
95
95
95
95
94
94
94
94
94
94
94
94
94
94
93
93
92
93
93
94
94
94
94
95
95
94
95
95
95
94
93
94
95
94
94
93
93
93
93
94
93
93
93
94
95
96
96
96
95
95
95
96
98
97
97
97
97
99
98
98
98
99
99
97
99
100
100
100
100
100
100
100
104
103
100
100
100
100
100
99
100
100
101
99
98
97
97
96
96
96
96
96
96
96
96
98
98
98
99
99
99
100
100
101
101
101
100
99
98
99
99
99
99
100
101
100
101
102
102
101
102
101
101
102
101
101
101
99
98
98
95
95
95
96
96
96
97
97
97
97
97
98
96
95
96
95
96
96
97
97
98
98
98
98
98
100
101
101
101
101
101
100
100
101
101
100
100
100
99
99
99
100
100
99
99
99
98
98
96
97
97
98
99
98
99
98
97
98
97
95
97
95
97
97
99
100
99
99
98
98
97
97
97
99
99
99
98
98
99
99
98
98
100
99
99
99
99
100
99
99
100
100
99
99
99
99
97
97
96
97
98
99
98
98
98
99
99
99
99
99
99
100
100
102
102
102
103
103
103
104
104
106
106
106
106
107
106
107
110
110
110
110
110
110
111
111
111
112
111
109
108
108
109
110
111
110
110
108
106
105
106
104
105
105
105
104
102
101
100
102
101
100
100
100
100
100
100
100
101
100
100
101
102
101
100
100
101
100
100
100
100
101
100
101
100
100
100
100
100
101
101
101
101
102
102
102
101
101
101
102
102
102
101
101
101
101
101
101
101
101
102
101
102
102
104
106
107
105
104
103
103
103
103
103
105
106
104
104
104
105
107
106
105
104
103
104
103
103
104
104
104
104
104
105
107
108
108
108
107
107
104
103
105
104
103
103
102
102
102
102
103
104
103
103
104
104
105
105
104
103
101
101
102
102
101
101
102
101
102
102
102
102
102
102
102
103
103
104
104
104
104
104
104
104
104
103
104
104
104
104
106
106
105
104
103
104
102
104
104
103
103
103
103
102
102
102
101
102
102
103
103
103
102
102
103
103
103
104
104
106
106
105
105
105
105
106
106
107
105
105
104
106
106
105
106
105
105
105
105
103
102
102
103
102
102
102
103
103
103
103
104
103
104
105
106
105
104
103
103
104
104
103
103
104
104
103
102
103
103
102
102
102
101
101
104
104
104
104
104
103
103
103
103
103
102
101
102
101
101
102
102
102
103
104
103
104
103
103
102
102
103
103
101
102
102
102
102
102
103
107
107
105
103
102
102
102
101
101
104
104
104
104
103
103
102
102
102
102
104
103
104
104
103
102
102
102
102
102
105
106
107
105
105
105
106
106
106
106
108
106
106
105
103
104
102
101
100
100
103
103
103
103
103
102
102
101
100
101
101
102
103
103
105
107
107
107
106
106
106
107
106
106
106
108
109
109
109
110
110
109
111
111
113
112
111
111
109
110
109
108
108
109
108
107
106
105
105
105
105
106
105
105
104
105
106
105
104
104
104
104
105
106
105
107
107
107
107
107
107
107
104
104
106
105
106
108
109
107
106
106
106
105
106
108
109
107
107
104
103
103
103
104
104
104
104
105
106
106
105
105
105
106
106
107
106
106
105
107
108
106
104
103
102
101
103
102
102
102
101
100
99
99
99
99
99
102
103
102
102
102
101
102
100
99
99
100
102
102
102
103
103
103
106
104
104
103
104
103
102
102
102
102
103
103
103
102
104
104
104
104
104
104
104
104
102
102
102
103
103
102
102
101
102
101
101
101
101
100
99
100
100
102
103
102
102
101
102
102
104
104
104
103
103
102
101
101
101
102
102
102
99
99
100
98
98
99
98
97
98
99
99
99
99
99
98
97
100
99
99
100
100
99
100
100
101
101
100
100
98
98
98
97
97
97
97
98
100
100
