0.0005562068965517242 0.00021482758620689656
300
296
294
287
285
282
279
277
273
272
273
274
275
276
276
275
275
276
276
277
280
278
277
276
277
275
277
280
280
279
277
276
274
276
276
278
281
282
281
282
280
280
280
281
282
282
283
283
287
286
285
286
286
288
288
290
293
294
294
294
291
293
293
294
293
296
295
294
296
298
297
296
297
296
295
298
296
297
297
296
295
296
295
294
294
295
296
295
296
298
298
299
300
303
305
301
301
300
300
300
301
301
301
299
298
299
299
298
298
299
304
303
303
304
304
303
304
304
299
301
303
302
302
300
302
301
302
303
307
305
304
304
304
306
307
309
309
309
311
314
314
313
313
311
312
312
308
309
310
306
306
306
306
308
306
308
308
307
308
306
308
307
308
306
308
310
315
315
316
319
317
315
316
316
318
318
322
320
319
319
320
317
319
319
321
321
323
320
326
326
324
324
325
324
320
321
321
320
320
319
319
318
319
320
321
320
319
321
322
321
322
322
321
318
318
315
313
312
311
312
314
315
313
315
316
320
316
316
316
317
316
316
314
314
314
313
314
313
314
314
315
317
317
318
319
318
317
315
317
318
316
315
316
316
316
318
317
317
320
319
318
317
318
320
321
321
322
324
325
324
327
326
324
325
326
325
326
323
323
323
323
328
331
336
335
335
337
334
332
332
331
332
334
336
337
335
332
331
328
329
330
329
330
329
328
332
332
329
328
328
329
331
329
327
328
327
326
327
327
326
325
326
326
328
328
328
330
332
331
332
332
333
335
335
336
337
338
336
336
336
336
336
335
335
333
335
334
337
338
340
339
335
335
337
336
335
333
335
335
335
332
333
333
331
330
330
331
335
333
333
333
332
331
329
328
329
330
331
333
332
332
331
332
332
330
328
328
332
335
335
334
334
336
334
331
330
330
331
331
331
332
331
330
332
333
332
334
335
334
331
333
336
335
335
335
337
337
336
334
335
333
334
333
334
335
336
334
334
333
335
335
335
333
335
335
332
334
334
334
333
334
336
335
335
335
334
333
332
329
329
328
329
328
331
333
334
336
335
336
334
335
337
339
341
341
341
340
340
339
336
336
340
339
340
339
340
338
336
338
337
336
336
336
338
338
336
333
336
335
335
336
336
338
340
342
340
344
344
342
342
341
341
343
342
343
345
344
347
346
348
347
349
350
350
348
348
347
348
350
350
350
353
356
356
355
355
354
353
351
355
355
354
351
351
352
351
352
353
352
351
349
349
349
350
350
351
354
355
354
356
355
357
360
363
359
359
358
355
354
353
354
353
355
356
357
354
354
354
353
355
357
356
359
361
360
361
361
360
357
354
354
354
356
356
355
354
355
356
356
357
354
355
355
361
364
362
365
365
364
363
362
362
363
363
359
360
360
361
361
362
364
364
365
363
364
365
366
365
366
364
363
365
362
361
359
361
356
358
357
359
361
358
357
358
358
358
357
355
354
354
354
354
355
354
354
355
359
359
359
358
360
363
362
360
363
364
363
361
361
361
364
365
361
364
366
365
363
361
360
360
359
356
356
357
355
356
357
357
357
358
358
360
358
360
358
359
361
359
359
360
360
359
361
359
358
359
362
360
360
362
363
361
361
359
359
360
361
363
362
360
363
364
362
361
359
359
359
361
360
360
359
360
364
366
367
369
369
369
369
368
370
369
368
368
369
370
371
373
375
375
374
372
371
371
369
369
364
365
367
367
367
367
369
368
369
370
371
371
371
370
370
375
374
375
377
377
375
377
378
377
379
381
381
383
382
382
382
383
383
384
384
383
384
382
381
379
382
383
381
381
380
380
382
381
381
381
383
381
379
379
380
381
379
380
378
380
377
377
377
379
380
378
377
378
379
382
384
385
386
387
387
386
386
383
384
383
380
380
381
383
386
384
387
385
382
384
383
384
384
385
387
386
385
384
387
387
387
389
388
388
389
389
391
388
390
393
392
389
389
391
390
391
392
391
392
392
394
394
391
390
391
392
393
391
391
393
392
389
389
390
392
392
390
389
387
391
389
391
392
389
390
388
388
389
388
388
386
388
389
391
388
389
389
389
391
392
395
394
393
396
395
395
393
392
391
388
389
390
390
390
391
390
392
388
390
391
391
393
390
388
384
383
387
388
386
387
388
386
386
385
386
389
387
385
384
384
384
385
385
384
384
386
387
386
385
387
389
388
389
388
387
389
387
385
387
386
386
386
383
385
384
386
386
386
383
384
385
387
385
383
382
384
383
386
388
387
387
388
389
391
392
388
389
394
393
392
392
391
390
391
395
397
394
392
395
393
394
392
391
392
393
392
396
393
392
391
391
393
394
395
395
396
394
394
394
394
396
398
398
397
397
397
397
398
398
401
402
402
403
403
404
406
407
406
403
402
403
405
405
406
405
405
403
403
404
402
401
403
403
404
404
403
404
401
401
400
400
403
402
402
408
408
407
403
404
406
407
411
409
410
408
409
411
414
414
413
408
409
409
411
411
408
409
409
408
411
410
409
408
411
411
410
414
412
415
413
413
413
411
415
414
416
416
412
412
413
413
415
417
417
413
413
412
411
412
410
411
411
410
410
410
410
411
408
405
407
407
406
403
402
404
407
407
406
404
403
401
403
404
404
405
406
406
407
407
409
405
403
403
403
406
407
408
406
402
407
405
404
406
405
407
405
406
405
405
405
409
408
410
410
411
410
407
407
409
411
412
411
411
410
408
409
406
406
408
409
410
412
413
414
413
415
416
413
413
413
414
414
418
417
420
421
422
421
421
419
418
419
418
417
416
416
412
414
413
413
414
415
413
414
411
413
414
415
417
418
419
422
417
416
416
414
412
413
413
411
412
415
415
414
415
415
416
418
417
418
417
417
418
416
418
420
417
419
417
416
417
414
417
419
415
417
417
415
414
416
417
417
419
417
416
417
418
418
416
416
417
418
419
419
423
424
422
425
424
425
426
427
424
422
421
419
422
419
421
423
426
419
420
418
415
415
413
413
416
414
414
415
415
416
414
413
415
418
419
416
415
417
414
413
413
413
410
411
413
413
414
413
410
415
414
415
413
415
414
416
418
415
415
417
410
404
406
408
411
412
411
411
410
414
412
409
410
411
408
409
408
408
410
410
411
411
414
414
413
414
413
413
415
414
419
417
416
414
412
411
415
418
416
415
414
409
411
411
412
413
418
416
419
423
420
421
422
420
418
423
425
424
421
417
418
419
418
418
415
414
417
416
419
419
416
418
420
418
415
417
417
416
417
415
417
414
413
414
419
417
417
418
420
418
418
417
418
418
418
417
417
416
420
416
419
417
415
415
414
416
414
412
414
414
415
417
414
412
412
416
418
420
420
421
418
422
418
418
416
415
416
416
413
413
413
414
414
415
415
419
417
414
417
417
417
420
419
420
420
419
420
419
423
424
423
423
424
422
424
422
424
423
423
422
421
419
421
424
422
423
424
424
424
426
425
424
425
426
426
426
425
427
425
425
424
424
424
426
429
429
429
428
425
426
427
427
428
429
430
430
430
429
427
428
428
429
428
425
427
428
427
429
430
433
432
434
434
433
438
438
437
436
436
436
436
436
435
435
436
434
433
434
437
437
437
436
433
434
433
435
432
431
431
433
433
434
432
432
434
433
434
435
437
438
439
441
441
442
441
441
442
441
439
438
436
437
437
438
435
435
436
436
435
437
437
438
438
441
441
445
442
445
443
441
440
443
441
441
440
439
442
443
444
446
444
443
445
447
446
446
445
447
447
448
447
445
447
447
450
449
449
449
449
450
449
449
449
447
447
446
444
445
444
445
446
446
446
449
452
446
444
446
442
443
441
444
443
445
445
444
445
450
451
445
444
441
441
441
441
439
440
442
442
441
444
445
445
444
443
443
443
445
447
445
447
445
447
453
454
453
449
447
445
444
445
445
445
445
445
446
447
447
449
447
449
453
452
452
452
452
453
454
455
456
456
456
454
454
456
456
453
452
450
452
452
452
452
454
456
454
453
452
453
457
459
459
455
452
452
453
457
459
460
459
453
455
457
452
453
454
452
452
456
452
453
452
456
454
456
454
453
452
452
455
455
455
451
451
448
450
449
452
453
459
457
459
463
464
463
464
465
466
465
462
461
458
458
460
457
454
452
451
453
452
452
452
452
452
451
454
455
454
455
455
456
459
458
463
464
464
467
463
463
463
458
458
455
454
454
455
457
459
457
456
459
461
458
458
460
459
457
454
458
455
454
458
459
458
458
459
461
460
461
459
457
458
458
458
458
461
460
457
459
463
461
461
461
461
459
455
456
456
458
456
458
457
456
459
460
457
457
459
460
458
459
457
458
459
458
459
461
461
460
459
458
458
460
459
458
459
458
461
460
462
461
462
461
461
463
463
466
465
464
466
466
465
463
465
461
461
462
458
458
458
458
456
457
457
457
456
454
453
456
458
455
455
454
455
453
454
455
456
453
456
457
462
462
462
463
459
456
458
460
460
458
459
460
461
461
462
463
464
464
462
462
461
460
458
461
462
462
462
462
463
459
459
462
462
462
463
462
460
458
459
460
460
461
460
456
457
456
456
455
456
459
462
461
462
461
462
465
468
469
468
469
469
469
466
468
468
469
469
467
467
464
464
466
467
467
467
467
467
466
469
467
466
467
472
472
473
472
471
471
473
471
474
470
475
474
471
468
472
473
469
469
471
472
471
472
474
474
473
477
478
478
479
479
485
482
482
479
479
479
478
480
475
476
477
476
475
475
469
469
468
469
472
473
472
471
473
474
473
473
474
472
476
476
475
477
476
477
481
482
484
483
483
489
487
485
486
488
488
489
487
490
489
489
490
490
490
491
492
496
496
497
496
497
496
496
497
495
500
499
498
495
492
493
492
490
492
489
489
485
483
487
488
491
491
490
487
487
490
489
491
491
487
486
486
488
487
486
486
485
486
486
487
485
485
489
487
484
485
485
488
487
487
489
490
492
494
494
497
499
498
498
498
501
503
503
499
500
503
503
503
501
498
498
499
496
499
496
495
497
494
494
491
492
492
495
496
492
496
498
499
496
496
498
491
494
493
492
495
495
496
492
494
494
493
490
492
492
493
493
491
492
490
490
491
490
494
495
498
497
492
497
498
498
502
502
503
506
504
504
505
503
499
498
499
496
495
495
498
495
497
496
495
495
495
493
495
498
500
503
505
503
503
504
500
500
501
502
499
498
499
497
495
493
494
495
498
501
500
496
494
496
494
494
492
493
493
495
496
494
491
490
488
490
491
494
491
494
492
492
491
490
492
494
493
493
493
492
495
492
489
490
492
489
492
493
493
489
489
487
486
488
490
491
494
494
495
496
497
496
494
495
492
495
494
492
494
500
494
496
498
496
493
493
493
495
496
499
502
504
504
506
509
506
506
507
502
498
497
493
491
490
489
489
493
493
494
496
497
495
496
493
492
491
491
491
491
491
491
492
496
493
490
490
497
500
496
496
488
486
485
485
482
479
479
478
480
480
479
477
479
480
477
477
475
472
470
470
470
471
473
475
475
474
474
477
477
476
470
472
473
473
474
474
474
475
474
473
474
474
473
473
473
473
472
473
475
475
476
473
472
472
470
471
472
472
476
474
476
476
479
480
480
483
485
485
484
484
483
482
483
482
482
483
484
480
482
480
475
477
478
479
478
480
479
476
477
477
479
480
480
482
478
480
484
486
482
483
484
486
484
485
486
487
487
486
486
484
485
491
489
486
487
485
486
485
486
487
489
490
491
493
495
493
496
496
495
497
499
498
500
497
495
494
494
494
493
495
498
503
506
504
500
497
496
498
501
502
504
504
501
504
504
503
506
508
509
506
508
505
503
503
503
503
500
500
501
500
501
499
500
498
498
501
501
504
504
505
503
504
508
508
508
511
507
505
505
504
505
503
505
505
504
505
505
509
509
509
513
512
511
513
513
513
515
514
515
513
514
515
516
512
513
518
512
514
508
512
514
510
508
510
509
511
510
510
508
514
512
515
512
510
509
509
506
505
508
510
510
515
515
514
514
513
513
511
510
510
515
516
516
515
513
514
507
506
507
507
512
512
511
509
513
514
515
517
517
515
515
514
513
514
516
517
520
518
519
515
514
512
508
508
510
514
515
515
516
514
510
511
512
512
511
511
511
513
515
515
518
517
513
516
515
516
517
516
519
519
518
521
521
524
523
521
521
523
523
524
525
526
525
525
527
526
523
525
526
523
520
522
518
519
521
519
520
516
518
515
515
516
516
516
518
514
511
511
513
511
507
506
509
510
510
513
514
517
516
512
511
509
510
519
524
522
519
522
521
522
517
519
518
518
518
514
511
512
515
518
512
513
511
510
512
512
512
512
513
509
511
511
511
513
509
507
508
508
508
505
503
505
502
504
506
506
504
505
508
509
510
512
514
515
514
516
517
517
515
516
520
517
517
515
515
511
509
509
510
512
512
515
515
515
517
517
518
515
512
512
512
510
510
507
507
506
506
504
507
504
505
507
507
508
510
508
505
505
507
506
509
509
513
509
514
514
512
510
511
510
508
507
507
504
507
506
507
508
506
506
505
505
505
502
504
505
506
508
505
503
500
499
496
500
497
500
500
505
502
503
506
504
505
505
503
506
505
505
506
509
510
508
513
511
511
511
510
509
510
511
509
510
506
505
507
505
507
510
513
514
512
516
517
516
514
513
516
514
514
514
515
515
514
513
516
521
521
522
524
528
527
526
526
527
524
523
524
525
523
525
524
520
521
519
519
521
518
518
516
516
512
514
514
516
519
519
517
514
515
514
514
513
515
511
512
512
509
508
509
511
510
510
513
515
515
512
508
506
507
508
507
509
509
510
510
511
511
510
510
510
513
514
515
514
515
513
515
514
516
517
517
516
515
517
522
521
519
518
518
518
516
517
518
518
517
516
519
516
514
514
516
519
519
519
517
519
522
522
524
520
516
516
518
521
522
522
521
520
519
518
518
513
515
517
518
515
515
515
513
518
517
516
514
518
514
517
518
517
519
520
521
522
520
520
518
518
519
519
518
520
519
519
523
523
522
524
525
528
527
529
531
531
528
528
529
530
528
527
525
527
526
523
525
524
524
527
527
530
530
530
532
534
534
533
532
534
531
530
529
528
529
527
530
529
533
533
537
535
533
534
534
535
533
534
531
533
530
531
533
532
531
534
535
535
536
539
537
539
537
535
537
534
532
534
536
532
534
535
536
534
536
537
541
541
540
540
540
540
539
543
540
538
537
537
540
541
542
539
539
541
538
535
535
537
538
541
541
540
540
537
534
539
534
534
535
535
534
538
538
541
539
536
537
537
535
534
533
532
533
533
532
533
536
535
535
536
535
539
542
541
541
541
541
535
537
538
539
543
541
539
538
540
540
539
543
546
544
538
540
541
543
546
547
545
548
546
548
550
550
550
548
549
549
549
549
545
545
545
546
547
547
549
546
545
542
548
549
548
544
545
544
543
543
544
545
545
543
541
541
542
545
547
547
546
547
543
542
542
543
542
542
542
539
540
541
540
540
539
537
534
537
537
537
535
539
538
534
532
534
535
536
535
540
542
541
544
547
550
550
550
548
548
548
547
546
547
545
545
545
546
546
546
545
548
547
545
541
540
537
538
539
537
539
542
541
543
542
542
539
543
541
545
546
545
543
543
541
543
544
545
544
544
544
543
542
542
543
544
543
541
540
542
542
540
541
545
545
545
543
542
542
542
540
542
543
547
549
551
550
550
548
553
548
549
549
551
550
550
551
549
551
550
553
555
555
555
553
553
551
547
547
551
548
548
548
551
553
550
549
549
550
551
549
545
542
542
540
542
541
545
546
544
544
548
548
550
549
551
551
554
554
553
551
550
551
550
547
550
548
553
552
552
554
551
550
552
553
552
550
552
551
551
549
547
547
548
550
551
552
553
554
554
556
553
554
556
557
558
558
556
557
553
557
557
553
554
559
557
558
559
558
555
557
557
557
559
559
555
554
560
557
554
552
551
557
557
555
553
549
551
550
549
547
549
549
552
552
551
551
551
549
551
553
552
551
551
547
551
551
549
550
549
549
550
549
547
547
548
550
550
550
547
546
546
549
548
549
549
547
543
546
546
545
545
547
548
550
550
551
547
545
545
545
546
545
546
548
553
551
551
553
549
553
553
554
551
554
554
555
557
552
553
555
551
551
550
551
552
552
550
549
552
550
553
554
551
553
550
549
549
551
549
551
554
557
556
558
554
555
555
556
560
560
559
561
559
560
558
555
557
559
562
568
568
567
563
562
562
560
556
555
556
559
561
558
564
564
561
560
560
559
561
563
564
564
566
563
560
559
558
557
561
564
565
564
562
562
562
559
558
555
552
550
546
545
548
546
546
546
550
554
550
548
548
550
553
552
552
551
554
549
547
548
546
549
555
554
554
554
555
558
560
559
554
552
551
553
554
554
553
552
553
548
550
551
558
557
555
553
552
551
552
549
549
549
549
551
550
551
554
556
550
550
549
547
548
545
545
547
548
549
550
551
550
554
550
553
550
551
549
551
553
552
552
551
551
551
550
553
556
559
558
559
558
555
554
555
554
551
551
551
551
548
551
549
549
549
552
550
548
545
548
545
548
548
548
546
549
546
547
549
548
550
556
554
552
553
550
550
553
551
550
550
552
552
548
548
549
550
551
553
554
554
558
558
558
554
551
552
555
553
553
551
551
553
551
555
556
556
554
551
547
546
547
547
550
552
551
550
548
549
548
547
547
546
548
551
548
549
546
546
548
548
549
548
550
548
545
549
551
555
557
556
554
556
552
551
557
558
555
555
554
548
550
550
556
555
556
558
558
558
560
560
557
556
556
558
560
559
560
560
559
559
558
559
559
559
558
560
560
559
560
563
560
560
558
559
561
561
563
561
561
563
565
565
566
566
570
570
571
565
566
563
564
564
560
560
557
557
556
556
555
555
555
555
555
551
552
552
553
552
553
557
562
561
562
561
562
559
557
554
554
554
557
558
555
557
560
557
561
562
561
558
558
557
555
557
556
554
550
551
550
548
548
547
548
549
546
544
542
544
543
542
541
542
541
543
543
546
544
545
543
543
538
538
538
540
539
540
538
539
538
539
538
537
536
535
533
533
535
536
537
540
543
542
542
540
540
541
539
540
541
539
540
536
538
538
540
543
539
534
537
537
538
535
534
533
534
535
533
533
532
538
537
540
544
546
545
544
546
548
544
546
548
550
550
549
548
544
544
547
547
546
548
549
550
554
552
554
556
558
557
560
555
555
554
552
553
551
550
551
549
552
550
550
551
548
547
547
547
552
556
554
554
557
556
554
551
551
553
551
551
554
553
549
552
553
548
550
550
551
551
551
553
553
556
558
557
554
556
554
555
555
557
555
555
553
554
552
548
547
550
551
550
553
554
553
553
550
553
553
551
551
547
546
547
545
545
542
543
544
543
542
543
542
541
541
542
545
546
546
550
546
542
541
540
542
540
540
541
541
542
544
543
544
545
541
545
548
547
546
546
546
543
538
541
542
543
543
542
545
547
549
548
549
552
551
551
553
550
550
550
548
544
546
545
547
548
551
553
553
551
549
550
550
552
550
548
547
547
547
541
541
546
546
545
550
545
544
543
543
543
545
540
544
545
550
547
539
538
538
536
535
534
535
534
538
538
538
542
540
540
537
535
537
538
536
536
543
542
543
541
539
536
539
537
538
539
543
545
543
544
543
538
540
540
540
539
540
542
544
545
546
544
547
546
542
544
540
540
537
538
539
540
544
543
545
543
538
538
539
541
540
541
542
542
544
545
547
547
550
551
547
548
548
551
553
551
547
549
548
548
549
551
552
551
550
550
547
546
548
549
552
554
550
550
552
548
552
553
553
552
551
552
554
557
559
556
557
557
560
560
565
563
564
564
561
561
560
564
563
562
560
559
555
556
558
558
555
561
562
561
561
559
562
563
559
559
563
566
564
563
563
565
565
564
564
565
569
569
571
572
566
561
561
562
563
565
569
568
568
569
571
566
569
571
577
576
568
569
568
565
566
568
568
566
568
569
570
572
567
564
566
567
565
569
566
566
566
565
567
565
566
568
571
573
571
570
568
568
572
570
567
569
569
566
566
568
569
569
570
570
567
560
562
562
566
564
564
567
569
570
568
568
571
571
569
567
564
564
565
569
565
567
565
564
564
562
562
561
562
563
562
560
561
561
566
563
565
563
563
562
563
561
562
563
563
564
565
561
560
562
563
563
564
566
566
562
564
565
568
566
568
567
566
566
564
563
564
565
566
565
568
566
566
565
566
567
566
568
566
566
564
562
561
561
563
564
566
569
567
573
571
569
567
566
565
565
567
569
567
567
568
567
567
565
566
566
567
566
567
571
569
573
574
573
573
568
565
564
562
561
561
562
560
562
561
562
564
560
560
561
559
560
557
555
557
557
558
559
558
558
557
558
557
557
558
557
558
557
556
553
555
556
559
556
555
556
557
557
560
557
560
557
552
551
552
551
547
551
548
548
547
545
545
546
546
546
544
544
545
545
544
548
548
551
551
552
554
550
548
551
550
552
555
556
553
552
552
550
550
549
552
552
549
547
547
544
543
542
544
544
545
545
545
545
543
542
543
543
542
542
540
542
540
542
543
545
547
546
549
549
550
551
552
553
553
553
550
550
547
544
538
541
541
539
542
541
543
542
542
544
546
546
545
545
546
544
544
549
549
550
545
546
547
546
547
546
545
545
545
546
549
551
550
552
552
550
548
550
548
551
550
550
556
556
556
553
555
553
557
560
556
555
558
555
552
550
549
548
548
551
550
553
553
555
553
555
559
561
559
556
559
559
559
555
556
556
553
552
556
557
558
552
557
555
555
554
554
553
550
551
551
553
554
554
555
559
559
559
562
563
563
562
563
569
566
569
567
563
563
558
555
555
556
553
557
556
556
555
556
555
556
552
552
554
556
554
552
552
552
552
551
553
554
557
556
558
555
557
558
557
557
556
554
551
553
554
557
554
554
557
560
557
552
550
552
551
551
550
547
549
546
546
549
551
547
545
543
545
545
545
546
545
548
544
547
545
546
548
551
552
554
552
550
550
547
549
552
558
555
555
551
551
547
548
551
548
549
548
546
546
547
547
542
539
539
537
537
536
533
536
539
541
544
543
545
546
542
544
544
544
547
545
547
547
549
549
550
550
551
548
549
548
551
552
555
554
554
554
555
552
549
548
545
542
543
548
547
547
547
553
551
550
550
548
549
546
545
540
543
542
544
546
545
544
545
545
545
546
545
546
543
548
548
551
550
549
550
550
551
548
546
545
543
543
542
543
543
544
547
548
548
547
546
546
543
542
542
541
542
545
544
