0.0005562068965517242 0.0004196551724137932
300
294
291
291
286
281
278
273
269
264
265
261
260
258
257
255
254
254
252
249
251
252
253
252
251
250
251
251
247
247
247
247
244
244
245
245
246
247
248
249
248
250
252
250
248
246
246
247
245
245
245
245
246
245
245
245
247
247
245
244
243
242
241
241
241
242
240
238
239
238
239
240
240
239
239
237
237
237
238
240
240
241
241
243
243
243
243
244
242
239
238
238
240
240
240
239
239
240
240
241
237
238
238
241
241
240
239
238
237
237
238
239
240
243
243
243
244
243
243
242
242
242
241
238
236
233
230
231
231
229
226
228
228
228
231
231
231
230
231
229
228
228
228
225
225
225
225
225
223
224
224
226
225
224
225
227
227
227
227
230
231
229
230
225
225
226
224
226
225
226
225
223
222
224
223
219
220
220
224
223
224
225
223
220
219
218
218
217
218
217
218
219
219
219
218
220
220
220
217
217
218
218
219
219
220
218
219
221
220
219
219
219
217
217
218
220
219
221
223
223
222
222
224
224
224
224
224
223
222
224
223
223
223
223
224
224
224
223
224
223
224
223
224
224
224
223
222
222
222
220
221
221
220
219
220
220
217
219
219
217
216
216
218
217
217
218
218
215
216
214
213
212
211
210
211
213
213
212
211
213
213
214
212
212
212
211
211
211
211
212
215
215
215
216
219
220
220
218
217
220
219
218
217
218
217
217
217
218
220
216
215
215
217
218
218
217
219
220
218
220
219
218
215
217
217
218
217
216
216
215
216
218
217
218
218
217
215
213
216
216
217
218
219
213
214
214
214
215
214
214
214
212
211
215
214
215
214
214
218
219
217
217
216
216
216
216
218
218
221
221
220
219
217
216
215
216
216
216
217
217
217
216
211
210
210
209
209
210
208
208
209
210
212
214
213
213
214
217
217
216
217
217
217
218
218
217
217
218
217
219
219
220
221
222
221
218
218
218
215
215
216
216
216
215
215
216
214
213
212
214
214
214
213
215
216
215
215
214
214
215
211
210
210
210
211
215
213
213
214
215
212
211
209
209
211
210
209
210
211
211
211
211
211
210
211
211
211
212
211
214
213
213
215
215
214
213
213
213
213
211
212
214
214
215
214
214
218
218
217
217
217
215
215
217
214
215
215
216
214
217
216
214
215
214
212
213
214
214
214
215
217
216
215
217
217
218
215
215
215
216
215
214
214
214
212
211
211
211
211
210
211
212
211
211
210
210
210
212
212
212
211
212
213
212
213
211
214
215
214
215
214
216
218
217
217
216
216
216
216
217
217
216
218
219
219
218
219
219
218
220
221
221
220
219
219
221
223
225
224
222
222
224
221
221
220
219
218
218
220
219
217
214
216
215
211
212
212
213
212
215
215
214
212
212
211
212
210
210
209
208
207
206
208
207
207
208
210
208
208
208
206
207
207
206
205
207
207
207
206
205
205
205
206
205
203
202
202
203
204
205
205
207
205
204
204
204
204
205
206
207
209
209
208
209
210
212
210
211
212
211
211
209
208
207
206
209
210
211
212
211
210
210
210
210
211
209
210
212
210
211
210
206
205
204
204
203
204
204
203
203
203
202
202
203
204
204
205
206
207
206
209
209
211
211
211
209
206
207
205
205
205
206
206
205
206
208
208
211
209
210
210
207
205
205
207
206
206
205
206
204
205
206
207
208
208
208
207
206
205
203
203
202
203
202
202
199
198
198
199
202
202
201
202
203
203
202
202
200
199
200
201
200
199
198
200
201
202
202
202
203
204
204
203
205
208
205
204
204
204
206
203
201
202
202
202
201
201
198
199
200
199
196
196
195
195
196
197
197
199
200
199
199
200
200
199
198
197
197
196
197
197
195
195
195
195
193
193
194
195
197
196
199
200
198
197
196
198
196
196
197
196
197
197
198
199
198
199
199
200
202
202
202
200
201
203
202
201
202
202
202
200
201
201
200
200
202
201
200
199
199
202
202
204
205
201
201
202
200
199
199
199
200
200
201
201
202
201
202
203
207
207
208
205
205
203
204
203
203
204
202
204
201
201
200
199
198
199
199
199
199
199
199
199
200
198
199
197
196
196
197
197
198
197
198
198
197
197
198
196
196
197
197
198
199
198
196
196
196
196
196
197
197
197
198
198
197
197
198
198
198
199
199
199
200
200
202
201
201
201
201
202
201
203
202
201
200
200
200
198
199
199
199
199
197
198
200
201
205
206
205
202
203
205
204
203
202
201
201
201
202
202
204
203
204
204
204
203
202
200
199
200
198
198
198
198
199
201
201
201
201
200
201
203
203
202
202
202
203
206
208
205
201
202
203
203
202
204
205
206
207
206
207
207
207
205
204
204
205
206
205
204
201
201
202
199
198
197
196
196
197
199
199
198
199
201
200
202
203
204
204
204
203
200
201
202
201
201
201
201
199
200
200
199
200
199
198
199
199
198
198
198
200
200
200
199
200
198
197
197
197
198
196
197
197
199
198
197
199
198
199
199
199
200
200
200
204
207
205
203
202
201
201
200
199
200
200
201
201
201
200
200
199
199
200
198
196
196
196
196
198
200
199
199
199
202
202
203
204
205
205
205
204
205
205
206
206
207
206
207
206
206
206
207
206
204
202
201
202
204
204
203
203
207
207
207
207
206
205
205
205
207
205
203
201
201
203
203
203
200
199
199
201
200
200
200
202
202
200
199
200
201
202
203
203
203
203
204
204
203
206
207
205
204
203
202
201
201
202
202
202
203
203
203
203
204
206
207
207
208
208
206
206
207
206
204
204
202
201
200
201
201
201
202
200
200
201
202
202
201
201
198
200
202
202
203
203
201
201
202
203
204
204
205
205
206
206
206
205
201
201
200
201
199
198
198
198
198
197
198
199
201
198
199
199
198
198
200
199
203
203
204
205
207
206
203
201
199
199
199
200
200
200
200
201
202
202
202
203
203
201
202
204
200
201
201
202
202
205
204
205
204
204
206
207
208
204
202
203
202
202
201
199
199
200
199
198
198
200
201
200
200
202
205
202
203
203
201
202
202
202
202
205
203
203
202
205
205
203
204
206
210
211
211
212
214
213
212
211
211
211
212
213
212
213
213
214
213
212
212
211
208
208
207
206
204
205
205
205
205
205
205
204
204
205
204
204
205
206
206
203
204
205
206
208
207
206
204
202
201
203
206
207
207
208
208
208
210
206
207
207
206
205
206
206
206
204
203
202
201
202
203
204
203
200
199
198
198
199
199
199
199
201
202
203
204
203
203
203
203
203
202
200
200
202
202
201
199
197
197
197
196
196
196
197
195
195
195
196
197
197
198
199
200
199
198
198
199
199
199
199
199
201
201
202
201
200
198
196
197
196
194
195
197
198
199
200
201
200
203
203
207
206
206
205
204
202
203
204
205
202
199
198
198
197
197
196
198
196
197
198
199
198
200
200
200
199
200
199
199
198
199
198
198
197
199
197
197
197
198
200
201
199
201
202
202
203
205
204
206
206
206
207
205
204
205
205
206
205
206
204
203
205
204
203
203
201
203
203
201
200
201
201
201
202
200
199
200
200
200
200
199
198
200
200
203
203
204
205
205
205
205
204
205
203
208
205
204
202
205
204
202
202
202
204
205
204
202
204
205
204
203
202
203
204
204
205
207
206
205
208
209
210
208
206
205
206
204
203
204
205
206
203
202
200
200
200
203
203
202
203
201
202
202
200
199
199
199
201
202
201
203
203
202
201
199
198
199
198
197
198
197
196
197
197
197
197
198
198
199
199
199
201
203
202
201
201
200
202
202
201
202
202
203
204
204
204
205
208
208
208
207
205
205
205
206
206
205
205
205
205
204
204
203
199
198
199
199
199
199
198
198
199
199
199
201
201
201
200
199
199
199
200
203
203
204
205
203
203
204
205
205
205
204
203
203
202
202
205
205
205
205
206
207
206
205
204
203
204
203
204
203
203
203
204
203
203
202
203
204
204
203
206
205
204
204
204
206
205
203
202
203
203
204
203
201
199
200
200
199
199
200
198
196
198
198
198
198
198
199
198
199
199
199
200
197
197
196
197
199
200
199
200
202
200
202
202
202
201
201
200
199
198
200
197
198
196
194
198
197
198
196
197
192
190
189
192
192
192
192
191
191
191
193
193
193
192
193
194
194
193
194
194
196
197
196
198
198
198
199
200
199
200
200
199
201
200
198
198
199
199
197
198
198
197
197
198
198
200
198
198
197
197
200
200
201
201
204
203
202
201
201
200
200
200
200
198
197
197
200
201
201
201
202
199
198
199
199
200
200
199
200
200
200
200
201
201
201
199
199
199
199
199
196
195
197
196
198
198
197
198
197
194
196
199
201
199
199
198
198
201
203
203
202
200
199
199
199
200
200
201
200
200
200
199
199
199
198
200
199
200
199
198
199
201
200
203
202
202
201
202
203
205
204
204
204
203
205
204
203
202
205
205
204
202
201
199
195
192
191
190
192
192
192
196
197
198
197
195
194
194
195
195
194
194
193
194
193
194
194
193
192
192
191
192
192
194
196
195
195
197
197
197
196
196
191
193
194
192
192
191
190
187
186
186
186
186
186
187
187
188
188
190
192
191
191
192
192
192
192
193
194
194
193
192
192
192
194
193
190
191
192
192
192
193
194
194
193
193
191
192
192
192
192
191
193
193
194
192
191
192
191
192
192
192
191
192
192
192
195
195
196
196
194
195
194
197
197
198
199
202
202
203
205
203
200
196
194
194
194
196
194
194
194
194
193
194
194
194
191
191
191
192
192
192
191
189
193
193
192
193
192
193
193
193
193
191
189
188
187
188
189
189
190
189
189
187
187
188
187
187
188
187
187
187
189
189
189
189
189
188
189
190
188
189
186
187
187
187
186
187
187
190
191
192
190
188
189
187
185
184
185
184
183
184
184
187
184
186
188
187
188
188
187
186
187
187
187
189
188
187
187
188
189
188
188
190
191
191
189
189
188
188
186
186
187
189
191
191
189
190
189
189
189
187
187
188
190
191
190
190
189
191
191
190
191
190
192
194
192
190
189
193
193
190
190
188
188
187
188
188
189
189
191
192
194
196
196
195
195
191
191
191
192
195
195
194
193
196
198
197
197
198
201
200
198
198
196
194
192
193
191
189
189
188
187
186
186
186
185
186
186
184
185
187
187
186
186
186
185
187
186
185
184
184
184
185
185
184
184
185
186
187
188
189
188
187
187
186
186
189
188
188
186
184
183
184
184
184
184
184
184
184
184
184
187
188
188
187
190
190
191
191
192
192
192
189
190
191
190
190
191
189
194
194
194
195
195
195
195
198
196
197
193
192
193
194
196
196
195
195
196
194
195
195
193
195
195
196
192
194
196
199
199
197
197
197
195
195
195
196
195
194
193
192
192
191
194
194
196
197
197
196
196
199
199
200
200
200
198
197
196
196
195
194
193
194
195
195
195
194
193
193
195
195
194
192
192
191
191
191
192
192
193
192
194
194
194
194
192
194
194
195
192
191
190
189
185
183
183
183
183
183
183
181
181
181
182
182
180
181
182
183
183
185
185
184
184
183
186
184
184
185
185
184
184
185
185
186
186
187
188
189
187
187
189
189
189
187
187
185
183
182
182
182
183
183
184
184
185
186
188
191
193
188
185
184
185
184
184
185
185
183
184
184
187
186
186
185
184
185
185
187
188
188
187
189
189
189
191
189
188
186
186
187
188
190
191
186
185
186
183
184
184
184
184
186
186
186
186
185
185
185
185
184
185
185
186
188
188
187
188
189
189
188
188
187
188
188
187
186
187
188
188
185
185
184
185
185
185
186
187
187
186
187
186
187
186
189
188
189
189
191
192
190
191
191
191
190
190
190
192
193
192
192
192
192
192
193
192
192
191
189
189
190
193
190
192
190
187
188
188
188
189
188
189
188
187
187
189
191
191
190
190
190
191
187
187
187
189
188
184
184
183
181
180
180
182
182
181
182
184
184
185
184
184
186
187
191
189
192
190
190
190
191
190
189
190
188
187
189
189
187
186
184
183
182
181
181
182
184
185
184
184
184
183
183
185
187
186
187
187
187
184
183
183
186
187
185
185
184
186
186
186
187
188
186
186
182
182
183
183
183
182
182
182
180
180
180
177
177
178
178
178
178
180
178
179
180
180
179
180
181
181
182
183
182
183
182
181
182
180
181
182
182
183
183
182
181
181
181
181
182
182
182
181
180
181
181
183
185
185
186
185
185
184
185
185
181
179
178
179
180
180
180
180
182
182
182
176
176
177
176
176
175
174
174
174
174
174
173
174
174
174
173
173
175
177
177
178
177
177
178
179
180
181
182
183
184
188
187
185
183
183
181
181
182
181
181
182
184
183
183
184
187
184
186
185
184
185
185
183
185
184
184
187
186
184
184
182
182
181
182
183
183
183
186
186
185
186
187
186
187
186
189
190
188
186
186
186
186
185
185
185
186
186
187
187
188
186
186
186
186
185
185
184
184
184
184
185
185
185
184
184
184
185
184
185
185
185
185
186
186
186
186
185
185
186
188
185
186
187
187
188
188
187
187
185
185
186
185
186
189
190
191
189
190
190
191
188
187
186
187
188
186
186
185
185
186
185
185
186
189
192
191
193
190
190
188
187
187
184
183
184
183
182
182
183
185
186
188
189
187
187
187
185
184
183
184
184
183
182
184
183
183
183
184
185
185
185
185
185
186
186
185
185
185
185
185
187
184
184
183
182
185
186
184
184
186
185
188
189
187
189
187
187
187
187
185
186
186
186
185
186
186
188
187
188
187
186
186
187
189
187
187
185
184
184
183
182
182
181
182
182
182
182
181
181
181
182
181
182
183
184
183
185
191
191
191
192
191
191
191
191
190
189
188
189
189
188
187
185
185
185
187
185
185
185
187
187
186
188
185
185
184
184
183
182
182
185
185
186
186
183
184
186
185
182
183
183
183
182
182
182
182
183
184
185
185
184
185
186
184
184
187
188
187
186
186
187
185
185
186
184
184
184
182
183
183
183
184
184
183
182
182
182
182
181
181
181
181
182
183
182
181
183
183
185
185
183
186
187
184
181
182
183
182
182
181
180
180
179
179
180
179
181
181
183
182
181
182
180
180
179
179
181
181
180
181
180
180
181
179
179
176
177
177
177
177
177
177
177
178
176
175
177
180
178
177
177
178
177
177
178
181
180
179
178
179
179
178
178
178
178
178
178
179
181
181
178
177
178
178
177
179
179
179
179
178
176
178
177
175
175
174
174
172
172
174
173
174
176
175
175
174
173
172
173
173
174
174
175
175
175
175
175
175
175
175
178
176
175
175
175
176
176
176
176
175
175
178
176
176
176
176
175
174
175
175
176
177
177
178
178
178
178
178
178
176
175
176
175
176
179
180
180
182
178
179
178
178
178
178
178
178
181
181
179
179
179
177
177
179
179
178
179
178
179
180
180
180
181
181
180
180
177
180
176
178
179
177
176
175
175
177
179
178
176
176
177
177
177
177
178
179
180
180
179
177
178
177
176
175
171
170
170
171
172
175
174
173
172
173
173
172
174
174
174
174
173
172
172
172
173
174
173
174
175
174
174
174
176
175
174
173
174
175
172
173
174
174
172
174
173
173
174
174
175
175
175
175
175
175
174
174
174
173
173
173
173
176
176
176
173
173
173
173
172
173
173
172
172
173
174
175
174
174
173
176
177
177
178
178
177
177
176
176
175
176
175
173
173
174
173
173
173
174
176
174
175
176
175
175
174
175
174
174
176
175
176
174
175
176
175
172
172
171
172
172
172
172
172
173
173
174
174
174
173
173
173
175
174
174
176
175
176
177
178
180
179
180
182
181
180
177
177
179
179
176
176
175
176
175
174
174
172
172
172
173
172
172
173
171
171
172
173
173
172
172
172
174
173
173
174
173
174
175
176
175
176
175
176
176
175
176
177
175
172
169
169
167
167
166
170
169
168
168
170
172
170
173
172
173
172
173
174
174
175
174
176
172
173
172
172
171
172
170
170
170
170
169
169
169
171
169
168
169
168
170
171
171
172
173
174
174
174
174
174
174
174
176
174
175
176
177
175
174
175
175
176
174
172
172
170
170
170
169
171
172
172
174
175
176
173
173
172
173
172
171
172
175
174
173
176
175
174
175
175
174
174
174
175
175
176
176
176
175
172
172
171
171
170
169
171
170
171
170
171
169
171
170
172
171
172
170
169
171
171
171
171
170
170
170
170
170
170
169
170
170
170
169
167
169
169
170
169
169
167
167
167
166
168
167
164
165
164
165
164
165
165
165
166
169
169
168
165
165
165
165
165
167
167
167
168
169
167
169
168
168
170
173
172
173
174
171
173
172
172
172
171
172
169
168
169
169
171
169
169
168
167
167
167
166
165
164
162
163
165
165
162
164
163
164
163
164
165
165
165
164
164
164
164
165
163
164
165
165
164
164
164
166
166
167
167
168
168
168
169
169
169
167
167
165
164
165
165
167
168
167
164
163
165
165
164
165
165
166
165
167
167
168
169
167
167
166
165
166
166
166
166
166
168
169
167
166
167
168
170
172
171
171
170
171
172
170
173
172
172
171
171
171
170
170
170
168
167
171
169
170
169
170
170
170
173
173
173
174
176
175
173
172
172
172
173
169
169
171
171
171
171
171
171
173
172
172
173
172
172
171
171
171
167
170
170
170
170
167
167
168
169
170
170
169
170
172
174
173
174
172
173
172
172
166
163
165
165
165
164
164
165
165
164
162
161
161
163
163
164
166
166
164
163
163
164
164
166
164
163
165
166
167
167
166
169
166
167
168
166
165
165
165
167
163
162
162
161
161
162
164
164
165
168
168
170
168
171
173
171
172
171
167
168
168
169
170
172
172
171
171
169
167
167
166
167
166
165
165
166
164
161
161
159
160
160
160
160
160
160
161
160
160
159
157
158
157
156
156
155
155
155
156
157
157
157
157
157
157
157
157
158
156
156
155
156
156
159
157
156
155
155
156
156
156
154
156
155
156
156
157
157
155
154
156
155
154
154
155
157
157
156
156
156
155
155
154
153
153
152
152
151
150
151
151
154
155
155
155
157
156
156
156
156
156
155
156
156
157
155
156
157
156
156
157
156
156
159
158
155
155
154
154
153
153
154
154
155
155
156
155
153
153
152
152
151
151
150
152
153
153
153
152
152
153
153
154
154
154
156
157
157
157
157
158
156
156
156
157
156
158
157
156
154
153
153
151
150
151
152
151
152
153
153
152
152
153
151
151
150
150
151
153
153
154
153
155
156
156
153
154
154
155
153
153
153
152
152
152
151
151
151
151
151
152
152
153
153
154
155
154
153
153
152
152
152
153
154
153
152
152
152
152
152
151
151
151
153
153
155
153
151
151
151
152
152
152
152
151
151
152
151
152
149
148
148
149
148
148
148
150
151
153
150
149
148
148
148
147
146
148
149
149
148
149
149
149
147
148
150
152
152
153
152
152
151
152
151
152
152
151
150
150
149
149
149
149
150
151
151
152
151
150
151
150
149
149
149
149
149
151
151
152
151
150
149
149
149
149
149
149
148
148
148
149
149
151
150
149
147
147
147
147
146
146
147
147
147
147
147
147
148
148
146
148
149
150
149
149
150
150
151
150
150
151
153
154
152
151
152
153
151
152
153
152
152
152
152
151
150
150
149
149
151
151
151
150
150
150
151
150
149
149
149
148
148
148
148
149
148
149
147
147
149
149
150
150
148
148
148
148
150
152
152
151
150
150
150
150
150
148
149
148
149
148
149
148
147
147
147
148
147
147
148
148
148
149
149
150
150
150
148
148
149
149
149
149
151
150
151
152
152
156
154
154
150
149
152
153
151
151
150
148
148
148
148
149
149
147
146
146
150
149
148
148
147
146
145
145
144
144
144
144
145
146
146
148
148
148
148
148
149
149
149
151
152
152
151
150
149
149
148
150
149
149
150
150
151
151
151
150
150
150
150
149
149
149
150
149
149
149
149
150
152
152
154
155
154
154
155
156
155
153
153
154
154
153
152
153
151
151
150
154
154
154
153
150
148
147
149
149
149
149
149
149
149
149
149
150
149
150
150
151
150
149
151
153
153
154
153
151
153
152
152
155
154
154
150
150
151
151
154
155
154
154
153
155
156
154
152
153
152
151
150
150
151
150
150
152
151
151
151
151
151
151
150
149
149
149
149
147
147
147
148
146
147
147
147
148
148
148
150
152
150
150
149
149
150
151
152
151
150
149
149
151
151
151
152
153
153
152
151
152
152
152
152
154
155
154
153
152
151
151
151
152
152
154
157
157
154
154
155
154
151
151
151
149
149
149
149
149
149
149
150
150
151
152
150
152
152
152
152
154
153
152
153
153
154
155
155
156
155
158
157
155
153
152
150
150
150
151
151
153
153
151
151
152
151
152
152
153
153
154
154
154
154
156
157
158
160
161
162
161
160
159
161
159
159
159
161
160
160
160
161
159
157
157
157
157
159
159
158
160
157
155
154
154
154
154
157
156
156
154
153
155
156
155
154
155
156
160
160
159
158
156
155
156
156
156
154
153
153
152
150
148
147
147
148
148
148
149
149
150
149
149
150
150
150
150
150
151
152
150
149
147
148
148
148
148
149
148
148
148
148
148
148
149
149
150
149
149
151
151
154
153
152
154
153
153
152
153
154
154
154
154
155
156
154
155
154
155
155
155
155
154
154
154
157
157
154
156
155
156
156
155
155
156
156
155
155
154
155
153
153
153
153
153
153
153
154
156
156
157
156
156
157
156
156
159
156
157
156
156
156
155
154
153
154
154
155
154
153
152
154
153
154
157
156
158
158
157
156
156
155
153
152
152
154
156
156
156
157
155
154
155
155
156
156
154
156
155
154
153
153
152
152
152
153
153
153
153
152
152
154
153
155
155
158
157
156
155
156
154
153
154
154
154
154
151
152
152
151
151
151
152
153
155
156
158
157
155
153
150
150
148
148
147
146
146
146
147
148
148
148
150
148
147
146
146
147
147
147
147
147
148
149
147
147
147
147
148
149
150
151
150
150
150
150
149
148
148
149
148
147
146
145
145
145
148
146
146
146
147
146
145
146
146
146
148
148
148
146
146
147
147
146
147
147
150
150
150
148
149
149
148
149
149
149
150
151
148
147
147
148
148
148
148
148
147
146
147
148
146
147
148
148
148
150
151
150
150
148
148
147
146
146
146
146
147
145
146
146
146
144
144
145
148
147
147
148
147
146
144
144
144
145
145
145
145
147
148
147
146
147
147
146
147
148
151
151
150
149
147
147
148
150
149
147
146
142
142
143
142
142
143
143
143
142
141
143
143
142
143
143
142
144
145
146
147
145
144
143
143
144
143
143
143
144
143
144
144
145
147
