0.0004879310344827587 0.0006586206896551723
300
292
290
287
282
279
279
278
278
276
271
271
267
264
263
264
260
255
257
255
255
255
254
253
253
249
247
246
245
246
246
247
247
245
248
246
246
244
243
243
242
239
239
237
236
236
235
234
236
236
237
237
235
235
232
230
228
227
226
225
224
222
221
222
222
222
223
221
220
221
219
218
218
219
216
217
213
213
213
213
216
217
219
219
218
219
220
220
221
218
220
219
218
219
217
215
216
216
214
218
216
215
214
213
210
207
209
209
209
209
210
208
209
211
211
212
212
213
214
214
216
217
214
214
213
213
213
214
213
210
210
211
212
213
214
213
215
214
215
216
215
217
217
216
213
215
212
211
207
208
210
211
211
213
211
212
213
210
209
209
209
209
209
210
208
209
206
205
203
203
204
203
203
202
201
202
202
203
204
204
206
206
206
205
204
204
205
203
204
204
203
203
207
209
210
208
209
212
214
215
216
214
213
213
214
212
212
210
208
207
207
206
203
205
206
206
204
204
204
205
204
204
205
203
204
205
206
208
207
206
204
203
204
205
206
205
202
202
202
202
203
203
202
200
199
199
199
201
200
198
198
198
200
201
201
203
203
200
202
203
201
201
200
198
199
199
199
198
197
197
195
197
198
199
198
198
199
199
198
198
199
199
200
200
200
201
203
202
200
199
200
202
203
201
201
201
201
201
200
201
201
201
202
200
199
196
196
195
196
195
193
192
194
194
194
195
196
196
194
193
195
193
193
192
192
192
191
193
194
195
196
196
197
198
196
193
192
191
190
188
189
188
188
188
191
189
191
189
189
189
189
189
190
190
190
190
188
189
191
192
191
189
190
189
188
189
192
194
193
192
192
190
190
193
191
191
191
191
193
193
191
190
191
189
189
189
187
189
186
186
186
187
187
188
191
190
189
189
189
188
187
185
185
186
187
187
187
188
186
187
187
186
188
188
187
188
188
188
187
188
190
190
191
191
192
191
192
191
192
191
191
189
188
187
187
185
184
183
185
186
186
186
186
187
186
189
189
187
186
186
187
184
183
183
183
183
184
183
183
183
181
182
182
182
182
182
181
181
179
178
178
179
179
178
179
179
181
183
183
183
183
185
186
186
184
187
187
187
186
186
189
187
188
185
184
184
184
184
184
183
184
181
182
181
181
181
181
182
182
182
181
181
181
180
180
182
182
182
186
187
187
187
187
187
186
186
186
187
186
185
185
185
186
186
186
183
184
183
183
182
182
181
181
182
184
183
184
185
182
182
180
181
181
183
182
182
185
184
183
180
179
180
182
182
182
183
182
184
182
180
180
180
179
178
179
178
178
181
182
181
181
182
182
183
181
182
183
183
183
183
184
184
184
183
183
179
177
177
178
178
178
178
180
180
179
178
178
178
178
177
178
179
179
179
180
180
180
180
181
182
183
184
184
182
182
180
179
178
177
180
178
179
178
176
177
177
178
178
178
179
179
179
177
178
179
178
179
180
180
179
180
182
184
182
181
181
181
181
182
183
181
181
180
178
178
179
180
181
178
177
178
180
180
181
181
181
179
179
179
180
180
181
180
180
179
179
178
176
177
177
178
179
178
179
179
180
179
179
179
179
177
177
179
178
178
179
180
179
178
178
177
177
179
178
176
176
177
178
179
178
179
179
179
176
175
178
177
178
178
178
178
180
180
183
182
181
183
182
182
181
179
179
178
176
176
176
179
179
179
181
181
182
182
182
184
185
183
183
183
182
181
180
179
180
179
179
180
182
180
177
177
177
179
179
180
180
179
180
182
183
182
178
181
181
179
177
176
175
172
172
173
173
173
172
174
174
174
175
174
174
175
173
176
177
178
175
173
174
174
174
173
173
173
173
172
174
174
175
174
175
172
173
175
174
175
175
175
175
178
177
178
178
177
178
177
177
175
175
176
175
175
172
173
172
173
173
174
172
173
171
171
172
172
172
172
172
171
172
173
174
173
173
173
172
174
173
172
171
171
171
170
172
171
171
171
168
166
168
170
169
170
168
168
169
169
169
168
167
165
165
165
165
165
166
166
166
166
166
168
168
168
168
169
170
169
169
169
172
172
172
172
172
173
174
173
173
171
170
168
167
167
166
166
168
171
170
170
172
171
174
174
174
173
172
172
170
170
170
171
172
174
174
173
172
171
169
168
169
168
166
165
166
167
167
167
168
169
169
170
170
170
170
169
167
167
168
171
172
173
172
173
172
173
173
171
171
170
170
172
171
172
172
171
172
171
172
172
171
170
170
171
169
170
170
170
171
170
171
172
172
170
169
170
170
170
171
169
169
169
168
169
169
170
170
169
170
170
171
171
170
167
168
169
167
167
165
165
165
165
164
164
166
166
167
168
169
169
169
169
170
172
171
171
171
172
169
171
169
170
169
170
171
169
167
168
167
168
168
168
169
170
171
170
170
170
171
172
168
167
166
167
167
166
163
163
163
162
161
162
162
162
161
161
162
162
163
166
166
167
167
168
169
170
168
167
166
166
167
167
167
166
164
165
167
166
167
169
169
165
165
165
165
166
166
165
165
166
165
166
166
167
169
168
168
167
167
166
166
164
164
166
167
169
168
168
168
168
168
168
169
167
166
165
165
168
167
168
170
172
172
171
169
171
172
171
171
170
169
169
169
170
169
170
172
172
173
173
172
170
169
168
168
167
167
167
166
164
164
164
164
163
163
164
165
166
166
166
166
166
167
167
166
167
167
166
166
166
165
165
165
165
165
167
167
169
171
173
171
172
171
170
171
170
169
168
167
167
167
166
166
166
167
166
166
166
167
166
165
166
167
166
167
166
167
168
168
169
168
167
168
169
168
168
171
170
171
169
167
167
167
166
167
167
168
165
165
166
167
168
168
168
165
165
165
167
169
169
168
165
165
166
166
165
165
165
166
166
167
168
167
168
167
167
168
168
169
170
171
171
170
170
169
169
169
171
173
174
172
172
173
170
170
169
168
167
169
170
168
169
170
171
171
173
171
171
171
171
170
169
170
172
171
168
169
169
168
167
165
166
166
164
165
166
170
171
167
166
167
168
168
166
167
165
164
164
164
162
164
165
165
165
165
165
165
164
165
163
166
167
166
167
168
169
168
167
166
167
168
167
165
165
167
165
165
165
165
165
165
163
161
163
163
165
166
165
165
161
162
164
164
163
163
163
163
161
158
158
159
157
158
158
157
157
156
157
156
156
156
156
157
157
157
158
158
158
158
158
158
157
158
160
159
159
158
158
159
160
159
158
157
158
158
158
159
159
159
157
157
158
158
159
161
164
162
161
161
159
159
159
160
160
160
160
160
160
159
160
159
158
158
159
159
157
157
159
159
158
157
157
159
161
162
160
161
162
162
160
160
160
159
159
159
160
161
161
161
159
159
159
160
162
159
159
160
159
158
158
157
155
157
157
157
157
156
156
156
158
157
155
155
155
156
156
157
157
156
156
157
156
155
156
156
155
154
155
155
155
154
154
157
157
159
159
158
159
158
158
159
159
157
158
157
159
161
161
160
158
157
158
159
160
159
159
159
157
157
159
158
156
157
157
155
155
155
156
159
159
159
159
159
157
157
156
158
159
159
159
161
159
159
158
158
156
156
157
158
157
157
156
156
156
157
156
156
158
159
159
157
158
157
156
156
157
159
159
161
160
160
159
159
159
158
160
159
158
157
156
156
157
157
157
156
156
156
155
154
152
153
152
153
152
152
154
155
155
157
157
157
157
157
157
156
156
154
154
155
154
154
154
153
153
154
154
155
154
154
154
153
154
155
156
156
158
162
159
158
159
156
155
155
153
152
156
155
154
153
153
153
155
156
156
154
153
153
151
151
151
151
152
153
153
153
152
152
153
153
152
150
152
152
153
153
152
153
153
152
153
155
155
155
155
156
157
155
155
154
151
150
150
151
150
150
150
150
150
148
150
149
150
152
150
149
149
149
149
150
152
154
154
155
152
151
152
151
150
150
151
152
154
153
154
152
152
151
151
151
151
150
150
150
150
150
150
150
150
150
150
150
150
150
149
148
149
149
149
150
150
150
151
151
151
149
151
151
151
152
152
152
152
150
150
150
150
150
150
153
154
155
157
158
157
156
156
156
155
154
153
152
153
153
153
153
154
154
153
154
155
155
155
155
156
158
159
158
155
156
156
156
155
153
153
152
151
153
154
155
156
156
154
154
156
155
156
157
158
159
155
155
155
154
156
155
155
153
153
153
153
153
157
158
156
156
155
157
156
155
155
153
153
152
150
149
151
150
150
150
151
152
151
151
152
152
151
152
151
151
152
151
151
150
150
151
151
150
150
151
151
150
149
151
151
152
152
152
152
154
152
152
151
151
149
150
150
150
149
151
150
150
150
148
148
152
147
147
148
149
149
152
153
153
153
153
152
150
149
150
150
149
150
150
149
148
150
150
151
151
150
150
148
149
147
147
148
148
149
148
149
149
150
152
151
150
148
148
147
151
151
150
150
151
152
153
153
154
152
153
151
152
151
151
150
151
153
153
154
153
154
153
151
149
147
148
145
145
146
145
145
145
145
145
143
143
143
142
142
141
142
142
143
144
145
146
147
146
146
146
145
145
143
145
145
145
146
146
146
146
147
147
148
147
151
152
152
152
151
150
149
149
149
149
148
147
146
145
144
143
143
143
143
143
143
143
142
141
142
143
141
143
143
143
144
145
145
143
144
144
144
146
145
145
145
146
146
145
146
146
145
147
146
145
145
145
143
144
143
143
142
143
143
144
144
144
143
145
146
146
146
145
146
146
147
147
146
146
146
145
147
146
145
145
144
144
144
145
145
144
144
145
147
147
147
145
144
144
145
146
145
146
147
147
145
144
144
143
143
142
142
141
141
141
141
141
142
142
143
143
146
147
147
147
149
147
149
148
147
148
147
146
147
148
148
149
148
149
149
149
149
148
149
148
148
148
148
147
148
149
148
148
145
145
143
144
144
144
143
145
142
143
143
145
147
146
144
145
146
146
146
144
143
142
142
140
138
138
138
138
139
139
139
140
140
140
140
140
140
140
141
142
142
143
143
142
144
144
145
145
145
146
147
147
148
149
147
146
147
149
150
149
146
146
146
146
143
143
143
142
143
142
142
143
145
145
144
144
141
142
141
139
139
139
139
140
140
140
140
140
141
141
141
141
141
140
140
140
139
140
140
141
141
140
139
139
139
138
139
139
139
139
140
141
143
145
146
145
144
144
145
143
143
143
143
142
141
140
140
139
139
138
138
140
144
144
144
146
146
147
147
146
145
146
146
145
144
144
144
144
144
143
144
144
144
145
143
143
142
142
141
141
141
141
141
141
143
143
144
143
143
145
148
147
145
144
145
144
145
144
145
147
147
147
146
145
145
141
143
143
143
142
142
144
144
143
143
144
142
140
140
141
141
139
140
140
140
139
137
137
139
138
138
139
138
138
138
142
140
141
140
140
139
140
140
138
138
140
140
137
137
136
135
133
133
132
133
134
134
134
135
136
137
137
138
138
139
139
139
138
137
138
138
139
137
137
137
134
136
137
137
138
137
138
138
139
140
139
138
138
139
141
142
143
143
144
140
139
137
136
135
135
136
137
136
136
135
135
135
137
137
137
136
135
136
136
135
136
136
138
139
141
140
141
141
142
141
141
143
142
142
141
140
140
139
136
138
138
139
138
140
141
141
139
140
140
139
142
143
142
142
141
142
142
141
140
140
139
139
140
141
140
140
140
139
138
139
140
141
141
142
140
138
138
137
137
136
137
136
136
136
137
136
137
136
135
135
135
134
136
135
135
134
134
134
135
134
132
132
130
130
130
129
129
129
129
132
133
133
133
133
136
136
137
137
137
138
140
141
138
137
138
139
139
141
138
139
137
137
137
133
134
135
136
135
135
135
136
136
135
135
135
135
136
136
136
137
137
137
137
137
138
137
136
136
136
136
135
135
135
135
137
137
136
135
137
138
137
137
138
136
136
136
135
136
135
134
135
136
137
137
139
138
136
136
137
137
136
137
136
134
137
137
138
137
138
137
137
138
136
135
136
135
136
136
136
136
137
137
136
137
137
137
136
136
138
138
138
137
135
136
135
135
135
134
134
135
134
133
134
133
134
134
133
133
133
133
133
132
133
133
132
132
134
134
134
134
135
135
135
134
134
135
135
134
133
133
132
131
131
131
132
132
130
129
130
130
130
130
131
132
132
131
132
130
131
131
132
132
130
134
134
135
134
133
133
133
134
133
135
137
137
135
134
133
133
134
136
137
135
135
136
135
134
133
136
135
133
134
135
136
137
136
135
135
135
135
135
135
134
136
137
139
138
137
134
133
133
133
133
134
134
134
135
136
134
134
135
134
133
133
133
131
131
131
132
134
134
136
136
136
136
135
134
134
134
134
133
133
133
131
129
129
129
128
129
130
130
130
129
129
128
128
127
127
127
126
126
125
125
126
126
127
130
130
130
128
129
129
129
131
130
130
129
129
130
128
128
129
129
129
128
129
128
127
127
126
126
126
127
125
125
126
126
126
126
126
125
125
125
124
128
130
129
131
133
132
133
133
132
132
131
131
131
132
131
133
132
132
133
133
133
135
137
136
136
137
137
138
137
137
135
136
137
135
135
134
133
132
133
133
131
131
131
130
130
131
133
133
133
134
133
134
132
133
132
134
134
134
133
133
133
133
133
133
131
132
131
130
129
129
128
129
128
128
129
129
128
127
127
127
128
128
128
129
128
128
128
128
129
129
128
128
128
129
129
128
128
127
127
127
127
128
128
125
125
125
125
124
125
125
125
125
125
125
125
125
124
123
123
124
125
124
123
122
121
121
121
123
123
123
123
123
123
123
124
125
127
127
127
126
126
125
125
125
124
125
128
127
129
128
129
129
131
132
132
132
128
128
130
130
130
130
132
133
131
131
131
131
133
132
129
128
128
128
128
128
128
128
127
129
129
125
125
125
122
121
122
122
120
120
120
119
119
119
119
119
120
121
121
122
123
123
123
125
125
126
126
126
126
126
126
125
125
125
125
124
123
124
125
125
125
124
123
122
122
123
124
124
125
125
125
126
126
124
124
121
120
119
119
119
120
120
120
120
121
122
122
122
122
121
122
123
123
122
122
122
122
122
120
120
123
122
122
122
122
124
124
123
124
124
123
122
120
119
119
119
120
121
122
122
122
123
124
123
122
121
122
123
124
125
125
125
127
129
127
126
125
124
124
124
123
125
125
125
126
127
126
126
127
127
129
126
126
125
125
126
126
126
128
127
127
127
125
126
126
126
125
124
127
128
128
128
128
126
127
127
126
127
125
126
125
125
125
125
125
123
123
123
123
122
122
123
122
122
122
122
122
121
121
120
122
121
120
121
121
121
120
121
122
121
120
121
122
125
124
124
124
122
123
123
122
123
123
123
123
124
124
125
125
125
124
124
124
125
123
122
123
122
121
121
121
120
119
119
118
118
119
120
120
119
119
118
118
119
119
119
119
120
119
120
120
121
121
121
122
123
123
122
122
122
122
122
122
122
122
122
121
120
120
119
119
120
120
120
121
121
122
122
123
123
123
123
122
122
122
124
123
123
122
121
120
120
121
120
118
118
118
120
121
122
125
125
124
124
126
127
125
124
125
125
126
125
126
126
124
122
122
122
122
123
123
123
126
126
126
125
124
124
124
124
125
125
126
125
126
126
125
125
125
125
124
124
124
124
123
122
120
118
120
120
121
120
118
117
116
117
118
118
118
117
117
119
119
119
120
120
122
122
121
121
122
123
123
122
123
123
123
121
120
119
118
117
117
117
117
116
117
118
119
120
120
119
120
121
120
120
119
118
118
118
118
118
119
120
120
120
121
120
120
119
118
116
117
118
118
119
119
118
118
119
119
119
119
118
118
118
118
118
118
118
118
118
117
119
118
118
117
118
117
118
120
118
118
117
118
117
117
118
117
117
116
116
116
116
117
119
119
119
118
117
116
116
116
115
116
117
118
119
118
117
118
119
121
122
121
121
120
119
119
119
118
118
118
118
118
118
119
119
118
118
119
119
118
118
120
120
121
121
122
121
121
121
121
121
121
121
122
122
121
121
121
119
120
121
122
122
121
120
118
118
119
118
118
117
118
119
119
120
120
121
121
119
121
120
119
119
119
119
118
118
120
120
118
118
118
119
120
121
121
123
123
125
126
125
125
124
125
125
124
123
123
122
123
122
123
123
121
121
122
122
122
121
118
119
119
118
118
117
118
118
119
120
121
120
121
123
122
123
121
121
121
120
120
119
121
122
121
122
124
125
123
122
122
122
123
124
123
123
123
122
123
123
123
123
123
124
123
123
123
123
122
121
121
121
122
124
123
121
122
123
124
125
125
125
125
124
124
123
124
124
121
121
120
117
117
118
119
119
118
118
118
118
117
118
117
117
118
118
119
118
119
120
120
120
120
120
120
119
118
117
117
117
116
115
115
116
117
118
121
121
121
121
121
121
121
119
123
123
122
125
125
123
124
123
122
122
123
124
121
121
121
122
122
122
121
120
120
120
120
120
120
121
121
120
119
119
119
119
117
116
116
116
115
116
116
116
116
116
117
117
118
118
117
117
117
117
117
117
118
118
117
120
121
118
118
118
118
116
116
117
116
116
116
116
115
115
116
118
117
120
121
119
120
119
119
118
117
117
117
117
117
118
120
120
120
120
119
118
118
116
116
117
117
118
118
119
119
120
121
121
123
122
122
122
122
122
123
123
124
124
123
122
122
122
121
121
121
120
119
119
118
119
121
120
119
118
118
118
118
118
119
120
119
118
119
119
120
119
119
118
119
120
120
120
120
120
120
120
119
118
118
118
116
118
118
117
117
117
117
118
118
117
116
115
115
116
115
115
115
114
113
115
113
113
113
113
113
114
114
114
115
115
115
115
115
113
112
112
112
112
112
112
114
115
115
115
116
115
115
115
116
117
117
117
117
118
118
120
119
117
117
116
115
115
117
119
118
120
119
120
119
118
117
117
116
115
115
114
115
117
114
114
114
114
115
115
115
116
116
116
116
116
118
117
116
116
115
115
115
115
116
114
115
114
114
114
114
115
116
114
114
115
115
116
115
116
117
116
116
116
115
117
117
117
117
116
116
115
116
115
115
114
113
115
117
117
117
119
118
119
122
121
121
120
118
119
119
120
121
120
120
121
122
122
122
123
123
122
123
123
122
122
122
121
120
120
120
118
118
118
117
118
117
116
116
116
115
116
117
118
116
116
116
116
117
118
117
118
117
117
118
118
118
119
119
119
119
120
119
118
116
116
116
117
115
115
115
114
114
116
117
116
118
117
117
117
117
119
118
117
115
115
114
114
114
114
116
116
115
115
113
113
113
114
115
115
115
115
115
118
117
115
116
115
115
112
114
113
112
113
113
113
113
113
114
114
113
114
115
113
112
112
112
110
110
111
110
110
110
111
111
111
111
112
112
113
113
114
113
114
113
112
111
111
112
112
112
113
113
113
114
114
114
115
115
114
115
115
115
115
116
116
117
116
116
116
114
115
116
116
116
117
116
116
117
118
118
116
117
117
114
114
114
114
113
112
112
112
112
113
114
114
116
116
115
116
115
114
116
116
116
116
115
113
113
112
112
113
113
113
113
114
113
113
113
113
112
110
109
109
109
109
110
110
108
108
108
108
108
108
108
109
108
109
109
108
108
109
108
110
109
108
109
109
107
106
107
106
107
107
107
107
108
109
109
108
108
108
107
107
107
108
108
107
108
108
108
108
108
109
108
110
110
108
107
108
108
109
109
107
107
106
106
106
108
107
107
108
109
108
107
107
107
107
107
108
108
110
110
109
109
110
109
109
110
111
111
112
114
114
113
113
111
111
112
112
113
112
109
109
109
109
109
109
108
107
109
109
109
109
110
110
110
109
109
109
108
111
109
108
105
105
106
105
105
106
106
106
106
107
108
108
108
110
109
109
109
109
109
109
109
110
111
111
111
108
108
108
111
112
113
113
113
112
112
112
113
112
111
110
110
111
111
111
113
113
114
113
115
114
113
111
112
111
110
110
110
110
109
108
107
106
106
106
107
107
107
107
107
107
109
110
109
109
109
109
108
109
108
107
109
108
109
108
107
107
107
107
106
106
106
107
106
107
108
109
110
111
110
110
110
109
110
109
108
110
110
110
109
108
108
108
108
108
110
108
109
110
109
110
111
112
111
110
107
110
110
110
112
115
114
113
114
114
112
113
112
112
109
108
107
106
107
108
109
111
110
109
108
107
107
105
105
105
105
107
107
105
105
104
104
103
103
103
105
106
106
106
106
106
107
106
107
107
106
105
106
109
108
108
109
109
107
106
105
106
107
107
107
106
107
107
107
107
106
104
104
105
105
106
109
109
108
106
106
106
105
105
106
106
106
106
106
106
106
107
108
106
106
106
105
104
105
104
104
103
103
105
107
107
106
107
105
108
107
107
106
106
105
105
105
105
105
106
106
104
104
105
105
105
105
103
105
104
103
100
99
99
99
99
100
101
102
104
104
105
105
105
104
104
105
105
107
107
106
105
105
106
106
104
103
103
103
103
103
103
103
103
104
105
104
103
103
103
103
103
103
105
104
103
105
104
104
104
104
105
105
105
105
105
104
106
106
106
106
104
104
103
102
102
103
102
101
100
101
101
102
102
103
102
102
103
103
102
101
101
101
100
100
100
100
99
100
100
100
100
101
102
102
102
101
101
101
101
101
101
102
102
102
101
100
100
102
102
102
100
100
101
101
101
103
104
103
103
103
102
103
103
100
100
101
102
102
101
100
100
100
100
100
100
100
100
100
100
100
100
100
101
101
100
101
101
101
102
103
104
104
105
105
105
103
103
104
104
104
102
102
103
103
104
104
104
106
107
105
104
103
103
103
104
104
103
103
102
104
103
103
103
104
103
104
104
103
105
105
104
104
105
104
105
103
104
103
104
104
104
105
105
104
104
105
105
103
103
104
105
105
107
107
105
105
106
106
106
105
103
103
104
106
107
108
109
108
108
109
110
111
111
110
107
107
107
107
108
106
106
106
106
105
104
104
104
103
103
105
106
106
105
104
106
104
105
106
105
106
105
104
104
105
106
106
106
106
108
110
109
111
110
109
109
108
108
108
108
107
105
104
103
102
102
103
104
103
102
103
103
103
104
102
102
102
103
103
103
103
104
105
105
106
105
104
105
105
104
104
105
106
105
106
105
106
107
105
105
104
106
105
105
104
105
106
106
106
107
108
108
108
107
108
108
107
108
108
108
108
106
106
105
105
106
105
105
103
103
103
103
105
105
105
104
103
103
103
103
103
103
104
103
104
104
104
103
103
103
103
103
104
104
107
106
105
106
106
