0.0005903448275862068 0.0004879310344827587
300
294
289
286
282
282
279
274
271
269
269
269
268
266
264
262
261
258
256
256
251
251
252
254
255
253
253
255
254
249
249
246
243
244
242
242
241
239
239
241
241
241
242
242
243
244
245
244
243
243
241
239
238
238
238
238
236
236
237
237
237
237
234
233
235
235
235
234
236
238
237
238
238
236
234
235
234
235
234
234
233
234
234
234
234
234
235
238
239
238
235
235
233
231
232
233
233
233
233
235
235
233
231
231
231
233
233
233
234
231
233
233
231
231
232
229
230
231
231
232
232
230
231
231
231
231
233
229
228
228
227
227
227
229
228
228
227
229
228
229
231
233
231
231
231
230
229
228
227
228
229
229
229
230
230
229
229
226
227
228
229
229
228
227
227
228
228
228
228
229
228
229
231
230
233
234
234
233
230
229
228
230
229
231
232
231
233
230
230
230
232
232
230
227
228
228
226
225
225
226
225
224
224
224
225
227
225
223
224
223
224
222
222
222
223
223
221
221
220
219
219
221
221
222
223
224
224
223
222
223
222
224
220
219
218
218
216
216
216
216
218
218
221
223
223
224
225
225
225
226
227
228
225
228
228
228
226
226
226
225
221
221
223
222
223
224
223
224
226
224
225
226
224
222
221
219
220
223
224
226
225
226
224
223
225
223
221
222
220
218
220
223
221
219
217
219
221
222
220
220
219
218
219
220
220
222
219
218
221
220
220
220
221
220
219
218
218
218
217
215
216
215
215
215
216
218
216
215
213
213
213
215
215
217
218
219
218
218
217
215
214
215
217
217
217
217
217
216
216
217
215
214
216
215
215
215
216
218
219
218
218
218
219
219
221
219
218
218
219
220
221
222
220
218
217
216
217
217
216
214
213
212
208
206
206
206
206
207
208
207
208
211
211
212
211
213
213
212
211
210
209
211
211
210
212
214
215
219
219
219
218
216
215
215
216
213
212
213
213
215
217
216
216
214
213
213
214
212
211
212
212
211
211
211
212
213
214
213
214
215
216
215
213
214
213
213
211
211
211
211
211
212
213
215
215
215
214
215
212
214
211
214
216
217
216
217
217
215
217
217
219
218
218
220
219
219
221
221
218
217
216
214
214
215
219
218
217
216
217
216
215
212
213
212
214
214
212
212
210
209
210
209
208
206
205
208
208
210
211
208
207
207
207
206
208
206
206
206
206
207
207
207
206
205
206
207
204
205
205
205
205
206
205
205
205
208
209
209
207
206
207
206
201
200
201
201
202
203
203
203
203
206
205
208
208
206
205
204
204
203
204
203
205
206
204
205
204
203
204
204
202
202
200
200
200
201
202
202
202
201
201
201
203
202
203
203
202
201
198
198
198
199
200
200
201
201
201
201
200
201
201
202
201
202
202
203
203
203
203
202
202
202
203
203
202
203
203
202
198
201
201
201
198
198
198
200
200
200
199
199
199
200
200
199
200
200
203
201
200
200
200
200
201
202
202
202
200
203
204
202
203
203
202
201
200
199
199
200
200
199
201
201
202
201
200
199
200
200
198
197
196
195
194
195
193
194
195
195
198
197
200
199
201
202
201
199
198
198
198
197
197
197
196
195
195
195
197
197
195
194
192
195
196
196
196
195
199
198
200
197
199
197
197
197
197
199
199
199
198
196
199
198
198
200
200
201
201
199
200
200
200
201
201
202
202
202
203
204
201
202
201
201
200
201
200
199
195
196
197
197
196
196
197
197
197
197
196
195
197
197
196
196
195
195
195
194
193
193
194
194
193
195
194
192
192
192
193
193
193
193
193
194
194
194
194
193
192
193
194
193
192
192
193
192
192
192
192
192
194
194
194
194
192
191
191
190
192
193
194
194
195
194
195
194
197
196
197
196
196
198
192
191
192
191
191
190
190
187
189
189
189
188
187
188
188
190
190
192
192
190
191
191
191
191
194
193
194
193
191
190
188
187
189
189
189
189
188
187
188
188
186
186
186
187
187
187
185
182
182
182
182
184
186
185
186
186
186
185
184
185
183
184
184
182
181
181
181
182
181
181
179
180
181
182
183
183
185
182
187
187
187
185
183
183
185
185
184
185
183
185
185
184
184
181
181
181
181
182
182
181
181
181
182
186
188
187
187
186
186
184
187
187
187
187
186
186
188
186
185
184
185
184
183
187
185
184
184
183
183
184
181
180
180
180
180
181
182
181
181
182
183
183
183
184
184
185
186
187
188
188
185
185
185
184
185
185
184
183
180
181
180
180
180
180
180
181
178
178
179
180
179
179
179
178
178
179
178
179
178
179
181
180
180
178
177
175
175
174
175
176
179
180
180
183
184
184
183
184
184
184
177
176
177
176
175
176
175
175
176
174
173
173
176
174
173
173
174
172
172
172
174
174
174
175
175
175
175
175
175
175
175
178
178
177
177
177
178
178
177
177
177
178
178
180
179
181
178
179
180
180
180
178
178
177
179
179
176
173
175
174
174
173
172
173
174
174
174
175
176
175
175
176
177
178
177
176
176
179
179
179
178
178
179
179
178
178
178
178
177
174
176
176
173
175
175
173
171
174
174
174
174
175
174
174
174
174
176
175
174
173
174
173
173
173
174
173
172
171
171
171
172
173
174
173
173
174
176
175
175
175
176
176
175
176
175
177
176
177
177
177
179
176
176
177
177
178
177
177
175
175
174
174
174
174
174
174
176
175
175
177
177
177
176
176
177
179
178
178
176
174
174
176
176
176
175
175
176
176
175
173
171
173
172
172
171
175
174
174
175
172
172
173
172
173
173
173
172
173
173
171
171
172
174
174
174
174
175
175
174
174
173
171
173
172
173
174
173
177
175
174
173
174
174
171
172
172
172
172
172
172
171
171
171
172
171
170
170
169
167
168
169
170
172
172
172
172
172
173
172
172
170
170
170
171
172
171
171
170
170
170
174
174
176
177
176
176
175
175
174
171
171
171
173
173
173
173
170
170
170
171
170
170
168
169
168
168
170
171
170
171
172
172
171
171
171
170
173
174
173
173
173
174
174
174
175
179
175
175
175
176
177
176
175
175
176
177
176
176
176
177
173
175
175
174
177
178
177
176
177
177
177
179
180
175
174
173
173
173
174
176
176
177
179
180
180
179
180
180
180
179
179
177
176
176
176
175
174
175
177
176
178
177
175
175
173
175
175
175
175
177
177
176
175
175
176
176
177
178
176
177
176
176
177
179
179
180
181
181
180
179
177
174
174
172
171
173
173
172
172
172
173
171
169
168
169
171
171
173
172
170
166
167
168
167
167
165
167
166
166
166
167
168
167
168
168
167
167
168
168
167
169
170
168
166
165
164
164
164
165
166
166
167
168
169
166
167
166
169
170
171
170
170
168
168
165
164
165
166
167
168
167
166
166
166
166
168
169
169
170
170
169
166
168
170
170
171
171
169
171
171
171
170
170
170
171
172
171
171
170
169
170
172
170
171
169
169
169
169
172
171
171
171
170
170
171
170
171
172
174
175
175
176
175
174
173
172
172
174
175
176
176
175
175
175
174
175
176
174
174
173
170
170
168
168
170
170
169
169
169
168
168
169
169
170
168
169
169
168
168
169
171
170
170
171
170
170
170
170
170
170
170
169
170
169
169
170
168
170
170
170
170
171
172
173
173
172
173
173
173
173
171
172
174
174
174
174
174
175
174
175
176
176
176
176
177
176
176
176
178
177
179
179
177
177
176
176
173
177
174
174
175
176
175
175
174
175
175
175
176
175
177
174
171
171
171
171
172
172
173
172
173
171
170
168
168
166
166
166
165
165
165
165
167
169
168
169
168
168
169
170
172
173
172
172
171
171
172
172
173
173
173
171
171
170
169
166
168
170
169
169
168
168
166
165
165
165
165
166
167
165
165
166
167
166
167
168
168
168
169
169
167
167
168
167
167
166
166
166
166
167
168
170
169
170
170
170
171
172
171
172
173
173
171
170
170
171
171
167
168
169
168
169
169
168
167
166
166
166
167
168
168
168
170
170
171
175
174
172
170
172
172
172
173
173
172
172
172
172
175
174
170
170
170
170
171
169
169
173
173
175
176
174
175
176
177
178
176
176
177
178
177
176
174
172
169
169
168
165
166
166
165
164
167
165
165
164
165
164
163
162
162
163
163
164
164
164
165
166
166
166
166
167
166
167
166
168
169
168
168
168
167
165
166
165
166
165
164
163
160
160
160
158
159
159
160
158
158
157
159
159
158
158
159
161
161
161
162
161
162
162
163
162
162
162
163
160
160
161
159
161
161
159
158
158
159
159
159
159
157
156
157
158
160
161
162
159
159
159
159
158
157
157
158
159
159
160
159
159
158
159
158
158
159
158
159
159
159
157
157
157
157
157
157
157
157
158
158
159
159
161
160
158
157
156
157
157
157
159
158
158
158
158
158
158
157
158
158
159
159
158
159
159
159
159
159
159
158
159
159
160
159
160
161
160
160
160
161
161
162
160
159
160
162
163
163
162
164
164
164
163
162
162
161
162
162
162
162
160
160
161
161
161
161
161
162
162
162
161
162
162
161
161
159
159
161
162
162
163
162
162
163
163
163
163
164
166
164
164
164
164
163
162
162
162
162
163
164
164
164
164
165
166
168
167
168
166
165
163
165
166
165
165
165
164
165
164
165
166
168
166
164
164
164
163
163
163
162
163
163
163
163
164
164
165
164
166
166
168
166
165
166
164
163
164
163
163
164
163
162
164
163
163
163
163
164
163
162
162
162
163
164
165
167
167
167
167
165
163
163
162
160
160
160
159
159
158
159
161
161
161
160
161
160
160
160
161
162
161
161
160
159
159
158
159
158
160
161
159
158
158
159
158
157
157
157
157
157
158
159
159
160
158
159
160
161
160
161
162
164
163
163
164
164
162
162
159
157
157
157
157
156
157
157
158
158
158
159
159
159
158
158
159
159
159
158
159
160
160
159
158
159
160
160
161
158
157
157
157
157
158
158
157
158
156
156
157
156
156
156
156
155
156
156
157
157
158
158
158
157
159
158
159
158
159
159
156
156
154
154
157
157
158
159
160
160
160
160
158
158
159
158
157
156
156
158
158
156
157
157
158
160
161
163
162
162
161
161
162
162
162
162
163
163
162
161
160
159
159
159
161
163
163
161
160
159
160
159
158
158
158
158
161
160
160
160
160
160
160
160
157
157
157
156
156
156
157
157
154
154
154
154
153
154
154
154
154
154
155
155
156
157
156
157
158
158
158
156
156
156
157
154
154
155
155
154
154
154
155
156
157
160
160
160
158
157
158
157
158
157
155
156
159
159
159
158
158
159
159
160
161
161
160
160
159
159
161
162
164
161
162
161
160
159
158
159
160
160
161
160
157
159
160
159
159
159
159
158
158
158
159
163
166
164
164
164
166
165
166
163
165
164
164
165
166
167
167
168
166
166
167
166
167
167
167
166
165
165
165
164
165
166
165
165
167
164
165
165
164
162
165
165
163
163
164
164
164
163
165
165
164
164
165
164
162
162
161
161
163
163
161
163
162
161
161
162
161
162
162
162
161
161
162
162
162
163
163
164
163
163
164
166
165
164
164
163
163
164
165
165
164
164
163
163
163
163
163
163
163
164
165
166
163
164
162
162
162
162
161
158
158
158
159
160
160
161
159
158
159
159
160
160
160
161
162
163
163
165
164
161
161
161
161
161
161
159
158
157
156
158
159
158
159
159
159
158
159
158
161
162
163
161
162
161
162
162
161
162
162
161
160
160
161
160
160
161
159
159
159
158
158
158
158
159
160
159
158
157
158
157
158
156
156
156
156
154
153
153
153
155
155
155
155
156
156
155
157
159
160
160
161
160
159
160
160
160
163
162
164
163
160
160
159
159
158
156
156
157
159
160
160
158
158
157
155
156
155
155
155
155
155
156
158
158
158
159
161
161
159
158
157
158
156
155
153
155
154
155
155
156
157
156
157
156
158
160
159
160
159
159
158
158
157
155
156
156
157
157
157
156
153
154
154
154
154
155
155
154
151
152
152
153
153
153
153
151
150
150
149
149
150
151
152
152
152
152
152
152
153
152
152
154
155
157
155
153
152
153
155
156
156
157
157
156
155
154
154
154
154
153
154
154
155
155
154
154
154
155
156
156
156
157
157
156
158
158
158
157
156
157
158
157
156
155
156
156
156
155
155
155
155
154
155
154
153
155
154
155
154
154
156
155
155
155
156
158
158
157
156
159
158
158
157
156
155
156
156
157
157
157
157
157
157
155
155
156
156
156
156
156
155
155
155
156
156
157
157
157
156
157
157
156
156
155
154
156
155
155
153
155
157
158
157
158
157
156
155
154
153
153
153
151
151
154
157
156
157
157
158
157
155
156
157
157
157
157
157
156
156
159
159
157
157
156
156
155
155
155
153
152
152
151
151
154
153
153
155
155
154
155
156
157
157
156
155
154
155
155
155
155
155
154
154
154
156
158
158
159
158
159
158
157
158
158
157
154
155
156
154
152
152
153
151
150
150
150
151
150
149
149
148
151
153
152
154
153
153
152
153
153
154
154
154
155
154
154
154
154
152
153
152
153
152
152
153
153
153
153
154
153
152
153
155
155
156
154
154
153
153
149
150
149
151
151
148
151
150
150
152
152
152
152
152
153
152
151
152
152
151
150
151
152
153
153
153
152
151
151
152
152
154
154
155
156
156
154
152
153
153
153
154
155
155
154
153
151
150
151
151
151
150
150
150
149
149
149
150
151
152
152
153
154
154
153
154
154
152
151
150
150
149
149
149
149
148
149
150
151
148
148
148
148
149
149
149
149
153
153
155
154
153
153
151
151
149
151
153
151
151
152
153
153
153
154
154
155
155
155
154
155
156
158
159
158
159
157
158
158
157
154
156
155
155
158
156
156
155
154
153
153
152
152
152
152
151
154
155
155
156
156
155
155
156
157
156
155
155
156
157
156
158
157
158
155
154
155
154
154
153
155
156
156
157
158
157
154
154
154
155
157
157
158
158
158
159
156
159
158
157
157
157
157
157
159
159
160
160
160
159
159
160
159
158
157
156
155
154
155
155
155
153
153
152
151
151
153
154
157
156
159
159
158
157
154
155
156
156
153
153
152
149
150
149
148
149
151
153
155
155
156
156
151
149
149
149
149
148
148
149
149
150
150
150
151
151
151
149
148
148
148
148
147
146
148
148
148
147
147
149
148
150
150
150
152
152
153
152
150
151
151
151
151
151
150
150
149
149
149
149
149
149
149
149
150
150
150
148
147
148
148
148
148
147
147
149
148
148
147
146
146
147
145
145
145
145
144
146
146
149
150
151
152
154
153
153
152
151
150
152
151
151
151
151
149
148
148
149
147
148
149
147
146
146
147
148
149
149
148
147
147
147
147
147
148
148
148
147
148
148
148
146
146
145
147
147
147
144
146
146
148
147
147
147
147
145
143
143
143
144
143
146
144
144
146
146
143
142
142
142
144
145
146
147
145
143
142
142
143
145
145
146
146
146
146
147
148
148
148
148
152
150
151
151
149
148
148
147
146
146
145
145
145
145
144
144
144
144
146
147
148
150
147
147
148
147
147
146
146
145
145
145
145
146
145
145
147
148
146
146
148
149
149
150
150
150
147
147
148
147
147
148
149
150
147
146
146
147
147
146
146
146
147
149
148
146
146
146
148
147
148
149
149
149
150
150
149
150
149
149
148
147
145
146
146
146
145
145
146
146
146
147
147
147
146
145
146
147
147
146
145
144
145
147
147
148
147
147
147
147
147
147
148
147
147
146
146
146
145
143
144
145
146
146
146
147
149
147
147
148
146
147
147
146
146
145
144
144
145
145
145
145
144
145
145
145
145
145
144
144
144
144
143
143
143
143
144
144
146
146
148
147
147
146
146
145
145
147
146
147
145
144
145
146
144
142
144
145
145
145
144
144
145
144
143
144
143
143
143
143
143
145
145
145
145
146
145
145
146
144
145
146
147
148
146
146
146
148
148
146
144
145
144
143
144
144
144
145
144
144
145
144
144
145
145
144
146
146
147
147
145
144
144
146
148
148
148
149
147
146
145
143
143
143
145
145
145
142
144
141
144
144
145
145
146
147
147
149
148
147
149
146
147
147
145
145
144
142
141
143
143
142
141
142
143
144
144
143
144
143
142
141
140
141
141
142
141
142
141
141
141
140
141
141
141
142
143
143
143
142
142
142
140
140
140
140
141
140
140
139
140
140
140
142
143
144
143
143
142
142
144
143
141
141
143
143
142
144
144
146
146
146
146
145
147
146
144
143
144
143
141
140
141
142
144
143
143
143
141
141
143
142
142
141
141
139
140
141
142
142
143
143
143
143
142
143
143
143
144
142
143
142
141
142
143
143
145
145
145
144
143
145
145
147
145
145
145
144
145
144
145
145
144
144
143
145
145
149
148
148
145
145
142
142
142
143
141
141
141
141
140
140
140
141
142
141
144
142
141
142
143
143
144
145
145
144
146
146
148
147
147
148
149
149
147
148
147
146
146
144
144
143
142
142
143
142
142
142
141
141
141
141
142
140
140
140
139
140
140
141
140
140
143
143
141
141
141
139
139
140
141
141
142
142
142
141
141
141
140
139
140
142
144
144
144
145
147
147
146
145
145
142
143
141
140
141
140
141
140
139
140
139
140
141
142
142
141
141
140
139
140
141
141
142
141
141
140
141
140
141
143
143
143
143
144
143
142
143
144
144
145
145
144
144
144
145
146
146
145
145
145
142
142
142
142
141
141
141
143
143
142
142
142
143
144
145
144
145
146
146
145
145
145
145
145
145
144
144
145
146
146
145
145
145
144
144
144
145
147
149
147
147
145
144
144
144
143
144
144
144
146
144
143
143
144
146
146
147
147
145
144
142
142
143
143
143
143
143
143
144
145
144
143
144
145
145
144
145
147
146
146
145
144
144
143
144
145
145
145
145
144
144
145
144
144
144
142
142
142
142
143
142
145
143
142
143
144
144
145
145
146
145
144
144
143
145
146
145
145
144
143
143
142
143
143
143
142
143
142
142
143
142
141
144
142
142
143
144
144
145
146
147
148
146
148
147
149
150
149
148
147
148
147
147
145
142
141
142
143
143
144
143
142
143
143
143
142
143
143
142
143
143
144
144
144
143
142
143
142
140
138
138
139
141
141
139
137
136
134
134
134
134
134
134
135
137
139
140
142
142
140
140
140
139
138
137
136
137
136
136
135
135
135
136
136
136
136
136
136
136
135
136
138
139
139
139
139
138
139
138
139
138
139
139
138
138
138
138
138
138
137
139
138
137
138
138
138
136
137
138
137
138
137
135
135
135
134
135
136
136
136
136
137
136
134
135
135
134
136
136
137
138
138
138
139
138
138
139
139
140
142
140
140
141
142
141
141
140
140
139
137
136
136
136
137
136
135
135
136
137
136
138
140
138
137
138
137
137
136
134
134
135
135
135
135
137
137
138
137
138
137
137
136
137
137
137
138
139
139
140
140
140
140
139
139
141
142
141
141
141
141
142
141
140
138
138
138
137
137
136
135
136
137
137
138
138
139
139
139
139
139
139
139
140
140
140
138
138
138
138
138
139
139
140
139
139
139
139
136
135
135
134
134
134
134
136
134
134
134
136
136
137
137
138
138
140
142
143
143
141
140
141
141
140
139
139
137
136
136
136
136
135
133
133
133
133
135
136
136
136
136
136
136
136
137
137
136
135
135
136
137
137
138
139
139
139
139
138
138
139
140
140
140
142
142
141
141
141
143
142
140
140
139
140
143
139
139
139
139
139
138
138
138
140
142
141
139
138
137
136
134
135
135
135
133
134
133
134
136
136
138
136
134
134
135
135
134
134
133
134
134
135
134
134
134
135
135
135
134
135
136
138
136
136
136
137
136
137
136
136
137
138
138
137
138
139
138
141
139
138
136
137
135
135
137
137
136
134
133
133
133
131
129
129
129
129
130
130
130
131
131
129
129
129
129
129
129
129
130
131
132
132
131
131
133
134
135
135
135
134
133
133
132
132
132
132
131
132
132
132
132
131
131
131
129
129
132
132
132
131
130
129
128
127
126
126
127
127
126
127
127
127
126
126
126
126
127
128
132
130
130
130
129
129
129
129
132
129
131
131
131
131
130
130
129
130
127
126
126
124
124
123
123
124
124
124
124
124
125
125
124
125
124
123
123
122
122
122
123
123
124
123
124
125
125
124
125
126
125
124
126
124
123
123
124
124
125
125
126
125
125
126
126
125
126
126
126
124
124
124
124
124
124
124
124
123
123
124
123
123
125
126
126
126
126
126
127
126
126
125
125
125
126
126
126
125
124
127
125
125
124
125
126
127
126
125
125
125
123
122
122
121
123
123
123
123
123
125
125
125
127
127
125
125
124
123
122
122
120
121
121
123
123
123
123
124
124
122
123
123
123
123
122
122
122
121
121
121
120
120
120
121
122
121
121
122
122
122
122
121
123
124
124
124
124
124
124
123
123
123
123
122
123
122
120
120
121
121
122
122
122
122
122
123
123
123
120
120
122
123
123
123
126
124
125
124
126
126
126
127
125
124
123
123
121
122
122
122
121
121
121
120
121
121
121
121
121
119
120
122
122
123
125
125
125
124
124
128
127
129
129
128
128
128
129
129
128
131
133
130
127
127
126
126
126
126
126
125
125
125
125
125
125
125
126
127
128
127
126
128
127
126
126
126
125
126
125
125
125
123
122
123
123
121
122
121
121
123
122
122
122
122
123
123
123
126
126
128
128
126
125
126
126
125
124
126
124
124
124
124
124
124
125
124
124
124
124
124
123
125
123
123
124
127
128
126
128
128
129
128
130
129
130
128
127
127
126
127
127
127
125
124
124
124
124
122
123
124
123
121
120
120
120
121
118
118
117
116
117
116
116
116
116
116
117
117
117
116
117
117
117
119
118
119
119
119
118
118
119
119
119
118
118
119
119
120
123
122
123
123
122
123
125
125
125
125
125
126
126
123
123
123
121
121
120
120
121
120
122
122
119
119
120
119
118
118
118
118
119
121
121
122
121
119
120
120
119
117
116
115
115
116
116
116
116
116
118
116
116
116
117
117
118
119
117
117
117
119
118
117
117
117
118
118
118
118
117
117
117
118
118
118
118
118
117
119
120
121
121
120
120
121
124
125
123
124
121
121
123
123
124
123
123
121
120
121
122
121
121
120
122
123
121
122
122
120
119
119
119
119
119
120
121
119
119
119
119
120
122
122
122
123
121
120
120
122
122
124
124
123
124
123
122
122
122
122
123
124
125
123
123
124
125
125
124
123
122
122
122
122
123
123
122
121
122
121
122
123
123
123
123
124
122
123
121
120
120
117
117
117
116
116
117
118
118
119
117
116
117
117
117
120
