0.00031724137931034486 0.0004537931034482759
300
294
292
290
289
289
288
284
279
277
274
274
271
269
266
266
266
264
263
265
263
262
262
262
257
256
254
256
256
257
257
256
254
254
253
252
251
251
253
252
254
255
252
249
250
249
247
247
248
247
247
246
244
244
243
245
245
248
245
246
244
244
243
240
240
237
237
237
237
237
238
238
239
240
239
237
238
238
238
239
239
239
237
239
240
240
240
240
238
236
237
236
235
235
234
236
234
234
230
231
230
231
231
232
231
231
229
230
230
232
231
231
231
231
230
229
231
233
234
233
234
234
232
232
232
235
237
237
233
233
235
235
236
235
232
231
231
232
232
233
233
231
230
230
231
233
236
236
236
234
233
233
232
233
233
234
234
235
235
235
237
233
232
232
231
229
229
229
228
227
227
227
228
231
229
230
231
228
228
228
230
233
236
235
232
230
231
229
233
233
233
231
233
231
230
228
229
228
228
228
228
228
228
227
228
229
230
228
229
226
228
228
229
229
227
226
226
226
227
226
227
227
227
227
226
226
226
228
230
231
233
233
231
232
235
234
231
231
232
234
235
235
235
234
232
229
228
226
228
228
227
225
225
224
222
222
222
222
222
221
222
223
225
223
222
224
224
226
225
223
224
224
223
222
223
224
224
226
225
225
225
224
222
223
222
222
222
222
219
221
219
221
222
223
224
222
222
225
221
221
220
220
219
219
219
217
216
216
216
217
217
217
216
216
217
216
218
219
218
218
217
217
216
217
217
217
217
217
218
219
218
217
216
216
216
216
215
215
215
216
216
217
217
216
216
216
214
214
215
216
217
217
217
217
217
216
216
217
218
217
216
216
217
221
220
220
220
216
217
216
218
218
221
220
224
224
220
220
221
221
218
220
221
218
218
216
216
218
218
220
219
218
218
219
220
219
217
217
217
215
215
216
216
216
214
212
213
213
214
213
213
214
214
216
216
216
216
216
217
216
217
216
216
215
216
216
218
219
218
215
214
214
214
215
212
212
212
210
210
209
210
209
213
211
211
209
210
210
210
211
211
212
212
212
210
212
213
210
209
210
208
208
208
209
211
211
211
211
211
211
211
212
212
211
214
213
212
214
214
212
212
210
211
211
212
212
212
212
211
210
212
212
212
212
211
209
209
209
210
210
211
211
212
213
212
211
213
214
213
212
212
210
210
209
209
209
208
207
207
207
206
207
208
210
209
211
210
211
210
208
208
209
207
208
207
208
211
212
211
211
211
212
212
212
213
211
211
214
212
212
210
212
211
212
212
212
210
210
210
208
208
207
208
208
208
208
209
208
207
207
207
206
206
209
204
205
205
205
206
206
205
205
206
208
209
209
208
209
211
211
211
207
210
209
210
210
209
210
209
208
209
208
205
205
207
209
207
207
207
206
206
207
209
205
205
205
204
203
203
203
201
203
204
204
205
205
206
206
205
205
207
206
207
207
206
205
204
205
206
203
202
203
201
202
203
203
203
203
202
199
199
200
201
201
203
204
204
204
203
202
201
201
201
202
202
203
203
204
205
206
205
208
209
209
210
208
209
209
207
202
202
203
204
203
204
205
205
205
201
201
202
203
203
203
203
201
200
200
200
199
201
200
199
200
200
201
201
199
198
198
198
197
197
199
201
202
202
202
203
202
202
203
205
203
201
202
202
201
202
201
203
203
205
204
205
203
201
199
200
201
200
198
197
198
199
201
201
200
198
197
197
197
197
198
199
198
195
196
197
197
198
198
197
195
194
194
193
193
193
192
193
192
191
190
190
190
190
191
191
191
191
191
192
192
191
190
190
192
192
194
194
194
193
192
193
194
195
193
194
194
193
194
194
193
193
192
191
191
191
192
194
195
195
193
194
194
195
196
197
198
197
197
196
196
197
196
194
194
196
195
195
196
195
193
193
193
192
192
192
190
191
190
191
190
191
191
191
191
192
194
194
194
193
192
192
191
193
193
195
195
196
197
197
196
194
194
194
195
195
196
196
197
197
196
195
193
195
195
195
196
196
196
193
191
190
190
190
191
190
193
194
193
191
193
193
195
194
194
193
193
193
191
190
191
193
191
193
191
191
191
190
191
192
192
193
193
191
192
192
193
192
190
190
190
189
189
188
188
188
188
189
189
189
189
189
190
190
190
189
188
188
190
191
191
192
192
191
189
191
188
188
188
190
189
191
189
188
188
187
187
186
186
185
185
185
185
186
189
191
193
193
193
192
190
189
188
189
188
190
192
194
193
192
192
190
190
188
188
186
186
185
186
186
186
188
187
187
188
187
187
187
188
189
187
187
189
188
188
187
187
185
187
185
187
189
190
187
185
185
185
184
184
184
186
186
187
187
186
185
186
186
185
188
188
185
184
184
184
184
184
184
183
183
183
184
183
183
184
184
184
187
187
188
189
187
188
187
188
188
186
185
184
184
184
184
185
186
186
185
185
185
185
187
185
185
186
186
187
187
187
187
190
191
192
187
187
188
187
188
187
185
184
184
183
182
183
182
181
181
180
180
180
180
181
183
182
184
183
182
181
184
185
185
186
184
184
183
183
182
180
181
181
181
181
183
184
182
182
183
182
181
179
178
179
180
181
182
181
180
181
181
181
181
181
181
180
181
180
181
182
182
182
183
183
183
182
182
179
179
178
178
177
177
176
177
178
176
177
177
178
177
178
179
178
177
175
174
175
176
177
176
177
177
176
175
176
175
176
175
175
175
178
178
176
175
175
175
175
175
175
174
174
176
177
178
178
176
176
177
178
178
181
182
180
182
182
182
180
180
181
180
181
181
179
180
180
179
181
180
180
180
181
182
181
181
180
178
176
177
176
176
176
178
178
178
178
176
176
177
176
176
177
176
175
175
174
174
176
176
175
175
176
176
177
177
179
178
177
175
177
177
176
177
177
176
176
177
178
178
177
174
175
174
174
175
174
173
173
173
174
175
175
175
175
176
176
176
177
176
176
176
174
175
175
175
175
176
178
178
180
178
178
179
179
179
181
182
181
180
179
180
177
174
172
173
171
171
172
172
171
170
170
170
170
171
170
171
171
171
172
171
172
172
171
171
172
173
175
175
175
174
174
174
173
173
174
171
172
171
171
171
171
171
173
171
172
172
173
173
173
173
170
170
170
171
171
171
171
171
171
172
173
174
175
175
177
178
175
174
174
174
174
175
174
175
175
175
175
175
173
173
172
173
172
171
171
173
172
172
170
170
171
172
174
174
173
173
172
171
171
172
170
170
170
171
170
169
170
170
169
169
170
169
169
169
170
171
171
172
174
174
173
172
172
172
172
171
171
171
170
169
168
168
168
169
170
170
170
168
168
169
169
170
168
168
168
168
166
166
166
166
166
167
168
170
171
170
170
170
170
170
171
171
171
171
170
171
171
172
173
174
175
175
177
179
177
177
177
177
177
178
177
175
176
176
176
174
175
175
173
173
173
172
172
171
171
172
174
174
173
173
174
169
169
171
172
172
169
170
171
170
168
167
167
166
166
169
170
169
169
169
170
170
168
168
173
169
169
169
168
168
168
168
168
167
166
166
166
165
167
167
166
168
169
168
169
170
171
170
171
170
170
170
170
169
167
167
166
166
165
165
165
167
165
164
165
163
163
163
164
164
164
164
162
161
161
161
163
163
162
163
161
161
161
162
161
160
160
162
162
161
161
159
159
159
160
161
161
161
160
161
162
161
161
162
163
161
161
160
160
160
160
160
160
162
163
164
163
162
161
162
161
161
161
161
160
159
159
160
159
158
158
158
158
158
158
158
158
159
159
158
159
160
160
160
160
162
164
163
165
163
160
159
159
160
160
160
160
162
161
161
161
163
163
163
165
165
162
162
163
162
162
163
163
163
163
164
165
164
165
165
165
164
163
162
162
161
160
160
160
160
160
159
160
160
160
160
161
161
162
163
164
165
163
163
163
163
161
161
162
162
161
161
161
161
161
162
162
162
159
159
159
160
159
161
160
159
159
160
161
161
162
162
162
160
160
162
163
164
163
161
161
160
161
161
162
161
161
161
161
161
162
162
160
161
161
161
161
161
160
160
160
160
159
160
160
161
161
160
159
159
159
158
158
158
158
160
159
160
161
161
161
161
161
159
159
158
158
159
159
159
160
159
158
158
158
158
158
160
159
159
159
159
161
159
158
158
158
159
160
161
161
162
162
162
162
161
164
164
164
165
165
166
163
162
162
163
161
161
159
160
162
163
161
162
162
160
159
159
159
161
163
163
163
163
163
162
162
162
160
159
162
163
164
165
163
163
164
163
162
162
163
162
160
159
160
161
161
159
158
158
160
160
161
162
161
162
162
162
162
164
163
162
161
162
161
161
162
162
161
159
159
159
159
159
159
159
160
160
160
159
158
158
157
157
158
159
157
157
156
156
157
157
158
157
159
159
158
158
157
157
158
158
157
156
157
157
156
155
155
156
156
157
155
155
156
156
157
159
159
161
160
158
158
158
156
157
158
159
158
157
158
156
156
155
155
156
156
158
158
158
158
158
158
160
161
161
161
162
162
162
159
157
157
158
158
158
158
158
158
158
157
158
159
158
158
156
156
156
156
156
156
156
156
156
156
156
155
154
153
153
152
152
152
152
152
152
153
155
155
156
156
157
156
157
155
156
157
158
160
160
159
159
160
159
160
159
157
158
159
158
160
160
160
160
162
162
162
163
163
163
160
161
160
159
159
160
159
160
158
159
159
154
154
156
156
155
156
156
155
155
154
153
153
153
152
153
154
154
154
154
153
156
154
154
155
155
155
154
155
155
155
155
155
155
154
154
156
156
156
156
155
155
155
155
155
155
154
153
154
153
152
154
153
156
155
156
155
157
158
160
161
157
156
158
160
161
160
159
158
157
157
153
154
155
155
157
157
157
157
156
155
156
157
155
156
154
154
154
154
155
157
157
158
158
158
157
157
157
157
158
159
158
156
154
154
153
153
152
151
152
152
152
153
154
154
154
154
154
153
153
152
153
153
151
151
151
152
153
153
154
154
154
155
154
154
154
156
156
154
155
155
154
155
152
151
150
150
150
150
150
151
152
152
152
153
152
152
152
153
153
153
154
155
156
155
155
154
152
151
152
151
152
153
154
154
153
153
150
150
150
150
151
151
151
151
151
152
152
153
154
153
153
152
153
154
152
152
153
153
153
153
156
156
156
154
153
151
150
150
150
151
151
153
152
152
152
152
152
153
153
151
152
152
154
157
157
155
156
157
155
155
155
154
153
153
155
155
156
155
154
154
154
156
156
156
158
155
158
157
157
156
154
154
153
152
153
154
153
152
152
152
153
152
152
150
151
152
151
153
153
154
155
155
156
156
158
156
157
155
156
157
158
157
158
154
154
154
156
154
153
153
153
152
151
152
153
150
149
149
150
152
151
152
152
150
150
150
150
150
148
148
148
148
148
148
148
148
148
147
147
148
148
149
148
148
149
150
151
151
151
151
151
151
151
151
151
150
149
153
151
151
150
150
151
152
152
151
152
153
152
149
148
148
148
148
148
147
147
147
147
145
145
144
144
144
144
144
144
144
143
143
144
144
144
144
144
145
145
145
145
144
142
142
143
142
143
144
145
146
147
150
149
146
146
146
147
148
147
147
146
145
145
144
143
142
143
144
143
142
142
141
141
141
142
143
142
142
142
143
142
143
142
142
141
141
141
142
142
144
144
143
142
141
141
141
142
141
139
139
139
140
140
142
142
142
142
142
141
141
140
140
140
140
140
138
140
139
138
139
139
139
139
139
140
140
139
139
138
138
138
138
137
138
138
138
138
138
138
138
138
139
139
139
139
141
140
140
140
140
140
141
141
141
141
140
140
139
140
140
139
140
140
140
139
138
138
138
138
139
139
138
138
138
139
137
138
138
139
140
140
139
140
141
140
140
140
140
144
145
145
144
144
142
142
142
141
140
141
140
140
140
139
138
138
138
138
139
139
139
140
140
142
142
141
139
139
143
144
145
145
145
145
146
142
139
139
140
139
139
140
140
141
142
142
142
140
140
139
140
141
142
142
141
141
140
140
141
142
141
140
140
140
141
142
141
140
139
141
142
143
143
143
141
142
142
143
143
143
143
143
142
141
142
140
140
140
141
141
140
140
140
140
139
139
139
139
139
139
139
139
142
142
141
141
140
138
139
139
139
139
139
140
143
144
144
141
139
138
138
137
138
137
137
138
136
136
136
136
137
137
136
136
137
137
138
137
136
137
139
139
140
139
138
138
138
138
138
139
139
140
140
140
140
139
139
140
139
139
140
140
142
142
140
141
141
141
142
142
142
141
142
142
141
143
144
143
142
141
141
141
142
143
143
141
141
141
141
139
140
142
140
140
140
140
140
140
141
142
143
143
143
142
143
141
141
142
140
140
137
136
136
137
136
135
136
136
138
140
139
139
139
141
140
140
141
141
142
142
141
140
142
143
141
140
141
141
139
137
138
138
137
136
136
136
136
136
136
137
139
137
138
137
137
138
139
139
136
136
136
137
139
140
139
141
141
141
140
140
140
138
139
139
139
139
139
140
140
138
138
138
138
138
137
137
137
137
136
138
137
138
140
140
140
139
137
136
137
137
138
139
139
137
137
136
136
137
137
138
138
139
140
139
140
138
137
138
139
137
137
136
134
134
134
137
135
135
136
136
136
137
137
136
136
137
137
136
137
136
136
135
135
135
133
133
133
134
132
131
131
131
131
133
134
134
135
134
133
133
134
132
132
132
131
132
133
132
132
133
133
132
132
132
132
131
131
131
132
131
131
131
132
132
132
132
132
133
133
134
135
134
134
133
134
134
134
134
135
135
136
136
136
135
135
135
135
135
134
135
135
135
136
135
134
136
136
136
134
135
135
135
135
136
135
136
138
137
136
136
136
139
136
136
135
134
134
135
134
134
132
131
131
131
133
132
132
133
133
133
133
133
133
133
134
135
135
137
138
137
134
135
135
134
135
134
132
132
134
136
136
138
140
140
138
138
137
137
134
134
134
134
133
133
133
134
134
133
131
132
133
134
135
134
134
135
135
134
136
135
134
135
137
136
136
134
133
131
131
131
132
132
131
131
130
130
130
130
130
130
130
130
130
130
130
131
131
130
131
133
133
131
131
131
131
131
131
131
132
133
133
134
134
136
134
134
135
135
134
135
133
133
133
133
136
136
136
136
137
135
135
136
137
139
139
139
141
141
139
142
140
142
141
138
139
138
138
137
137
137
136
135
136
134
133
132
134
136
137
137
136
137
135
132
132
133
134
135
134
135
135
136
135
134
134
133
134
134
135
135
135
134
134
134
132
133
132
131
133
133
132
134
134
134
130
130
131
131
131
130
130
131
134
134
135
136
134
134
132
132
131
132
132
132
132
132
131
131
131
132
132
133
134
135
135
134
135
134
133
134
135
134
133
133
132
133
133
133
132
132
129
129
129
129
130
130
130
131
132
131
131
129
128
127
127
127
129
130
128
128
129
129
129
129
130
131
131
129
129
129
130
131
130
131
132
130
130
130
130
128
128
128
129
130
130
129
129
129
129
130
131
131
128
128
130
130
129
128
130
132
131
132
131
130
131
131
130
131
131
130
130
131
130
128
128
129
129
129
128
129
130
131
133
130
131
131
130
129
129
127
127
127
127
126
125
125
125
126
126
127
127
127
126
126
127
127
127
126
126
128
129
129
132
133
133
133
130
130
130
129
126
126
126
126
125
125
125
125
125
125
125
125
125
125
124
125
126
127
126
126
127
126
127
127
127
127
127
126
126
127
126
126
126
127
130
131
130
128
128
128
128
128
127
127
127
127
125
127
128
128
130
130
129
129
128
129
128
129
129
129
129
130
129
129
129
128
128
129
131
132
134
132
132
130
129
129
128
128
128
127
127
127
125
125
125
126
126
127
129
129
128
127
128
128
128
129
128
128
127
126
127
127
127
127
127
127
127
126
127
127
126
127
127
128
127
127
127
127
127
127
128
128
131
130
130
132
129
128
129
129
129
129
127
128
129
129
129
128
127
127
128
127
128
128
128
127
128
127
127
127
126
126
125
125
124
124
125
125
126
126
126
126
125
126
127
127
127
127
127
127
127
128
128
128
127
127
126
126
127
127
128
129
128
126
127
128
129
127
127
127
127
127
126
126
126
127
126
127
127
127
127
126
125
125
126
126
126
127
126
126
126
126
126
127
127
126
127
126
125
125
124
124
125
124
122
123
123
124
124
123
125
126
127
128
128
127
127
124
124
123
122
122
123
123
122
124
122
122
121
122
123
125
125
125
124
124
125
125
124
125
126
125
126
126
126
125
125
125
125
125
126
126
126
125
125
125
125
126
126
126
126
126
128
128
126
125
125
124
122
122
122
123
123
121
122
122
123
123
123
123
124
125
125
126
126
127
126
125
123
123
122
123
124
126
124
125
126
127
126
126
126
126
125
124
123
124
123
124
125
126
122
123
122
123
123
123
124
123
123
124
121
120
120
120
120
120
120
121
121
121
122
123
122
122
121
122
122
122
123
121
123
123
122
122
122
121
122
123
122
122
122
122
122
123
123
123
123
124
125
125
123
123
125
125
126
125
123
122
122
122
123
123
123
123
123
122
123
123
123
122
121
121
121
124
125
124
125
126
126
125
127
125
124
125
123
123
124
124
124
124
124
125
125
124
125
125
124
124
125
125
126
126
125
123
122
122
121
122
120
122
122
123
123
122
122
123
124
127
126
125
124
123
123
123
123
124
125
126
125
124
125
125
125
126
125
124
125
124
123
123
125
124
124
125
125
126
124
126
126
126
126
125
126
126
125
125
124
123
123
123
122
123
123
123
123
123
123
122
122
121
121
121
122
122
123
123
124
124
124
123
124
124
124
125
125
124
124
124
124
123
122
122
122
121
121
120
120
120
121
121
123
123
123
124
124
124
124
123
123
123
124
124
124
124
124
124
125
123
122
123
124
123
124
122
122
123
123
123
122
122
122
121
122
122
122
125
125
124
120
121
122
122
122
122
122
122
122
123
122
123
123
119
119
120
120
121
120
119
119
120
119
119
119
119
120
121
121
121
120
120
118
117
117
118
118
118
116
116
116
116
117
117
117
117
117
118
118
118
118
118
117
117
117
117
117
117
117
118
119
120
120
119
119
119
119
119
119
119
118
121
120
120
120
120
120
119
119
118
118
119
119
120
120
118
119
120
120
121
121
120
118
120
121
121
120
120
120
121
121
120
119
119
119
120
121
121
119
120
120
120
119
118
118
118
118
118
118
117
117
117
118
119
119
118
118
117
118
118
118
118
119
118
118
118
118
117
118
118
118
119
121
121
121
121
122
122
121
120
119
120
120
121
119
118
121
121
121
121
120
120
120
116
117
116
116
116
117
116
116
118
118
119
117
117
118
119
120
118
119
118
118
118
119
119
117
116
116
117
117
117
116
117
117
116
117
116
116
116
117
118
118
118
117
116
115
116
117
118
119
117
117
117
118
117
117
117
117
118
118
118
118
118
118
118
117
116
116
116
117
117
116
116
116
116
117
118
117
117
117
119
120
122
122
123
121
122
121
121
120
115
116
116
116
116
115
115
116
116
116
116
116
115
114
116
116
115
114
113
113
113
113
115
115
115
115
115
115
115
115
115
115
115
116
116
116
116
116
116
117
117
118
120
120
120
120
119
119
118
118
119
120
120
119
120
121
119
118
118
118
118
118
118
118
118
118
118
119
119
119
120
120
120
120
120
119
119
118
118
119
119
118
119
118
118
119
121
120
118
118
117
117
115
115
115
115
115
115
115
115
116
117
116
116
115
113
113
113
114
114
115
116
116
117
115
115
115
115
114
114
113
115
116
116
117
115
115
116
115
117
116
116
116
116
116
116
116
116
117
117
118
118
119
118
118
118
118
116
116
115
115
115
116
115
115
115
115
115
115
115
115
115
115
114
115
115
114
114
115
115
115
115
116
117
117
117
117
115
116
116
116
117
117
117
117
117
116
115
115
116
116
115
115
114
114
115
114
114
114
112
112
112
113
113
114
113
114
112
112
112
113
114
114
114
114
114
116
115
117
117
117
116
116
117
117
115
115
114
113
113
113
113
113
113
113
113
114
114
114
114
114
115
115
113
113
112
112
113
113
114
115
117
116
115
116
116
116
117
115
113
113
113
113
112
113
115
115
115
115
114
113
112
111
112
112
112
111
111
111
111
112
113
113
111
111
111
111
111
112
112
112
112
112
112
111
111
111
112
112
112
112
113
112
112
112
112
112
112
112
112
112
112
112
113
113
114
115
115
115
113
113
113
114
114
115
114
113
113
113
112
112
112
112
112
112
112
112
112
112
112
112
112
112
112
112
113
113
113
115
116
116
116
116
117
116
115
116
116
117
116
115
115
114
114
113
112
113
114
114
114
112
113
112
113
112
112
113
113
112
112
112
112
114
113
113
113
113
113
113
113
114
115
116
116
115
115
114
114
116
117
115
114
114
114
115
115
117
116
115
115
115
113
111
111
114
114
114
113
112
112
112
113
113
113
111
110
111
111
111
111
111
111
112
111
111
110
110
109
109
108
109
110
111
111
111
111
111
112
113
115
114
113
114
115
115
114
114
114
114
114
115
112
113
113
115
116
117
115
115
115
113
113
113
114
113
113
114
114
115
114
115
114
114
112
112
112
112
114
114
113
113
112
112
112
110
110
110
110
111
111
111
111
111
111
113
114
112
112
113
113
113
112
114
114
115
115
114
115
115
114
113
113
112
110
110
110
110
110
109
108
108
109
109
110
110
110
112
112
111
110
111
111
112
112
113
113
111
111
112
112
112
112
112
112
112
113
112
112
112
111
112
112
112
111
111
111
111
111
111
111
112
112
112
111
111
111
112
113
113
114
114
115
115
115
115
115
113
112
112
112
112
112
111
110
110
110
110
110
111
112
112
113
115
114
115
114
115
113
113
112
113
112
111
110
111
110
110
109
109
109
109
110
110
110
111
110
111
111
111
110
112
112
112
110
110
109
109
109
109
109
110
110
110
111
111
111
111
111
112
112
112
113
113
113
111
110
110
109
109
109
109
109
110
110
110
110
109
110
110
110
111
109
109
109
109
110
109
109
109
109
110
109
110
110
110
110
113
112
113
114
114
111
110
110
110
109
108
108
107
108
108
109
108
108
108
109
109
109
109
109
110
111
111
110
108
108
110
109
109
107
107
108
106
106
105
105
105
105
105
107
107
106
106
104
104
104
105
105
105
106
106
104
105
105
105
106
106
106
105
105
104
104
104
103
103
104
104
104
105
105
105
104
103
104
104
104
104
105
103
103
104
104
105
106
106
106
106
106
104
105
105
105
104
104
104
104
104
104
104
104
104
104
