0.0009317241379310344 0.0004196551724137932
300
293
291
288
288
279
273
270
265
260
260
261
260
260
261
262
258
259
257
257
255
254
253
255
256
257
260
261
261
261
265
262
262
262
262
264
265
264
265
265
264
265
260
264
266
265
265
264
261
258
257
254
254
256
257
255
256
259
256
257
255
259
256
254
255
255
254
254
253
254
252
252
253
252
252
253
253
255
256
256
258
259
261
263
263
264
264
265
266
266
266
265
262
261
261
260
260
260
262
263
262
264
263
262
262
259
258
261
262
265
265
267
266
269
269
268
268
267
267
268
267
268
270
270
266
268
269
269
270
270
269
269
265
263
262
262
263
265
266
266
266
267
266
267
264
263
262
261
258
261
263
262
263
264
260
259
259
259
260
261
260
261
260
259
260
259
261
261
262
261
265
267
266
265
264
264
263
263
262
261
263
264
267
267
265
266
266
266
265
265
267
268
268
268
268
267
268
268
269
269
268
266
265
265
265
263
265
268
268
269
269
270
269
270
272
271
273
273
273
271
269
270
271
273
272
272
272
273
273
276
276
274
275
274
274
274
275
277
278
279
280
279
279
280
279
278
278
277
275
274
274
275
276
277
276
276
275
272
275
275
275
275
275
277
278
278
277
278
277
278
277
278
277
277
274
277
277
280
279
280
279
278
278
276
277
276
279
280
284
287
285
287
287
286
284
284
285
285
287
286
284
284
284
283
284
286
287
289
284
285
286
286
288
291
294
293
291
288
286
286
286
286
285
284
284
286
287
286
286
285
287
286
285
286
285
283
282
285
285
285
286
285
281
281
282
283
283
282
281
282
283
286
287
287
287
286
286
288
286
289
289
285
284
282
282
282
285
287
290
291
291
294
297
296
291
292
291
289
290
290
288
285
285
285
285
286
286
287
286
285
285
285
285
286
290
290
292
291
289
290
290
292
294
294
293
289
288
288
287
288
284
285
283
282
283
283
281
284
284
284
285
288
289
290
291
292
292
293
290
287
288
289
290
293
293
288
288
286
287
286
286
286
289
290
288
291
291
291
290
290
289
288
288
286
284
284
284
284
280
281
281
280
280
281
280
282
281
279
278
278
279
281
282
286
290
290
290
287
290
291
288
288
289
289
286
285
283
282
285
285
286
284
285
284
281
282
282
282
281
283
283
282
284
288
287
285
287
289
288
288
285
285
285
283
284
284
284
284
283
284
285
285
285
284
284
287
288
287
290
289
289
289
289
289
287
288
286
287
289
286
288
286
284
283
283
283
282
282
283
281
280
282
282
284
283
283
281
284
285
286
285
285
285
283
283
283
282
282
284
284
287
284
284
288
288
289
288
288
289
289
287
287
288
289
289
288
290
290
290
290
292
292
291
290
290
290
292
287
289
291
291
294
297
296
295
295
294
297
296
295
295
297
294
294
294
293
292
291
293
294
292
293
292
292
291
291
294
294
294
293
292
293
295
293
290
291
288
290
288
290
291
292
292
294
295
299
296
297
299
298
299
297
296
294
297
294
295
294
295
294
295
296
297
298
298
298
298
298
300
301
300
299
296
295
296
299
300
301
302
300
296
297
300
301
304
304
305
305
305
306
305
304
305
305
305
304
303
304
306
309
307
304
303
300
299
298
298
299
299
298
298
300
302
303
307
307
302
303
304
306
306
305
303
301
299
299
297
297
298
298
299
300
300
301
301
301
300
299
301
301
301
304
305
306
306
302
300
302
301
301
301
299
301
302
301
302
304
303
304
300
302
307
307
309
311
310
312
312
310
310
310
307
305
304
306
306
304
305
304
305
307
308
307
305
306
310
310
309
309
312
310
309
309
307
307
303
303
301
300
301
301
301
303
303
301
302
301
301
300
300
301
301
302
302
301
301
301
300
298
297
298
299
298
301
301
297
297
297
295
295
294
296
295
293
291
292
294
295
295
292
292
293
291
290
290
291
292
293
294
295
295
295
294
293
294
294
293
294
295
296
296
296
295
294
294
294
296
295
294
295
293
293
295
297
296
298
297
298
296
296
296
294
293
297
295
295
295
295
296
296
297
299
300
299
298
297
298
299
301
300
303
302
302
301
302
301
301
303
305
305
309
308
302
300
301
300
301
300
303
305
306
302
303
302
298
298
301
302
302
303
304
299
298
296
298
297
296
295
295
293
294
292
295
294
293
293
293
294
295
295
296
298
299
300
297
297
299
301
298
300
300
301
300
302
300
301
301
299
299
299
300
301
297
297
298
300
300
298
296
297
299
298
297
296
299
299
297
298
297
297
298
297
299
300
300
301
304
306
306
306
304
303
305
303
304
306
304
306
304
305
304
302
303
302
300
298
298
298
298
299
297
297
297
298
296
296
297
298
299
298
298
300
302
303
304
302
302
301
303
303
304
302
299
302
301
299
301
300
300
298
299
299
300
301
305
307
307
304
304
305
304
304
306
304
301
301
303
304
307
308
309
309
309
310
308
305
306
306
307
307
307
307
308
309
306
308
306
307
306
310
309
305
305
303
303
300
300
299
300
302
302
301
300
299
300
300
301
298
298
298
299
302
302
303
303
304
301
300
299
299
300
301
300
301
300
300
299
300
295
296
300
299
296
295
295
296
297
300
300
299
299
299
298
299
301
301
299
300
302
299
299
300
302
305
304
303
302
302
301
303
300
300
300
302
304
305
305
305
305
306
306
306
306
304
304
303
302
300
298
299
299
299
300
300
303
303
303
302
302
303
305
306
305
305
306
305
305
303
304
304
304
307
302
300
300
302
297
296
295
295
298
297
296
297
298
299
299
296
294
295
294
295
294
295
295
296
296
296
298
298
299
298
296
297
297
298
299
295
294
299
299
297
295
299
299
300
301
301
305
303
303
304
299
297
295
296
297
297
294
296
296
297
298
297
297
295
296
296
295
294
296
297
299
296
298
296
296
295
295
295
295
290
293
293
291
290
291
292
293
294
291
292
291
293
295
297
297
297
300
301
300
296
296
296
297
297
298
297
297
295
293
294
296
296
298
297
296
295
295
298
298
298
295
296
296
298
300
300
301
302
301
300
301
301
299
298
298
297
297
297
295
296
297
293
294
296
297
299
297
296
293
295
295
295
296
298
299
297
297
296
296
296
294
296
295
296
293
294
292
290
289
290
291
292
293
295
295
293
293
295
296
298
300
302
301
300
299
300
299
303
301
302
299
301
301
299
296
298
299
299
300
302
300
300
301
302
301
302
304
307
308
309
311
312
312
311
308
306
304
305
305
308
307
308
307
307
307
308
309
309
308
308
308
306
304
306
305
305
305
305
307
306
303
304
308
306
303
301
300
297
296
296
296
297
294
294
293
294
294
296
296
295
294
296
294
296
297
298
298
299
301
299
299
298
297
293
295
298
298
297
301
298
299
296
294
293
295
296
294
294
295
296
295
291
293
292
291
291
290
291
290
291
291
291
291
294
296
294
296
298
298
298
296
297
296
295
296
296
299
302
301
300
303
303
302
302
301
302
302
304
305
303
302
301
300
299
301
300
301
299
299
301
298
299
298
298
296
296
294
294
297
299
298
298
295
295
294
294
296
294
291
293
292
292
294
295
294
294
292
292
292
293
292
293
293
293
294
298
297
299
298
298
300
298
296
296
298
299
298
300
300
300
300
300
299
299
299
301
299
301
302
303
304
307
309
309
308
308
309
310
310
312
311
316
314
311
310
309
309
310
309
309
311
311
312
311
310
309
305
306
306
305
306
306
307
307
307
307
305
303
306
303
304
306
306
304
303
302
300
300
300
299
301
298
299
300
301
301
300
301
305
306
302
301
302
304
305
304
304
303
302
302
304
307
307
306
306
304
303
306
306
307
307
306
304
304
305
305
303
303
304
303
300
301
301
300
302
300
302
301
302
299
301
299
301
300
298
298
299
299
300
299
299
301
304
303
301
302
302
304
304
302
302
302
302
300
302
302
302
301
299
300
301
300
302
303
303
304
304
304
304
303
303
304
306
306
305
303
302
302
302
297
298
298
297
299
299
301
301
304
302
302
302
302
302
304
302
302
300
301
301
299
299
293
296
293
294
294
294
295
297
298
299
298
298
299
301
299
300
300
298
300
300
300
302
303
301
300
298
298
299
299
299
298
297
296
298
297
298
297
295
298
302
302
302
304
303
304
306
307
305
307
307
307
308
310
305
306
309
308
308
308
307
307
304
300
300
301
301
303
303
304
305
302
306
305
305
307
304
305
306
305
305
305
307
309
309
307
308
308
307
309
310
309
309
309
308
308
309
307
307
309
308
306
304
306
306
309
308
307
308
306
306
306
305
303
303
305
305
304
305
305
306
304
303
303
303
304
302
304
303
303
303
300
301
304
303
304
302
305
305
306
304
301
304
302
303
305
305
304
303
301
299
301
303
303
304
305
307
308
305
307
306
306
307
307
307
307
306
303
304
304
304
303
303
303
303
302
302
301
302
303
304
303
303
301
301
300
300
301
303
306
307
307
306
304
304
304
305
306
304
303
303
302
302
304
305
304
303
303
303
302
302
303
301
305
306
307
308
307
306
307
309
308
309
313
313
316
315
313
314
311
311
310
310
310
311
306
306
302
301
299
299
298
298
298
300
300
299
302
301
299
299
299
300
299
300
303
303
302
303
304
306
304
302
304
302
301
301
302
301
301
302
305
304
303
304
303
303
305
305
305
305
305
306
309
308
307
308
310
314
311
310
308
309
310
312
312
311
308
308
308
309
308
307
307
305
305
303
299
298
297
296
296
297
300
300
300
298
298
296
297
299
300
303
304
303
303
304
306
309
307
307
309
307
305
304
305
309
310
310
310
306
305
303
305
308
307
307
307
309
310
314
313
314
312
314
315
315
314
314
312
312
315
312
311
309
310
310
311
312
311
311
313
314
315
320
320
321
322
324
325
324
324
322
321
323
323
324
324
325
324
323
323
324
321
320
320
322
326
324
324
324
326
326
329
328
328
329
328
328
327
327
328
326
325
326
329
329
328
327
322
322
322
323
324
322
324
324
323
322
320
321
319
317
317
316
319
317
315
315
313
314
316
316
314
313
313
314
315
316
317
317
318
318
320
320
318
318
317
314
312
309
310
310
310
311
312
313
313
312
311
311
313
314
314
316
314
315
315
316
316
317
311
313
313
313
312
314
314
315
318
316
316
315
312
311
311
310
308
307
307
310
311
312
311
312
311
312
314
315
315
311
312
311
311
310
311
313
314
315
316
319
321
319
319
320
319
319
317
316
316
316
315
315
315
315
316
315
316
318
320
319
317
317
316
318
316
317
318
318
317
317
317
318
320
317
320
319
319
316
316
316
317
318
319
321
321
321
318
317
317
315
315
316
314
315
314
310
310
309
310
311
310
309
307
309
311
312
310
306
306
306
306
308
311
311
312
314
313
311
311
312
311
312
313
312
312
311
312
313
314
313
313
311
313
313
312
309
309
308
309
308
308
308
309
309
310
310
310
307
306
306
308
306
306
305
305
304
304
306
307
307
302
300
303
306
304
306
307
303
304
306
306
308
308
305
308
307
307
309
307
308
308
307
307
307
304
303
303
303
304
304
302
303
302
303
303
303
301
301
303
304
305
306
305
306
305
304
304
307
309
309
310
313
314
314
312
312
313
313
312
313
313
313
312
312
313
313
312
311
312
314
315
315
314
312
312
314
314
312
313
313
312
312
313
314
313
313
314
314
313
314
313
313
315
313
314
318
318
318
318
316
312
313
314
314
313
311
311
309
309
311
310
310
309
309
306
307
309
312
312
308
308
306
305
304
305
305
305
305
306
308
307
308
308
307
307
307
307
306
307
307
307
304
303
302
302
302
301
302
302
300
300
299
298
298
298
298
295
298
299
300
300
300
299
301
301
301
299
298
300
298
297
297
296
296
295
295
295
296
297
300
299
300
299
297
294
294
299
298
296
293
296
294
294
297
296
296
295
298
301
302
303
300
298
298
297
293
292
292
295
297
296
295
295
296
296
299
296
297
300
299
301
298
297
297
297
296
295
296
296
298
302
298
298
300
299
298
302
304
303
301
302
303
303
302
301
300
303
303
303
300
300
300
299
299
301
302
301
302
301
298
295
294
295
298
299
297
299
298
297
300
299
298
296
296
297
296
295
291
291
290
291
291
293
291
293
296
295
294
291
293
294
295
295
292
291
293
294
295
296
297
300
298
299
299
298
298
297
298
297
296
298
298
300
298
299
301
301
300
303
303
304
304
302
299
297
297
294
294
295
295
293
296
296
299
300
301
300
300
300
301
299
300
300
300
300
300
298
298
298
299
301
302
301
301
301
302
301
301
302
301
303
302
302
302
304
303
300
300
304
305
303
304
306
304
302
299
301
299
297
298
298
299
300
301
303
302
303
300
299
302
300
301
298
300
302
303
305
304
305
304
304
305
305
303
300
300
299
302
300
298
297
298
297
295
296
296
297
297
294
294
294
295
295
295
296
295
298
296
298
297
298
297
294
291
291
293
294
293
295
297
296
298
299
297
294
293
292
290
289
290
293
291
294
297
298
299
300
300
299
300
296
295
294
294
297
296
294
293
291
292
294
295
296
295
292
293
295
299
299
298
300
302
300
300
302
301
298
299
297
295
298
298
302
303
304
303
306
308
308
305
306
307
306
307
303
301
301
302
300
301
301
304
306
306
305
303
304
305
304
304
307
305
305
305
305
306
305
305
304
304
304
305
306
305
307
306
308
306
306
304
305
306
305
304
301
303
304
306
304
305
307
305
306
309
307
311
312
313
313
313
314
315
316
317
315
313
311
312
313
314
313
310
310
312
312
309
308
309
309
312
312
311
312
313
314
313
314
310
310
310
312
312
312
314
314
313
316
315
317
315
316
315
315
323
322
320
321
321
320
321
320
320
322
321
322
324
326
323
324
324
323
321
321
324
327
327
324
323
327
325
322
324
325
327
331
333
332
336
338
341
341
339
334
334
333
332
333
334
334
332
329
328
329
329
329
332
333
333
333
332
331
332
331
330
332
333
333
331
331
331
330
328
326
328
328
327
324
326
325
325
325
327
325
326
324
323
323
322
323
323
323
326
325
326
325
323
324
324
324
325
326
328
328
332
333
333
333
335
337
339
338
340
339
336
333
332
331
329
325
322
319
319
322
322
322
325
324
319
319
317
320
318
315
316
318
318
320
321
320
322
322
324
321
321
322
323
324
324
325
324
327
326
327
326
324
324
323
325
326
333
332
331
328
329
328
325
321
321
318
319
320
317
317
319
318
318
322
325
323
322
323
319
320
320
320
319
319
320
319
318
317
319
318
319
320
318
320
320
318
317
315
314
318
316
314
316
318
315
314
317
317
315
312
312
310
312
312
312
309
311
312
314
316
315
311
312
310
312
314
311
313
312
314
313
314
316
314
316
318
318
318
320
320
318
319
320
321
325
324
323
319
319
320
323
323
322
324
322
322
321
322
323
325
322
322
322
320
321
322
321
322
323
321
319
320
323
324
324
318
317
318
318
316
314
313
314
316
314
316
317
315
315
317
317
320
322
322
322
323
323
323
321
319
321
321
320
320
321
322
322
318
318
319
319
319
320
321
322
322
323
323
323
324
325
324
327
327
328
330
327
327
325
328
330
326
324
321
323
320
318
317
318
316
315
314
315
317
320
321
319
318
316
319
317
318
317
317
314
312
315
314
313
314
316
315
316
317
317
315
314
313
312
311
311
312
312
313
314
314
317
319
317
317
319
319
317
318
319
317
318
320
319
318
317
316
311
310
311
310
313
316
317
318
317
318
317
316
315
316
315
313
314
312
311
312
313
315
317
318
318
316
318
322
322
321
321
321
318
319
322
324
323
323
323
325
322
325
323
320
317
319
318
321
325
324
324
326
328
326
323
326
328
328
328
328
329
328
329
329
327
325
325
324
321
320
322
321
322
323
324
321
323
320
321
321
323
326
326
324
324
324
323
322
324
321
322
324
323
323
321
320
319
320
318
319
319
321
322
320
316
317
318
315
317
320
321
322
323
321
321
321
321
326
325
324
324
323
326
327
326
325
325
327
328
328
327
325
326
328
330
331
332
332
330
330
329
329
330
333
332
333
332
333
334
331
331
333
334
332
331
333
335
334
334
333
333
333
335
337
337
338
337
336
339
337
335
336
336
340
339
341
343
342
342
341
335
337
337
337
341
342
343
341
339
339
340
340
339
336
333
333
334
334
334
336
334
334
333
335
335
335
336
336
334
332
332
329
327
327
327
331
330
328
331
329
334
333
333
334
335
334
337
335
336
333
333
331
331
331
332
333
331
331
332
331
332
334
332
329
331
330
327
326
327
326
331
332
333
334
336
336
333
330
332
333
335
336
337
337
337
336
334
338
336
336
338
337
338
338
336
336
334
335
332
331
332
331
332
330
333
334
335
336
337
340
334
335
335
337
337
337
336
336
337
339
341
338
337
334
336
336
338
340
340
342
343
341
339
338
339
337
338
337
336
340
340
339
337
337
337
337
336
334
331
332
333
333
330
331
329
330
332
333
333
332
334
334
334
334
334
333
333
332
331
329
332
333
333
334
335
337
337
337
338
341
341
341
340
339
339
339
338
339
339
340
343
343
342
345
342
341
340
340
338
337
338
341
341
340
340
339
338
338
337
337
338
340
341
342
343
343
344
341
341
342
342
342
343
347
345
345
341
339
341
340
340
343
345
345
345
346
348
348
347
345
344
346
346
344
342
343
342
341
338
340
339
340
343
342
341
342
343
345
347
348
350
351
352
350
352
353
355
353
354
354
352
350
346
344
345
344
343
343
341
340
340
341
339
340
342
341
341
339
339
340
338
338
338
338
338
339
337
337
338
342
339
339
338
340
340
341
337
340
341
343
342
340
343
343
343
342
341
343
343
344
344
342
341
344
347
348
349
348
345
342
342
345
345
342
341
340
340
338
337
338
335
336
338
340
341
343
344
344
342
341
343
340
340
339
339
340
343
344
342
341
343
345
347
348
348
346
346
345
344
342
340
339
340
339
340
337
336
337
335
336
332
329
332
335
334
336
333
333
332
331
331
330
334
335
334
332
331
333
336
333
337
333
332
331
330
330
330
331
333
334
331
331
331
332
332
335
336
335
333
330
331
329
330
330
332
333
332
333
333
331
331
331
330
330
333
329
328
327
328
329
332
333
331
329
330
329
329
330
332
332
331
331
332
329
329
329
330
330
326
327
328
328
329
329
324
325
325
326
326
326
325
324
325
327
325
326
325
326
328
328
331
330
331
328
329
334
334
333
333
333
330
330
329
328
329
328
330
330
331
331
331
333
334
335
333
334
334
335
338
335
336
335
336
336
333
334
332
333
333
335
335
335
333
331
331
332
333
337
339
335
336
333
332
330
331
333
332
331
333
333
335
336
336
334
333
333
332
334
333
333
334
334
334
335
334
335
335
336
330
330
332
330
331
330
331
329
329
325
325
324
325
327
328
329
328
326
328
327
326
327
330
330
334
334
336
334
339
339
338
339
340
338
338
337
337
337
336
336
337
338
337
338
340
340
340
339
339
338
339
340
340
338
338
336
336
336
335
335
335
333
335
334
336
338
338
340
337
337
338
338
338
337
340
340
341
340
340
341
342
341
346
346
344
343
345
347
347
346
344
342
345
344
344
346
346
345
345
348
349
351
353
353
353
350
348
345
347
347
347
346
345
345
343
346
348
346
346
346
346
345
338
338
338
339
338
338
340
341
341
338
335
335
334
334
332
335
334
336
337
337
335
335
334
336
334
334
334
332
332
332
334
330
331
332
327
327
327
328
328
329
328
326
327
327
326
326
326
327
328
330
331
328
331
330
328
329
326
326
327
328
327
328
328
327
326
328
327
327
327
327
328
329
332
335
337
338
336
337
337
339
337
337
338
337
336
332
329
330
330
331
331
332
330
331
331
334
333
332
333
333
334
336
338
338
343
341
342
341
342
342
343
341
341
340
342
339
339
338
338
339
338
341
339
336
333
331
331
330
329
329
330
331
328
328
329
330
329
330
329
331
333
335
332
330
330
332
334
332
333
332
333
333
332
333
332
333
332
331
330
329
328
328
330
332
330
332
331
332
330
329
327
327
327
329
329
329
329
331
333
333
333
334
333
333
333
333
330
330
331
335
332
334
335
336
335
336
337
339
335
333
332
331
331
331
332
334
333
332
331
330
331
330
330
331
332
333
334
333
335
334
335
337
335
335
334
334
334
334
335
335
335
337
337
338
336
336
337
338
339
338
338
339
337
337
340
340
340
339
338
336
335
336
339
341
340
340
337
336
334
333
334
334
329
328
328
329
329
328
328
330
328
330
332
332
329
329
332
329
328
329
331
333
333
333
333
333
335
337
333
333
335
337
334
333
334
333
333
333
331
334
335
332
328
329
332
330
332
330
332
336
338
336
334
332
334
335
337
337
339
342
341
339
338
339
337
338
337
335
334
333
333
333
335
335
333
336
338
338
338
338
339
336
335
335
334
333
334
333
331
333
332
331
333
332
333
334
332
332
333
332
331
331
331
329
329
328
328
327
326
326
327
329
330
329
327
328
326
328
328
328
326
325
324
322
322
319
321
319
316
318
316
315
316
315
316
318
317
318
319
321
321
321
320
320
322
323
322
327
328
328
328
329
326
327
325
323
324
324
324
322
323
323
324
323
324
327
330
328
328
329
330
326
327
326
323
324
325
324
324
324
326
327
328
327
327
325
324
323
321
325
326
324
327
327
327
325
326
322
318
318
318
319
319
320
319
319
317
317
319
322
324
324
325
325
323
325
326
326
326
327
329
329
327
327
324
323
323
322
319
322
324
324
322
324
324
325
326
325
324
324
322
324
325
325
328
328
328
327
329
330
329
327
329
325
325
325
324
320
323
325
323
326
327
329
326
325
324
325
325
328
328
326
325
326
328
327
330
326
327
326
325
324
327
327
328
330
327
332
331
331
330
330
330
330
328
327
329
332
332
333
336
334
332
332
326
325
324
323
323
325
326
326
323
322
322
323
321
323
323
323
323
324
325
327
328
329
329
330
328
327
326
329
327
325
321
322
320
322
320
319
319
318
319
319
322
324
325
323
325
325
329
329
331
332
335
333
333
334
334
334
333
329
328
325
329
330
332
335
334
332
331
332
332
332
330
329
327
327
327
325
326
327
329
327
329
332
332
333
333
335
334
334
335
337
334
331
329
331
329
329
329
333
335
339
339
340
340
342
342
343
341
339
338
338
338
340
341
340
339
338
337
340
340
338
336
336
334
335
334
333
334
334
333
334
333
332
336
336
337
337
337
337
336
336
337
340
342
339
340
338
338
337
338
339
339
337
338
336
338
338
338
337
334
334
333
335
335
337
336
340
339
341
