0.0007268965517241379 0.0005562068965517242
300
288
288
283
279
272
268
262
261
250
246
246
246
243
240
237
239
238
232
232
227
225
225
225
226
226
225
225
223
223
220
219
217
211
210
211
210
211
212
212
215
213
213
213
213
213
214
214
215
216
217
217
216
217
215
216
216
218
216
214
213
214
211
211
212
213
211
212
213
214
212
212
211
214
212
210
210
210
212
215
215
213
210
209
210
209
209
210
208
207
208
207
203
202
202
201
202
200
201
202
202
203
203
204
203
201
199
199
198
199
198
197
197
197
198
199
198
199
200
201
201
201
200
197
197
196
195
192
193
194
193
193
194
195
196
196
195
197
193
192
191
192
192
192
193
194
192
192
193
194
194
194
194
196
197
198
198
198
198
198
199
197
197
198
196
197
198
199
199
197
199
198
198
198
199
200
201
201
203
203
202
202
201
203
202
203
201
199
201
202
203
204
203
204
204
205
204
202
204
205
204
205
206
204
204
201
201
204
204
203
201
201
201
200
200
199
199
200
198
198
198
199
199
197
197
196
197
196
198
198
197
196
198
200
199
200
201
202
199
201
204
204
201
199
198
198
198
199
199
199
200
204
205
205
204
205
206
205
204
202
200
199
197
198
198
200
198
198
198
196
196
197
198
198
199
200
202
202
202
201
202
201
202
202
201
199
199
200
200
198
199
198
196
197
196
197
196
196
196
196
196
195
194
192
193
193
195
196
197
195
196
196
193
194
194
194
194
192
193
191
191
189
189
192
192
191
192
191
192
194
192
190
192
192
192
192
192
191
191
192
191
191
190
190
191
191
191
191
191
193
191
193
193
192
191
191
191
191
191
191
190
188
187
186
186
187
187
188
188
188
186
188
189
191
193
191
189
188
189
189
188
187
186
187
187
187
188
188
188
187
187
189
190
189
190
187
187
188
188
189
192
192
191
192
193
193
193
193
193
193
193
192
194
194
195
197
195
196
196
193
193
192
193
196
194
193
191
192
190
188
189
190
191
191
191
191
190
191
190
190
191
191
190
192
193
193
193
194
196
200
201
199
199
199
199
200
198
200
203
203
202
200
199
199
198
199
196
197
199
197
196
194
193
191
192
192
192
193
191
193
196
195
195
194
196
196
196
196
196
196
197
198
199
199
197
199
198
201
202
202
201
202
202
202
202
201
202
199
200
198
198
200
198
199
198
199
201
201
201
200
200
202
203
202
200
198
199
203
204
202
198
194
193
194
193
193
195
196
196
197
195
192
192
191
190
193
193
193
193
193
193
194
197
199
200
199
199
197
196
195
196
197
197
197
195
195
197
197
196
194
193
192
191
190
192
191
193
192
191
190
188
186
186
187
187
187
187
184
183
182
181
181
182
182
183
188
185
185
185
186
187
187
187
187
188
187
186
189
192
191
190
190
190
191
191
190
191
194
193
193
195
196
194
195
194
193
191
190
192
193
192
191
191
190
190
191
191
192
192
194
193
194
192
192
193
194
195
193
192
193
193
190
190
189
191
192
192
193
193
194
193
191
190
191
191
192
189
189
189
189
189
190
191
191
192
194
196
195
192
191
192
192
193
191
188
187
187
186
187
187
186
185
186
186
186
187
188
187
185
188
189
188
187
187
184
184
184
184
184
184
184
185
185
188
188
188
188
189
190
188
186
183
181
181
181
181
181
183
183
182
182
180
180
179
180
180
180
181
182
181
179
179
179
180
177
178
179
182
181
182
182
182
183
183
183
182
182
181
182
182
184
187
187
186
188
185
186
188
187
186
186
185
184
184
184
184
186
186
186
185
186
185
184
183
184
185
186
187
188
188
186
186
182
183
182
180
181
183
184
182
182
181
181
182
182
183
184
187
188
187
186
185
184
184
184
184
184
184
185
184
184
184
184
184
186
186
185
187
187
188
188
186
185
185
184
183
183
185
185
186
184
184
184
185
185
185
185
185
185
185
184
187
187
185
186
186
187
186
186
185
185
185
187
187
186
186
187
186
185
186
185
185
185
185
187
186
187
187
186
185
184
183
184
185
187
187
186
186
185
186
186
187
187
187
186
186
185
185
188
186
187
188
185
187
187
187
186
185
184
183
183
182
183
181
182
181
181
180
181
181
181
184
186
188
186
186
186
186
186
186
187
189
189
189
188
186
189
188
189
189
190
189
188
187
187
186
185
185
186
185
186
190
191
190
190
191
191
191
192
190
189
187
188
190
190
190
189
190
191
191
191
192
191
191
192
191
190
190
190
191
191
189
190
191
191
194
192
193
193
192
194
194
194
195
194
194
192
194
192
192
193
192
194
191
192
190
186
186
186
186
187
186
186
185
187
188
187
186
185
187
187
190
187
185
188
187
187
188
189
188
189
187
187
184
183
183
182
183
182
182
182
182
181
181
181
180
180
180
180
178
179
178
179
180
181
180
180
181
182
182
180
181
181
179
179
180
180
179
179
181
182
182
183
182
183
181
182
181
182
182
183
184
186
183
183
182
184
181
181
181
181
183
185
185
186
185
183
183
182
182
179
178
179
178
177
177
175
174
174
176
176
177
176
177
177
177
179
181
181
180
180
180
181
182
185
184
185
186
186
191
185
187
186
188
188
190
190
189
187
186
188
187
187
186
185
185
184
185
186
188
188
188
186
185
186
185
185
185
185
185
185
185
186
185
184
184
186
186
185
184
185
184
185
187
187
186
186
186
186
185
185
185
185
184
185
186
187
188
185
187
186
186
185
185
183
184
183
182
182
183
184
185
184
184
184
182
183
184
182
183
183
183
183
185
183
182
183
183
180
179
178
176
175
175
175
176
178
177
180
180
180
178
177
176
177
178
179
179
180
179
180
180
179
180
178
179
179
179
180
179
179
179
179
177
178
179
178
177
177
179
182
182
181
181
181
179
179
180
179
179
179
179
180
179
178
178
177
178
179
179
178
178
178
179
179
179
179
177
176
177
176
177
176
177
179
178
179
177
174
177
179
178
178
179
180
179
179
179
179
181
183
181
182
183
186
187
186
187
185
188
184
183
183
181
180
179
180
180
180
180
180
180
177
180
179
180
181
182
184
181
183
185
185
186
186
184
181
182
182
181
179
181
180
181
180
181
181
180
179
179
179
178
181
183
181
183
182
181
181
180
180
177
177
176
175
176
175
174
174
174
175
177
178
179
178
178
179
179
179
180
182
182
181
181
182
181
181
180
179
176
178
177
179
179
178
179
179
177
177
177
176
175
176
175
178
178
177
178
175
174
173
173
172
173
175
174
175
177
176
176
178
177
179
179
176
177
177
178
181
180
181
180
180
183
183
181
180
180
178
175
174
175
175
173
173
171
171
172
170
170
170
171
170
170
170
171
171
171
171
172
171
173
174
174
174
174
174
174
174
173
173
172
174
173
172
171
172
172
172
172
172
171
171
172
171
171
171
173
171
170
170
169
170
170
170
168
171
171
171
171
171
172
173
172
172
172
172
172
172
171
172
172
173
170
170
171
172
170
172
173
173
174
172
173
173
173
172
171
172
172
171
171
171
174
175
175
175
175
174
173
175
175
172
170
170
169
168
168
171
173
170
170
172
174
176
175
175
175
175
175
173
174
174
173
172
173
174
174
177
174
175
176
175
175
176
176
178
179
178
178
179
177
174
173
173
173
173
173
173
172
173
172
173
174
175
177
177
176
175
175
175
173
172
171
170
171
171
173
173
173
173
173
174
173
174
174
175
175
175
175
175
177
178
177
179
178
175
176
175
176
175
176
176
176
175
174
175
175
174
174
172
172
173
172
172
172
169
168
168
170
168
168
166
166
166
168
169
170
172
172
171
169
170
171
173
172
173
174
174
174
175
174
174
170
170
169
167
168
168
169
167
170
172
172
171
168
167
167
169
168
168
170
170
169
170
171
172
172
172
173
173
172
171
173
169
170
170
170
172
171
170
170
170
169
170
173
175
174
172
172
172
173
176
176
175
176
177
177
176
177
176
175
174
176
176
177
177
177
176
172
170
169
170
169
168
168
167
168
166
169
171
173
173
174
174
174
174
173
174
174
174
173
176
179
176
177
177
177
178
177
177
176
178
176
174
173
171
171
169
169
170
171
170
169
169
169
169
169
169
169
169
168
168
166
165
166
166
166
167
167
168
168
170
169
170
170
170
169
167
166
166
166
167
167
167
167
168
170
169
171
170
170
170
169
170
169
169
170
169
171
171
171
171
171
173
174
171
170
170
170
171
172
171
173
172
172
170
172
172
170
170
171
172
172
172
170
169
170
171
171
171
171
172
171
171
170
169
168
167
167
168
167
170
171
172
172
171
171
173
174
175
174
174
174
172
172
170
168
167
166
165
167
167
167
168
168
170
169
169
170
169
172
174
171
169
169
169
169
169
170
170
172
171
170
171
172
170
170
172
174
175
175
174
172
170
172
171
171
171
170
170
170
171
171
171
170
171
171
170
169
169
168
170
169
168
169
169
169
171
171
172
172
171
170
169
170
172
173
171
172
173
173
173
173
173
173
173
173
173
172
171
171
172
171
170
170
171
170
172
169
170
172
174
176
172
170
171
169
169
169
169
168
167
167
167
165
164
165
165
166
168
169
168
168
167
169
170
171
171
172
172
172
173
173
171
172
171
168
169
169
171
172
171
171
173
173
172
170
169
171
171
171
173
173
173
174
175
173
172
172
171
172
170
170
169
169
167
167
167
168
168
166
167
166
165
166
165
169
168
169
169
168
168
167
168
168
169
170
172
171
172
171
170
168
168
167
165
165
168
168
169
169
167
167
167
169
169
169
170
169
170
170
169
169
169
167
167
169
170
170
169
171
171
174
174
174
173
175
174
175
175
174
171
171
172
174
170
170
170
170
171
172
171
171
170
170
167
168
169
169
169
169
171
168
171
167
170
170
169
171
171
169
167
168
166
167
168
167
167
166
168
169
168
168
168
168
168
166
167
167
169
170
170
169
169
171
170
172
171
171
169
169
171
171
171
172
170
172
173
172
171
171
169
169
169
171
174
174
173
172
171
169
167
169
168
167
167
167
169
170
170
170
171
172
172
172
173
172
168
168
169
171
169
166
165
166
168
169
170
169
168
168
169
169
170
171
168
168
171
171
174
176
176
175
177
176
174
174
177
179
177
174
172
172
171
171
170
173
175
172
173
173
172
170
170
170
172
173
174
175
177
176
176
175
174
173
170
168
169
169
170
171
172
172
173
174
173
173
172
171
170
169
169
170
169
170
170
167
167
166
165
164
165
164
165
166
168
167
168
167
169
167
168
168
169
175
174
174
171
172
171
173
170
170
170
169
170
167
167
167
167
168
169
168
168
168
168
168
168
167
166
166
170
169
169
168
168
167
167
166
167
166
165
164
164
164
164
164
162
163
163
164
163
164
164
165
166
165
164
161
160
161
162
164
164
163
164
164
164
162
161
160
159
160
160
160
160
161
160
160
160
160
161
164
162
163
164
164
166
165
164
164
163
167
167
166
166
166
165
166
166
167
166
165
163
161
161
161
162
159
160
160
160
159
161
158
158
157
157
157
157
157
160
161
163
166
165
164
166
167
168
169
168
167
167
166
165
166
166
166
167
166
165
164
165
165
164
162
164
163
162
163
163
162
162
162
162
162
162
162
162
162
162
162
163
163
164
162
162
164
163
163
164
166
165
170
169
170
168
169
169
165
164
163
161
160
160
160
160
159
159
161
162
160
160
160
161
162
162
161
159
159
158
157
158
159
160
159
160
161
161
161
161
161
160
159
163
163
161
162
162
162
162
160
160
161
162
160
160
159
160
160
161
162
160
160
160
159
159
157
159
159
159
157
156
155
154
154
154
152
152
151
151
151
150
151
150
150
153
154
153
153
152
155
155
154
152
152
153
154
154
156
154
155
156
157
157
156
154
154
155
154
155
153
153
153
153
154
154
156
155
155
153
153
153
153
153
153
153
153
154
152
152
153
151
151
151
152
153
153
152
153
151
151
153
152
152
152
152
153
152
152
152
153
154
155
155
153
152
150
150
150
149
149
150
149
150
151
152
152
152
151
152
152
153
153
153
153
154
155
153
153
153
152
154
154
155
155
155
156
155
154
156
157
156
156
157
157
156
156
153
155
155
154
155
155
153
156
156
155
154
153
154
152
153
153
152
152
153
153
152
154
155
155
154
154
152
150
150
151
151
150
151
151
154
151
153
153
153
154
154
152
152
152
151
150
151
150
150
150
152
151
151
152
152
153
152
151
152
152
152
152
152
153
154
155
155
155
155
155
156
156
156
159
157
157
155
155
157
157
156
156
156
156
156
156
155
159
158
158
157
159
160
159
159
156
158
158
158
158
158
159
159
157
157
157
156
157
156
156
156
155
156
154
154
154
155
156
156
155
155
155
157
158
157
157
157
157
158
158
156
155
154
154
151
152
154
155
154
154
156
156
156
157
156
157
156
156
156
157
157
155
156
155
155
154
154
153
153
153
154
156
156
156
155
157
157
158
158
157
158
158
159
159
160
160
159
160
159
160
160
159
158
158
157
158
157
160
160
159
159
158
157
157
156
155
155
155
153
152
152
152
152
153
152
151
150
150
150
151
151
150
150
148
147
147
148
147
147
147
146
146
146
148
148
148
148
148
149
149
149
150
149
151
150
150
152
151
150
151
152
152
152
153
153
153
153
153
152
152
153
154
154
155
153
155
154
153
152
154
153
151
151
150
149
149
149
151
150
152
152
152
152
150
151
151
151
151
151
152
151
151
151
152
151
150
150
151
151
151
151
151
150
151
151
152
152
153
154
154
154
154
153
156
157
157
158
158
160
161
162
161
158
158
159
160
160
156
156
153
153
152
152
151
151
150
148
149
150
149
149
150
149
149
149
149
150
152
151
152
152
154
150
151
150
150
150
147
147
147
147
148
148
150
150
150
151
150
151
152
152
149
149
150
149
149
150
150
150
150
150
150
150
150
149
149
148
148
148
148
147
149
148
148
146
148
147
147
147
147
146
147
147
148
146
147
148
147
147
147
144
144
143
144
143
142
144
147
147
146
149
149
149
149
150
151
153
154
154
154
154
155
156
157
157
158
159
158
159
158
159
158
157
158
160
159
161
162
161
161
162
161
159
159
159
157
157
156
157
158
155
154
154
154
154
152
152
152
150
150
152
152
153
153
153
152
153
151
150
151
150
153
152
151
150
151
151
151
149
150
150
150
151
154
152
153
151
153
154
154
154
153
154
155
154
152
154
152
153
154
154
153
153
153
154
154
154
152
152
152
152
152
153
152
153
152
154
154
154
153
153
152
152
153
152
152
152
152
151
151
151
149
149
151
152
154
153
153
152
154
154
154
156
157
158
156
154
153
154
153
153
153
154
154
153
153
154
152
152
152
153
152
152
151
153
153
153
153
153
151
152
151
151
152
152
153
154
152
153
154
157
157
156
155
155
154
155
155
154
155
155
154
154
153
153
152
150
150
152
151
151
151
155
153
152
151
151
151
151
151
152
150
150
149
149
150
150
149
151
151
152
153
152
150
150
150
151
151
153
153
152
149
149
148
147
148
150
149
149
149
146
147
147
148
148
148
149
150
150
151
152
152
152
152
152
153
152
154
155
152
152
152
152
153
149
148
148
148
147
145
144
144
146
145
145
146
144
145
145
145
143
144
144
145
145
145
144
144
144
144
143
146
146
147
147
147
147
148
148
146
148
148
151
151
151
153
154
153
151
150
150
150
150
152
152
152
153
152
151
151
150
151
154
154
154
153
153
153
151
151
151
151
152
149
149
149
148
148
149
149
150
149
148
149
150
147
148
149
149
149
149
148
147
146
146
146
146
146
146
145
145
146
145
145
145
146
146
148
148
148
148
150
149
149
149
149
149
150
149
150
150
151
151
150
152
153
153
153
155
154
154
152
152
149
149
150
150
150
151
151
153
151
150
149
150
152
151
151
151
151
154
152
154
154
153
153
152
152
153
154
156
157
157
158
156
156
156
157
158
158
158
156
156
157
158
157
157
157
158
158
156
155
155
155
156
156
156
157
157
157
155
155
155
155
154
154
154
155
155
156
156
156
156
156
152
153
153
153
154
155
155
153
153
153
151
151
151
151
151
152
152
153
154
154
153
154
153
153
155
155
157
159
161
163
163
161
161
162
160
161
159
159
158
158
158
157
158
159
160
158
157
158
157
157
157
158
159
160
161
160
157
158
158
158
157
157
156
156
157
156
157
157
157
156
156
155
152
153
154
153
152
152
153
153
153
154
155
155
156
157
156
157
158
156
157
157
157
157
158
160
161
163
160
159
160
163
163
161
160
160
160
159
157
157
158
158
159
157
156
155
153
152
152
152
154
154
153
153
153
154
152
152
152
152
153
152
153
153
153
151
150
151
151
155
155
155
156
156
159
159
159
159
160
158
157
157
156
156
158
156
157
155
154
153
152
153
154
154
154
157
157
160
159
158
157
156
153
154
155
155
154
156
157
156
156
155
157
157
156
155
154
154
154
155
153
153
153
153
153
153
155
155
155
153
154
154
154
153
154
156
156
156
155
154
154
153
153
153
152
152
152
152
154
154
155
154
154
154
153
153
153
153
153
154
154
153
153
153
153
151
151
149
148
148
149
148
148
148
147
146
147
147
147
147
148
148
148
149
151
153
153
153
155
154
155
155
156
158
157
157
156
154
155
154
155
154
152
152
151
150
151
151
153
153
153
153
155
155
156
156
158
157
157
159
159
160
161
162
161
163
162
161
159
159
155
154
154
153
152
153
153
152
151
151
151
151
151
152
154
154
154
156
155
154
155
154
153
151
150
151
150
150
151
151
150
150
150
150
152
155
155
155
156
157
158
158
157
157
157
157
157
157
158
158
159
160
157
154
154
155
156
156
156
154
153
155
154
154
154
156
156
156
155
157
158
157
155
153
154
154
154
155
155
155
155
156
156
156
154
156
156
156
155
154
154
154
153
151
152
153
152
152
152
154
154
154
152
153
152
154
153
153
152
153
153
152
151
151
151
152
153
154
155
155
156
156
157
158
160
159
159
158
158
157
157
153
153
154
155
154
154
154
154
154
154
153
152
150
149
149
149
150
151
153
153
153
152
153
152
150
150
150
150
151
151
152
152
151
150
151
150
149
149
148
149
149
150
150
150
152
152
154
154
154
153
153
153
153
152
151
150
151
150
150
150
150
151
151
151
150
149
151
149
150
148
148
148
147
149
147
147
150
150
150
149
149
147
148
148
150
151
154
154
153
150
150
149
149
148
148
149
149
149
149
149
147
147
147
147
148
147
146
146
146
148
149
148
147
149
150
151
152
153
151
152
153
153
155
156
156
158
156
156
157
157
158
158
156
157
156
155
155
156
156
156
155
155
156
155
154
154
155
156
155
156
154
154
153
153
152
152
152
152
152
151
151
151
151
151
153
151
152
155
155
154
156
158
158
159
159
160
158
156
155
156
153
151
154
155
155
155
155
152
153
151
151
151
149
150
150
150
152
151
151
150
150
152
153
153
152
152
153
156
156
155
156
156
157
155
153
153
151
151
151
153
154
154
153
152
151
153
152
150
151
152
151
151
150
150
151
151
151
152
151
152
153
153
154
153
155
155
155
157
158
157
158
157
158
157
157
157
158
158
159
159
157
158
159
158
159
157
154
155
154
154
153
153
155
156
154
154
153
155
155
155
154
155
154
155
157
158
160
159
162
162
164
162
161
159
159
159
160
160
160
160
159
161
161
162
163
159
158
158
155
154
154
154
154
154
154
153
153
153
153
152
152
153
151
151
151
151
151
150
150
147
148
147
148
149
150
150
150
153
152
154
151
154
154
152
151
151
152
152
154
153
152
153
152
152
153
153
154
154
152
151
152
151
151
151
150
150
150
150
150
150
150
150
150
150
149
149
148
149
149
149
149
148
150
151
153
153
154
155
154
153
152
152
151
151
151
151
151
151
150
150
148
147
150
149
150
150
151
150
149
149
148
148
148
149
148
147
146
149
150
149
149
149
146
145
145
146
148
149
149
149
150
150
151
150
151
150
151
150
152
154
153
153
154
153
154
152
153
154
155
153
154
153
154
155
155
159
158
159
159
157
158
158
159
157
156
154
153
153
155
157
159
160
156
156
152
152
152
152
150
149
150
148
148
147
148
148
148
148
150
151
152
152
153
153
156
156
155
155
153
153
154
154
158
158
158
158
157
157
158
156
157
156
156
156
155
154
155
155
156
157
158
160
158
157
157
154
155
155
156
155
155
156
154
153
152
153
153
154
156
156
154
155
156
155
157
156
158
158
156
156
157
156
155
156
157
157
158
153
152
152
152
152
152
150
153
152
151
151
151
151
150
150
150
150
151
151
152
152
150
150
150
151
150
148
147
148
149
150
153
151
153
153
153
152
151
149
148
148
149
148
149
150
149
149
149
149
148
147
149
150
151
152
150
150
149
150
150
150
151
152
152
153
152
153
152
152
152
153
154
155
155
153
153
153
154
154
153
154
155
154
154
154
157
156
157
157
158
158
157
158
158
156
155
155
155
155
156
154
153
153
156
155
157
156
157
157
157
157
159
157
158
155
156
155
152
152
152
151
152
152
152
151
151
151
151
151
150
149
149
148
150
150
150
151
151
150
152
153
153
153
151
153
153
152
152
152
152
151
150
149
149
148
150
150
150
150
151
150
151
152
151
151
153
152
149
151
150
150
149
148
147
147
147
148
147
147
147
147
148
148
148
148
147
147
149
148
149
148
147
147
148
148
147
146
146
145
144
144
143
144
144
144
145
145
145
145
146
145
145
145
144
144
144
146
144
146
145
144
144
144
144
145
144
143
143
143
144
144
144
144
142
143
143
143
143
144
145
144
144
144
142
142
143
141
141
142
143
143
144
144
143
143
145
144
144
145
146
147
147
147
147
145
145
146
145
145
145
145
146
147
149
148
146
146
147
146
149
151
150
149
149
150
150
149
149
151
151
151
150
149
149
149
151
152
152
151
148
147
148
149
150
150
150
149
150
150
149
148
148
148
150
150
150
150
150
150
151
149
150
151
152
151
151
151
151
150
150
150
150
151
151
152
152
152
152
152
152
154
154
153
152
152
154
154
154
154
154
154
154
153
152
152
152
152
151
153
154
157
157
155
155
156
156
157
157
156
155
155
155
156
157
155
154
154
154
153
153
152
152
153
155
156
157
158
157
157
157
157
157
159
161
159
155
153
153
153
153
153
153
154
154
155
154
155
155
155
155
155
157
157
156
154
155
155
156
156
156
156
156
154
152
152
152
152
152
154
155
156
155
154
152
152
152
150
150
151
150
151
150
150
150
149
148
148
149
151
152
152
151
152
151
151
150
151
149
149
149
150
150
149
149
148
149
148
148
