0.0009317241379310344 0.0006927586206896553
300
289
282
277
275
271
267
263
260
257
254
253
250
247
246
244
244
241
242
243
243
243
241
242
243
244
241
240
238
237
235
232
232
232
228
231
233
231
230
229
228
226
227
225
225
224
225
223
221
221
223
225
226
228
226
226
226
226
227
227
229
227
225
226
225
225
226
225
223
223
224
226
224
224
223
221
221
219
221
219
220
221
219
216
213
212
211
210
209
209
211
211
211
211
211
209
209
212
213
213
213
216
217
217
215
214
213
213
213
212
212
211
208
209
209
210
207
207
206
206
208
208
209
211
212
211
210
210
211
212
211
210
211
212
211
212
211
212
211
212
212
213
213
214
214
216
216
217
215
216
216
218
217
217
218
215
212
211
211
213
211
210
212
212
213
215
216
215
214
215
215
215
215
215
215
214
215
214
215
213
213
212
213
216
214
213
214
215
216
218
218
218
214
214
215
215
216
216
216
218
218
216
217
218
218
218
218
218
220
219
216
215
215
215
216
216
216
215
214
214
213
213
212
212
213
213
213
211
209
210
210
209
210
208
209
210
210
210
210
210
208
210
208
208
209
210
211
207
209
209
211
210
209
209
212
211
210
212
211
210
211
210
210
209
209
211
210
208
208
206
205
208
208
212
211
211
211
211
211
210
208
208
208
206
206
206
205
205
204
204
204
202
203
203
199
200
200
200
201
202
203
203
202
204
204
206
207
208
211
214
214
215
214
214
215
212
213
210
208
209
210
207
208
205
205
205
203
202
201
202
201
201
200
201
200
200
199
200
202
201
201
203
203
201
201
203
203
204
203
205
203
205
205
205
205
208
208
205
205
207
208
209
209
206
209
210
208
206
206
204
204
204
203
203
205
204
204
205
205
208
207
205
204
204
202
202
202
201
200
199
198
198
199
197
197
196
197
200
200
199
199
199
203
202
201
200
201
199
198
198
199
199
200
201
199
198
196
196
196
195
194
193
194
193
194
195
195
195
195
197
195
195
195
195
196
196
197
196
197
199
200
200
198
199
198
198
198
196
197
196
196
197
197
198
196
197
196
194
195
195
194
193
193
192
192
193
193
192
193
194
194
195
196
196
197
198
198
199
198
199
200
201
200
200
201
201
201
201
201
202
203
204
203
203
204
205
204
208
208
208
208
208
207
209
210
209
204
204
205
205
204
207
205
206
206
205
203
204
204
206
205
204
205
205
206
205
208
208
208
205
205
203
203
202
203
204
206
206
206
206
208
209
210
209
210
208
207
207
208
208
208
207
206
207
209
208
208
208
208
209
211
210
209
206
204
205
203
203
206
205
205
206
205
205
205
203
203
203
203
200
201
202
200
198
195
196
198
198
198
198
197
195
194
194
194
194
195
194
193
193
192
191
191
190
192
191
190
190
193
193
196
193
192
192
193
194
196
194
196
196
197
197
195
195
194
194
195
199
199
198
199
198
199
198
196
197
196
195
196
195
195
196
195
194
193
195
194
195
195
192
192
193
195
196
195
195
195
194
195
195
195
195
195
196
195
194
195
195
194
195
195
196
196
196
196
193
194
194
195
195
195
195
194
195
194
192
191
191
190
189
190
189
188
189
190
189
189
189
190
191
191
193
194
194
194
196
195
195
196
195
198
199
198
199
200
203
201
203
204
206
206
205
204
203
202
202
201
200
200
198
199
198
198
197
196
194
193
194
195
195
196
196
196
195
195
196
197
195
195
196
195
195
195
195
194
193
194
192
191
191
191
190
192
193
194
193
192
190
190
190
190
191
189
191
191
190
189
189
188
187
188
188
188
188
189
192
189
189
189
188
188
190
189
189
190
189
191
196
197
196
196
198
197
196
196
197
194
195
195
195
195
194
192
195
194
191
196
196
198
197
197
195
195
195
194
195
195
195
197
195
193
194
195
194
190
192
190
189
189
187
188
188
188
188
188
186
186
185
185
183
185
185
185
184
184
183
181
180
182
184
186
185
184
185
184
185
187
186
186
186
186
187
189
189
190
190
191
190
188
188
189
187
186
186
184
185
187
187
188
188
187
187
188
187
186
185
184
183
181
182
182
182
183
185
183
183
183
185
186
186
184
184
182
181
181
182
180
182
183
183
182
182
183
183
182
182
183
182
184
185
185
185
187
185
184
184
184
185
182
180
180
181
180
179
180
179
178
178
179
179
181
182
181
181
181
184
185
184
182
181
180
179
180
181
179
182
181
181
182
181
182
182
180
180
180
180
181
182
181
180
179
180
178
178
178
178
180
180
182
178
179
180
180
180
178
176
178
179
177
176
176
176
177
177
177
178
178
178
178
177
178
178
178
178
180
182
181
184
183
184
183
183
185
185
184
184
186
185
185
186
184
184
185
184
184
185
186
187
185
187
187
185
183
183
183
182
181
182
183
185
185
187
185
185
185
185
184
186
185
185
183
183
182
182
183
183
183
183
182
183
181
181
181
183
183
186
185
186
185
186
184
185
184
185
184
184
184
184
185
184
185
185
185
185
184
184
185
185
186
187
188
189
185
186
185
183
183
183
184
184
182
181
182
183
181
181
181
181
180
180
180
181
181
182
183
181
184
186
185
184
183
183
184
183
183
181
182
181
179
183
184
184
185
185
186
187
191
188
187
187
186
187
187
185
184
185
184
184
183
183
185
185
186
185
186
187
188
188
191
189
188
191
188
186
185
186
187
191
193
192
192
189
189
189
190
190
189
185
184
184
184
185
187
185
183
184
186
187
184
183
182
185
186
184
181
180
178
177
178
179
180
180
180
179
177
176
175
176
175
174
175
176
176
177
178
179
181
181
181
180
179
179
178
180
180
181
182
181
181
182
180
181
180
181
180
180
180
181
180
178
178
175
175
174
174
176
179
175
175
179
177
176
176
176
176
176
176
175
174
174
174
175
176
176
174
174
176
176
176
175
173
173
174
175
176
175
174
176
175
174
174
174
173
172
171
171
172
170
172
172
172
172
170
170
171
170
173
173
173
175
175
176
174
174
174
173
174
175
175
175
173
174
172
171
171
172
174
174
174
175
177
176
176
175
175
176
175
175
175
176
176
178
177
176
176
172
171
173
174
174
174
175
175
176
176
176
176
176
177
179
180
181
181
183
182
184
183
185
185
184
184
183
182
182
183
182
182
182
181
178
176
175
177
177
179
179
177
175
175
174
175
174
175
174
174
176
176
175
175
175
175
176
176
176
175
174
173
172
172
172
173
172
173
172
171
172
172
172
173
175
174
173
175
176
177
176
178
175
174
175
174
172
172
171
171
173
173
174
173
174
174
173
174
173
171
172
174
171
171
171
170
170
170
170
170
172
173
174
173
175
173
172
174
172
172
170
169
171
171
171
171
169
169
171
173
173
174
175
176
175
175
174
175
174
173
173
174
174
174
173
173
171
170
170
170
170
170
170
171
170
170
170
172
173
173
174
174
176
174
175
177
175
178
178
178
180
179
178
177
177
176
176
179
178
178
179
179
179
178
176
175
174
174
175
176
176
177
177
175
174
175
176
176
175
174
174
174
175
175
175
176
177
179
176
175
175
173
172
172
172
172
170
170
170
170
171
172
172
172
170
170
170
171
171
172
172
172
174
173
173
173
173
172
171
171
171
171
171
170
170
172
171
171
171
171
172
172
173
173
173
173
171
171
171
169
170
169
169
169
170
170
170
173
172
172
172
172
171
170
170
170
170
169
169
169
170
174
174
174
175
175
174
174
174
174
173
170
170
169
169
170
171
174
174
172
173
171
169
169
169
169
171
170
172
171
171
171
170
170
170
172
171
171
171
171
171
168
170
169
166
165
166
167
169
167
167
169
171
169
170
170
170
171
171
172
173
173
173
171
171
174
175
175
174
173
173
170
170
172
171
172
170
168
168
168
168
168
168
168
168
167
167
166
164
165
165
164
164
163
163
162
162
162
163
163
163
163
164
164
164
163
162
161
161
163
163
162
161
160
160
159
158
159
160
160
161
163
163
160
159
159
157
156
156
156
158
159
160
160
160
161
162
163
164
163
163
164
163
163
164
162
163
165
164
165
164
166
168
168
167
167
165
165
166
166
169
170
169
170
168
168
167
167
167
168
169
168
169
169
167
167
168
168
167
166
167
168
169
169
169
170
173
173
174
174
175
175
173
175
174
172
173
171
168
168
167
167
167
168
168
168
167
168
168
168
168
169
170
170
168
168
167
166
168
170
169
170
172
173
172
172
173
172
173
170
171
170
170
170
171
170
170
170
169
169
172
171
171
172
173
174
174
176
177
178
178
180
180
179
180
178
176
176
175
176
177
176
176
175
174
174
172
171
169
171
172
173
171
169
170
169
168
169
170
170
170
169
167
166
165
164
165
166
165
163
164
165
165
165
163
163
162
162
162
161
161
161
162
163
163
163
162
162
163
163
163
162
161
161
161
162
162
163
163
163
164
163
163
163
162
163
163
164
163
163
163
163
163
164
164
164
164
164
165
163
164
166
167
169
169
168
169
170
170
169
169
171
171
172
172
173
173
175
174
172
172
171
171
168
168
168
169
167
166
167
166
167
167
166
165
163
161
161
160
161
161
162
162
162
162
163
163
161
161
161
162
163
164
165
165
164
163
161
160
161
161
161
161
160
161
160
162
162
161
162
161
162
162
161
161
162
162
162
162
162
161
161
160
160
161
161
162
162
162
162
163
162
163
165
164
164
163
162
162
161
162
161
161
162
160
160
161
160
160
161
163
164
165
165
165
168
168
167
167
164
166
166
165
166
165
165
166
167
167
167
168
170
168
168
170
170
170
171
172
172
171
171
171
172
172
171
171
172
171
171
171
169
168
167
167
167
167
167
167
168
166
165
166
164
164
164
164
163
162
164
165
166
168
167
167
168
168
168
168
167
167
166
164
164
164
165
167
167
166
165
165
166
167
169
169
168
167
165
164
163
164
165
164
165
165
166
166
166
166
167
167
167
167
167
165
165
165
165
166
166
166
166
166
165
167
167
167
166
167
166
165
167
167
167
166
168
167
167
167
167
167
167
166
167
167
167
165
165
164
162
163
162
164
164
162
162
160
159
157
159
158
157
157
158
160
160
161
162
163
163
163
165
166
165
163
164
163
164
167
166
165
164
162
162
164
165
164
162
163
163
165
166
165
165
165
167
167
166
166
167
166
166
163
163
163
164
164
165
166
166
165
164
165
166
166
166
166
163
162
164
164
166
166
165
163
161
159
159
158
159
160
160
162
161
158
156
157
157
158
157
158
158
159
158
157
158
159
159
159
160
160
160
160
160
159
159
161
159
159
159
161
162
160
158
158
157
157
157
157
159
158
158
158
157
156
158
157
157
158
157
158
158
158
159
157
157
157
158
158
159
161
160
160
158
157
158
158
158
160
160
159
160
158
157
158
160
159
156
157
156
156
158
157
158
159
158
159
160
159
160
162
161
162
161
158
159
159
160
160
159
159
158
157
157
157
157
157
156
157
158
154
154
154
154
154
155
156
156
156
156
157
158
157
157
158
158
158
158
158
158
156
157
157
158
159
158
159
157
157
158
158
160
162
161
165
165
163
164
164
164
165
165
162
165
164
163
159
159
159
158
158
157
157
158
158
159
160
161
161
158
157
159
158
159
159
159
158
158
158
158
159
159
159
159
160
159
158
158
161
160
161
159
159
159
159
159
159
161
158
158
158
159
160
158
159
158
158
157
157
156
156
156
155
157
157
156
155
155
155
155
154
154
153
155
155
155
154
154
153
153
154
154
154
154
154
154
155
156
155
154
154
153
153
153
152
153
153
154
155
156
156
154
154
154
154
154
153
154
154
155
155
156
155
156
154
154
154
154
153
153
154
153
152
152
154
153
152
152
152
152
152
152
153
153
154
154
154
153
153
153
153
153
154
154
153
155
155
155
156
156
156
155
154
155
155
156
155
155
154
155
156
157
157
158
158
157
157
157
158
157
158
159
159
156
158
158
160
160
162
162
161
161
158
160
159
158
158
157
156
157
157
157
157
157
157
157
158
158
157
157
157
157
157
160
160
162
161
161
162
160
161
160
160
159
159
160
161
162
161
163
164
164
166
165
164
164
162
162
162
163
162
166
166
167
166
165
165
166
165
165
166
165
166
163
162
162
162
163
162
163
164
164
162
163
163
164
164
163
164
162
161
160
162
162
163
165
163
163
160
160
161
158
159
159
159
161
162
161
161
159
158
158
159
161
161
163
161
162
162
162
161
162
161
161
161
163
164
163
161
160
161
163
163
161
160
159
158
157
157
157
158
159
159
161
163
163
160
160
160
159
157
157
157
157
157
158
157
156
154
154
154
155
154
154
154
154
155
155
154
154
154
155
155
155
155
156
157
157
157
156
156
158
158
159
159
159
159
160
159
158
158
158
158
158
157
158
158
158
160
158
158
160
161
162
161
160
160
160
159
159
159
159
160
157
161
162
161
163
163
165
165
162
163
163
163
163
165
165
164
164
162
161
158
158
158
159
159
159
160
162
163
161
160
160
159
159
157
157
159
159
159
159
158
159
159
158
160
160
159
160
160
160
160
159
158
160
160
160
160
160
158
158
159
160
161
161
161
162
161
161
162
161
161
158
160
162
160
160
160
161
158
158
157
158
160
157
157
158
158
157
155
155
155
155
155
157
159
159
158
159
157
157
157
155
153
154
155
154
156
156
155
154
157
156
155
156
157
157
156
157
156
157
158
159
158
157
156
157
157
158
158
158
157
157
155
155
155
154
154
154
154
154
157
158
160
159
159
159
160
160
161
161
160
160
157
155
156
154
153
154
154
154
154
154
153
156
155
153
151
152
153
154
156
156
155
155
155
155
153
154
154
153
151
152
154
155
154
155
155
156
156
155
154
154
155
156
156
156
159
158
156
156
156
156
156
155
155
155
156
156
156
155
156
155
155
155
155
155
154
154
154
154
156
155
152
152
151
152
153
153
154
154
155
155
155
156
156
156
156
155
155
155
155
152
152
152
153
152
152
153
152
153
154
154
153
155
154
154
156
157
157
158
157
156
155
155
153
154
154
155
155
153
156
156
156
156
158
156
155
155
156
158
158
157
157
156
157
159
160
160
160
161
160
160
160
159
160
160
160
161
159
160
161
161
161
161
162
162
162
158
158
156
157
156
156
157
156
156
156
158
158
155
156
155
156
158
158
158
158
158
157
156
157
157
156
157
157
158
158
157
158
161
161
160
162
161
160
160
160
158
159
156
155
155
155
154
153
155
156
155
156
157
157
157
158
157
155
155
155
155
155
156
156
155
154
154
154
154
153
153
153
153
153
153
154
154
153
153
153
153
154
154
154
153
153
152
153
154
153
155
153
153
154
153
154
156
157
156
155
154
154
153
152
153
153
154
154
153
155
156
156
156
157
156
156
157
158
158
158
160
162
162
162
162
161
164
163
162
162
162
157
156
156
156
158
159
158
158
156
155
155
154
155
155
156
156
155
155
155
157
156
157
158
155
155
156
159
159
158
158
158
156
158
159
162
162
164
163
163
163
162
160
161
160
158
158
158
160
161
160
160
161
161
158
158
157
157
155
153
153
154
153
152
153
153
153
153
150
149
149
149
149
151
152
151
150
150
149
151
151
150
148
149
148
148
148
149
150
149
150
149
149
150
151
151
153
152
152
151
152
152
152
154
151
149
147
147
147
146
150
150
148
149
147
148
148
148
148
147
147
148
146
146
147
147
146
146
145
145
145
145
145
144
148
148
149
149
149
150
149
149
151
151
151
151
152
152
151
150
149
148
148
148
147
147
148
149
149
150
151
151
150
150
150
149
147
149
149
151
151
150
151
150
150
152
153
156
157
156
156
156
156
154
156
156
154
154
154
154
154
153
153
152
153
153
153
152
154
154
155
154
155
155
153
153
154
153
154
154
158
157
156
156
158
158
158
157
156
156
156
155
155
154
153
153
152
151
150
149
149
148
148
148
149
150
151
151
151
150
150
149
151
150
151
151
150
151
152
152
152
151
151
151
151
151
151
152
152
151
151
151
149
148
148
148
148
148
148
147
146
146
146
147
147
147
147
148
149
149
151
150
150
150
150
150
150
149
149
149
150
150
150
152
151
151
151
150
150
150
150
151
151
153
153
153
154
156
156
156
156
157
155
154
155
155
157
157
157
158
158
158
158
158
157
156
156
154
154
153
154
154
154
154
156
154
153
154
152
151
151
153
154
153
154
151
153
153
152
154
157
159
158
158
158
158
157
153
154
155
155
153
155
154
155
155
155
156
156
157
159
157
157
158
159
159
158
159
158
159
158
158
155
155
155
154
155
157
158
158
157
156
156
155
155
154
155
156
154
151
151
152
154
153
152
151
151
150
150
150
152
151
153
153
151
150
150
152
152
153
152
153
153
153
152
152
151
154
154
153
153
152
154
153
152
153
153
152
151
151
152
153
153
153
152
155
155
155
155
154
151
152
151
152
153
153
153
153
155
154
155
153
153
154
155
153
154
154
154
154
152
152
151
152
152
153
152
153
152
152
154
153
150
150
152
152
151
150
150
148
148
148
146
146
145
143
145
147
148
148
146
147
148
148
150
149
149
149
149
151
150
149
148
148
148
150
151
152
153
154
155
153
152
153
153
152
152
150
146
146
146
146
147
147
147
148
149
147
147
147
147
147
147
146
148
148
148
148
149
149
149
149
150
150
153
153
154
154
154
154
151
152
150
151
149
150
150
150
151
151
152
152
152
150
148
148
149
149
149
152
154
153
154
155
156
155
155
155
153
152
152
152
151
150
151
154
154
153
153
151
149
148
148
148
148
147
148
147
148
150
149
150
148
147
147
149
150
152
154
154
154
154
154
154
156
155
153
151
152
153
155
154
155
154
156
158
159
159
159
162
160
160
160
159
160
160
159
159
157
156
154
151
149
148
147
146
147
148
148
148
147
147
147
147
146
146
147
148
148
149
149
149
149
148
147
147
146
145
145
145
148
146
147
146
145
144
144
147
146
146
146
146
146
146
147
147
147
146
148
149
150
149
150
150
150
151
150
150
150
150
151
150
148
149
149
149
147
143
141
143
142
141
140
141
141
141
142
142
141
142
142
141
142
141
141
140
140
141
141
141
140
140
140
140
141
140
140
141
141
144
144
144
145
142
141
140
140
141
141
140
141
142
142
142
141
140
137
137
137
136
138
138
137
138
139
139
138
138
141
141
142
141
144
144
145
147
147
146
144
144
144
145
144
144
141
143
144
144
145
144
143
142
141
140
141
141
141
141
143
141
140
139
140
140
140
139
140
139
139
142
141
140
139
139
140
140
142
142
142
141
142
142
142
143
143
139
138
138
138
138
138
137
137
138
139
140
142
142
142
142
143
143
143
142
142
142
143
145
146
146
145
141
141
141
142
142
144
145
145
144
144
144
143
144
145
147
148
147
145
145
145
144
143
143
143
143
143
144
145
143
143
142
142
144
144
145
146
146
145
146
147
147
147
147
148
147
147
147
146
145
146
144
144
144
145
145
145
147
145
143
143
142
142
140
139
139
139
139
139
139
140
141
142
142
141
143
143
144
143
141
141
142
142
143
142
142
142
142
141
141
141
141
141
142
142
142
143
143
144
144
141
141
143
142
142
143
144
142
142
144
143
143
143
142
142
143
142
143
143
142
143
141
143
143
143
143
143
144
144
145
145
144
144
146
144
144
143
144
145
146
146
146
147
147
144
144
145
146
146
144
144
145
143
142
141
141
141
142
142
142
141
140
140
141
140
138
139
139
139
139
140
140
140
139
139
139
140
142
141
140
140
141
142
141
140
141
143
141
141
140
140
141
141
140
141
141
141
142
139
139
140
140
141
142
142
142
143
141
141
140
142
142
143
144
144
147
147
146
145
147
147
147
148
147
148
148
146
146
145
145
146
146
145
145
145
146
145
146
146
146
147
148
148
145
145
144
144
142
143
143
142
142
144
143
144
144
144
144
144
144
144
143
143
143
144
144
144
142
141
141
140
142
139
140
140
140
140
142
142
144
144
144
143
143
144
143
143
143
143
143
143
142
142
141
141
141
140
140
139
138
139
141
141
141
141
141
141
140
140
139
139
139
138
139
139
139
139
140
139
139
138
138
138
139
141
141
140
141
140
140
139
141
141
142
142
140
140
140
141
142
141
140
140
139
140
140
140
140
139
139
139
139
139
139
139
140
140
139
140
141
141
141
141
140
139
139
139
139
139
140
140
141
142
140
141
142
143
143
143
143
145
144
143
143
144
145
144
143
143
143
144
144
144
144
145
145
143
142
142
140
142
142
145
143
143
142
141
139
140
142
141
141
141
142
141
141
139
138
138
138
138
138
139
139
139
138
138
138
138
137
137
139
137
138
138
138
137
135
136
135
135
135
136
137
137
138
138
138
138
139
141
141
141
141
141
140
140
139
140
141
143
143
143
143
142
142
141
139
140
138
138
139
136
136
136
136
135
134
135
135
136
137
136
134
135
135
136
135
137
137
137
136
135
135
135
136
138
139
139
140
140
140
141
143
144
144
142
142
142
141
142
140
140
140
141
138
139
139
138
138
138
136
135
136
136
136
136
137
138
141
141
141
141
141
140
141
140
140
140
140
139
138
137
138
138
137
137
137
137
136
137
138
139
139
140
136
134
134
134
135
135
134
135
135
135
134
135
135
136
137
138
139
138
138
138
138
139
137
138
136
136
137
139
140
142
143
142
141
142
143
142
142
141
143
142
143
143
143
141
141
142
140
141
141
143
143
143
142
142
143
143
144
142
144
143
143
143
143
143
144
143
142
142
143
143
143
145
145
144
143
143
143
144
144
146
145
144
144
144
146
146
146
145
146
145
146
145
147
147
145
143
145
145
145
143
143
143
142
142
141
140
140
140
141
141
140
140
139
139
139
140
139
140
140
139
139
139
141
141
141
142
142
143
146
145
146
147
147
147
147
145
146
147
145
146
142
141
140
142
143
146
148
149
147
149
149
148
148
148
148
150
150
151
150
150
150
149
149
150
150
149
150
150
150
149
148
146
146
147
148
148
147
148
150
150
150
149
150
150
150
152
150
150
148
147
148
146
143
143
142
142
143
143
143
144
146
148
150
154
153
150
151
150
147
147
147
148
148
148
147
147
148
148
146
146
146
148
149
149
149
149
147
147
146
146
147
147
148
146
148
149
149
150
149
150
147
147
147
147
147
147
148
148
147
146
146
147
148
150
150
146
147
146
144
144
145
145
143
142
142
141
141
141
141
140
141
144
142
142
142
142
143
143
143
143
144
144
143
143
142
141
141
140
141
141
141
141
141
140
139
139
139
138
139
140
139
140
140
140
140
139
136
136
136
136
137
137
137
138
139
140
140
140
139
139
139
