0.0005903448275862068 0.0007951724137931035
300
293
290
282
282
282
274
268
264
262
260
257
251
249
246
246
244
242
239
237
236
239
240
240
239
237
236
235
234
231
231
234
234
233
232
233
232
232
230
230
228
230
230
229
228
226
224
221
221
220
221
220
220
220
221
223
225
226
226
224
224
225
226
226
225
223
222
222
222
222
221
221
222
222
221
220
219
217
219
219
217
220
219
218
219
217
220
220
218
217
217
214
213
212
211
210
209
207
208
208
208
209
207
206
206
210
209
209
210
208
208
208
206
206
206
206
204
205
207
207
208
208
205
203
203
202
203
202
202
202
204
204
206
204
204
202
204
204
204
204
203
203
200
199
198
199
199
201
200
201
201
203
202
202
201
201
199
198
199
200
200
199
201
202
199
199
201
201
200
200
200
199
201
200
200
198
198
199
200
199
198
197
197
195
195
195
195
193
193
194
193
191
192
192
191
191
189
188
187
186
188
187
187
189
189
189
188
186
185
185
186
186
187
184
187
189
190
191
191
192
192
189
191
193
195
196
197
195
193
192
190
191
190
190
190
188
189
187
187
188
187
187
187
187
187
185
186
186
188
187
188
186
185
184
185
186
186
186
190
187
187
187
186
187
187
187
186
189
190
187
187
191
191
189
190
189
189
190
191
193
196
196
192
193
192
192
193
194
193
192
193
193
192
190
189
189
187
184
184
187
187
187
186
186
186
184
184
184
183
183
182
182
181
183
185
183
184
185
184
184
185
184
184
184
182
183
183
183
180
182
182
184
183
184
185
184
185
185
185
184
185
185
184
187
184
184
184
185
186
186
186
186
188
188
190
189
188
188
188
186
187
188
188
190
188
190
191
190
190
192
191
193
193
192
192
192
190
189
188
189
188
186
187
186
184
183
183
183
184
184
185
186
186
186
186
184
185
185
185
187
185
184
183
182
181
180
182
181
182
182
182
183
183
183
184
185
186
185
185
186
185
184
185
185
186
187
187
186
183
183
184
184
184
184
184
184
184
184
184
184
183
182
182
183
183
183
183
184
184
182
182
183
184
182
182
182
184
185
185
183
180
179
179
181
182
178
178
178
178
179
179
178
178
178
179
179
178
179
180
181
182
183
183
183
184
184
182
185
185
185
185
184
183
182
182
182
182
182
182
182
181
180
178
178
180
180
180
183
182
182
181
181
181
180
182
184
183
182
183
184
183
185
186
185
187
185
188
188
191
188
188
190
191
190
190
186
185
183
181
180
180
180
178
177
178
178
178
178
178
179
179
180
180
180
178
180
179
178
177
179
178
177
176
177
181
181
179
180
181
181
180
179
178
179
179
178
178
179
177
176
176
177
174
174
174
174
175
176
176
174
175
176
177
176
175
175
175
174
174
173
174
173
172
172
172
174
174
173
174
173
173
175
175
174
175
173
171
173
171
172
173
171
169
170
169
168
168
169
170
170
171
170
170
170
172
172
173
176
177
177
176
176
179
179
179
180
179
178
178
177
178
177
175
174
174
173
171
171
171
171
168
167
168
169
171
171
170
174
174
177
178
177
175
177
176
177
177
177
177
178
179
178
180
179
179
181
179
176
176
175
177
176
177
176
177
177
174
175
176
174
176
177
177
178
178
179
176
175
173
174
174
173
173
172
172
172
171
171
171
172
173
173
172
170
171
172
171
171
171
170
169
170
170
170
171
171
172
172
171
173
173
173
174
174
173
173
172
171
172
173
172
172
170
171
171
172
171
169
168
168
169
169
170
169
170
169
169
168
166
163
163
163
164
164
165
165
165
165
167
168
168
169
169
169
170
170
167
167
167
170
170
170
169
167
167
167
167
165
166
167
168
170
170
168
168
169
169
167
166
165
166
166
166
167
166
165
166
165
166
166
167
169
169
169
168
168
168
168
168
169
168
170
171
172
173
173
175
173
173
173
172
171
170
171
170
172
169
168
168
166
166
165
164
161
161
161
159
161
162
162
162
163
165
164
163
162
162
161
161
163
161
163
162
161
162
162
162
163
162
161
162
161
160
160
160
161
162
161
163
162
162
160
159
159
160
160
161
161
160
160
159
159
161
159
159
160
164
162
162
162
162
161
161
161
159
158
157
159
157
156
156
155
154
155
154
153
153
154
153
153
155
154
155
155
156
156
156
155
154
153
153
154
156
156
156
155
157
160
159
159
161
162
158
159
161
159
159
159
160
162
164
164
162
161
161
160
160
160
160
161
161
161
161
163
166
167
165
165
165
164
164
166
164
166
167
166
167
166
164
163
165
164
160
162
163
163
162
160
161
161
160
160
160
160
159
158
158
157
156
155
155
156
155
158
157
155
154
154
154
154
155
155
154
156
157
158
158
158
158
159
159
160
160
159
160
160
160
158
159
158
158
156
156
158
158
158
160
160
160
160
160
158
157
157
157
155
156
156
157
155
159
160
160
160
159
159
159
160
161
161
162
162
162
163
163
164
163
160
159
159
158
159
159
160
159
159
161
160
161
160
159
160
160
158
158
160
158
159
159
159
158
159
159
159
160
160
160
162
161
161
162
164
161
161
161
162
163
164
163
161
160
160
159
159
160
159
159
158
155
155
154
155
156
158
158
158
158
157
157
159
158
158
160
161
161
157
157
157
156
156
155
154
154
154
153
152
152
153
152
151
153
153
152
151
150
150
150
149
150
150
150
150
151
151
151
149
149
149
148
149
152
152
152
151
152
153
155
156
157
157
154
156
158
158
157
156
155
155
155
155
155
157
158
157
157
157
157
156
156
157
156
154
155
155
156
154
154
155
155
156
158
157
156
155
156
157
158
158
160
159
159
157
157
158
159
159
157
155
156
153
155
155
155
155
156
156
158
159
155
155
155
155
154
153
154
153
153
155
154
155
155
156
154
155
158
158
158
156
157
154
153
154
154
152
151
152
153
153
152
152
152
151
151
151
151
152
153
155
154
154
155
151
153
153
154
152
152
150
150
150
150
150
152
152
152
150
151
152
153
153
154
154
153
150
150
154
152
153
152
152
153
152
152
154
153
149
150
152
151
151
150
151
151
150
149
151
149
151
152
151
150
150
152
152
153
155
153
155
154
154
154
155
154
154
153
152
152
152
152
153
151
151
152
153
153
153
152
151
151
152
152
151
152
152
151
151
151
151
151
153
152
152
151
152
150
149
150
150
150
149
150
150
149
148
149
149
149
151
150
149
150
150
150
149
150
149
151
149
148
148
148
149
149
150
149
148
147
147
147
147
148
148
149
148
147
148
147
147
147
147
147
146
146
147
147
146
146
146
147
147
148
148
149
149
149
147
147
147
148
148
147
147
146
147
147
147
146
146
145
146
147
147
147
146
146
147
147
147
146
147
146
147
147
144
145
146
145
145
145
144
144
145
144
143
143
142
142
144
144
143
146
146
146
145
146
147
147
147
149
151
151
152
150
150
149
149
149
149
149
150
150
149
148
150
151
150
150
149
150
149
147
147
148
147
148
149
150
152
151
150
151
151
150
152
153
154
155
156
156
155
153
154
156
155
155
155
155
155
153
152
151
152
152
152
151
153
152
152
152
151
152
152
152
153
151
151
152
153
154
155
156
156
157
155
156
155
156
154
153
154
153
154
152
151
152
153
152
151
151
151
151
149
149
149
149
149
148
149
149
149
149
149
150
150
149
150
150
150
152
152
152
152
151
150
149
149
148
148
148
147
147
147
147
148
148
150
149
149
151
151
152
152
152
151
151
150
153
154
153
154
155
157
157
156
154
153
154
155
155
156
157
155
155
155
156
155
155
154
153
156
155
154
154
155
155
156
157
155
155
156
156
155
157
157
159
160
160
160
156
154
153
152
152
153
154
152
151
152
152
156
156
155
155
154
155
154
153
152
154
154
156
157
157
157
157
154
154
154
152
151
152
152
154
155
155
155
156
154
152
151
151
151
152
152
153
154
154
153
154
154
152
151
150
150
150
149
149
149
149
150
151
152
151
150
151
151
150
149
147
148
148
149
150
148
148
146
147
146
145
145
145
145
145
146
146
146
147
149
149
148
147
147
147
148
148
148
148
148
145
147
147
148
149
148
149
151
151
152
155
155
154
153
153
154
153
152
152
150
151
153
152
151
151
151
150
152
149
148
146
147
147
147
149
147
148
148
150
150
148
149
151
150
150
149
148
147
145
146
146
148
147
146
147
148
149
151
151
151
150
152
151
151
154
153
154
151
150
150
150
149
149
150
152
150
150
150
150
150
151
151
150
149
150
153
153
154
152
152
153
152
150
149
149
149
148
148
148
148
148
147
146
147
146
145
145
147
146
146
147
148
147
147
148
148
147
148
148
150
151
150
151
149
148
149
148
146
143
143
144
145
146
146
144
145
143
142
142
142
142
143
142
142
142
141
141
140
140
141
141
141
141
142
141
141
140
139
139
138
138
137
137
137
137
138
139
138
138
138
138
138
140
140
141
142
143
143
141
139
140
140
142
142
140
140
140
140
141
142
141
140
141
141
141
141
141
141
141
140
142
142
142
143
144
142
142
142
142
142
141
141
141
141
142
142
144
142
141
141
141
142
144
144
143
141
139
139
139
139
138
138
138
140
139
140
141
140
140
141
141
142
141
142
141
142
142
142
142
142
142
142
141
142
142
142
142
143
141
142
142
140
141
139
139
139
138
139
141
141
141
141
141
142
142
141
141
141
141
141
141
141
142
142
140
139
140
140
140
141
142
142
143
144
144
143
144
146
147
147
147
145
143
144
145
145
145
145
145
145
146
144
143
143
143
144
146
147
147
148
146
146
147
147
145
144
143
144
145
144
145
146
146
146
146
146
147
147
147
147
147
148
148
148
149
149
148
147
147
148
148
152
152
152
152
153
151
151
149
149
148
149
146
146
145
143
143
143
142
141
141
142
142
142
140
142
142
142
142
142
142
143
141
139
139
139
139
141
141
141
140
140
141
141
139
140
141
140
141
142
143
143
143
143
143
144
141
141
141
140
139
139
138
138
138
139
138
139
138
138
137
136
136
137
136
136
136
136
136
136
136
135
135
136
136
136
136
136
138
138
137
137
137
137
139
140
140
140
142
142
141
142
142
141
140
140
139
140
141
142
143
143
143
142
143
142
142
142
141
141
143
141
141
140
140
142
142
142
142
141
141
141
141
141
143
142
141
140
140
140
137
137
138
138
138
140
138
137
137
137
139
140
139
139
140
140
137
137
137
137
138
140
140
140
142
143
143
143
141
142
142
142
141
141
138
138
139
140
140
140
141
142
142
142
140
141
143
144
144
144
144
141
141
143
142
142
142
142
142
142
140
141
140
140
140
140
139
139
139
139
139
139
140
139
141
140
140
138
138
138
138
138
139
139
139
137
137
137
136
136
135
136
136
135
135
135
135
135
135
137
137
136
136
135
136
136
137
139
137
136
136
133
133
133
133
134
135
136
136
136
135
136
136
138
138
139
138
139
139
138
139
138
139
138
138
138
138
139
137
137
136
136
136
136
137
137
136
137
137
137
137
138
139
141
141
142
142
141
142
142
142
141
141
140
138
139
139
139
140
140
140
139
141
143
143
144
146
146
146
148
149
148
147
146
144
143
143
140
140
140
142
141
141
141
141
141
141
138
136
136
139
139
138
138
139
139
138
139
140
139
137
139
139
140
139
137
136
135
135
137
137
137
138
140
141
141
140
138
138
137
138
137
137
138
138
137
140
138
136
136
135
137
137
139
140
141
140
140
139
139
138
136
136
135
134
134
134
132
132
133
131
132
133
133
132
135
136
136
137
139
139
140
139
140
140
139
138
137
137
136
136
135
135
133
132
131
131
132
133
134
135
135
135
135
136
136
135
135
135
135
135
137
136
132
135
133
131
131
129
130
132
130
130
129
128
129
129
128
128
129
128
127
127
126
127
125
125
125
127
128
128
129
130
130
130
130
132
133
132
131
132
132
131
133
133
132
132
131
130
132
134
134
134
133
133
132
131
131
131
130
129
130
129
129
128
128
127
129
127
127
127
129
128
126
126
127
127
127
128
127
127
127
128
127
127
127
127
127
127
128
128
127
127
128
127
126
127
125
125
125
124
124
124
124
126
125
127
130
129
129
129
128
127
128
129
128
128
128
129
130
129
129
131
131
131
128
129
128
129
129
129
129
129
130
131
135
133
134
133
132
132
130
130
129
130
130
128
127
127
127
127
128
128
129
128
129
129
130
131
130
129
129
130
130
131
131
131
131
132
131
129
129
130
130
128
128
127
127
128
128
130
129
130
130
129
129
129
128
130
130
130
130
130
131
130
129
130
131
130
130
130
131
131
131
129
130
129
128
129
127
127
127
127
128
130
130
130
131
133
134
133
133
134
132
131
131
131
134
133
133
132
132
131
131
128
128
128
128
128
128
128
127
127
126
128
125
126
129
129
130
128
128
128
129
128
126
126
127
128
128
129
128
129
128
129
128
128
130
129
130
131
129
129
130
130
126
125
124
124
125
126
127
128
129
128
127
127
127
126
124
124
124
124
124
124
124
123
122
123
123
125
125
127
128
128
127
128
128
128
129
129
130
130
129
131
131
131
129
129
129
130
130
131
130
130
130
131
130
131
132
130
130
130
130
131
130
128
129
128
129
129
128
127
127
129
131
132
133
132
132
133
132
132
131
133
128
127
127
128
127
127
127
128
127
128
128
128
127
127
128
128
128
125
126
126
125
125
124
124
124
125
125
124
124
123
123
123
124
124
123
125
126
127
127
127
128
129
128
128
128
127
126
126
127
128
129
129
127
127
129
127
127
128
127
128
127
126
125
125
123
123
122
124
125
125
124
122
121
121
122
121
122
120
119
119
119
119
119
119
119
119
119
119
119
119
119
120
121
121
122
122
125
126
127
127
127
128
128
129
129
129
127
127
125
123
124
124
124
124
124
125
125
125
122
122
122
121
121
120
120
120
120
121
121
120
121
122
121
120
120
120
121
121
121
120
120
120
120
120
121
122
122
123
122
122
122
122
124
124
125
124
124
124
124
123
120
120
120
120
120
121
121
120
121
121
120
121
124
122
122
120
120
119
120
121
121
121
121
120
119
118
119
120
119
119
121
119
119
119
119
120
121
120
119
117
115
115
115
115
115
115
114
114
115
115
117
117
117
117
117
117
118
118
118
117
118
117
117
116
115
115
114
115
116
117
117
115
115
115
115
116
117
117
117
118
118
118
120
119
118
119
119
120
119
120
121
120
121
121
120
120
121
120
119
120
118
118
120
121
119
117
117
117
117
117
118
118
116
116
116
116
116
116
116
116
116
116
116
117
117
118
118
120
121
119
120
120
120
120
119
119
120
120
120
121
122
121
119
119
118
117
117
116
117
115
115
115
115
115
116
116
116
116
118
119
119
119
119
121
119
120
120
120
119
118
118
118
120
120
121
121
121
119
118
118
119
117
117
117
118
118
119
117
117
117
117
117
118
118
118
118
119
120
119
120
119
119
120
120
121
120
122
123
122
122
120
121
118
118
117
117
118
119
118
116
116
118
118
118
119
119
119
120
120
121
121
118
117
117
118
117
117
117
115
116
116
116
117
117
117
119
119
120
117
117
117
115
114
113
114
113
114
114
115
115
115
115
114
115
115
115
115
116
116
117
116
116
114
114
114
114
113
113
111
113
113
115
116
116
115
114
115
115
114
114
114
112
113
112
112
114
115
115
115
116
115
114
116
117
117
117
116
116
116
118
118
116
115
116
116
115
116
114
114
116
116
117
118
118
117
115
115
115
115
117
117
115
115
116
116
116
117
117
116
116
116
115
117
117
117
116
116
117
117
117
118
118
118
118
117
117
116
115
116
118
117
116
114
113
112
113
113
113
113
113
113
113
113
113
113
113
112
113
113
113
112
112
112
112
111
111
111
111
112
112
112
112
112
113
112
112
112
112
111
111
112
113
112
111
111
110
110
110
110
110
110
110
111
112
111
110
110
110
110
110
110
110
111
111
111
112
112
112
112
112
111
113
114
113
113
113
116
118
119
117
116
117
117
117
117
117
116
118
119
119
120
119
119
119
119
118
120
122
120
119
119
120
118
119
118
120
119
119
119
121
119
119
119
117
117
117
118
117
117
116
115
114
114
114
112
112
114
114
114
114
114
114
113
113
113
114
113
113
113
112
111
111
112
112
113
113
114
114
114
114
114
116
115
115
115
115
115
115
117
117
117
116
117
116
116
116
114
114
113
113
113
113
112
112
117
118
119
117
117
115
115
114
113
113
114
117
118
117
118
117
116
115
116
116
116
114
115
115
115
112
112
112
112
111
110
111
111
111
112
112
112
113
113
113
112
111
111
111
112
113
113
113
113
115
113
113
113
114
115
115
114
115
116
115
114
114
114
113
113
115
114
115
115
113
114
115
115
113
113
113
113
115
115
114
115
114
112
110
110
109
110
110
110
110
112
112
113
113
114
112
112
112
117
115
116
115
115
115
116
117
119
120
119
118
118
116
116
117
117
118
116
114
113
113
113
112
110
109
107
109
109
111
111
112
112
112
113
113
113
113
112
112
112
112
112
113
113
112
112
109
109
110
110
110
111
111
110
110
110
111
111
111
109
110
109
108
108
107
107
107
107
107
106
106
106
106
106
106
107
107
106
106
106
106
106
106
106
105
107
107
107
106
106
106
108
108
109
108
108
108
108
109
110
107
107
107
107
106
106
106
106
107
107
107
107
105
105
104
104
104
104
104
104
105
106
105
105
106
106
107
107
107
107
107
107
107
107
107
106
105
104
104
105
105
105
104
104
104
106
106
106
104
104
106
106
106
106
106
106
106
106
108
108
107
106
106
106
108
108
109
108
108
107
107
108
107
108
109
108
109
110
109
110
110
110
109
109
108
109
107
107
108
106
105
104
103
104
104
105
105
105
105
106
106
106
107
108
108
109
110
110
110
109
109
109
110
110
108
108
108
108
107
107
108
108
107
107
107
105
104
104
105
105
105
106
106
106
107
108
108
107
108
108
108
107
107
106
105
107
107
107
109
108
108
108
108
108
107
107
108
109
109
109
109
108
108
108
108
108
106
107
106
105
106
106
107
107
108
108
107
108
106
106
107
107
107
104
104
105
106
107
108
108
108
108
108
109
107
106
106
107
106
106
105
105
105
106
106
106
105
106
106
107
105
104
104
103
103
103
103
103
103
103
103
103
105
105
106
106
106
106
106
106
106
106
105
106
105
104
105
105
105
105
105
106
106
106
104
104
104
104
105
105
106
106
106
106
106
106
106
106
106
106
106
105
106
106
106
105
105
105
106
106
107
107
109
108
110
110
109
109
110
109
109
109
109
109
108
108
108
111
111
112
113
113
111
112
112
113
112
112
113
111
111
111
111
110
110
110
110
111
111
110
110
110
112
112
112
113
113
112
113
113
113
112
111
112
112
112
112
111
111
111
111
112
110
110
110
110
110
111
111
110
110
109
111
112
111
112
111
109
109
108
108
109
109
108
108
107
108
108
107
107
107
107
107
106
107
106
106
109
108
108
109
111
112
110
110
113
112
112
113
112
110
110
109
108
108
108
108
108
107
108
108
108
109
107
107
104
103
104
105
106
105
107
107
107
108
107
106
106
106
104
104
105
106
105
104
104
104
104
103
104
106
107
108
109
110
109
107
107
105
105
105
104
102
101
100
101
100
100
100
100
101
102
102
103
103
104
104
103
103
103
103
104
104
104
103
101
100
101
102
101
100
98
101
103
104
103
103
105
105
103
102
102
102
102
101
101
102
100
100
101
100
99
99
99
98
98
98
99
98
98
98
98
99
99
100
100
101
100
100
102
103
102
101
102
103
101
102
102
103
104
103
103
103
103
102
102
101
100
98
99
99
99
99
100
100
100
99
99
100
100
101
102
104
104
106
104
105
105
106
104
103
103
103
105
105
105
105
106
105
105
105
105
105
105
106
107
108
107
106
104
107
107
108
105
107
107
104
106
105
105
104
104
104
104
104
104
105
105
105
104
104
104
104
104
104
103
102
102
101
103
103
104
103
103
103
104
104
102
102
102
102
102
102
102
102
102
102
102
102
102
102
100
100
99
99
97
97
97
97
97
97
99
100
100
101
101
100
100
100
100
101
100
98
98
98
97
100
100
100
100
99
98
98
98
98
98
98
99
101
101
99
99
99
99
99
100
100
99
99
98
98
99
99
99
100
99
99
99
101
100
100
100
100
99
100
101
99
99
100
100
99
99
100
100
102
102
102
101
101
99
98
98
98
98
98
98
99
98
98
97
96
96
96
97
98
99
100
103
103
104
104
103
104
104
105
107
107
107
108
106
105
104
104
104
104
103
103
103
102
103
103
104
103
105
104
104
100
100
100
99
100
102
102
100
101
102
100
101
101
101
100
101
102
101
101
100
100
100
101
100
101
101
100
100
100
100
100
99
100
99
99
99
98
98
99
99
99
99
99
98
99
99
99
100
100
99
98
98
98
98
99
99
100
100
100
99
99
99
101
101
102
102
104
104
103
103
102
101
101
102
102
102
102
102
101
101
101
101
101
104
103
103
104
105
104
104
104
104
104
104
104
104
104
105
105
106
105
103
103
103
103
104
103
104
103
103
104
105
103
103
101
101
101
101
100
100
100
100
101
100
99
101
103
103
103
101
100
99
99
100
100
101
100
98
98
98
97
97
98
98
97
97
99
100
100
99
100
100
101
101
101
102
103
102
102
103
100
100
101
100
100
99
98
99
100
103
103
104
103
103
103
103
102
102
102
101
101
100
99
100
101
99
100
100
100
99
99
100
100
100
99
99
99
99
99
99
99
98
98
100
101
99
99
99
101
101
102
101
102
102
101
101
101
101
102
102
101
101
101
100
100
100
100
101
100
100
99
101
100
101
101
101
102
102
101
101
102
101
101
101
101
101
100
100
101
101
100
98
98
98
99
99
97
97
97
97
97
97
98
98
98
97
97
95
96
95
95
95
95
95
95
96
95
94
94
96
96
96
97
97
98
98
98
98
100
100
98
98
99
99
100
99
98
96
96
95
96
95
95
94
94
94
92
92
92
92
92
92
93
92
92
92
92
93
93
93
93
94
94
93
94
94
93
93
93
94
95
92
93
92
92
91
91
91
92
93
93
93
94
94
93
94
93
92
92
91
91
91
91
93
93
93
94
95
97
98
98
98
99
99
99
100
100
99
100
101
101
100
101
102
101
98
97
96
95
95
96
95
96
96
96
96
96
95
95
95
96
94
93
93
93
94
93
93
93
94
94
94
95
95
95
96
96
95
95
95
94
96
96
96
96
97
97
97
97
98
95
94
94
94
94
95
96
97
97
97
96
96
96
97
97
96
96
98
99
99
98
98
98
99
99
99
99
99
