0.0008975862068965518 0.00021482758620689656
300
293
289
288
288
287
284
283
278
279
275
271
272
273
274
275
278
283
284
282
279
278
277
278
278
277
275
277
277
278
276
275
278
278
280
280
279
279
279
280
282
280
281
284
284
285
288
287
286
288
289
289
290
290
292
291
292
293
292
293
295
296
298
298
300
299
300
302
304
309
308
306
305
306
306
305
306
304
307
309
304
305
307
305
305
305
304
303
302
301
304
306
306
305
304
303
303
304
307
306
308
307
309
310
311
315
313
311
311
313
316
313
315
314
315
315
316
316
318
320
317
318
317
316
316
316
316
315
317
319
318
320
320
320
325
322
324
323
323
325
326
325
328
328
329
331
329
332
331
327
329
328
329
328
327
325
326
328
329
328
329
329
329
330
331
330
329
329
330
331
333
334
334
331
332
332
333
334
335
335
337
337
335
335
334
335
337
338
338
340
341
343
341
341
344
342
342
343
343
341
344
343
345
344
345
346
348
348
347
346
344
346
347
347
349
347
348
348
347
349
352
351
350
348
348
346
345
344
344
345
348
347
348
352
351
351
352
354
355
355
357
359
356
357
357
358
358
360
359
361
362
362
364
364
366
367
368
369
369
365
368
369
370
370
369
374
374
377
375
376
374
373
373
374
374
373
371
371
372
372
373
372
373
377
376
377
378
376
377
379
378
379
374
372
372
373
374
378
375
374
375
374
377
379
378
377
376
375
376
379
377
377
379
380
381
377
378
380
380
383
387
390
388
387
390
391
391
392
391
392
397
399
399
399
400
399
400
398
398
396
396
401
400
401
400
401
399
396
399
400
399
399
400
402
402
404
403
404
403
403
405
406
403
404
406
406
405
410
408
407
407
404
403
404
401
403
403
404
402
401
402
401
401
400
400
398
400
403
406
406
404
406
408
407
406
404
405
401
400
402
401
400
399
401
402
401
403
405
403
404
405
406
408
409
408
407
406
405
404
403
404
407
409
408
409
411
413
412
411
411
409
409
409
408
409
408
406
406
410
409
410
411
413
413
411
411
412
413
413
413
416
417
419
421
423
424
426
428
429
430
427
427
424
425
427
427
429
428
428
429
430
429
433
435
438
441
439
441
443
442
442
441
440
443
446
443
445
447
449
448
447
451
451
450
451
454
457
457
458
459
459
459
461
459
459
463
459
457
455
453
457
462
461
460
459
459
457
458
459
457
457
454
456
455
456
457
458
458
459
461
461
465
464
465
466
467
468
471
469
471
469
468
470
469
470
471
465
467
467
467
466
471
472
473
468
468
468
469
469
469
467
467
470
471
473
473
478
481
479
477
476
474
478
478
477
475
476
478
480
480
480
479
481
483
484
483
481
483
485
485
483
485
486
486
485
488
489
487
486
485
488
488
487
486
490
489
490
493
490
491
493
497
497
495
497
494
494
495
496
500
498
503
507
507
505
504
499
499
498
499
499
499
497
495
495
494
498
498
498
498
499
502
498
496
496
495
496
501
503
502
504
503
503
502
504
506
503
502
502
504
501
500
501
505
506
504
505
501
501
503
504
508
508
510
513
511
512
512
513
510
508
507
512
514
517
517
516
517
517
519
520
523
521
517
515
517
519
523
523
520
520
521
520
522
522
523
524
528
524
523
523
524
525
525
527
528
527
526
529
533
532
535
534
530
533
536
538
540
536
538
539
538
541
541
541
539
542
545
543
540
534
531
530
532
534
533
531
527
526
531
528
528
527
528
528
526
530
529
529
529
528
529
528
527
531
532
533
533
535
533
536
537
539
544
546
543
543
543
543
543
542
541
540
540
546
549
548
551
553
552
557
552
553
548
548
551
553
551
552
555
556
555
558
564
562
564
562
563
563
564
561
557
558
554
557
555
552
553
552
551
553
552
552
553
555
556
558
561
562
561
556
557
561
563
562
557
554
555
557
560
560
563
564
564
564
564
566
567
566
567
570
570
572
577
575
572
575
575
579
576
575
578
577
580
585
580
578
578
579
581
581
583
583
586
588
587
586
586
587
587
585
583
584
587
588
588
589
586
583
584
585
584
584
585
587
589
591
594
595
596
598
598
595
589
592
591
592
590
591
593
592
591
585
585
584
586
588
589
588
589
591
590
589
587
589
587
589
591
589
590
589
591
592
595
592
592
594
594
594
590
587
584
582
584
583
582
581
584
587
588
586
586
586
590
590
589
591
587
585
585
589
587
580
581
583
584
585
586
585
589
590
588
586
590
591
589
591
592
595
600
592
593
593
591
591
592
592
592
595
595
595
596
596
594
594
597
597
597
598
596
597
597
599
601
600
600
602
600
600
602
604
605
599
600
603
604
603
607
606
608
609
610
607
609
614
610
610
606
609
610
608
610
614
615
616
617
617
620
622
622
623
623
623
621
620
621
626
625
624
619
620
619
618
623
626
631
630
628
628
626
623
622
620
627
625
627
628
631
627
625
625
625
622
624
623
621
624
625
626
624
626
625
621
621
620
623
623
622
618
618
620
619
621
621
621
619
616
617
618
616
615
614
614
614
614
616
617
617
619
621
623
623
624
622
622
622
622
625
624
625
622
624
626
629
628
631
627
630
632
636
637
640
637
641
638
641
637
635
635
632
634
641
643
640
639
644
644
645
646
648
644
643
641
641
640
638
635
638
637
638
642
646
646
649
648
647
646
644
641
645
649
650
650
652
654
654
652
649
649
651
648
649
649
648
652
655
657
661
658
658
658
659
658
660
659
660
663
663
661
659
659
663
664
657
660
663
658
661
662
661
663
663
658
653
654
651
656
657
653
657
658
661
663
663
660
665
662
662
663
663
662
668
666
667
667
664
658
656
655
659
660
660
660
661
661
662
660
660
658
659
660
660
660
660
658
655
657
658
658
656
651
653
656
654
651
652
651
653
656
655
656
658
654
656
659
659
659
659
659
658
658
659
660
657
657
658
659
661
660
659
657
657
659
660
658
660
659
662
665
667
672
672
667
665
665
669
670
674
674
678
676
676
680
678
680
682
685
684
679
679
678
674
676
675
675
677
677
677
676
675
675
675
674
679
676
679
681
680
683
688
691
691
687
688
685
685
682
687
688
689
689
686
689
687
685
686
689
688
689
690
686
685
689
685
688
687
685
684
686
685
687
690
688
689
691
694
695
695
692
693
691
691
687
684
686
687
684
680
678
680
680
679
681
685
688
688
687
690
689
689
688
691
689
689
691
690
689
687
684
686
686
684
683
682
679
675
674
673
674
670
673
677
680
678
683
682
682
683
684
680
679
682
685
682
683
686
682
684
683
680
677
680
682
681
680
680
687
687
685
684
682
682
682
683
681
682
686
689
689
684
684
683
689
691
695
690
690
688
688
684
684
689
690
692
695
694
694
695
697
702
697
700
698
696
696
696
698
700
701
699
699
702
701
703
697
696
696
697
696
688
684
680
684
686
688
691
694
695
695
694
696
698
697
699
696
697
693
692
691
689
690
689
688
688
684
685
688
690
686
686
686
683
683
687
688
693
694
694
697
699
698
699
698
697
698
696
696
698
697
700
704
708
709
704
707
706
707
709
707
705
710
715
719
721
722
726
725
728
729
731
731
730
731
729
730
734
734
735
735
734
739
736
734
737
733
733
732
729
729
726
727
732
729
732
733
729
731
733
731
729
733
732
734
735
731
733
736
738
736
735
733
732
726
729
729
727
728
732
731
731
730
729
728
731
729
731
734
735
735
732
732
732
733
729
731
733
730
726
727
727
725
723
724
723
720
721
719
722
721
717
716
716
718
719
721
724
722
721
721
721
721
718
724
726
724
726
724
725
723
719
716
715
716
719
720
722
721
721
720
721
720
717
717
719
722
722
721
722
722
725
724
729
731
733
737
733
733
736
738
734
737
737
733
731
730
732
732
727
728
729
730
728
733
736
734
729
730
730
728
726
727
727
730
729
734
735
734
740
740
744
741
743
742
743
740
740
737
737
737
736
730
733
736
742
744
751
749
750
751
749
748
747
752
756
757
758
754
749
749
750
745
746
748
752
746
748
752
749
750
751
747
744
746
741
746
750
752
750
747
749
748
751
751
746
744
746
751
748
750
750
752
753
751
748
752
753
754
756
755
753
753
751
755
757
758
759
764
763
765
767
769
762
763
767
768
766
765
768
769
773
772
779
773
777
774
777
773
772
772
773
778
776
775
781
782
782
781
780
776
780
779
774
772
776
774
779
777
775
773
773
775
771
776
775
774
768
769
769
776
775
778
780
774
774
777
772
771
773
772
770
766
762
764
765
768
768
767
766
768
773
769
769
775
774
776
775
783
779
782
780
780
777
778
775
774
774
773
773
778
784
782
783
784
782
782
781
777
777
774
773
775
776
768
771
776
774
775
781
778
778
776
780
778
777
778
781
788
787
787
784
782
779
781
781
781
781
780
776
778
782
781
782
786
787
791
792
791
792
792
792
791
787
790
791
790
788
787
785
783
784
779
783
783
783
783
784
789
787
793
791
790
789
791
798
799
802
798
796
791
793
794
794
795
800
794
794
794
795
792
793
790
791
794
798
796
794
795
793
789
791
793
790
793
790
792
790
792
793
793
794
797
795
796
796
794
796
794
794
795
797
797
792
792
789
795
795
792
793
794
789
790
793
792
783
782
781
782
782
783
784
786
783
778
781
781
782
783
781
787
790
792
793
800
797
795
801
803
802
798
800
797
794
792
789
787
788
792
793
790
790
794
790
791
789
791
783
787
786
784
783
780
781
782
783
785
782
781
776
772
770
772
769
767
768
772
773
776
774
774
775
774
771
772
770
771
772
771
773
776
776
774
774
773
775
775
775
777
779
781
779
784
786
789
790
786
787
790
793
792
792
793
796
793
793
797
798
800
799
800
795
795
798
797
795
797
798
799
800
805
805
805
806
804
805
803
802
801
798
799
797
800
798
797
789
793
794
797
803
803
803
803
803
804
798
800
801
803
805
804
805
808
810
807
813
813
813
816
814
814
815
815
811
813
815
819
819
818
821
817
818
819
822
822
819
816
821
824
821
824
822
821
823
823
822
824
824
822
822
823
821
822
820
818
822
816
815
810
811
811
811
809
811
815
816
816
817
816
816
818
816
816
816
814
816
815
812
807
811
814
816
813
814
817
813
815
816
814
814
813
815
818
816
819
824
822
822
819
818
820
818
825
825
829
828
831
829
827
828
828
832
836
840
839
835
826
825
826
824
823
824
830
828
829
831
830
830
833
829
831
828
829
833
831
828
831
831
833
831
832
830
827
829
827
828
831
826
825
827
824
827
827
828
826
827
827
827
828
832
833
838
838
840
840
838
836
836
837
835
841
840
840
834
841
839
845
842
841
837
838
837
832
834
837
841
842
844
844
844
846
849
848
849
846
847
848
848
844
841
842
843
841
841
842
842
840
838
843
841
840
840
841
841
844
847
850
851
852
855
852
857
853
851
851
851
852
851
849
850
855
855
861
860
859
858
863
862
870
871
869
869
863
863
865
864
859
857
858
859
860
858
860
858
854
852
851
853
854
854
855
859
854
857
850
851
848
844
851
850
847
843
844
846
847
845
842
846
847
847
846
847
850
855
853
853
854
855
858
859
856
857
854
856
858
854
851
855
856
856
859
857
856
860
857
856
853
852
857
861
869
868
863
868
866
865
863
860
861
863
864
863
863
859
861
861
861
867
863
862
862
858
856
860
863
862
860
860
864
865
868
866
865
865
866
864
859
858
866
862
863
863
863
859
851
854
852
853
852
852
853
852
853
853
857
858
860
859
858
862
860
852
852
851
849
851
853
855
854
857
862
860
857
856
854
853
852
847
848
846
846
848
845
842
841
840
839
839
839
840
838
839
838
838
835
835
840
843
841
844
841
839
834
836
833
829
831
830
831
832
833
831
832
837
837
834
830
829
829
827
829
827
829
834
839
838
838
837
836
834
833
831
829
828
830
831
835
832
830
829
827
828
831
833
837
837
837
834
830
831
832
834
834
835
834
838
837
837
833
836
841
839
837
844
844
842
843
840
840
841
839
839
838
840
840
841
844
846
848
851
849
846
849
848
847
849
854
850
852
852
850
851
852
852
855
851
847
844
848
848
852
850
850
852
846
845
850
850
854
857
857
858
857
858
857
858
859
860
864
862
864
862
860
861
858
860
857
858
857
857
856
852
853
858
859
862
860
864
865
862
861
861
860
860
864
862
864
866
867
864
867
866
867
867
867
864
866
868
868
864
862
862
862
867
866
862
861
864
863
863
863
862
865
868
868
867
864
862
860
865
865
867
866
870
870
868
865
869
870
872
872
867
866
866
866
866
864
863
864
862
864
869
868
869
869
868
873
877
886
881
881
882
878
871
872
875
878
879
879
877
877
875
878
879
882
883
884
882
882
878
876
875
877
877
875
874
878
876
879
876
877
876
875
876
881
883
882
884
882
878
880
883
889
884
888
883
882
885
886
890
889
889
889
887
889
891
893
894
890
892
888
889
886
885
884
889
888
887
889
889
889
886
883
881
881
879
878
879
879
879
879
880
881
878
875
873
870
874
873
873
876
879
881
878
877
882
876
879
881
880
882
876
877
878
876
880
880
881
876
877
878
877
877
871
874
875
877
881
887
887
884
884
886
889
888
889
889
890
884
886
890
887
888
887
887
891
892
895
895
898
892
889
893
890
887
890
886
886
886
887
886
885
887
882
881
880
882
883
879
880
880
881
883
883
882
884
887
884
884
885
889
887
889
886
892
892
891
884
886
881
884
878
887
892
896
898
897
896
892
892
895
893
896
896
897
893
890
893
893
894
896
900
897
895
896
895
895
896
893
890
890
894
896
896
897
900
900
899
901
901
899
898
901
904
906
903
907
906
909
914
911
908
908
906
903
903
903
909
910
905
907
911
909
904
903
902
902
904
905
906
905
910
911
913
915
914
913
913
912
914
917
919
919
919
917
912
912
909
912
916
921
923
927
925
926
923
925
930
929
934
926
930
931
927
925
920
921
923
921
918
915
918
920
922
922
919
922
923
919
918
915
915
916
916
919
917
916
917
919
915
913
912
913
911
912
914
916
920
922
924
927
932
934
937
931
931
930
929
930
928
929
925
926
923
922
915
917
917
914
915
914
912
911
917
917
916
919
919
920
921
922
918
917
918
913
915
913
919
917
919
919
921
925
924
924
925
925
926
926
930
932
932
929
929
931
926
927
925
924
923
924
924
921
920
923
923
924
928
929
926
926
926
929
926
925
927
928
929
930
931
935
932
930
935
936
937
938
927
931
933
934
932
929
930
930
926
922
922
929
933
933
931
932
933
935
936
934
937
930
929
930
929
931
930
928
930
926
926
928
930
926
925
924
924
920
919
919
921
921
919
920
926
924
930
931
939
940
939
939
939
934
937
936
935
937
941
950
943
937
938
938
941
937
939
939
943
941
943
943
941
940
941
943
943
942
940
940
939
936
937
944
946
947
950
952
957
955
953
955
952
951
956
949
955
957
959
956
958
960
963
964
963
965
965
960
960
954
954
957
953
959
956
951
950
949
950
951
947
945
945
945
947
944
951
952
954
947
949
955
955
952
948
946
949
948
946
947
949
949
949
952
955
951
954
951
950
954
959
956
957
955
957
959
958
956
956
961
961
961
960
962
962
963
959
955
954
951
951
952
948
951
951
950
958
956
957
961
964
965
968
970
970
974
972
975
977
977
976
977
974
976
973
973
971
969
966
962
959
959
963
962
961
965
966
966
965
967
969
970
966
967
965
965
967
967
970
970
969
966
970
974
979
972
972
971
970
972
975
972
973
975
980
981
976
977
982
982
982
979
978
977
979
971
969
970
976
979
979
986
984
981
979
976
975
977
976
975
973
972
967
966
964
964
965
964
966
961
966
968
964
963
967
971
968
966
968
964
958
957
959
959
960
959
957
956
955
958
961
960
962
957
957
962
958
959
954
957
959
957
955
954
956
957
956
955
957
958
961
962
961
957
955
956
954
955
956
951
951
951
950
947
949
949
953
948
952
955
955
956
951
955
951
955
958
959
960
958
957
961
959
959
958
957
957
956
957
958
961
961
960
960
958
961
957
962
966
968
961
959
957
957
962
965
968
967
969
959
960
957
957
957
958
955
957
953
954
951
950
952
958
959
956
959
959
962
963
965
965
963
967
967
962
957
960
964
961
954
956
953
954
954
954
952
956
957
956
952
956
953
957
961
960
957
959
956
953
957
955
959
955
952
950
951
952
952
953
954
954
956
958
963
964
963
967
967
971
970
974
976
979
976
970
967
969
966
965
967
966
967
965
968
965
966
968
966
971
972
968
968
969
967
972
974
972
970
969
974
977
974
977
978
978
975
969
972
968
970
970
972
976
976
975
968
969
973
974
974
976
975
976
975
975
974
974
975
973
976
979
980
979
978
978
977
979
979
978
979
979
979
977
981
976
974
976
975
977
979
979
971
969
968
972
971
967
967
965
965
965
967
962
966
967
962
960
958
957
959
959
956
959
960
961
959
957
960
964
963
959
959
958
960
959
963
964
967
964
961
965
961
960
962
963
960
961
961
963
960
955
957
954
956
958
952
953
952
951
956
953
956
953
952
958
959
959
961
961
964
963
962
963
965
967
966
968
969
970
964
964
963
962
957
960
957
956
965
966
971
969
969
972
969
967
967
968
969
969
972
967
976
979
973
973
972
970
970
971
967
968
966
966
964
964
963
968
968
968
964
965
962
960
963
963
963
964
958
952
953
954
956
961
965
964
962
966
969
969
966
968
971
967
971
971
974
973
973
969
962
964
959
959
958
956
955
955
962
966
963
962
961
960
962
958
957
964
967
973
970
965
966
965
962
963
961
953
955
955
957
954
961
965
966
966
966
965
965
965
964
964
965
963
965
967
966
957
958
961
961
958
959
959
958
960
959
960
959
955
958
961
958
960
961
957
961
958
960
959
958
960
959
958
954
952
952
955
947
948
955
960
961
962
963
957
960
963
966
967
969
968
972
967
961
962
957
958
951
954
954
954
952
950
950
950
953
951
952
953
955
956
954
956
958
956
954
960
954
947
947
951
950
946
949
951
950
954
951
953
950
947
941
945
944
943
943
942
941
945
945
943
944
944
943
945
945
945
943
946
946
944
943
942
943
943
946
950
953
950
948
945
945
944
944
946
947
944
941
946
945
947
947
950
948
944
941
942
945
948
955
958
955
959
961
962
966
964
966
966
961
965
967
965
970
971
974
971
971
970
966
966
957
952
952
955
958
957
961
959
957
961
964
963
965
963
962
964
967
966
967
969
972
973
970
974
976
969
966
966
968
966
961
961
961
963
959
959
962
956
956
955
955
953
954
956
954
949
952
951
952
959
956
961
960
960
957
955
955
952
960
961
966
973
968
964
961
962
967
961
959
963
960
963
959
960
962
963
969
966
962
964
965
964
959
963
965
970
967
964
961
958
961
960
960
957
959
961
962
960
963
959
958
957
956
963
964
963
966
965
964
960
961
964
963
965
962
958
961
962
966
959
957
959
959
962
965
963
965
971
968
972
972
968
964
968
963
960
961
966
966
969
973
970
972
974
971
977
975
982
982
980
979
981
983
985
985
990
990
986
983
988
989
989
988
989
989
986
985
986
988
989
988
987
986
981
985
985
987
987
984
983
982
978
978
983
981
974
973
975
979
973
975
978
978
982
988
985
984
987
990
988
988
988
991
993
988
993
993
996
998
993
989
990
988
987
991
991
982
984
984
987
982
982
981
983
986
989
988
984
987
985
982
979
982
985
986
997
993
995
994
990
985
981
982
986
982
979
980
985
980
977
979
973
969
969
975
976
977
979
981
980
985
988
986
984
980
981
979
978
974
975
972
974
971
976
977
981
976
979
978
977
979
978
973
975
976
976
975
975
976
978
978
977
973
976
974
970
971
972
969
970
967
966
962
961
963
962
964
961
959
957
962
960
960
957
959
957
955
958
958
964
961
957
956
962
964
966
967
968
966
965
964
966
966
969
968
971
974
970
966
967
966
964
967
965
964
963
960
963
967
964
963
966
961
961
961
966
966
965
966
962
963
965
963
965
967
964
968
969
971
970
970
964
957
956
959
962
967
970
974
971
968
971
971
966
972
970
976
976
974
973
974
973
975
975
976
974
978
977
970
977
979
978
976
975
978
985
983
977
975
981
980
982
981
980
977
978
978
977
974
975
978
979
980
978
977
983
982
980
980
985
987
987
993
997
997
993
991
986
985
990
990
986
987
991
988
990
990
991
992
992
992
1003
1003
1005
1004
1005
1002
1001
1003
1002
1004
1004
1002
1005
1005
1014
1010
1014
1013
1015
1011
1014
1014
1016
1014
1011
1012
1008
1009
1012
1011
1013
1018
1016
1014
1016
1016
1014
1013
1015
1016
1017
1019
1020
1016
1021
1023
1024
1020
1018
1018
1019
1020
1016
1014
1015
1010
1005
1008
1011
1008
1009
1008
1008
1011
1012
1019
1013
1009
1011
1008
1010
1010
1006
1001
1002
1006
1007
1004
1001
997
1002
1003
1004
1005
1007
1005
1006
1006
1006
1005
1005
1004
1008
1007
1006
1008
1014
1017
1020
1018
1020
1017
1018
1012
1015
1018
1020
1021
1022
1028
1027
1029
1022
1019
1014
1015
1016
1013
1009
1010
1009
1006
1006
1007
1010
1010
1009
1004
1007
1008
1011
1010
1004
996
999
999
998
998
1004
1003
1001
1001
998
997
994
999
997
1001
1002
998
997
1001
1001
1003
1003
1001
1002
995
990
991
993
999
998
1007
1006
1007
1010
1013
1014
1011
1007
1011
1011
1012
1016
1013
1011
1010
1014
1019
1024
1023
1021
1017
1014
1011
1017
1018
1014
1013
1011
1003
1009
1011
1014
1012
1013
1013
1006
1006
1009
1010
1013
1016
1017
1021
1019
1020
1019
1017
1014
1012
1009
1008
1009
1010
1013
1013
1015
1014
1018
1018
1014
1010
1007
1004
1004
1002
1004
1004
1004
1005
1006
1003
1006
1010
1014
1009
1008
1006
1003
1001
1008
1006
1002
1004
1004
1009
1014
1010
1010
1006
1003
1005
1002
1002
1001
1001
999
999
1000
997
996
997
1004
1001
1009
1003
1000
1003
1000
1001
999
997
990
986
990
987
989
986
985
979
980
977
982
981
982
988
989
987
988
985
984
985
991
992
991
992
993
995
992
991
989
994
996
997
992
996
995
996
998
999
997
994
993
994
1002
1004
1003
1003
1006
1005
1003
1003
1002
1007
1006
997
998
998
1001
1000
1001
1006
997
996
997
995
995
993
994
995
1000
1000
1000
993
993
989
988
987
987
984
987
988
987
988
988
988
985
992
986
987
982
984
985
984
984
984
985
990
988
990
998
1002
1004
1005
1001
1007
1006
1008
1010
1009
1005
1009
1008
1010
1013
1008
1005
1002
1006
1008
1007
1012
1016
1012
1011
1013
1013
1013
1011
1017
1018
1016
1015
1017
1022
1024
1020
1019
1020
1019
1010
1014
1010
1009
1012
1012
1023
1021
1021
1018
1014
1020
1011
1011
1010
1014
1019
1024
1014
1011
1010
1011
1002
1004
1006
1008
1002
998
998
998
1001
1002
1004
1003
1009
1007
1009
1012
1010
1014
1018
1013
1016
1008
1010
1011
1011
1015
1016
1015
1019
1022
1020
1022
1024
1017
1016
1014
1018
1018
1017
1017
1017
1016
1015
1013
1007
1010
1008
1006
1008
