0.0004537931034482759 0.00038551724137931035
300
295
288
282
276
271
268
270
268
269
270
268
263
264
264
261
257
259
257
256
255
254
252
252
253
251
251
250
250
249
248
248
248
249
249
248
249
246
248
248
248
248
249
247
247
248
248
248
246
247
249
253
255
256
253
253
253
251
250
247
248
250
250
250
248
248
250
249
248
247
245
248
247
247
248
248
248
248
250
252
250
250
249
248
247
247
248
246
245
247
247
242
243
243
242
240
242
243
244
245
245
244
244
242
241
243
242
238
239
236
237
236
236
238
238
236
234
236
237
238
239
239
239
240
239
238
238
238
237
236
236
235
236
236
236
238
238
236
235
235
236
237
237
238
237
237
239
241
240
240
242
241
241
242
242
242
242
240
240
240
240
241
243
242
241
242
245
245
245
248
247
248
247
247
248
247
246
246
245
242
243
243
242
242
239
238
239
241
242
242
241
240
240
239
240
239
239
240
238
240
235
236
236
237
238
237
238
238
240
242
243
243
242
242
242
243
242
242
242
244
244
243
240
239
240
239
240
240
242
241
237
238
239
239
241
241
240
242
242
240
238
236
238
238
238
239
238
241
241
242
239
240
238
234
234
237
236
234
234
234
233
231
233
232
231
230
232
233
234
235
235
235
235
233
232
232
231
232
231
229
228
228
227
228
226
225
226
227
227
228
228
226
226
228
229
231
231
231
230
228
226
227
228
228
229
229
232
231
229
228
226
228
227
228
229
228
228
230
231
232
231
230
226
229
227
231
230
230
230
230
230
232
231
230
230
230
227
226
227
228
229
231
230
232
231
230
230
228
229
227
223
224
222
223
225
227
225
226
226
226
225
226
226
225
227
225
223
223
223
224
223
221
221
221
221
220
221
221
222
223
221
221
221
222
224
224
225
228
228
228
226
226
226
226
226
228
225
225
226
227
227
227
226
227
226
224
225
225
224
224
227
224
222
223
223
223
223
222
221
221
221
221
220
220
220
222
223
220
221
221
219
218
217
217
219
219
218
217
216
217
218
218
219
219
219
219
220
222
223
222
222
224
224
222
220
219
220
221
220
221
222
222
222
221
221
224
224
221
221
221
220
220
218
218
219
218
221
220
220
221
221
220
219
221
222
221
219
219
219
220
220
220
220
220
221
220
220
220
221
224
225
225
223
223
223
223
223
221
218
217
217
216
216
217
219
218
220
221
220
221
221
221
222
222
222
221
219
221
222
220
218
219
215
215
213
212
213
215
217
218
218
218
217
219
218
217
216
218
218
219
219
217
215
214
216
215
214
213
215
217
216
215
214
212
212
212
213
215
216
215
218
217
216
216
214
215
213
212
212
212
212
212
211
212
211
211
209
209
210
211
211
211
211
210
210
210
213
215
217
217
218
219
220
220
222
222
219
218
217
214
216
214
214
215
214
214
215
214
215
216
216
217
215
213
213
214
213
213
213
215
216
215
217
216
214
213
213
214
211
209
209
210
210
211
211
214
214
212
210
211
210
210
209
209
209
208
206
207
208
209
210
209
206
206
207
206
205
207
208
207
207
207
206
204
208
210
212
213
212
211
211
209
207
209
209
209
208
208
208
207
207
207
207
210
211
213
211
211
210
211
212
212
210
210
210
212
212
208
209
208
208
208
210
209
207
207
207
211
211
210
210
208
208
208
208
210
210
208
210
209
209
210
209
207
210
210
209
211
210
210
211
210
209
207
205
204
203
203
203
205
204
206
205
210
211
211
208
208
209
207
206
206
207
208
208
206
206
204
206
206
206
206
206
206
209
208
208
208
208
208
208
208
206
206
203
202
203
205
205
205
204
205
208
208
208
205
204
205
206
208
205
205
203
203
205
207
205
205
205
205
203
203
204
204
205
205
203
203
203
203
203
204
201
203
204
203
203
200
200
201
201
202
202
201
202
204
201
199
200
200
201
202
202
204
205
205
205
206
208
208
207
209
207
206
203
203
201
200
200
199
199
199
200
199
201
200
198
195
195
195
196
197
197
197
198
198
200
200
198
198
197
198
200
200
200
201
202
200
199
199
201
200
202
202
203
202
199
200
200
199
199
200
200
200
200
200
200
200
200
200
201
201
200
200
196
197
196
197
197
199
199
200
200
201
199
198
197
197
197
200
200
199
199
200
201
202
202
204
205
205
203
203
201
199
199
199
199
199
199
201
200
201
201
201
200
201
201
202
203
202
202
202
201
203
202
203
204
206
208
207
209
208
208
208
209
208
208
209
207
208
206
206
206
206
203
203
204
203
202
201
203
200
199
200
201
203
203
203
202
203
201
201
201
201
203
202
199
201
201
198
198
198
197
197
196
196
197
197
195
196
195
195
194
196
197
195
194
195
195
195
194
194
194
193
193
193
192
191
190
190
190
190
190
190
190
192
192
193
194
194
194
194
194
194
194
195
195
197
198
197
197
198
199
198
199
199
200
201
200
197
197
197
198
197
198
198
198
199
201
202
202
199
198
199
201
201
201
199
199
200
200
196
198
198
195
195
196
194
195
195
194
195
195
195
194
192
193
194
192
194
192
192
191
192
191
192
191
192
192
191
192
192
192
194
193
193
189
188
190
191
191
191
190
190
189
190
191
190
189
190
189
189
190
190
190
190
190
190
190
190
190
190
190
190
190
189
189
189
190
187
188
189
190
188
188
187
187
187
189
190
190
190
188
187
189
188
188
189
190
189
188
186
188
188
188
190
193
194
193
192
193
194
193
194
194
193
192
193
191
190
190
189
192
191
193
192
190
187
188
188
188
188
188
188
187
187
187
186
184
186
189
187
185
184
184
185
185
186
186
187
185
185
185
184
185
186
185
184
185
186
185
187
187
188
188
191
192
192
189
188
188
189
188
187
186
187
186
185
186
185
185
186
186
188
187
187
183
185
185
185
187
186
189
190
188
188
188
188
187
187
187
190
188
186
188
191
188
186
183
183
183
183
183
184
185
184
182
182
182
181
183
183
182
182
184
184
183
183
183
183
183
185
185
185
185
183
183
185
184
183
185
183
182
184
183
186
186
186
185
185
185
185
186
187
187
188
186
186
185
184
185
186
186
185
183
184
185
186
186
187
189
188
188
186
186
186
186
187
187
185
184
185
185
184
186
186
186
185
185
184
184
183
185
186
185
184
185
185
186
188
189
190
188
188
188
188
188
188
186
186
187
185
185
185
185
187
189
188
187
185
185
184
183
183
183
184
184
185
186
184
185
184
183
182
182
183
182
182
183
183
183
181
181
183
184
186
190
189
189
191
191
190
188
187
187
186
187
186
184
186
186
186
185
185
185
184
184
184
186
186
185
186
183
183
183
181
182
182
182
183
184
183
182
181
182
181
179
180
181
180
179
179
181
179
178
178
178
180
180
180
180
179
179
177
178
177
177
176
175
175
175
175
176
176
177
176
177
180
180
180
179
178
177
177
177
179
177
176
176
176
179
179
182
182
183
184
183
181
179
178
180
180
181
182
184
183
184
184
184
182
182
184
182
179
179
180
180
180
179
180
181
180
178
176
176
176
176
176
176
176
178
176
176
177
176
178
178
179
178
177
178
176
176
178
178
178
178
177
179
179
178
178
179
180
181
179
178
177
177
177
177
179
179
178
176
175
176
177
177
176
174
173
174
174
177
178
178
177
177
179
177
177
180
179
178
178
178
180
181
179
178
177
176
176
176
175
176
177
177
178
178
178
178
179
178
179
179
178
179
181
182
181
181
183
185
186
185
182
183
183
184
184
184
183
181
180
179
179
179
180
181
181
181
183
184
184
184
184
183
184
188
189
189
191
191
191
191
191
190
188
189
189
189
186
189
191
191
192
192
192
190
191
190
189
190
188
187
186
185
186
186
183
182
182
183
182
181
180
180
180
179
180
181
181
181
182
182
181
181
182
182
183
184
183
183
184
184
184
184
183
181
179
179
179
179
180
180
180
180
179
179
180
180
183
181
180
179
178
181
179
178
180
183
180
181
181
180
181
180
179
180
181
183
182
179
179
177
176
176
177
177
177
179
181
183
182
183
183
183
180
180
179
180
182
182
180
180
178
177
177
179
178
178
175
175
175
176
176
176
176
177
177
178
178
178
178
178
177
174
176
177
177
177
176
176
178
176
177
179
181
181
182
181
178
179
181
181
182
183
182
179
178
178
181
181
179
180
179
180
180
180
184
184
183
182
181
180
178
176
175
174
174
172
173
174
174
175
174
175
174
175
177
177
177
178
177
178
178
179
178
176
176
176
176
176
176
174
174
173
173
173
173
172
173
173
173
174
174
175
177
179
181
181
182
180
179
182
182
180
182
183
184
185
186
187
186
183
180
181
179
180
179
179
181
180
178
178
178
181
181
180
182
182
178
178
178
178
178
175
174
174
174
175
175
176
177
177
179
180
181
181
181
181
182
181
179
181
183
181
181
181
179
176
177
177
177
179
178
177
177
175
174
173
174
174
175
175
176
177
175
177
178
178
177
177
177
176
174
175
174
175
174
173
173
172
172
171
173
174
175
175
175
180
180
181
182
180
177
176
176
174
175
177
177
177
177
176
178
178
175
174
175
174
174
174
175
176
176
177
176
176
178
178
179
180
181
182
179
178
179
180
185
184
184
184
182
181
181
180
181
182
181
183
183
183
184
178
178
179
178
177
178
181
181
178
178
177
177
176
176
177
177
176
174
172
172
172
172
173
171
172
172
172
172
172
172
172
172
170
170
172
172
173
173
174
173
174
174
176
177
176
176
176
176
175
175
174
174
173
174
174
173
173
174
172
173
173
173
173
173
171
171
169
169
168
168
168
170
170
171
172
172
173
174
176
175
175
175
175
174
175
174
173
174
176
177
178
179
177
175
174
174
175
176
176
176
177
177
179
177
176
178
179
179
178
179
179
178
176
178
180
179
178
180
179
179
178
178
178
173
174
175
175
173
173
172
172
173
172
172
171
173
177
176
178
178
177
176
175
176
175
174
172
173
173
173
171
171
172
173
171
171
171
171
171
171
170
169
168
166
166
166
166
166
167
167
168
167
166
166
165
166
166
167
166
166
166
165
166
166
166
168
168
168
166
166
166
168
171
171
172
172
173
174
174
175
174
174
173
173
174
172
173
173
172
172
172
170
170
171
172
172
173
172
172
171
171
172
172
171
170
171
171
174
174
175
177
175
171
171
171
171
171
169
169
170
170
171
173
175
175
173
172
173
173
173
172
175
174
175
174
172
172
172
172
173
174
174
174
172
173
173
174
174
174
174
174
173
173
176
176
175
175
175
174
175
174
175
175
174
174
175
175
175
173
174
174
171
171
170
170
170
170
170
170
170
168
171
171
169
169
167
166
168
169
169
170
170
169
170
169
170
170
169
169
169
170
169
169
168
168
168
169
168
168
169
168
170
170
168
168
170
170
171
172
173
173
172
171
171
172
174
174
175
176
175
174
173
173
174
173
173
173
171
171
173
173
173
170
171
170
171
172
171
171
170
170
171
171
172
173
173
172
171
170
170
169
170
170
170
170
170
170
170
171
171
174
176
175
175
177
178
176
175
175
176
175
173
173
175
171
171
173
172
173
174
173
173
172
170
171
171
172
171
170
169
170
170
168
167
168
167
166
167
167
168
169
167
167
168
169
171
171
172
171
171
171
172
171
173
173
173
174
174
175
175
173
171
172
172
172
171
171
169
170
170
170
169
168
168
170
170
169
168
168
169
170
171
170
169
170
172
173
171
173
173
174
176
176
174
174
175
173
175
174
172
172
172
172
171
172
171
170
170
170
170
170
169
168
168
168
168
168
166
166
166
167
167
169
170
172
173
172
172
172
173
174
171
171
170
170
170
169
169
169
170
169
168
169
170
170
170
172
173
171
171
170
171
171
171
170
170
169
169
168
168
169
169
170
172
171
170
172
171
172
171
170
169
169
169
170
171
172
171
169
168
169
169
168
165
166
164
164
164
163
166
166
167
167
167
165
165
163
162
161
161
161
161
161
161
164
164
164
165
164
164
164
161
161
162
166
168
168
168
168
168
169
167
168
168
167
167
167
167
168
167
168
169
168
168
168
168
168
166
165
165
164
165
164
167
168
167
167
170
168
168
167
168
166
168
168
169
169
171
171
173
173
171
170
171
171
170
169
169
169
170
169
170
169
169
169
169
169
168
169
171
170
170
168
168
168
168
168
170
171
170
170
168
168
166
168
167
166
163
163
163
164
164
165
163
162
162
162
163
163
165
167
168
167
167
166
163
162
163
163
165
166
168
169
169
170
170
172
171
171
172
170
170
169
172
171
170
170
169
167
167
167
167
169
169
168
165
167
165
165
165
164
165
165
166
165
163
163
163
164
164
165
164
164
164
164
164
164
164
165
165
165
165
167
166
166
165
166
166
167
167
166
165
167
166
167
167
166
165
165
165
165
165
165
166
165
165
167
166
166
166
166
167
166
164
164
163
163
163
163
163
163
163
163
164
165
164
164
163
164
166
166
167
167
166
166
166
165
167
167
167
168
165
166
167
166
167
169
169
168
168
167
166
166
166
166
167
166
166
165
163
164
164
164
163
164
165
166
166
166
167
169
169
168
168
169
167
168
168
168
167
166
167
166
166
165
165
166
166
166
164
164
165
168
169
167
166
165
165
165
165
167
165
165
164
164
164
166
167
168
168
166
165
164
166
166
165
166
166
166
165
168
167
165
166
165
165
164
164
163
163
163
161
161
161
160
161
162
162
161
162
161
160
160
161
161
162
162
161
159
159
159
159
160
159
159
160
161
161
160
160
159
158
157
158
158
159
160
158
159
159
161
162
161
161
162
163
160
160
160
160
159
159
159
159
158
158
158
160
159
160
160
160
160
162
162
161
160
160
160
160
159
160
161
162
162
164
164
165
164
164
163
163
163
163
164
163
163
164
164
165
165
165
166
166
165
164
164
162
163
164
163
161
161
162
163
165
163
162
161
161
161
161
160
160
160
160
160
161
163
162
162
163
165
163
162
161
160
161
160
160
159
159
159
157
158
160
160
160
162
162
161
161
159
158
158
158
158
158
157
158
159
160
161
161
162
162
162
161
161
161
161
160
161
163
163
165
164
166
166
167
168
168
167
166
164
167
166
165
164
164
165
164
165
162
163
163
162
162
163
161
161
161
161
160
160
161
161
161
161
162
162
161
160
160
159
158
160
160
159
160
161
161
161
160
161
158
158
157
158
157
157
158
157
159
159
159
158
158
158
158
158
158
159
158
158
158
157
157
159
161
161
161
161
162
161
162
162
163
161
160
160
161
162
162
161
160
160
160
160
160
160
159
159
158
158
157
158
158
158
158
157
157
160
160
159
160
160
160
160
160
160
157
158
158
159
159
160
160
162
161
161
161
161
159
159
158
158
158
158
158
159
157
157
159
158
159
162
160
159
159
158
158
158
158
158
160
160
160
162
161
163
164
164
163
162
163
163
165
166
165
167
162
161
162
161
161
161
161
159
160
159
161
162
161
162
161
162
160
160
160
159
159
160
160
160
160
160
160
161
161
160
157
158
159
159
160
158
156
157
156
155
155
155
155
157
159
161
161
162
162
163
162
160
160
158
157
158
157
156
154
155
155
155
155
155
155
155
155
157
158
158
158
160
161
161
160
158
158
160
159
160
160
160
160
159
160
161
160
160
163
163
162
162
162
161
161
160
160
160
159
158
158
157
157
156
156
156
157
157
156
154
153
153
153
153
154
155
155
154
154
153
154
154
154
154
156
155
156
156
155
156
153
152
153
153
153
152
153
154
153
153
153
154
153
153
153
152
152
152
153
153
152
151
152
153
152
150
153
154
153
153
153
153
151
150
150
151
151
151
152
154
155
155
155
154
154
154
155
154
154
153
153
152
152
152
153
153
155
154
154
155
154
154
153
151
150
151
150
150
151
151
151
151
151
151
151
149
149
147
148
148
149
148
148
150
151
150
151
151
152
152
151
152
151
150
150
150
149
149
148
148
148
150
150
149
149
151
151
153
153
150
153
151
152
150
149
149
148
149
151
152
153
153
154
154
153
152
153
153
152
151
151
150
150
150
150
149
149
150
149
151
150
148
149
149
149
148
148
149
148
148
148
149
149
148
148
150
147
147
147
147
150
150
149
148
148
146
147
148
148
148
148
150
148
148
149
149
149
149
148
149
148
147
146
149
147
147
146
146
146
146
146
145
146
146
146
146
145
146
148
148
149
150
150
151
150
147
147
147
148
147
144
144
144
143
144
143
144
145
147
144
144
144
145
145
146
145
148
148
149
152
150
148
147
147
145
146
146
146
147
150
149
149
150
153
152
152
151
148
148
146
147
147
146
145
145
143
144
144
144
144
143
141
140
139
140
140
141
140
140
140
140
140
141
141
141
140
140
140
142
143
143
143
143
147
146
145
144
144
146
144
145
142
142
143
143
146
146
147
147
147
147
147
147
145
144
143
142
139
141
142
142
141
141
141
140
140
140
139
138
138
139
139
141
141
141
141
141
141
141
142
142
141
139
138
138
138
140
141
141
142
140
140
141
141
141
141
140
140
140
138
139
141
142
141
141
141
140
140
143
143
143
142
142
142
144
144
144
143
142
144
141
140
140
142
140
141
142
143
140
139
139
140
141
141
141
143
142
144
146
147
144
142
143
143
142
142
141
141
144
144
145
142
142
144
145
144
143
140
138
138
138
138
140
142
140
139
137
138
139
139
141
140
140
140
141
141
139
139
139
142
142
142
143
144
144
142
144
145
146
146
145
141
140
140
139
141
140
140
140
139
138
137
138
140
140
140
140
140
140
142
143
143
143
143
143
144
141
142
142
142
140
141
142
142
142
142
143
144
142
141
141
141
141
141
140
141
141
140
140
140
140
140
139
141
140
139
138
139
139
139
138
138
137
137
138
137
136
136
138
137
137
136
137
136
136
134
134
134
134
134
135
135
136
134
134
133
133
133
132
132
132
132
133
134
134
133
133
133
133
133
134
136
135
136
137
137
135
134
134
134
134
133
134
133
133
133
133
136
137
139
139
140
138
138
139
139
139
138
137
137
138
139
138
139
138
138
138
137
137
137
138
138
137
137
137
138
140
139
139
138
138
140
139
138
137
139
139
140
142
142
142
142
144
143
144
143
143
143
142
142
140
142
141
141
141
140
140
140
140
140
139
138
137
137
138
139
138
138
138
139
139
139
139
140
140
141
140
140
141
141
142
143
143
142
142
141
143
142
140
140
141
142
141
141
140
138
138
138
137
136
136
135
137
138
139
138
137
137
137
137
137
137
134
134
134
134
133
134
133
134
134
134
134
132
134
136
135
134
134
134
135
135
135
132
132
132
132
132
131
130
129
129
130
129
131
132
132
130
130
131
131
131
132
131
130
130
129
131
132
131
132
132
133
134
132
134
134
133
133
131
132
135
135
132
133
132
131
129
129
130
129
128
128
128
128
128
128
128
129
130
132
132
132
132
133
133
133
133
133
135
133
134
133
132
131
132
134
134
133
132
133
134
133
132
132
132
131
131
131
130
130
131
132
131
131
131
131
130
131
131
133
132
133
133
133
133
134
134
134
134
135
134
134
136
136
136
134
135
136
135
136
135
134
135
133
133
131
131
133
133
131
131
132
132
133
133
133
134
132
132
134
135
134
134
135
135
135
133
133
132
132
132
133
133
132
132
131
131
131
131
132
133
134
134
134
133
133
136
136
136
136
136
136
137
136
135
137
136
135
135
135
135
136
137
138
137
138
140
141
141
144
143
142
143
141
141
140
140
142
141
140
141
142
142
141
140
141
141
141
141
141
141
141
140
140
140
141
141
140
140
139
139
138
139
141
143
143
143
140
138
138
139
140
140
140
141
142
143
143
142
142
143
142
142
146
143
142
139
139
140
139
138
136
135
135
135
135
135
134
134
134
134
134
134
134
135
134
137
136
136
136
138
137
137
136
134
134
135
135
135
136
136
136
137
136
136
137
140
139
138
137
138
137
136
136
135
135
136
136
137
137
137
139
140
138
139
139
137
139
140
142
142
143
144
144
143
143
142
142
142
139
139
138
138
138
139
139
138
137
138
137
139
138
138
138
139
139
140
139
138
138
138
139
140
141
143
143
142
141
143
144
143
143
142
141
140
141
140
141
140
141
141
139
138
138
137
136
136
136
135
135
135
134
134
134
135
136
137
136
134
134
134
135
137
136
136
137
137
137
136
136
137
136
138
138
138
140
140
140
140
140
140
141
141
142
142
143
144
143
143
141
142
142
141
140
139
138
138
139
139
138
138
137
136
136
135
136
136
136
137
135
134
135
135
134
133
132
132
132
131
132
132
131
131
132
133
133
135
134
133
133
133
135
136
136
136
137
135
135
135
135
137
136
138
136
136
138
138
140
139
137
137
137
135
136
138
138
138
140
140
140
140
142
141
141
140
139
140
140
141
142
144
143
141
141
142
142
143
144
143
143
142
140
139
139
138
138
136
137
138
138
138
137
138
138
138
137
137
136
136
138
138
139
139
141
141
140
141
143
143
143
142
142
141
141
141
141
141
141
141
139
139
138
137
137
137
136
136
136
136
136
136
137
136
136
136
137
136
136
135
134
134
135
136
136
134
134
135
136
135
136
135
134
134
135
135
136
135
135
136
136
136
138
137
136
136
137
137
140
138
139
139
139
141
139
138
137
137
137
137
137
135
135
137
137
136
136
136
136
137
135
135
133
134
134
134
136
134
132
132
133
134
133
133
134
134
134
133
132
133
133
133
133
133
135
136
135
136
138
138
138
134
136
136
136
135
135
134
134
133
134
135
137
137
137
136
136
136
136
136
136
137
138
138
137
136
137
136
135
136
137
137
135
135
135
136
137
137
137
136
136
136
136
135
136
135
135
135
133
135
136
136
136
136
136
136
136
136
138
136
136
136
136
136
136
136
137
137
135
135
136
137
137
137
137
137
136
135
137
134
135
135
137
138
136
135
135
135
135
136
136
136
137
137
137
137
137
137
137
137
138
138
137
137
137
137
137
138
136
136
136
134
134
134
134
134
133
132
135
135
135
135
135
135
135
137
137
138
137
138
138
137
137
137
136
136
136
137
139
138
139
141
138
137
136
136
136
136
135
134
134
133
133
133
133
133
133
134
134
134
134
133
133
134
135
135
135
134
135
134
135
137
137
136
135
136
135
134
132
132
132
131
131
131
131
131
131
131
134
134
135
134
132
130
131
131
131
132
133
133
133
133
133
133
132
134
135
135
133
135
132
132
131
132
131
132
132
134
134
137
133
132
131
132
131
133
133
133
131
131
130
129
129
130
131
131
131
132
133
132
132
133
133
135
135
132
133
133
133
133
133
133
134
134
135
137
136
135
135
134
132
133
133
