0.00031724137931034486 0.0005220689655172415
300
293
288
283
282
279
273
273
270
269
267
265
261
260
259
257
258
258
254
252
251
249
252
251
247
246
245
244
244
245
243
240
239
240
238
238
237
236
234
233
234
232
232
231
230
230
229
230
231
233
235
236
235
234
233
233
234
232
230
230
229
229
232
231
230
230
227
227
229
228
226
225
226
227
227
225
224
223
223
223
222
222
222
222
222
224
224
224
224
224
224
225
227
227
225
225
225
223
223
224
223
225
227
226
226
227
224
226
225
224
223
224
223
221
221
222
220
222
221
222
220
219
221
221
224
225
225
226
227
227
226
227
224
224
225
225
226
225
226
228
230
224
222
221
221
221
221
222
221
220
221
223
223
222
222
218
217
217
217
216
218
217
222
221
220
220
219
217
217
219
218
220
221
220
219
215
213
213
212
213
212
213
212
212
213
215
215
215
215
216
215
215
215
214
214
214
213
213
214
214
213
214
213
215
213
212
213
213
213
212
212
211
212
213
212
213
213
209
210
210
210
211
213
215
213
213
213
211
212
212
209
210
212
211
211
210
209
211
211
212
211
210
210
210
211
210
211
211
212
209
210
209
209
211
211
211
212
209
208
208
206
207
210
211
212
211
210
210
210
210
209
210
210
212
211
212
209
208
209
208
209
208
207
207
206
206
206
206
210
209
205
205
206
205
206
206
206
207
209
207
207
207
206
206
206
208
209
210
209
206
205
206
206
206
206
205
207
207
209
209
208
208
208
206
207
206
206
206
206
206
206
202
205
205
204
204
204
205
207
208
208
207
205
206
206
205
204
203
206
203
206
208
210
210
211
212
212
211
211
211
211
209
209
207
208
208
206
204
204
199
199
201
201
202
202
202
201
201
202
202
204
205
205
208
208
208
209
207
207
208
205
205
202
201
202
202
202
201
202
202
202
202
201
201
201
204
204
203
203
204
202
200
200
198
200
200
201
199
198
199
198
198
199
199
201
203
205
207
207
206
206
205
206
206
207
203
203
203
203
204
204
207
206
205
205
205
205
206
205
204
204
204
203
202
202
203
203
202
203
203
206
204
204
206
208
207
207
206
205
205
207
207
205
205
206
204
204
202
202
201
204
202
201
201
201
202
203
203
202
202
201
201
202
202
204
203
201
200
200
200
200
199
198
199
200
201
199
199
198
198
198
199
199
197
198
198
198
197
199
198
197
196
197
202
201
202
204
204
200
200
200
200
198
201
202
200
200
199
198
198
198
200
200
201
201
202
201
201
200
200
201
201
201
200
201
200
200
199
198
200
198
198
199
200
200
202
202
201
202
201
200
200
199
199
198
198
198
197
193
196
195
195
195
196
197
196
196
195
195
195
196
195
194
195
194
195
196
199
201
200
198
196
195
195
195
193
192
192
192
192
195
195
195
195
194
195
196
195
195
193
194
194
192
192
194
194
193
194
194
197
196
197
197
196
196
197
197
198
197
196
195
196
197
200
200
199
197
196
195
196
197
198
195
197
197
199
197
196
196
196
196
197
194
194
193
195
197
198
198
196
197
197
197
197
199
198
199
199
201
201
199
197
197
196
197
195
195
195
194
194
193
192
193
195
196
196
194
194
193
193
193
192
193
193
195
194
194
195
195
195
192
192
193
191
191
191
190
190
191
192
193
193
194
194
194
194
194
193
194
194
194
193
194
196
196
196
195
194
195
194
193
196
196
198
196
194
193
193
192
193
191
192
191
191
193
192
194
195
194
196
196
193
193
193
193
192
192
192
192
192
192
193
192
192
192
192
192
191
192
192
193
192
192
193
194
193
192
192
192
192
192
193
193
193
192
193
190
191
191
192
193
193
193
192
192
193
195
192
192
191
189
188
188
188
191
191
190
190
189
189
190
192
193
194
195
194
194
195
196
196
195
195
194
194
194
195
198
198
196
194
195
192
191
191
191
190
190
190
189
190
190
190
187
188
187
187
187
187
190
191
190
190
192
193
194
194
192
191
192
191
190
191
191
190
190
193
193
193
193
192
191
192
194
193
192
192
191
192
191
192
190
189
191
190
191
190
190
188
188
189
188
189
191
191
192
193
191
189
191
191
193
194
194
194
193
192
191
191
191
193
192
193
193
192
190
189
189
191
190
191
190
190
191
191
190
188
188
189
190
190
189
189
191
191
192
191
190
190
191
190
190
190
191
191
192
192
191
192
191
188
188
189
190
190
190
190
191
192
190
190
190
189
189
189
190
190
191
190
191
191
190
189
189
190
189
189
190
191
191
191
191
193
191
191
190
190
188
189
189
187
187
189
189
188
188
188
190
189
188
189
192
191
190
190
193
194
193
190
189
187
186
185
186
187
187
188
190
190
190
189
188
187
185
186
185
184
183
183
184
184
186
188
188
189
189
189
187
187
186
186
188
188
189
188
189
189
189
188
188
187
186
187
187
189
189
190
191
190
189
189
188
189
190
188
190
188
184
184
184
185
185
184
184
184
182
183
183
182
183
184
185
185
185
186
186
186
186
185
184
185
183
184
184
185
184
183
183
184
185
186
186
186
187
189
189
188
187
185
186
185
185
185
185
186
186
186
186
187
187
187
188
188
189
188
187
187
189
189
187
187
186
185
186
185
184
183
183
182
182
182
183
184
183
183
182
180
180
179
178
178
178
179
179
178
178
177
177
177
177
177
178
178
178
180
180
180
181
181
182
180
179
178
178
179
180
180
181
183
180
180
180
180
181
180
178
180
180
179
178
178
178
177
178
177
178
178
179
178
178
178
178
180
177
176
176
177
177
177
177
177
177
177
178
176
177
177
177
177
177
178
178
176
175
175
175
176
176
176
176
176
175
176
176
176
175
175
177
178
179
180
181
182
182
182
181
180
179
179
178
178
179
180
180
180
179
180
179
181
179
179
179
179
180
180
180
179
179
180
180
180
179
181
180
178
176
176
175
175
176
175
176
176
177
178
178
178
178
177
176
176
175
176
176
177
177
178
178
177
177
176
175
177
178
178
180
182
179
181
181
180
180
179
177
177
178
178
180
180
178
179
179
177
178
179
180
179
181
180
178
177
179
179
177
178
178
177
177
176
175
175
175
174
174
174
174
173
173
173
173
172
172
172
172
174
175
174
174
173
174
174
174
174
177
177
176
176
176
176
175
177
176
176
175
173
172
174
174
174
174
175
176
177
179
177
177
177
178
177
175
176
177
176
177
177
177
177
178
177
178
177
177
178
178
178
177
173
174
174
172
172
171
171
172
174
174
174
175
176
176
176
178
177
177
173
173
173
174
176
176
174
174
173
173
174
174
175
175
177
177
175
174
173
172
172
169
169
170
170
170
171
172
171
171
171
171
171
171
172
172
171
169
169
169
170
171
171
171
171
170
171
173
171
170
170
170
170
170
169
170
169
168
168
168
169
171
173
173
169
169
168
169
168
171
170
171
171
170
170
170
171
171
171
171
170
169
167
167
166
167
168
169
168
167
168
169
167
167
167
168
170
171
170
171
171
171
171
171
171
170
168
169
168
168
168
170
168
167
167
166
165
165
165
166
166
166
167
167
167
167
170
171
171
171
171
169
167
168
169
168
169
169
169
169
169
168
167
168
168
169
170
168
168
168
169
168
168
168
168
167
167
166
164
162
162
162
162
162
162
162
161
161
161
164
166
166
167
167
168
167
167
168
167
166
166
164
164
164
164
165
168
166
166
166
165
164
164
164
166
167
166
167
166
168
167
168
168
169
168
168
168
167
168
168
168
167
165
166
164
164
161
161
161
162
162
161
161
161
161
162
167
165
163
163
162
160
160
162
162
162
162
162
163
163
163
163
164
164
164
164
165
164
166
164
164
163
165
165
164
164
164
164
163
163
165
164
164
165
167
167
165
165
164
165
163
162
161
162
164
162
162
162
161
160
160
160
160
159
159
159
159
159
159
160
159
160
160
160
159
159
158
158
159
158
158
158
157
157
158
157
158
160
161
161
162
159
158
157
158
158
159
159
159
159
159
160
159
159
158
159
160
160
158
158
158
158
158
157
159
160
159
159
160
160
160
161
160
161
163
163
164
163
163
162
162
164
163
161
159
159
158
158
160
161
161
162
161
160
159
158
159
159
159
160
163
164
161
161
159
158
156
156
157
158
158
158
157
156
155
156
155
155
156
156
156
159
159
158
159
160
161
161
161
161
160
159
159
161
160
159
160
161
160
159
158
159
159
159
160
159
162
161
161
160
160
161
162
163
162
162
163
164
162
162
161
162
162
162
159
159
159
158
158
159
160
161
162
162
164
162
162
163
163
162
162
161
161
159
159
160
160
161
161
161
161
162
161
160
159
159
158
156
155
155
154
154
156
156
156
156
155
156
156
156
156
157
157
157
157
156
156
156
156
157
157
157
157
157
157
156
157
157
157
159
158
158
158
158
157
157
157
158
159
159
159
160
159
157
158
158
158
160
160
159
157
155
156
157
158
159
159
158
157
157
156
156
156
157
158
160
161
158
158
158
158
157
157
158
157
158
159
159
158
158
156
156
156
156
157
159
159
157
159
159
160
160
162
160
159
160
159
159
159
160
160
161
161
161
160
161
162
161
160
160
159
158
157
156
156
156
157
157
158
157
158
157
158
159
159
159
158
158
158
157
157
160
160
160
160
161
160
159
158
158
157
157
159
158
158
159
158
158
157
158
159
159
159
160
160
160
159
160
158
159
159
160
161
159
158
159
157
158
158
158
159
159
158
159
158
158
158
158
157
160
160
159
159
159
159
161
161
163
162
163
162
161
160
160
159
159
158
159
159
158
157
157
157
158
158
158
158
159
159
159
158
158
158
159
159
158
158
157
157
157
156
157
158
159
159
159
160
161
161
161
163
163
163
162
163
163
165
167
165
165
164
166
168
168
166
167
169
170
169
170
169
171
169
168
168
169
168
167
168
165
164
166
165
164
164
166
166
166
161
160
160
161
160
161
158
160
160
160
160
160
160
161
160
159
158
159
159
158
157
158
158
157
157
157
156
156
157
159
159
158
157
157
157
156
158
158
161
161
160
160
160
161
162
161
161
160
158
157
156
156
156
157
157
157
159
157
156
156
155
157
157
158
158
159
159
158
159
157
158
159
159
159
157
155
154
156
157
157
158
157
157
154
154
154
155
157
156
157
157
158
157
158
158
158
158
158
159
158
159
161
158
158
158
158
157
155
156
158
156
158
155
156
156
157
154
155
156
155
155
155
156
155
155
156
156
156
157
157
157
157
158
157
157
155
155
156
156
158
159
160
158
158
159
159
159
159
159
158
158
159
162
162
161
160
158
157
157
156
157
156
156
157
158
157
157
157
158
159
159
159
161
160
159
159
161
161
161
160
160
162
162
162
161
161
159
157
156
156
157
157
157
157
157
156
156
157
158
158
158
157
156
155
155
156
155
155
154
154
154
154
154
154
155
156
155
155
155
155
156
156
156
156
156
157
158
157
157
157
157
158
158
156
157
157
157
157
157
156
155
154
154
155
156
154
155
154
154
154
154
154
154
156
155
157
157
156
156
159
157
157
158
160
162
160
159
163
162
162
162
162
159
158
156
156
155
155
155
154
155
156
155
155
154
154
154
154
154
156
155
155
155
156
155
157
154
155
156
155
155
155
156
157
157
157
155
155
155
156
156
157
154
154
154
155
154
155
153
153
152
152
152
152
152
154
155
154
155
155
155
155
154
153
153
153
154
154
155
154
154
157
158
157
155
156
155
154
154
156
156
156
155
155
156
155
154
155
155
155
155
153
154
154
154
154
156
155
155
155
154
152
151
150
151
151
151
152
152
152
152
151
152
152
151
151
151
151
152
154
154
154
155
154
156
154
154
154
154
155
154
153
153
155
156
155
152
153
153
153
153
153
153
153
154
154
153
153
154
154
155
157
155
153
153
152
152
152
150
152
153
152
152
153
152
151
150
151
151
149
151
150
148
148
148
147
147
147
146
147
147
148
149
152
152
151
151
151
149
148
149
149
149
150
150
150
150
150
149
149
150
150
150
148
148
147
147
147
146
145
145
145
146
147
148
148
147
148
148
148
147
148
149
148
148
149
149
147
146
147
146
146
146
146
146
146
147
147
147
149
151
151
150
149
149
149
149
148
148
147
146
146
146
147
148
147
148
150
149
149
149
149
149
149
151
150
149
149
150
150
151
150
149
148
149
150
151
149
150
150
150
150
151
151
148
146
148
147
147
147
146
146
146
146
148
148
148
149
149
149
152
152
154
154
156
155
153
154
153
152
152
152
153
153
152
150
150
150
149
149
148
148
148
147
145
146
146
145
146
146
146
145
146
147
147
147
146
145
144
145
146
148
148
148
148
148
147
145
145
145
144
143
143
143
143
143
143
143
144
142
142
142
142
145
148
148
147
144
144
143
143
144
144
144
142
142
142
142
142
141
142
141
141
142
142
142
143
143
143
146
145
145
143
142
141
142
143
145
145
145
143
143
144
144
144
143
143
143
143
141
141
143
144
144
143
143
143
143
141
140
140
139
142
142
143
143
143
140
140
140
140
143
143
143
142
142
142
142
142
142
142
142
143
142
142
142
142
142
142
142
142
141
142
141
141
141
142
143
142
143
145
144
143
143
141
140
140
141
141
141
142
141
140
140
141
141
143
143
143
141
141
141
141
142
139
139
140
141
140
139
139
139
141
140
140
140
140
140
139
139
139
141
141
144
144
144
143
142
140
139
140
140
140
139
139
140
139
139
139
141
141
142
141
143
144
142
142
142
146
145
145
144
144
142
144
145
144
141
140
140
140
140
140
140
142
142
142
142
142
142
141
141
142
142
142
139
140
139
141
142
142
141
141
140
140
139
139
140
141
141
141
142
142
142
141
140
141
142
142
141
141
140
140
141
139
139
139
138
138
140
140
141
144
143
144
143
143
143
142
142
144
144
142
142
142
142
140
140
141
138
139
139
138
139
139
140
139
139
139
139
138
137
138
139
139
139
138
138
138
140
139
140
138
137
137
137
138
138
138
139
140
139
139
138
138
137
136
136
135
136
137
137
137
138
138
140
140
140
140
140
139
139
140
142
142
142
142
139
141
143
141
139
141
141
140
140
138
137
136
137
138
138
138
139
138
136
137
137
137
137
137
137
137
137
137
134
135
136
137
137
137
137
137
138
136
134
134
135
134
135
134
135
136
136
136
134
134
134
135
136
136
136
135
136
136
134
134
134
134
133
133
133
132
134
134
133
134
134
136
136
136
136
135
136
138
137
137
138
140
138
136
135
135
136
136
137
137
137
137
137
137
134
135
136
133
133
133
133
133
133
133
133
133
133
132
131
132
132
132
132
132
132
133
134
134
134
134
133
133
131
131
131
132
132
133
133
133
134
133
133
133
134
134
133
133
134
135
135
133
132
133
132
133
133
135
136
136
134
134
133
134
134
135
136
138
137
136
137
136
136
137
136
136
135
135
136
136
136
134
134
135
134
135
134
133
132
132
133
135
135
136
137
140
140
141
140
140
139
137
136
137
135
135
135
136
137
136
135
135
135
136
136
136
136
134
134
134
134
137
137
138
139
138
136
136
136
136
137
137
137
137
137
137
138
136
136
136
136
136
135
135
136
135
135
135
133
131
131
131
131
131
130
130
130
130
130
130
130
131
132
132
132
134
134
133
132
133
133
132
133
134
134
134
135
136
136
136
135
134
134
134
135
134
134
136
136
136
136
134
133
134
135
138
137
140
139
141
143
141
141
141
141
141
138
137
136
136
134
136
134
134
134
135
134
133
132
133
133
132
133
133
134
135
134
134
135
135
135
136
135
135
136
136
135
136
136
136
136
135
136
137
137
137
133
133
132
132
133
133
133
133
133
133
132
133
133
132
133
134
136
135
134
135
135
137
138
139
139
139
140
138
135
135
136
135
135
135
134
134
134
133
134
134
134
136
136
134
134
135
134
133
132
132
132
132
133
133
135
136
133
132
133
133
132
133
135
134
134
134
133
134
133
134
134
133
133
134
137
135
133
132
134
135
135
135
135
134
133
133
133
133
133
131
131
132
132
133
131
130
130
130
130
130
130
130
130
131
133
135
135
135
135
134
133
133
133
132
132
131
131
131
131
132
131
130
130
132
131
131
132
133
133
131
130
131
131
131
131
130
130
130
129
128
128
128
128
128
128
128
129
130
131
132
132
131
131
131
133
132
132
132
133
131
133
133
133
133
132
133
132
133
135
136
137
135
135
136
135
135
134
134
134
132
133
134
133
133
134
135
136
134
133
132
132
133
132
132
132
129
129
128
129
129
128
128
130
131
131
131
131
130
129
129
128
129
127
128
128
128
129
129
129
130
129
130
130
129
129
129
129
129
130
130
130
129
129
131
131
130
128
129
130
129
131
132
131
131
130
129
127
128
128
128
128
128
128
130
132
132
132
133
132
131
132
135
133
132
131
132
131
130
130
130
131
132
131
134
134
134
133
132
132
132
132
131
131
131
128
127
127
129
129
128
131
131
130
129
130
130
131
127
127
126
127
128
126
126
127
127
128
128
128
127
127
127
126
125
127
127
127
126
126
126
126
127
127
128
127
128
127
127
127
127
127
126
125
126
124
125
125
125
125
125
126
128
127
128
126
126
126
125
125
125
127
126
127
127
128
128
129
129
127
125
125
125
125
125
125
125
125
126
127
127
128
127
127
127
125
125
125
125
125
124
123
124
124
125
126
126
125
125
125
124
125
125
126
125
123
123
124
124
124
125
124
125
124
124
124
124
124
124
124
123
123
123
124
124
123
124
124
124
124
125
125
124
125
127
127
125
125
126
127
127
127
126
125
125
126
126
124
123
124
123
124
124
124
124
122
122
122
122
125
125
125
126
127
127
127
127
126
123
124
124
123
122
122
122
123
123
123
124
124
124
124
124
123
124
123
124
123
123
122
122
123
124
124
125
125
125
126
125
125
125
127
127
128
127
127
127
127
127
128
128
128
129
128
128
126
127
127
127
129
128
128
129
129
128
128
127
127
126
127
128
128
128
128
127
127
128
128
127
127
127
126
126
126
126
125
124
124
125
125
125
125
126
126
124
123
122
122
122
123
121
121
122
122
122
122
122
122
122
123
123
124
125
127
128
130
127
128
128
127
127
126
125
126
124
123
122
121
121
123
123
123
123
123
124
125
126
125
124
125
125
126
124
124
124
124
124
124
122
122
122
123
124
124
124
125
126
126
127
127
125
125
125
125
126
126
124
125
126
126
129
125
126
127
126
124
123
123
122
122
121
123
123
121
121
122
123
123
123
123
123
124
124
124
124
124
123
123
124
124
124
124
123
123
122
124
124
124
123
122
122
123
123
123
123
123
122
120
119
120
121
121
119
118
118
119
119
119
119
119
120
120
121
121
120
119
119
118
118
118
118
118
118
118
119
119
119
119
119
119
118
119
119
121
121
121
122
122
121
122
122
121
120
119
121
122
122
124
124
123
122
122
123
122
122
122
123
122
121
120
120
120
120
121
121
120
121
121
121
121
122
124
123
123
123
123
123
123
123
124
123
122
120
120
120
122
122
122
122
122
122
123
124
125
125
124
125
124
124
125
125
125
125
125
125
123
122
123
122
123
122
121
120
120
120
120
122
120
120
120
122
122
121
123
123
124
123
125
126
126
125
123
122
122
122
125
126
127
127
126
125
125
124
124
124
123
122
122
122
124
123
124
122
121
121
120
119
119
120
119
119
118
118
118
118
118
118
119
120
120
120
119
119
120
120
122
122
122
123
124
124
124
122
122
120
122
123
122
122
122
123
123
124
123
123
125
124
124
123
125
126
126
125
125
123
121
121
121
121
121
120
120
120
122
123
123
123
122
121
121
121
123
122
122
122
124
123
123
123
123
123
124
122
121
120
120
119
119
120
121
121
121
120
122
121
122
123
120
120
120
119
119
120
119
120
118
118
118
117
118
119
118
116
116
116
115
115
116
117
118
119
120
119
118
118
119
118
117
117
118
118
118
120
119
119
119
118
119
119
119
118
118
117
117
118
117
117
118
118
119
118
118
116
117
116
117
117
117
117
117
116
116
116
117
116
116
116
116
116
116
116
116
116
117
117
117
117
117
119
120
120
120
118
118
117
117
117
117
116
116
117
118
118
118
119
120
121
120
120
121
120
121
119
119
118
119
119
119
119
119
119
118
117
118
118
118
119
118
118
117
117
116
117
117
118
118
118
118
116
118
118
118
118
118
117
117
116
116
117
116
116
116
116
116
116
116
116
117
117
117
117
118
119
118
117
119
120
120
120
118
117
116
116
116
116
116
117
117
117
117
117
118
117
117
117
117
117
116
116
116
117
117
117
117
117
117
118
118
118
119
117
117
117
117
117
117
117
117
117
117
118
119
119
119
119
118
119
120
118
118
117
117
117
118
118
116
116
116
116
116
117
114
114
115
115
115
116
117
117
118
118
117
118
119
120
121
122
122
122
122
121
121
120
119
119
117
118
118
116
116
116
115
115
116
118
118
115
115
115
114
113
113
113
114
114
114
114
113
113
115
116
116
116
115
117
117
118
118
118
116
116
116
116
115
115
115
115
114
114
114
116
115
115
115
115
116
116
116
116
118
117
115
115
115
115
116
116
116
116
115
115
115
114
113
114
114
114
114
114
114
115
116
115
116
117
118
118
120
119
118
118
118
119
118
118
120
124
123
122
120
118
117
117
118
118
117
118
118
118
116
116
118
118
120
121
121
120
122
121
119
119
119
119
121
120
121
120
119
119
118
118
119
120
119
119
120
118
117
117
117
117
116
116
115
114
113
112
112
112
112
113
113
113
113
113
112
112
112
112
112
111
111
111
112
112
113
112
113
113
114
114
115
115
114
114
113
112
112
112
113
113
113
114
115
115
113
113
113
113
113
113
113
114
115
116
116
118
119
118
119
118
118
118
117
117
116
116
116
115
115
114
114
112
113
114
114
114
114
114
115
114
114
114
116
117
117
116
116
116
117
118
117
117
116
116
115
115
115
116
115
115
115
115
115
115
115
117
118
119
119
117
117
116
118
116
116
117
117
117
117
116
117
118
120
120
119
120
118
119
118
118
118
118
116
118
119
117
117
117
116
116
115
116
116
116
114
113
114
114
114
115
115
115
115
115
114
114
115
115
114
114
114
115
115
113
113
113
114
114
113
113
113
113
113
113
113
113
114
114
114
114
114
113
113
113
113
113
113
114
115
114
115
116
117
118
115
115
115
115
115
115
115
114
114
114
115
116
116
116
116
116
116
117
117
117
117
117
117
117
116
118
119
118
118
117
116
117
116
115
114
115
116
117
117
120
120
120
118
119
119
118
116
117
117
116
117
117
115
117
116
115
114
114
114
114
115
115
