0.0007268965517241379 0.0009317241379310344
300
299
294
285
280
279
273
266
260
258
258
257
256
252
252
245
246
243
242
238
234
232
230
230
231
231
232
231
225
225
224
224
224
222
225
225
226
225
221
221
221
220
219
219
217
216
216
214
212
213
212
211
210
209
208
208
209
209
210
210
209
211
211
210
211
212
214
213
214
215
213
212
213
213
213
214
212
212
210
212
211
211
212
214
210
209
208
207
208
207
208
208
208
208
206
204
202
203
202
202
201
199
200
198
197
196
197
198
198
201
199
199
201
199
199
200
200
201
200
200
200
200
200
201
202
202
204
204
203
205
204
203
200
202
202
201
197
198
197
195
196
196
195
194
193
194
196
194
194
195
196
196
196
198
197
197
197
200
197
197
198
196
196
194
194
193
193
192
190
190
192
192
193
193
191
190
190
187
187
187
186
184
184
184
186
185
187
186
185
187
188
190
187
187
187
189
190
189
189
188
188
187
187
187
187
189
189
188
188
187
187
187
188
188
186
186
186
185
184
184
184
183
184
183
183
184
183
182
183
183
183
182
180
180
179
180
180
181
180
181
180
181
180
181
182
181
183
182
182
183
183
183
183
183
185
187
188
188
188
187
186
187
189
189
187
186
193
194
192
192
190
190
190
189
187
187
185
184
183
183
183
185
182
182
183
184
185
183
187
186
187
186
186
187
188
189
188
189
190
187
189
188
188
188
188
187
188
190
189
192
191
191
191
191
193
192
189
188
185
185
185
186
187
184
183
182
182
181
182
181
184
184
184
183
185
185
184
184
183
183
183
183
183
182
181
181
181
180
180
180
181
181
179
179
179
182
181
181
181
180
180
180
180
179
179
179
181
181
182
181
181
182
182
185
184
184
185
182
180
180
182
183
180
179
178
181
182
182
181
181
181
182
180
179
178
177
176
176
175
176
174
176
175
176
177
177
175
174
174
175
175
175
176
177
178
177
177
177
177
177
177
177
178
178
178
176
176
174
175
176
177
176
176
177
174
176
176
177
177
177
178
177
174
171
172
172
173
173
173
172
172
173
175
175
174
175
176
175
175
177
179
179
177
177
177
176
175
176
176
176
177
177
180
179
178
178
177
177
176
177
178
177
176
175
177
177
177
178
179
177
177
178
178
177
178
178
179
179
177
177
179
179
181
182
182
184
183
183
184
182
181
183
185
187
185
186
184
187
185
186
187
187
186
184
184
182
182
181
179
177
178
177
176
174
175
174
174
173
174
172
172
170
168
168
168
169
169
169
171
174
174
173
174
171
172
171
171
172
174
174
174
175
176
175
175
174
174
171
173
173
173
171
169
168
168
168
169
170
170
171
171
172
171
171
171
169
167
167
168
167
166
167
168
168
168
168
169
170
170
170
171
170
168
167
166
167
166
166
166
166
165
166
165
166
167
167
166
166
166
166
166
165
165
164
163
163
164
163
163
162
162
163
163
163
162
162
162
161
158
157
158
158
158
159
159
158
158
158
158
158
160
160
160
160
160
160
160
161
162
162
163
163
162
162
162
162
162
163
163
164
164
165
164
161
162
161
161
160
161
159
159
160
160
161
162
162
162
162
162
161
161
161
160
162
163
163
162
163
161
160
160
161
161
163
163
163
163
165
165
165
165
165
164
163
163
163
162
163
164
163
163
164
165
165
165
165
166
166
169
167
169
167
165
164
165
164
164
164
164
165
165
165
164
163
163
164
161
161
161
162
161
161
162
163
164
164
163
162
162
163
163
163
163
161
162
163
163
164
164
164
164
164
163
165
164
164
165
164
165
164
165
164
165
166
165
164
161
163
162
162
159
158
161
162
163
164
166
166
166
166
166
166
165
165
166
166
166
165
166
163
162
160
160
161
160
158
158
158
158
158
158
157
155
155
156
154
154
155
156
158
158
158
158
158
158
158
158
159
159
159
160
161
161
162
162
162
161
160
160
159
158
158
158
158
157
159
159
160
162
160
160
160
160
158
158
159
159
160
161
161
161
161
162
161
162
163
165
167
166
165
163
163
163
162
161
162
161
161
162
163
162
162
160
159
160
158
159
158
156
157
157
158
158
158
158
158
157
157
155
155
156
156
156
156
157
157
158
158
155
156
155
156
156
157
155
155
155
154
154
154
153
153
153
153
155
154
155
155
156
157
159
159
159
159
157
156
156
155
155
155
156
156
157
159
160
160
158
158
156
156
156
156
158
158
157
158
158
159
160
161
159
160
161
160
159
163
165
166
165
166
165
164
161
162
162
164
163
163
162
163
161
158
157
158
158
158
158
156
153
154
155
156
156
156
157
157
157
156
157
158
159
158
157
156
157
156
156
159
159
159
159
159
159
161
161
157
157
157
158
159
159
158
157
156
156
156
157
159
160
157
157
158
157
158
158
157
156
156
155
152
152
153
152
152
152
154
152
152
152
153
156
155
155
156
155
154
153
153
151
151
151
152
152
152
152
152
153
152
153
153
154
153
153
151
151
152
152
151
152
152
152
152
153
154
154
154
155
156
156
155
156
155
152
151
151
150
151
151
151
150
150
150
151
150
150
150
148
149
149
149
147
147
147
147
147
148
147
145
146
146
147
148
150
148
146
147
147
147
147
147
147
144
144
144
142
142
143
143
143
143
143
143
143
143
143
143
142
142
141
141
141
141
141
142
143
142
143
143
144
144
145
145
145
145
144
143
143
142
141
141
143
143
142
144
144
144
143
143
144
144
144
145
145
145
145
145
147
146
147
147
147
147
147
147
149
151
151
150
153
152
153
153
149
146
146
148
146
146
146
144
145
144
144
145
147
148
147
149
148
149
150
151
150
150
150
149
150
150
150
151
150
153
152
152
152
151
151
151
150
150
149
150
151
153
153
153
153
152
153
149
151
150
150
150
150
149
148
147
149
150
149
149
147
145
145
145
145
146
146
146
146
146
144
144
142
143
143
143
144
143
143
143
143
144
144
146
147
147
145
147
149
149
149
149
149
149
149
150
150
149
150
151
150
151
151
149
149
149
148
149
149
150
148
148
148
150
150
150
149
150
150
149
149
150
150
149
148
148
150
151
153
152
150
150
150
150
149
148
147
148
146
147
147
147
146
147
146
146
145
145
147
148
147
147
149
148
148
148
148
150
148
147
148
148
147
147
147
147
148
148
147
147
147
148
149
149
151
149
148
146
148
148
149
148
146
147
147
147
147
147
146
146
147
147
147
146
146
147
147
148
148
147
147
148
147
147
146
148
148
148
149
149
148
148
148
148
148
148
150
149
150
149
150
150
148
147
147
148
149
152
152
151
150
150
149
148
149
147
146
146
146
146
146
145
144
144
144
144
144
145
145
145
144
145
146
146
145
144
143
146
145
145
148
148
147
146
145
144
144
144
144
144
147
147
145
146
145
144
145
145
145
145
146
143
143
143
145
145
143
142
142
142
143
141
141
140
141
140
142
143
143
143
141
142
143
143
142
140
140
140
141
142
142
143
143
143
143
142
143
141
142
140
141
140
141
141
142
142
142
142
141
141
141
140
140
141
142
143
143
142
144
143
143
145
145
144
145
145
145
143
143
143
144
144
143
144
143
143
143
143
143
145
144
143
143
141
142
143
143
143
143
142
144
145
145
148
146
147
148
148
148
150
153
150
150
151
152
151
151
151
148
147
145
145
147
145
144
146
147
144
142
142
142
142
141
142
141
142
143
142
142
141
141
141
141
141
140
142
140
140
140
141
144
144
144
145
147
148
147
147
146
145
144
146
148
149
147
148
148
147
147
147
149
150
150
150
151
147
148
149
148
149
150
150
149
148
149
149
148
148
150
148
149
150
150
151
152
152
152
150
148
148
151
148
147
146
145
143
144
144
141
141
142
141
140
139
140
138
139
140
142
142
141
138
138
139
139
140
141
142
142
141
141
140
140
139
139
139
139
139
141
141
141
141
141
140
140
139
139
138
138
139
138
138
138
137
136
136
136
137
136
136
138
140
140
140
140
140
139
140
140
140
140
142
142
142
142
141
141
141
141
141
140
139
139
140
139
141
141
140
139
139
139
138
137
137
136
137
136
136
136
136
135
135
134
135
135
135
135
135
134
136
136
137
137
137
137
135
135
135
136
136
135
135
137
136
135
133
132
132
132
132
133
134
133
133
133
134
134
134
134
135
136
136
137
137
138
138
140
141
141
140
141
141
141
142
142
142
140
141
141
141
138
137
137
137
139
138
140
140
141
141
142
142
146
146
146
145
143
147
146
146
146
146
144
145
146
144
146
144
142
141
141
142
141
141
141
140
140
141
140
140
141
140
142
143
142
142
142
143
143
143
144
143
143
143
142
141
140
140
140
141
141
142
142
143
143
145
148
148
148
150
148
148
148
148
147
146
146
146
146
146
143
144
141
142
142
142
144
144
144
144
144
144
143
145
143
144
144
144
142
141
142
142
142
143
145
146
146
145
145
143
144
145
144
142
142
140
140
140
143
142
142
141
141
141
141
138
138
138
139
140
140
141
141
142
143
142
143
141
140
138
140
142
143
143
144
143
143
142
142
141
144
144
143
144
144
143
142
143
140
142
143
142
141
140
139
139
139
139
138
139
139
140
141
140
141
141
141
139
138
137
137
137
136
136
136
136
137
137
137
137
137
138
136
136
137
137
136
136
136
135
136
136
137
138
137
138
138
138
139
141
142
141
138
138
137
136
135
134
135
133
131
131
132
133
131
131
133
133
132
133
134
134
135
135
136
137
136
136
136
137
137
138
137
138
138
138
138
141
141
145
145
143
142
140
142
140
140
139
138
138
138
137
137
136
135
136
136
137
137
137
139
139
139
140
141
142
141
140
138
138
137
137
137
136
136
136
137
137
137
137
137
138
139
138
137
136
136
138
137
137
137
136
136
136
136
138
140
140
136
137
137
135
136
136
135
134
134
134
134
134
133
133
134
134
135
137
137
136
136
136
135
137
138
139
138
137
137
137
137
137
136
137
137
137
137
139
137
137
136
135
136
137
137
137
136
136
137
137
137
136
137
139
140
142
141
140
140
138
138
136
135
135
134
134
133
132
131
130
132
133
132
132
131
130
130
130
133
133
132
133
131
133
132
133
132
130
131
130
132
132
132
131
131
130
130
131
132
131
130
130
131
131
130
130
130
129
129
128
130
131
132
132
132
131
131
131
132
131
131
131
132
132
133
133
134
131
129
129
130
130
130
130
130
130
131
131
130
130
130
130
130
129
129
129
129
130
130
130
130
132
133
136
133
132
132
132
133
131
130
130
131
132
132
132
131
130
129
130
130
131
129
130
130
130
130
130
133
133
132
131
131
129
130
129
129
129
129
128
128
129
128
129
131
131
130
129
129
130
130
130
130
130
130
133
133
133
132
133
131
130
130
129
127
128
129
129
130
130
131
133
136
134
134
134
134
134
134
135
134
134
133
133
132
133
134
134
134
134
131
133
133
133
133
132
132
132
131
132
133
132
131
132
133
133
135
135
135
134
134
134
134
136
134
136
137
137
135
135
135
134
133
132
131
132
133
133
132
133
133
132
132
133
134
133
133
132
129
128
129
129
130
131
130
130
129
129
132
133
133
132
131
129
130
130
132
131
131
131
130
130
129
130
130
130
130
130
130
129
129
128
129
129
128
127
127
127
129
131
131
131
131
132
131
132
134
134
133
133
134
133
132
133
133
133
130
128
128
130
130
131
132
131
131
129
128
128
127
127
129
129
131
132
132
133
134
135
136
137
137
137
135
134
134
136
134
135
134
134
136
134
135
135
135
136
135
136
136
135
135
134
132
134
134
135
134
134
135
132
132
132
131
131
131
132
130
129
128
128
128
126
127
127
125
126
125
125
125
126
127
127
127
128
128
128
129
130
128
127
126
126
127
127
125
125
125
125
128
129
129
129
129
129
130
131
132
132
132
131
129
130
130
130
129
128
126
126
126
126
126
127
128
127
126
126
126
126
128
128
129
130
129
129
127
128
130
130
130
131
132
130
131
130
129
129
128
127
125
124
124
125
126
127
126
125
124
123
124
124
125
124
123
124
124
125
123
124
126
125
126
126
126
126
125
125
125
126
125
124
124
124
124
124
125
125
124
123
123
124
124
124
124
124
124
125
126
127
127
126
127
125
125
125
125
123
123
124
124
125
124
124
125
126
125
124
124
124
125
127
129
127
127
128
129
129
131
130
130
131
130
130
130
127
126
127
129
129
129
129
127
129
128
129
131
132
131
130
130
130
127
127
127
126
125
126
126
126
126
126
127
128
129
129
129
130
130
133
130
129
129
128
128
128
128
127
128
128
129
129
129
124
125
124
123
124
124
124
124
124
123
122
121
121
122
122
122
121
122
123
125
125
128
127
127
128
126
127
125
125
125
124
124
122
123
124
123
124
122
122
125
124
123
125
125
125
125
125
126
127
127
125
125
126
123
121
120
122
123
123
124
122
123
124
125
126
127
126
125
124
125
126
127
125
124
123
122
122
119
119
119
119
119
120
120
121
120
120
118
118
118
118
119
120
120
121
122
122
123
123
122
123
125
125
124
123
125
124
124
124
124
124
125
125
124
125
124
121
120
120
121
122
122
121
121
120
120
121
121
121
121
122
122
121
121
121
121
123
123
122
123
123
123
122
125
123
124
126
126
128
129
128
128
128
127
127
126
126
127
128
126
124
122
121
120
122
122
122
122
123
123
123
124
124
125
125
125
126
126
127
126
126
125
125
126
122
123
123
125
125
125
125
125
125
126
125
125
124
122
122
122
121
121
122
122
120
121
122
120
120
120
120
120
120
120
120
120
121
122
121
122
122
121
119
120
121
121
122
122
121
121
120
120
119
119
119
119
122
123
124
124
123
123
124
122
126
124
124
124
124
125
125
124
123
123
124
124
123
122
122
121
121
121
120
120
120
120
119
121
122
121
120
120
120
120
119
121
121
122
122
122
121
121
121
121
120
124
124
124
122
120
120
120
118
118
119
119
118
118
118
119
118
118
118
117
116
116
115
117
117
117
117
118
119
120
120
120
119
119
119
119
119
120
118
120
120
120
120
118
118
118
118
118
117
119
119
118
117
117
117
118
118
118
117
118
116
116
116
117
119
116
116
116
116
116
116
115
115
113
113
114
114
113
113
113
114
115
116
116
117
119
119
121
121
120
120
120
120
120
120
119
120
120
120
120
120
120
120
121
120
120
121
121
122
122
122
121
121
121
122
123
123
124
124
124
125
126
125
124
123
123
122
122
121
119
119
119
119
121
122
123
121
120
121
122
121
120
121
121
122
122
122
124
122
123
124
123
124
122
122
121
122
124
123
124
123
122
121
122
120
121
121
121
120
121
119
119
118
118
118
118
118
118
117
117
117
117
117
117
119
119
119
119
119
118
117
117
116
116
117
118
118
119
117
118
117
118
116
115
115
115
115
114
115
116
116
117
117
118
118
118
120
123
123
122
122
122
122
122
122
121
119
119
120
120
121
120
120
120
120
121
121
121
122
120
121
122
121
121
121
120
121
120
122
122
122
122
123
125
126
126
127
126
124
123
122
122
122
125
126
129
129
128
129
130
130
132
131
132
132
128
127
127
125
124
124
123
121
121
121
120
121
121
120
120
120
120
120
120
121
120
120
120
119
119
119
120
120
120
120
122
123
123
121
120
119
120
120
120
121
121
119
119
119
119
117
118
119
119
119
119
117
117
117
117
115
116
116
115
116
117
119
119
119
120
118
119
116
118
118
118
119
118
119
118
120
119
118
118
119
119
119
118
118
118
117
117
117
118
118
119
120
122
124
124
124
122
121
121
120
119
120
120
123
122
121
120
119
120
120
119
119
119
119
120
120
119
119
120
119
118
118
117
117
118
116
113
113
113
113
113
113
114
114
114
114
114
115
115
115
115
115
116
116
116
116
117
117
117
118
120
120
118
119
119
121
122
121
121
121
119
115
116
116
117
117
119
116
115
114
113
113
114
114
114
115
115
115
114
115
116
115
115
115
114
116
117
118
118
118
118
119
121
121
121
121
119
118
118
118
119
118
117
118
118
118
118
116
117
116
115
115
115
114
114
115
116
115
115
115
114
114
114
114
114
112
113
114
114
113
114
114
113
114
114
115
116
117
116
117
117
117
117
119
119
120
121
120
120
121
120
119
119
118
118
119
119
117
116
117
117
117
117
118
118
116
116
117
117
116
115
112
111
110
110
109
109
111
111
112
112
111
111
111
112
111
112
114
115
115
114
114
113
114
113
113
113
116
115
116
118
118
118
118
118
119
120
120
121
122
121
119
119
119
118
118
120
121
120
120
119
118
117
116
114
114
113
114
114
114
114
113
115
115
116
115
115
115
116
116
115
115
115
113
113
115
115
116
115
114
113
111
111
113
112
112
112
113
112
112
112
113
113
114
112
111
113
112
114
115
117
116
116
115
115
115
116
116
116
116
117
118
117
116
116
117
117
116
116
116
114
115
115
115
116
118
118
118
118
118
119
120
122
121
120
120
121
122
121
120
119
120
119
118
118
116
116
117
117
115
116
116
117
117
116
117
118
120
121
121
121
119
120
120
118
119
119
119
118
118
118
119
119
120
119
120
120
119
117
117
117
118
118
118
119
116
117
117
118
118
119
117
115
115
115
116
115
114
112
113
114
114
113
113
113
112
111
111
111
112
112
110
110
111
112
112
112
113
114
112
112
111
111
111
111
110
109
109
111
111
111
111
112
111
111
111
112
112
112
110
109
109
109
109
109
109
109
109
109
110
110
109
109
109
108
108
108
107
108
108
109
109
109
109
109
109
109
109
109
109
109
109
109
109
109
109
109
109
108
110
111
110
110
109
109
109
108
109
109
110
111
110
111
112
113
114
113
115
115
115
117
116
116
116
115
114
114
114
114
114
113
114
113
113
113
113
113
112
111
109
109
109
107
107
107
108
108
110
108
108
107
107
108
108
108
108
107
107
107
109
110
109
109
107
109
109
109
111
110
110
109
109
110
108
107
107
107
107
107
106
106
107
108
109
109
109
108
107
107
106
106
106
106
106
108
108
108
108
108
108
108
109
109
110
110
109
109
109
109
109
110
110
110
110
109
109
109
110
110
110
110
110
110
110
110
111
110
110
111
111
108
108
107
107
107
108
109
108
108
106
106
106
106
105
105
105
106
106
105
106
106
106
107
109
110
110
110
108
107
107
108
108
108
108
109
108
108
107
108
109
110
110
110
110
111
111
111
111
112
113
113
113
112
113
114
114
114
117
117
117
116
114
114
113
111
110
110
110
109
107
107
107
107
108
108
108
108
108
108
108
108
107
107
105
105
107
108
108
107
105
107
107
106
105
105
105
103
103
105
105
105
105
105
107
107
107
108
110
111
111
112
113
114
112
112
112
113
111
111
113
112
112
111
111
110
111
111
111
111
109
109
109
110
108
109
109
109
108
109
110
111
110
111
112
113
113
113
114
114
112
111
110
110
109
108
107
107
107
105
105
105
105
105
106
106
107
107
107
107
107
107
107
107
108
108
108
106
105
106
105
104
105
104
103
103
103
103
103
103
105
105
104
103
104
104
104
104
104
105
104
105
105
105
105
105
105
106
105
104
105
105
105
106
105
106
108
109
107
107
106
106
107
107
107
107
107
106
106
106
105
105
105
104
104
105
105
105
104
103
105
105
106
105
104
103
102
106
105
105
104
105
105
105
105
104
104
105
104
104
104
102
103
101
102
104
104
104
106
105
104
104
104
103
103
102
103
106
106
105
102
102
102
102
101
100
100
100
100
101
101
102
102
102
102
103
104
104
103
103
103
105
105
104
106
107
107
108
107
107
108
108
109
109
109
109
108
108
107
107
108
107
106
107
107
107
107
108
107
107
108
107
107
107
107
107
107
106
107
109
108
108
107
106
105
106
106
106
106
106
106
107
108
108
109
107
106
105
106
106
107
109
107
109
109
110
108
109
110
111
111
110
108
109
110
109
107
106
106
105
105
105
106
106
106
106
103
103
104
105
105
104
104
104
104
105
105
107
110
111
110
108
109
107
107
107
108
108
108
107
107
107
107
108
107
108
107
106
106
107
108
109
109
109
110
110
109
109
111
110
110
109
109
109
109
109
108
108
108
108
109
109
108
107
106
105
106
106
106
107
107
107
108
107
107
109
109
108
108
109
108
108
107
106
105
104
103
105
104
104
103
103
103
101
101
101
101
103
104
105
105
105
106
105
106
105
105
104
104
102
102
105
104
106
107
106
106
105
104
104
104
104
105
105
104
104
103
103
104
105
105
105
105
103
102
103
101
102
102
102
103
103
103
104
103
104
104
102
103
101
103
103
103
103
104
105
104
101
101
104
104
104
105
104
104
101
102
101
101
101
101
101
103
103
102
101
102
102
101
101
101
102
101
101
101
102
102
102
101
100
99
99
99
100
100
100
100
99
99
98
98
98
98
97
97
97
97
97
97
97
97
97
97
97
97
98
98
98
98
99
99
98
99
99
100
100
100
100
101
102
101
101
101
101
102
101
101
100
99
99
98
98
99
99
99
98
99
99
99
100
100
99
99
99
101
100
101
100
99
100
99
99
100
100
101
100
100
100
101
100
98
99
99
98
98
98
98
98
98
98
98
98
99
101
101
101
102
104
103
103
104
103
102
102
101
101
100
100
101
103
102
103
102
101
101
100
99
99
100
102
101
101
101
101
101
101
100
100
101
101
102
100
101
102
102
103
105
102
101
101
100
102
102
103
102
101
101
100
101
100
99
101
101
104
102
104
101
103
103
104
103
103
104
104
105
103
103
103
103
103
101
101
100
100
99
99
99
99
99
100
101
101
101
101
103
103
103
101
98
98
98
98
99
99
99
98
98
98
98
98
98
100
101
101
102
102
102
102
103
105
105
105
105
105
104
104
104
103
102
102
102
101
101
101
102
102
103
102
101
101
101
101
101
101
101
99
99
99
99
99
99
99
99
99
100
100
99
99
99
99
100
100
99
99
99
99
98
98
96
96
96
95
95
94
95
94
94
94
95
95
95
95
96
96
97
97
96
96
96
94
94
94
95
95
95
95
95
95
95
95
94
94
95
95
97
98
98
97
100
100
100
102
103
103
104
102
102
102
102
101
102
102
103
103
103
104
103
103
103
103
104
105
104
103
100
99
98
99
100
99
98
98
99
100
100
100
99
99
98
97
97
98
98
98
98
98
99
100
98
99
97
97
97
96
96
95
95
95
95
95
94
95
95
95
94
97
99
99
98
97
97
98
98
98
97
98
98
97
96
97
98
99
99
98
98
97
99
98
99
98
100
101
98
97
97
96
97
98
98
99
99
99
98
98
99
99
98
99
99
99
99
100
101
100
99
99
99
99
99
97
97
