0.00024896551724137937 0.0004196551724137932
300
297
290
288
276
274
270
265
266
268
265
261
258
258
255
255
253
250
248
248
247
247
249
248
248
248
248
247
246
247
246
248
247
248
248
249
247
244
246
244
243
242
242
241
243
242
244
245
244
243
242
239
240
239
240
240
240
240
241
239
240
241
242
240
242
243
246
244
243
244
244
245
245
245
246
245
246
245
243
243
243
242
242
242
243
244
244
242
244
241
241
241
241
240
240
241
241
241
239
237
239
237
239
242
240
239
240
239
241
241
240
239
237
238
235
234
235
236
234
234
235
236
237
236
235
236
234
235
235
235
236
235
234
236
236
236
235
235
236
235
234
236
237
236
238
237
238
239
235
234
234
233
233
235
236
234
234
233
232
234
235
231
231
230
231
231
232
230
229
229
229
228
230
231
230
230
231
230
231
232
230
231
231
231
230
233
235
234
231
231
232
231
231
233
232
231
232
235
233
235
236
235
236
234
234
231
232
233
235
236
234
233
233
231
229
228
228
228
230
230
229
229
231
231
229
227
227
229
229
231
233
230
231
229
226
229
227
229
228
227
229
227
227
226
226
226
226
226
226
223
222
224
225
224
225
225
225
224
225
226
227
227
228
228
227
226
227
229
231
229
230
230
229
229
229
229
227
229
230
229
230
230
230
229
226
228
228
229
230
228
229
230
230
228
224
223
224
222
220
219
221
221
220
220
221
223
226
228
224
224
224
223
223
221
222
221
220
220
221
220
220
220
219
218
217
218
220
221
222
221
222
221
219
218
217
218
218
218
219
220
220
223
224
223
223
222
220
221
221
219
220
220
220
219
219
221
220
219
218
219
219
220
218
219
219
219
217
217
217
217
219
219
217
218
219
220
219
220
219
218
219
218
217
219
221
221
223
222
220
220
218
217
217
216
217
216
218
218
219
219
218
216
216
215
216
217
221
222
221
221
222
221
220
219
218
219
219
219
220
219
219
218
218
217
218
217
217
216
216
214
214
216
215
215
216
216
215
215
215
215
213
217
217
219
219
218
218
217
217
217
217
215
215
214
215
215
216
218
219
218
218
214
213
216
214
213
214
211
210
210
209
208
205
205
204
202
204
204
203
205
205
205
203
204
205
205
206
206
205
203
204
206
206
208
206
206
205
205
205
206
207
208
207
207
205
204
203
203
201
201
201
202
203
205
206
208
208
206
205
204
205
206
205
205
204
204
203
203
203
202
202
202
203
202
202
202
202
202
203
205
205
205
204
203
202
201
201
201
201
201
202
202
202
201
201
201
201
200
201
202
201
201
201
204
204
203
203
202
202
203
203
203
203
205
205
206
205
203
201
201
202
202
201
200
200
200
199
199
200
200
200
201
200
201
202
202
201
200
200
199
199
199
199
199
199
199
199
199
199
198
198
198
198
198
198
198
198
200
200
200
201
200
201
201
203
201
200
200
201
200
200
201
202
200
200
202
201
200
201
200
200
201
202
203
203
202
202
201
200
202
201
199
198
197
197
197
196
197
197
197
198
197
198
197
196
196
196
195
196
198
198
200
199
202
199
200
200
199
197
197
197
197
198
199
197
197
199
199
199
198
198
200
200
200
200
200
200
199
199
199
200
200
199
198
200
201
199
196
196
196
197
198
197
197
198
197
197
198
198
198
199
199
200
200
200
197
197
197
198
199
200
201
200
200
201
201
201
202
201
202
202
201
199
198
199
201
200
198
197
196
197
198
200
199
200
200
200
199
199
201
201
200
199
199
199
197
198
196
194
195
196
195
196
195
197
198
199
197
197
197
197
196
198
195
197
198
200
198
198
199
196
196
195
196
196
193
194
192
192
193
191
191
191
190
194
193
194
194
194
192
191
190
190
189
190
190
190
190
190
190
190
190
190
191
190
190
191
191
192
192
189
190
190
191
192
194
192
193
191
190
190
189
189
190
191
191
191
190
190
191
190
190
190
189
189
187
186
189
188
188
188
189
189
190
190
191
191
193
193
192
189
188
188
188
188
190
191
191
189
187
187
187
187
187
188
188
189
189
189
187
187
187
188
187
187
188
188
188
190
189
186
185
185
187
187
186
187
187
187
186
185
185
185
185
184
184
184
185
186
186
186
189
190
190
189
192
193
190
192
190
190
187
187
187
188
187
189
189
190
189
188
188
185
183
183
184
184
183
183
184
184
185
186
186
187
186
185
183
183
183
183
183
183
184
183
184
186
187
187
186
185
186
186
183
184
184
184
185
185
185
184
184
184
184
182
183
184
187
185
185
184
184
186
185
185
186
186
186
185
185
185
185
186
185
186
186
186
186
186
187
189
187
188
188
189
188
188
186
187
187
186
187
187
186
186
184
184
184
183
183
183
183
182
182
182
182
183
184
184
183
183
184
182
182
183
183
182
183
183
182
182
182
185
185
186
187
185
187
184
184
184
185
183
183
182
183
183
185
187
184
184
182
183
185
184
184
184
183
183
181
179
179
180
181
182
182
181
179
180
178
178
178
178
178
179
179
180
181
179
179
180
180
180
180
180
179
179
180
178
178
179
180
179
180
179
178
179
179
180
180
180
179
179
178
179
179
179
179
178
178
177
176
176
176
176
177
178
176
175
175
177
177
178
178
178
179
180
181
181
180
181
179
180
180
177
177
177
178
178
179
180
177
177
176
177
176
175
175
176
176
175
176
173
173
173
173
174
176
175
174
174
176
175
176
176
174
174
173
174
174
173
173
174
174
174
174
174
174
176
177
177
177
177
177
175
175
175
174
175
177
177
177
176
176
178
178
177
176
177
177
177
177
177
177
176
176
177
175
175
176
176
176
176
178
179
178
177
176
177
175
175
175
175
175
175
174
175
175
174
173
172
172
172
174
173
172
174
175
174
175
174
174
174
174
173
173
174
175
174
174
176
176
175
175
176
178
177
176
177
176
176
175
175
177
176
175
175
175
175
177
177
177
178
177
175
175
175
173
172
172
171
170
171
171
171
172
172
172
172
171
172
173
173
171
170
170
170
170
170
170
170
170
171
172
172
173
173
172
172
172
171
171
172
172
171
171
173
173
173
174
174
176
178
178
178
179
177
177
178
175
176
174
174
172
170
170
170
171
170
171
172
170
170
171
169
171
170
171
171
171
171
172
173
172
172
172
171
170
170
170
169
169
171
171
171
171
171
171
170
170
169
169
171
171
169
169
169
169
170
169
171
172
172
171
171
170
169
170
170
170
170
170
170
169
169
169
170
170
170
171
172
171
172
172
172
172
172
171
172
173
172
172
172
173
173
173
172
172
172
172
173
171
171
171
171
170
170
167
168
168
168
168
168
168
169
169
169
169
170
171
171
170
170
169
170
169
169
169
170
170
171
171
171
170
169
173
174
173
173
174
172
172
172
171
171
172
171
171
171
170
170
171
169
170
170
170
170
166
166
167
166
166
166
166
167
167
169
168
170
171
170
169
169
168
167
168
168
167
167
167
167
167
167
170
171
170
169
171
170
171
171
172
172
172
172
171
172
172
174
172
171
171
169
169
169
168
168
168
168
169
169
169
168
170
171
170
170
169
168
169
169
169
169
169
171
171
171
170
169
169
170
171
170
169
169
168
168
168
168
168
168
168
168
168
171
171
173
174
173
171
169
168
168
168
169
169
169
169
167
166
166
164
164
164
165
166
167
167
169
168
168
170
171
170
170
169
169
169
169
168
169
169
172
170
171
171
170
169
169
169
170
171
171
170
171
170
169
168
165
165
165
166
166
165
166
167
168
167
168
165
164
165
165
165
163
163
163
164
164
166
163
165
164
164
165
164
165
165
164
165
166
166
166
166
165
165
166
166
166
166
166
164
164
165
165
165
165
166
166
166
166
163
163
163
164
164
164
165
165
165
167
167
169
168
167
166
165
165
163
164
164
164
166
166
165
164
163
163
162
163
163
163
163
163
163
163
163
165
165
165
165
166
167
167
167
169
169
170
168
169
169
166
168
169
168
167
167
167
165
163
164
163
163
164
165
164
163
163
162
165
164
163
164
163
163
164
162
164
161
161
161
163
160
161
162
163
164
163
162
161
161
162
162
161
161
161
161
164
162
161
160
161
159
160
161
161
163
163
161
161
162
162
162
164
164
165
164
162
161
158
160
160
159
159
160
159
158
157
158
159
160
160
161
160
160
160
159
159
157
158
159
160
162
162
160
160
160
159
161
161
161
163
163
164
165
165
162
163
163
161
163
161
159
159
160
160
160
160
162
163
163
162
162
161
160
160
160
160
160
160
160
161
160
160
161
161
162
161
160
159
159
158
160
161
161
161
162
162
164
163
164
164
163
163
161
161
161
162
162
163
163
160
161
162
160
160
160
160
160
160
160
160
160
162
162
161
159
160
159
158
158
158
159
159
159
159
158
158
158
159
158
158
157
158
160
159
158
157
157
157
158
159
159
159
158
158
160
160
159
159
159
159
159
159
160
159
159
158
158
159
159
157
156
157
156
156
156
156
155
156
156
156
156
156
156
157
158
158
158
159
158
158
158
158
160
160
161
162
162
162
160
159
158
156
157
157
157
158
158
158
159
158
159
158
159
159
158
159
160
159
159
158
158
158
158
158
160
160
161
161
160
158
157
158
160
159
160
159
159
158
159
158
158
158
156
156
157
157
156
155
155
157
157
156
156
155
155
155
155
155
154
155
156
155
155
156
156
157
157
158
158
159
159
157
156
157
157
157
157
157
157
156
154
155
156
157
156
156
158
155
154
154
156
156
155
155
155
155
155
157
156
157
157
157
157
158
158
160
162
161
162
161
160
162
161
159
156
156
157
157
156
158
156
158
158
158
156
157
158
159
158
158
160
162
161
160
161
160
160
160
160
159
159
159
158
158
156
155
155
155
156
155
154
154
154
155
156
156
156
156
156
157
157
157
157
157
156
156
155
155
155
154
156
158
155
155
157
156
157
157
158
158
159
160
161
162
163
160
160
160
156
156
157
159
158
157
157
157
156
155
157
157
157
156
154
154
155
155
156
154
154
154
154
154
154
155
154
154
155
156
156
156
155
154
151
151
151
151
152
153
155
155
153
153
154
154
155
154
153
153
155
155
154
153
152
152
153
154
153
152
151
151
149
149
148
148
149
149
150
150
149
149
150
150
150
151
150
151
151
151
152
152
152
151
149
150
150
149
149
149
150
151
152
153
153
153
154
154
155
155
157
155
155
155
155
155
155
154
154
153
154
154
155
155
156
155
155
154
155
154
155
155
156
153
152
152
152
152
150
150
151
151
150
150
152
153
153
151
152
151
151
151
149
148
148
148
148
147
147
149
149
150
149
150
152
151
151
150
150
149
149
149
149
151
151
150
150
149
148
147
147
147
147
150
150
151
151
151
151
150
151
151
149
150
150
150
150
148
148
148
147
149
152
151
151
151
151
150
150
151
151
150
150
149
150
149
149
148
148
147
148
150
150
150
150
150
150
149
149
148
148
149
149
149
149
149
149
149
149
150
150
149
148
148
148
149
149
149
149
150
150
150
151
151
152
150
150
150
149
151
151
151
152
151
152
152
152
149
149
149
148
148
148
148
149
149
149
147
148
148
149
149
151
151
151
150
149
149
148
148
148
148
147
148
147
147
146
146
147
148
148
146
149
148
148
148
148
148
149
149
148
147
147
148
148
148
149
150
150
151
151
150
150
152
153
153
152
152
152
152
152
151
149
149
149
149
150
147
149
149
149
148
149
148
147
148
148
148
148
148
148
148
148
147
147
147
145
146
147
147
146
146
148
147
147
147
147
147
147
147
146
144
145
146
146
147
148
148
148
147
147
147
147
148
148
149
147
146
147
147
147
146
146
146
145
145
145
146
146
145
145
147
146
146
147
147
146
146
143
143
146
146
147
147
146
146
146
146
146
145
144
145
144
145
146
147
147
145
144
144
144
144
144
143
143
143
143
143
143
143
143
143
143
143
144
144
145
145
145
146
147
147
150
148
148
148
149
149
148
146
146
148
147
148
147
146
146
145
143
143
144
143
142
143
143
143
144
145
146
146
145
145
145
144
144
143
144
144
142
142
142
144
145
145
145
147
147
147
146
147
148
147
146
146
145
146
146
146
146
145
144
144
145
145
145
144
144
144
145
147
146
147
147
147
147
149
149
148
146
148
148
148
147
145
145
145
144
143
144
145
145
145
145
145
144
144
144
144
145
145
145
145
145
145
144
144
146
145
145
146
146
146
144
143
143
143
144
143
144
143
143
142
143
143
143
142
141
142
142
142
143
145
144
144
144
142
143
142
142
142
146
145
144
143
144
144
143
143
144
144
144
145
143
144
144
144
146
146
146
143
143
141
142
143
142
142
142
143
144
146
145
145
146
143
142
143
143
141
142
141
140
142
142
141
141
142
142
141
141
142
142
141
141
140
140
139
141
141
143
142
144
144
143
144
142
142
142
142
142
142
143
143
143
143
143
145
144
145
146
144
144
143
143
141
140
140
139
139
139
141
142
142
141
141
144
145
145
144
144
144
143
142
143
143
141
141
142
143
143
143
140
141
141
141
143
141
142
141
141
141
143
143
141
142
141
140
140
140
139
139
139
139
139
138
138
138
139
139
139
140
141
141
141
140
137
137
138
139
139
138
139
138
138
137
137
138
137
138
136
137
137
137
137
137
138
138
139
138
138
137
136
136
138
137
137
137
137
136
137
137
137
139
139
139
139
139
140
138
137
137
137
138
138
138
139
140
139
139
137
136
136
137
137
138
138
138
138
138
137
137
138
137
137
137
137
138
138
138
139
139
138
138
138
138
137
137
137
138
138
138
139
139
140
141
140
139
139
138
138
138
138
136
136
137
137
137
137
137
139
139
139
138
138
139
137
137
138
138
138
136
137
139
140
140
141
141
141
138
138
139
138
139
139
139
142
142
141
140
139
138
137
138
138
138
139
138
138
137
137
137
136
137
137
137
138
140
139
140
140
140
142
140
139
138
138
140
141
139
139
139
140
141
141
142
141
139
139
139
139
139
140
141
141
141
141
140
142
141
141
141
139
137
137
137
137
137
139
140
141
141
140
140
141
142
142
141
140
139
140
140
140
139
139
138
137
137
137
138
138
139
140
139
138
138
138
139
140
140
140
140
140
140
139
140
140
138
137
138
137
137
139
136
136
138
136
136
138
137
137
137
139
139
137
137
140
140
141
140
139
139
138
137
137
137
137
136
137
137
137
136
136
136
135
135
137
137
137
138
138
138
137
137
137
137
137
138
137
138
139
139
139
139
139
138
139
137
137
138
138
138
137
138
136
136
135
135
135
135
135
135
136
136
136
139
136
134
134
134
135
134
134
133
133
133
134
134
134
133
133
133
134
134
136
137
135
135
136
135
135
135
135
134
134
136
135
134
134
135
135
135
134
134
134
134
134
134
136
136
137
137
137
136
135
134
134
134
134
135
135
135
136
137
137
137
137
137
136
136
135
135
135
135
135
135
137
137
137
139
139
139
137
136
135
136
136
136
137
136
136
137
137
138
138
137
137
139
138
139
139
137
137
137
135
135
134
135
135
135
135
135
137
137
136
136
135
136
136
136
138
138
139
140
140
139
139
138
139
137
136
135
133
134
135
134
134
134
134
134
134
134
137
137
136
137
137
137
138
138
137
136
135
135
136
135
135
136
136
135
135
136
135
135
134
136
136
135
135
135
133
133
133
133
133
133
133
134
134
135
136
135
135
132
132
132
133
134
133
133
135
133
133
133
134
133
134
135
134
134
134
134
135
135
136
136
135
134
133
132
132
132
132
131
131
130
130
130
131
131
132
132
132
133
133
133
133
134
135
137
136
136
134
134
134
132
132
132
132
133
133
133
134
134
136
135
134
134
133
134
133
131
131
132
130
131
131
133
134
133
135
135
135
134
134
135
137
137
137
136
135
135
132
132
132
131
129
128
128
128
129
131
130
129
131
131
130
130
130
129
128
128
128
128
128
127
127
127
128
128
128
128
128
127
127
127
127
127
127
127
127
127
128
129
129
127
127
127
127
128
129
128
128
127
127
126
128
127
128
128
127
127
128
128
128
128
129
130
131
132
134
134
131
129
129
129
128
127
126
126
127
128
128
128
126
126
126
126
126
124
124
126
126
126
127
127
128
128
127
126
126
127
126
126
126
126
126
126
126
126
126
127
128
127
126
127
127
127
126
125
126
127
127
126
126
124
125
124
124
124
126
127
129
129
131
129
130
130
129
130
130
130
132
131
131
130
131
130
128
127
128
128
128
128
128
127
128
127
126
125
125
126
126
126
125
125
125
127
127
126
126
126
124
123
123
122
123
123
123
124
124
123
125
124
124
124
123
123
123
123
123
123
122
122
124
123
124
123
123
124
124
123
123
124
124
125
125
126
126
125
123
122
124
124
124
124
124
124
124
124
124
125
126
127
128
127
126
128
123
125
123
123
124
125
125
123
124
126
126
126
126
127
126
126
126
127
128
127
126
126
127
128
127
127
126
128
126
126
126
125
125
125
125
124
124
126
126
127
127
127
126
126
126
126
124
125
126
127
126
126
126
126
126
126
126
127
124
124
125
122
122
122
122
122
122
122
122
122
125
125
124
124
124
124
125
125
123
124
125
124
125
124
124
126
126
126
126
126
128
127
127
127
128
127
126
127
126
126
127
127
126
126
125
126
126
125
124
124
124
122
121
121
121
121
121
121
122
121
121
121
121
121
121
121
121
122
122
121
121
121
122
123
123
123
124
123
123
123
123
122
122
123
124
125
125
125
124
122
122
122
122
122
121
121
121
123
123
123
123
121
121
122
121
121
121
121
121
120
121
121
120
121
120
120
121
121
121
122
122
122
122
123
122
122
121
121
121
122
122
122
122
123
122
124
124
124
124
123
123
122
122
123
121
122
119
119
119
120
121
121
121
123
122
123
122
121
122
122
122
121
121
121
121
122
123
123
123
122
123
123
124
122
123
121
120
119
120
120
120
118
117
117
117
118
121
120
120
120
120
120
119
117
117
118
118
117
119
120
119
119
121
120
120
120
120
121
120
120
120
119
120
119
118
117
118
118
118
118
117
117
119
120
120
120
120
120
121
120
119
119
119
119
117
116
116
116
116
116
116
116
117
116
117
117
117
118
118
117
117
117
117
117
117
117
117
118
118
118
118
118
118
117
117
118
118
119
119
119
120
118
118
118
118
118
115
115
116
117
117
118
118
118
117
116
116
116
116
116
116
117
117
118
118
118
119
119
118
121
118
118
118
117
117
117
116
116
116
115
115
115
116
118
119
118
120
119
119
119
121
120
121
119
119
117
115
116
115
115
115
115
115
116
116
115
116
115
115
115
116
118
119
118
117
117
117
116
114
116
116
115
116
117
114
114
115
115
117
117
119
118
120
120
120
120
120
121
121
118
118
119
118
119
118
117
117
118
118
118
118
118
119
119
120
119
118
118
118
116
116
115
115
113
114
113
114
114
114
115
115
115
115
114
115
116
116
115
115
116
116
117
117
117
117
116
116
116
116
116
116
116
117
119
119
119
119
119
116
116
114
114
114
114
111
112
112
112
112
113
113
113
113
113
113
112
112
112
113
112
112
110
110
110
110
111
110
110
111
114
115
114
113
113
112
112
112
113
111
111
111
111
111
111
111
111
111
112
113
113
113
112
112
112
113
115
114
114
113
113
111
111
112
114
112
112
112
112
112
112
111
111
110
110
110
111
111
111
111
111
111
112
112
112
113
112
112
112
111
110
111
111
112
113
113
113
113
113
111
112
112
112
113
112
111
111
111
111
110
109
109
110
110
109
109
109
109
109
109
110
110
110
109
110
110
110
110
109
109
110
110
111
111
111
111
110
110
110
111
111
110
111
112
113
113
113
113
113
111
112
111
112
112
112
112
113
113
113
113
112
112
112
113
113
111
111
110
110
111
111
110
108
108
108
108
109
112
112
112
112
113
112
112
113
113
112
111
111
111
113
113
114
115
115
115
114
114
114
114
113
113
114
115
114
113
113
113
113
113
114
113
113
113
113
113
113
113
112
111
111
110
110
111
112
114
115
114
115
115
115
115
117
117
116
115
114
113
113
113
113
115
116
115
115
114
115
115
113
113
113
111
110
109
109
108
108
108
109
108
108
108
108
109
109
110
109
109
108
107
107
107
107
107
107
108
108
107
107
108
108
108
109
108
108
108
108
108
108
108
108
109
108
109
109
109
108
108
108
108
109
109
108
108
108
108
108
108
109
110
110
109
109
108
107
107
109
109
109
109
110
108
108
108
108
107
107
107
108
108
108
108
109
109
108
108
109
107
107
107
106
108
108
107
107
108
108
108
108
108
109
106
106
106
106
106
106
107
108
108
108
106
106
106
106
106
106
106
106
106
106
107
107
108
107
107
107
108
109
109
109
108
108
107
109
109
108
108
107
107
107
109
110
109
109
108
108
110
109
108
108
106
106
105
105
107
106
106
106
105
105
103
105
105
107
106
104
104
103
103
104
105
104
103
104
103
103
103
103
104
105
105
106
106
104
104
104
104
102
103
102
102
102
102
102
102
102
103
103
102
103
103
103
103
103
103
103
103
105
104
104
104
104
104
104
104
105
105
105
104
104
103
103
103
103
103
103
104
104
104
105
104
104
104
104
104
104
104
103
103
104
104
104
105
105
106
106
106
105
105
105
105
106
106
106
106
106
105
107
107
106
106
105
105
103
103
103
104
105
105
104
104
104
103
103
103
103
103
103
103
103
103
104
103
104
104
104
104
104
105
104
103
104
104
104
104
105
105
103
103
103
104
104
105
105
105
104
106
104
104
105
104
104
103
104
104
104
104
104
105
106
106
107
107
106
104
105
106
106
105
104
104
104
103
103
103
104
104
105
104
104
105
105
104
104
103
103
103
104
105
105
104
104
104
104
104
103
101
103
102
102
101
101
102
101
102
102
102
102
102
103
103
103
103
103
103
102
102
103
103
102
103
102
102
102
102
103
102
101
102
102
103
103
102
101
101
102
101
101
101
101
103
103
104
104
103
103
103
104
105
105
104
104
104
105
105
104
103
104
103
104
103
103
104
103
103
102
102
102
103
103
103
101
103
103
103
103
102
102
102
102
102
102
102
101
101
101
101
102
102
103
104
103
104
105
104
105
106
104
102
102
102
102
102
102
102
103
103
102
102
102
102
102
103
103
102
102
102
102
102
101
102
102
104
105
105
104
106
106
105
106
106
105
105
105
105
105
104
103
104
104
104
104
105
105
105
104
105
105
104
104
103
102
103
102
102
103
102
103
103
103
103
103
103
103
102
100
100
101
101
101
102
101
101
101
102
101
101
101
100
100
100
101
101
101
101
101
102
102
102
102
102
102
101
102
