0.00018068965517241382 0.0008293103448275862
300
295
292
289
286
284
280
283
281
277
276
276
275
277
275
274
271
270
271
272
271
270
270
267
267
268
271
268
267
268
268
268
265
266
267
266
266
263
265
265
262
261
262
262
262
260
258
258
258
257
252
251
251
251
251
251
252
253
252
252
252
253
253
253
252
251
251
251
251
251
250
251
251
252
252
252
252
253
254
254
254
254
253
253
253
254
254
254
253
253
253
253
254
251
251
252
252
251
251
252
253
253
253
254
254
255
255
255
254
252
253
254
254
255
255
257
258
258
257
256
256
255
255
256
257
258
258
256
256
255
257
256
257
257
257
257
257
259
260
259
260
260
260
258
258
257
256
255
255
256
254
253
254
254
253
252
251
252
254
254
255
255
256
257
255
254
254
253
254
255
255
255
254
256
256
255
254
253
252
252
254
255
256
255
255
257
257
256
256
256
255
255
257
257
256
258
259
258
258
258
255
256
256
255
256
256
255
257
259
263
260
261
261
261
259
260
258
258
257
258
259
258
255
255
255
254
254
254
252
251
253
253
253
252
251
251
252
252
250
249
250
250
250
251
253
254
253
253
253
251
254
254
254
253
253
254
254
253
251
251
251
250
252
252
251
252
252
253
252
251
252
252
251
251
252
253
252
251
250
250
250
250
251
251
251
251
250
250
251
252
252
251
251
250
249
249
249
249
249
248
246
246
244
245
246
248
248
249
249
250
250
248
249
248
251
249
249
250
249
249
249
249
248
248
248
248
251
252
253
252
252
252
252
251
250
252
249
249
248
250
251
249
249
249
248
248
247
248
248
249
248
247
247
247
248
250
250
250
250
249
248
248
249
248
248
247
249
249
249
248
249
250
249
249
250
248
248
250
251
251
248
246
246
246
248
245
245
245
246
244
244
242
244
244
244
243
244
245
244
246
246
245
247
247
247
247
246
246
247
245
246
246
244
245
245
245
247
247
248
251
252
249
249
250
250
247
248
248
248
249
249
250
249
246
244
245
244
245
245
245
242
241
242
243
243
242
243
242
240
241
242
242
242
242
242
241
242
243
243
242
243
242
242
241
242
244
244
243
243
244
242
242
242
243
243
243
241
242
241
243
242
241
242
242
242
242
243
243
241
241
244
242
241
242
241
240
241
242
242
239
239
238
239
240
239
238
240
239
241
240
239
240
239
241
242
241
242
241
240
240
240
239
239
242
243
241
242
238
239
240
239
240
239
238
236
236
236
237
238
239
238
238
239
240
239
240
239
238
239
239
239
241
241
238
238
237
237
238
239
239
238
238
237
237
238
238
240
241
241
242
245
246
246
246
243
245
246
245
246
246
247
247
247
244
245
246
245
243
243
242
242
240
239
238
239
238
239
239
237
236
236
234
234
235
236
236
236
237
238
237
237
236
236
236
236
235
233
233
235
238
237
238
237
237
237
237
240
239
237
237
237
239
238
239
238
241
240
240
241
239
241
242
243
243
241
241
241
241
241
242
243
242
241
241
240
240
242
243
243
242
239
239
240
239
239
239
241
241
242
242
242
241
241
240
241
240
238
236
236
237
238
237
238
239
236
235
235
233
235
234
234
234
236
237
235
235
235
235
235
235
235
236
236
238
238
239
239
241
241
241
241
241
241
241
242
240
240
241
241
240
240
239
239
238
237
240
240
242
242
240
240
242
243
244
243
243
240
240
241
242
241
240
239
239
241
243
243
240
240
240
241
241
241
242
242
243
243
245
246
242
240
238
237
237
239
240
239
239
240
239
238
236
237
237
237
237
239
238
237
236
238
237
237
240
237
237
238
239
237
237
237
237
237
237
237
237
236
237
237
234
233
232
232
234
234
233
232
233
232
233
233
234
234
235
233
233
236
234
234
232
232
233
232
233
233
234
234
235
236
237
239
238
239
239
240
240
240
239
237
238
238
236
236
238
240
239
238
239
239
240
240
239
239
238
238
239
239
240
240
240
240
239
237
236
236
238
237
239
239
239
239
239
238
237
237
240
240
240
241
240
241
240
241
241
240
238
237
238
237
237
236
236
236
234
234
234
234
236
238
238
236
237
237
237
236
234
234
234
234
234
234
235
236
233
233
235
236
236
236
236
236
238
238
239
239
239
239
238
237
239
241
240
240
242
241
243
242
242
244
244
242
241
240
240
239
241
241
242
238
237
237
238
238
238
238
237
237
238
239
239
238
238
241
241
239
241
242
241
239
239
240
239
238
239
240
237
238
238
240
240
241
241
242
243
242
238
238
238
238
239
239
236
236
235
234
233
234
233
233
233
234
238
237
240
238
237
237
236
236
236
236
237
237
237
239
240
239
237
238
239
240
239
240
240
240
238
237
237
237
236
234
233
235
236
235
235
234
234
234
234
234
234
235
235
236
236
235
235
236
238
239
238
238
237
238
238
235
235
236
237
236
235
235
236
236
235
235
233
233
233
235
236
237
237
236
236
236
237
238
238
241
242
243
243
243
240
239
238
238
237
236
238
238
238
237
237
238
240
238
239
237
236
236
238
240
239
238
238
237
238
239
237
235
236
236
236
235
235
235
234
235
236
234
236
236
236
236
233
234
233
234
233
234
236
235
235
235
235
235
235
234
235
235
236
236
236
235
235
233
233
233
234
233
233
229
230
228
229
231
230
229
229
229
229
229
229
229
229
230
230
231
231
231
233
235
233
233
232
232
233
232
232
233
232
233
233
231
230
231
233
233
234
234
233
233
231
232
233
233
237
239
236
234
234
233
232
234
233
233
231
231
230
230
230
233
233
233
233
230
230
229
229
230
231
233
232
232
230
229
229
230
231
230
230
229
226
226
225
224
225
225
225
225
225
226
226
226
229
229
229
229
229
230
230
230
229
230
231
231
230
230
228
227
229
230
230
231
230
232
231
231
231
231
232
231
232
231
230
230
229
229
230
232
232
232
233
232
232
232
232
231
230
230
228
228
228
227
227
227
226
226
228
230
229
229
229
229
231
233
232
232
234
236
235
236
236
236
235
235
234
234
233
232
230
232
235
236
234
235
234
233
232
233
234
234
235
234
235
234
234
233
233
232
232
232
232
233
233
233
233
233
233
233
232
230
232
232
231
229
228
228
229
231
231
230
229
228
228
228
228
231
232
232
233
237
237
236
237
235
235
235
233
233
233
233
233
233
234
229
229
230
230
230
230
231
231
230
231
232
233
233
232
232
231
231
230
230
228
228
228
228
228
228
228
228
230
230
231
232
232
233
233
233
232
231
233
233
232
232
231
231
230
230
231
231
231
231
232
231
231
230
231
233
232
232
231
231
231
231
232
231
231
233
233
234
233
234
236
236
236
236
235
234
233
233
233
232
231
230
229
229
230
228
227
227
227
226
226
227
227
229
228
228
229
229
228
229
229
230
232
230
230
232
232
229
229
229
229
229
229
229
227
227
228
229
228
227
227
227
226
226
229
229
230
229
228
228
227
229
229
229
228
226
226
226
226
225
226
227
227
227
228
227
227
226
227
227
227
228
228
227
226
225
223
223
224
224
225
226
227
227
229
231
233
232
233
231
229
229
228
227
226
227
227
229
229
230
229
229
229
230
229
229
228
227
227
227
227
227
226
227
226
227
228
229
229
229
230
230
229
231
231
231
230
229
229
231
230
229
229
230
229
229
229
231
230
231
231
229
230
231
232
232
233
234
235
237
237
237
236
235
234
232
231
231
232
234
233
232
232
233
232
231
230
230
229
227
227
227
227
227
227
226
225
225
226
226
227
227
228
228
229
230
230
230
231
229
229
229
229
228
228
229
228
228
228
228
228
227
231
235
235
232
231
231
231
231
230
228
227
227
228
228
228
231
230
231
233
230
229
229
229
228
227
226
226
228
228
228
226
227
226
226
226
227
227
226
226
227
227
228
228
226
226
227
225
226
226
226
225
226
227
228
228
229
228
228
230
230
231
232
232
232
229
230
229
230
230
230
229
228
228
229
226
225
224
224
226
224
225
226
226
224
225
226
227
226
226
225
225
226
224
224
224
223
225
224
225
225
225
225
227
229
230
229
230
229
228
230
227
227
228
229
229
230
228
228
227
227
227
226
227
227
225
226
225
225
224
226
226
227
226
227
228
226
224
226
225
224
223
222
222
220
221
221
221
220
221
221
221
221
220
220
220
219
220
220
218
218
219
219
219
219
221
221
221
221
221
222
222
223
224
224
224
222
222
223
226
222
223
222
222
221
219
220
220
220
218
217
217
216
217
217
218
220
221
221
221
222
221
223
223
222
222
221
221
221
221
220
220
220
218
219
220
221
222
222
223
224
224
224
224
222
224
223
224
224
226
224
223
221
221
221
220
219
218
219
219
219
220
219
220
220
221
223
220
219
220
219
217
217
218
217
216
217
218
219
219
219
218
219
218
218
219
221
222
219
218
218
218
216
217
217
217
217
218
219
219
220
218
217
219
222
220
220
222
221
221
221
221
222
222
223
223
223
223
224
224
224
220
221
220
220
220
219
218
218
217
216
214
214
215
215
215
214
212
213
213
214
214
213
213
214
214
213
212
213
215
215
215
214
216
216
216
215
215
215
216
217
219
217
218
217
218
217
217
216
216
216
214
213
215
216
215
215
216
217
218
218
219
218
217
218
218
217
216
216
217
218
221
221
221
223
224
223
223
223
222
222
222
224
222
221
221
221
220
219
218
218
217
218
218
219
218
218
218
220
222
217
219
220
220
219
219
218
216
216
216
215
215
216
215
215
216
216
215
216
219
219
220
220
217
216
216
215
215
216
215
215
214
213
213
213
213
213
212
213
213
213
211
211
211
211
211
211
213
212
213
213
213
213
213
213
213
212
212
212
211
212
214
214
214
215
216
217
218
217
218
218
218
217
216
218
219
219
219
217
217
217
215
215
213
213
214
213
215
215
214
215
215
216
216
214
215
216
214
213
213
213
213
214
214
214
214
214
215
215
214
216
216
216
216
216
214
215
216
216
217
217
217
217
217
218
217
217
217
215
213
210
211
211
211
213
214
216
216
216
217
217
217
217
218
218
218
218
217
217
218
218
219
219
219
217
220
219
218
217
216
215
214
214
216
216
215
215
216
216
217
216
214
215
214
212
212
213
214
216
216
215
215
214
216
215
215
214
216
216
216
216
215
215
216
217
218
217
217
217
215
214
215
215
215
215
215
216
216
216
216
217
216
216
218
219
218
216
215
215
215
214
214
214
213
213
214
213
213
213
213
214
214
213
213
214
215
214
214
216
215
216
216
218
217
217
215
215
217
217
218
218
218
217
217
217
216
215
214
216
216
214
213
213
213
215
214
215
213
213
214
211
211
211
211
211
210
213
212
212
212
214
214
215
214
214
215
212
212
211
210
210
212
212
213
213
212
211
212
212
213
215
216
215
216
214
213
212
211
210
210
209
212
213
214
213
213
213
212
212
212
212
211
211
211
211
212
212
213
213
213
214
214
213
214
212
212
213
214
213
213
212
213
212
211
213
212
210
210
211
212
210
212
212
214
212
212
212
211
212
212
211
212
211
212
214
212
214
214
214
212
214
214
215
217
218
217
215
214
213
213
213
216
216
216
216
216
212
212
213
213
213
212
213
212
214
214
214
213
213
212
213
213
213
214
214
215
216
215
215
214
215
215
215
215
216
215
215
215
215
216
213
212
214
213
214
214
217
215
215
219
219
219
216
217
216
218
217
216
213
214
214
214
215
214
212
210
211
211
212
211
209
209
209
209
208
206
206
207
207
209
209
208
209
210
211
211
213
212
212
211
210
211
212
211
211
211
209
208
209
210
208
209
208
208
207
207
208
209
209
207
208
209
209
210
211
212
214
216
214
214
213
212
212
213
211
213
211
210
211
210
208
208
207
207
209
208
205
205
205
205
206
204
203
203
204
202
204
203
202
203
204
204
203
203
204
204
204
202
203
204
204
204
205
204
203
203
203
203
203
202
202
203
202
202
203
200
200
199
198
198
199
200
201
201
202
200
201
201
202
204
205
205
205
203
201
201
203
203
200
200
200
200
199
200
200
200
201
201
201
200
201
201
201
202
201
201
201
201
201
202
203
200
200
200
200
200
201
200
198
200
200
200
200
201
202
201
200
200
199
198
199
199
200
199
200
200
199
199
199
199
200
201
200
201
200
200
201
202
203
201
200
200
199
199
199
199
199
199
199
200
199
198
199
199
198
199
198
198
197
197
198
197
197
197
198
198
200
201
201
200
199
199
200
199
200
198
198
198
198
198
198
198
199
196
198
198
198
197
197
198
198
198
199
200
199
198
197
195
197
197
197
196
197
198
198
199
199
199
198
199
198
198
196
196
196
196
198
197
197
197
195
196
196
196
196
196
196
194
194
192
192
192
192
192
192
192
193
193
192
193
194
194
194
194
194
195
194
195
194
194
194
196
196
195
193
193
192
192
194
192
191
192
192
192
192
192
193
194
193
193
191
189
190
189
189
191
191
191
190
191
192
193
191
189
189
189
189
189
189
191
190
190
190
190
190
190
190
190
190
190
190
192
194
194
194
195
196
196
196
196
194
198
198
195
196
196
196
197
196
195
195
194
196
195
195
195
193
194
193
193
194
194
194
194
196
195
194
195
195
196
199
200
200
200
199
201
201
201
200
199
197
196
196
195
197
197
196
195
197
197
197
195
197
196
196
197
197
197
196
194
191
192
194
194
191
191
190
190
189
190
189
189
189
190
191
191
193
192
191
191
191
191
191
190
190
190
192
192
192
192
193
192
192
191
191
192
191
191
191
191
191
191
191
191
190
190
192
192
192
190
191
191
191
190
190
189
188
189
189
190
188
187
188
188
188
187
187
187
187
187
187
188
188
188
187
187
188
187
187
186
186
184
185
185
185
185
185
185
185
185
186
187
187
187
188
189
187
187
187
187
187
187
186
187
187
188
188
188
188
188
189
188
187
187
188
188
190
191
191
191
192
191
192
194
193
192
192
193
194
196
194
194
193
192
192
190
190
189
190
192
192
191
190
189
188
188
188
188
188
188
188
187
188
188
189
189
188
188
188
188
187
187
188
188
188
188
189
189
189
189
189
190
190
191
188
188
189
189
189
188
188
188
188
188
188
188
188
189
189
189
190
190
190
192
191
194
194
194
193
191
193
194
194
194
195
195
196
196
196
195
194
192
192
191
194
195
195
193
193
193
193
193
195
194
194
196
193
193
192
192
191
191
191
190
190
191
190
191
193
195
194
194
195
197
196
194
194
195
195
195
195
195
195
195
194
194
194
192
191
192
192
191
191
190
191
190
191
191
191
190
190
189
190
189
190
190
189
189
189
189
189
189
190
190
190
191
191
192
193
193
193
193
194
195
195
195
195
194
195
194
192
192
192
192
189
189
190
191
191
192
192
192
193
195
193
193
193
194
194
194
194
194
194
192
193
194
192
192
192
191
191
190
189
188
189
190
190
189
188
189
189
189
189
190
188
188
188
190
189
189
191
190
188
186
185
185
185
185
186
185
186
186
186
185
185
185
185
184
184
184
186
186
187
188
188
190
191
191
192
193
192
191
192
192
191
190
189
191
190
187
184
183
184
184
185
186
186
186
186
186
187
189
188
188
187
188
189
188
188
187
190
190
189
188
188
188
187
188
189
190
190
189
188
188
188
187
187
187
187
188
188
187
187
186
188
188
187
188
188
189
190
189
190
190
190
190
190
188
190
190
187
187
188
188
188
191
191
193
192
191
191
190
192
194
195
195
195
195
194
194
193
193
192
191
189
188
187
187
186
185
183
184
184
183
185
186
186
186
186
186
187
187
186
187
186
184
184
185
184
183
183
184
184
184
186
187
187
187
186
186
186
186
186
186
185
185
186
185
185
184
185
187
188
187
186
184
184
183
182
182
182
182
183
184
184
185
184
184
184
184
184
183
181
181
181
181
181
181
181
181
182
183
183
184
184
184
183
183
183
184
184
183
183
184
184
183
182
183
183
182
181
181
180
180
181
183
183
184
184
185
182
183
182
182
182
181
182
184
183
182
183
183
183
183
184
183
184
183
183
184
185
186
187
188
189
190
186
188
188
187
187
188
191
191
189
189
187
186
186
188
191
189
188
186
186
186
185
186
184
184
185
184
184
185
185
185
184
186
184
184
184
184
184
185
185
185
186
186
186
186
186
186
186
185
185
184
183
183
184
183
183
183
182
184
184
183
184
185
186
185
183
184
183
183
184
184
183
182
183
183
183
184
184
185
183
183
182
181
180
180
180
181
183
184
186
185
184
184
185
185
186
184
184
184
183
182
182
183
181
181
182
183
182
181
181
182
181
181
182
182
182
181
181
180
181
183
183
183
184
184
182
182
182
182
182
181
180
181
181
181
180
180
180
181
181
179
179
179
179
179
181
182
181
182
180
180
180
180
181
180
180
180
180
179
180
180
179
178
178
179
178
177
177
178
179
182
182
182
182
183
184
185
185
185
185
183
182
183
182
182
182
182
183
183
183
182
181
181
181
183
182
182
182
182
181
181
180
180
180
180
180
180
180
181
181
181
182
182
183
181
181
181
181
180
180
179
180
181
180
181
181
182
182
181
180
178
178
179
180
181
182
182
183
184
186
187
186
185
184
182
182
181
181
181
181
182
181
180
181
181
181
182
183
182
182
183
183
182
181
180
182
184
184
184
183
184
184
184
184
184
182
181
182
183
181
180
180
180
179
179
179
180
178
178
179
179
177
178
176
177
176
176
175
176
177
178
178
178
179
178
178
176
176
176
177
180
180
180
180
179
179
180
180
180
180
180
179
177
178
178
178
179
178
178
178
177
178
177
177
178
178
179
179
180
179
181
182
182
181
181
181
181
179
179
181
181
181
180
180
180
182
182
181
181
180
181
180
180
181
182
183
183
184
183
182
182
182
180
181
181
180
180
179
179
179
178
177
178
178
177
177
178
178
179
179
179
181
181
182
180
180
180
180
178
178
179
178
178
179
179
181
181
183
182
181
181
180
181
180
180
181
179
180
180
181
179
179
177
177
176
177
178
178
178
178
179
180
181
181
183
183
182
182
181
182
180
180
179
178
177
176
176
177
178
179
180
180
179
179
180
181
180
179
178
180
178
177
179
179
179
179
180
181
179
179
179
180
181
181
181
181
183
183
183
183
182
183
182
184
182
180
180
180
178
176
176
176
176
176
174
174
174
174
176
176
177
177
178
178
179
179
179
179
180
180
181
182
182
183
183
182
180
181
182
183
182
182
184
185
181
181
181
181
181
180
180
180
180
180
180
180
180
179
179
179
180
181
180
181
182
182
183
185
183
186
184
185
186
185
185
187
188
187
185
184
184
184
183
182
182
183
182
183
182
181
181
181
183
182
182
183
182
180
180
181
181
180
181
181
181
182
181
182
181
181
181
182
182
183
181
182
182
181
182
181
181
180
180
178
179
179
178
179
180
180
179
179
180
178
176
176
177
177
177
176
178
179
179
178
178
178
179
179
181
181
182
182
183
183
181
181
181
182
182
181
180
180
179
180
180
179
181
182
181
181
181
181
179
179
181
182
182
182
181
181
181
180
179
179
179
179
179
181
181
181
182
181
182
183
182
182
181
180
180
181
181
181
180
179
179
178
177
178
179
178
179
178
178
178
179
180
179
179
179
178
177
177
177
177
177
178
178
179
179
180
180
180
179
179
180
181
182
181
181
181
181
181
180
180
181
181
181
183
183
185
185
185
184
184
184
185
185
183
183
184
184
183
182
182
184
184
183
183
183
182
183
181
181
181
183
181
181
183
183
182
182
184
185
185
182
182
182
181
181
182
181
180
181
180
180
180
179
179
178
177
179
179
179
179
179
180
181
180
181
181
180
180
180
181
181
180
180
179
181
183
182
182
178
178
180
177
176
177
177
176
176
176
177
176
178
178
175
175
177
178
177
177
175
175
174
174
175
174
174
175
174
174
174
174
174
174
174
173
173
175
178
176
176
177
176
177
177
177
177
177
177
176
176
175
176
177
178
178
178
178
179
178
178
178
178
179
179
181
178
176
177
177
178
180
181
181
179
180
181
179
178
179
181
181
182
183
181
181
182
181
180
178
178
177
176
177
175
174
175
174
175
175
175
173
172
172
172
171
171
172
172
172
172
172
173
171
171
171
172
173
172
172
172
172
172
172
174
174
175
177
176
174
174
174
173
174
173
174
173
173
174
174
174
174
173
173
173
171
171
171
171
172
172
172
171
171
174
174
172
172
172
172
172
172
172
173
171
170
171
172
173
174
174
173
173
171
173
173
173
173
174
174
175
174
173
172
176
177
176
176
177
180
179
178
176
178
179
179
179
176
177
178
177
177
176
176
176
176
175
175
174
174
175
175
175
174
176
177
177
176
175
177
177
177
177
176
177
177
178
178
178
178
178
178
177
177
177
177
176
175
175
175
176
176
175
175
176
174
172
172
172
173
172
171
171
171
171
171
171
173
172
172
176
176
177
177
177
177
178
178
178
176
175
174
174
173
173
174
173
174
174
174
174
175
177
176
177
176
176
176
178
177
176
176
175
175
175
178
178
177
177
175
175
176
176
176
175
175
174
175
176
178
175
177
177
177
176
175
175
177
177
177
176
173
173
173
173
173
173
173
174
172
171
171
171
171
171
171
172
172
173
172
173
173
172
173
172
173
173
173
173
173
175
175
174
173
173
175
176
177
178
180
183
184
184
181
182
182
181
180
181
181
181
181
180
177
176
177
179
178
181
180
176
177
180
179
179
180
180
180
179
178
178
177
177
176
176
176
175
173
173
173
173
173
172
172
173
173
172
172
172
172
172
172
173
173
172
171
171
172
172
174
175
174
176
176
176
175
176
177
176
174
173
173
173
173
173
174
174
174
175
174
173
173
173
173
173
172
171
171
171
172
174
175
175
174
177
177
177
177
177
175
175
175
175
175
174
174
174
174
174
175
175
175
174
172
172
173
172
171
171
171
171
172
171
171
171
171
173
173
174
171
171
170
170
170
169
170
170
171
171
171
172
172
173
174
173
175
174
173
173
172
171
170
171
169
169
169
170
169
170
170
171
171
171
172
172
171
171
171
174
174
174
174
174
175
174
174
176
177
177
177
179
178
177
177
175
175
175
175
177
176
176
176
175
175
175
177
177
178
176
176
176
178
177
176
177
178
177
177
174
173
174
175
174
173
172
171
171
171
171
173
173
172
173
173
173
173
172
172
171
171
172
172
172
170
170
169
168
170
170
171
171
173
174
174
174
173
173
173
172
172
171
171
172
172
172
171
170
169
169
169
168
166
167
168
169
170
170
170
172
172
173
172
172
171
169
169
169
169
169
169
168
169
170
170
170
170
170
172
169
169
169
170
170
171
170
