0.0004537931034482759 0.0004879310344827587
300
294
286
282
274
272
264
261
258
257
255
253
252
252
251
250
251
248
248
248
249
249
250
249
248
248
244
243
242
240
239
238
236
237
236
237
234
235
237
235
235
234
232
233
233
232
232
232
231
232
234
234
235
235
230
229
229
229
228
229
230
231
229
230
228
228
227
231
234
235
234
234
235
234
234
235
232
231
230
227
228
228
229
230
231
230
230
230
228
226
227
227
228
227
226
226
227
227
225
229
229
229
232
230
227
226
228
227
226
228
230
231
230
231
230
229
228
227
225
225
225
227
225
224
225
226
227
226
223
223
224
222
221
220
221
221
223
223
223
224
224
224
223
226
227
226
227
228
229
224
222
223
225
225
224
224
222
221
219
217
216
216
216
215
215
213
212
215
215
215
215
216
214
213
214
214
213
213
216
217
219
217
218
217
219
219
219
219
219
220
220
219
218
216
216
215
217
218
217
216
217
216
216
216
216
214
215
215
215
215
213
213
214
214
213
214
213
212
212
212
211
211
212
209
209
210
212
213
210
208
208
209
210
209
209
211
214
215
215
216
215
217
216
217
217
216
218
216
217
217
217
215
215
214
213
212
213
213
211
211
209
208
208
209
210
209
209
209
209
211
210
209
208
208
209
209
211
213
216
216
213
213
212
211
213
211
211
210
209
209
209
209
208
208
207
209
209
208
208
206
207
205
204
203
203
206
206
206
207
205
207
203
204
204
204
204
206
205
206
206
206
207
208
206
206
207
206
206
206
206
210
209
209
207
207
207
209
208
210
208
208
209
206
208
209
208
208
207
206
206
206
206
203
203
203
203
202
201
201
201
201
200
199
201
201
203
204
203
203
203
201
201
202
203
203
203
206
206
206
205
203
205
207
207
207
206
206
205
204
202
204
204
205
204
205
210
209
209
208
211
210
208
207
208
208
207
208
208
209
209
212
212
214
212
210
208
208
209
208
209
209
208
207
207
206
207
208
206
206
204
205
203
201
201
199
198
200
199
200
200
198
196
195
196
196
195
195
198
196
197
198
199
200
198
199
202
202
202
201
202
202
201
197
199
197
196
195
194
195
194
194
192
192
190
189
191
191
190
190
190
190
191
191
192
193
193
195
197
196
195
194
193
194
194
194
194
193
194
192
192
192
193
194
193
193
192
192
192
191
190
191
190
191
191
191
190
190
191
191
192
193
191
192
194
195
194
196
197
195
195
193
193
193
191
191
192
190
190
189
191
194
194
191
191
192
193
192
192
189
191
190
190
189
191
190
193
191
190
190
190
190
189
188
188
189
189
191
192
192
192
192
193
193
191
191
193
191
190
191
189
190
188
190
189
191
190
193
195
194
193
192
193
192
191
192
192
193
194
191
192
192
191
190
191
190
192
193
193
194
192
192
192
191
191
190
189
187
187
187
186
185
185
186
187
185
185
185
185
185
187
187
187
187
188
189
187
188
188
188
187
186
186
188
188
186
185
183
183
183
183
183
181
181
182
184
184
185
185
186
187
186
184
185
185
185
184
184
183
183
183
183
182
181
180
182
182
181
181
181
181
181
181
181
181
183
185
182
182
182
182
183
183
183
183
184
183
183
181
181
182
181
182
185
183
183
182
183
181
183
183
181
181
183
183
185
185
183
185
184
184
183
183
185
186
186
184
186
186
185
186
186
187
186
186
186
188
189
186
186
186
184
183
181
181
181
181
182
181
181
183
182
178
178
178
179
178
177
176
176
178
178
177
177
176
177
178
179
180
179
180
181
181
181
181
182
180
178
177
178
177
176
175
175
176
176
176
177
176
178
178
181
179
182
182
179
178
175
174
176
175
175
175
176
176
174
172
172
172
172
173
174
174
173
172
173
173
171
171
172
171
172
172
174
174
172
171
172
172
172
174
175
176
177
177
177
177
178
178
175
175
175
174
175
177
178
178
179
177
177
179
179
182
181
183
182
182
181
179
178
179
179
181
179
178
180
180
178
180
177
176
175
175
176
176
175
174
173
173
176
174
173
175
174
172
172
172
172
172
172
172
172
172
171
173
173
171
171
170
170
170
170
171
171
173
173
174
173
173
172
171
172
173
173
172
173
175
175
174
176
177
176
176
175
174
173
173
177
177
176
174
174
176
175
175
175
175
177
177
180
177
177
178
178
180
178
176
176
176
177
179
178
178
177
176
178
179
181
178
179
177
179
178
180
177
176
175
173
172
173
175
175
174
173
173
171
172
173
174
174
175
175
175
176
175
176
176
175
174
173
173
173
174
173
172
172
171
170
170
170
170
170
169
168
169
169
171
169
170
171
170
170
173
173
174
175
174
173
173
171
170
170
169
168
168
169
170
169
168
168
169
169
169
171
171
171
170
169
170
170
166
167
167
164
165
165
164
164
163
164
164
164
165
166
166
166
166
164
162
164
164
165
170
171
169
171
172
171
170
170
171
168
168
168
168
168
168
168
168
170
170
171
170
170
168
166
164
165
164
164
167
167
167
167
166
166
167
168
166
166
166
168
167
166
165
166
166
166
167
167
168
168
170
171
170
171
170
170
170
171
171
170
169
169
168
169
170
172
168
168
165
165
164
164
165
167
168
167
167
167
166
164
163
163
163
166
166
166
169
168
167
169
168
168
169
169
168
168
171
173
173
173
172
172
173
174
172
171
173
168
168
168
170
170
170
170
171
172
172
171
171
168
167
168
169
169
168
168
167
167
165
165
166
167
167
167
167
164
164
164
165
165
166
166
165
163
163
163
163
162
162
162
163
165
164
165
165
166
165
164
164
164
166
166
167
166
166
165
164
163
165
164
163
162
162
162
163
164
165
166
167
167
167
166
166
165
165
165
165
165
165
162
162
160
160
160
161
161
161
161
162
162
162
164
163
161
161
164
164
164
164
164
163
164
165
165
166
164
164
163
163
163
164
164
165
164
165
166
168
165
166
166
165
165
165
164
164
165
164
165
164
164
165
165
167
167
168
168
168
166
166
166
165
164
165
165
165
165
164
163
164
165
164
164
165
165
164
164
163
164
165
166
170
168
167
169
167
167
166
163
164
163
164
163
162
164
165
164
164
164
164
164
164
163
165
164
162
163
162
164
162
163
162
162
162
161
161
163
162
162
161
161
160
160
159
159
159
159
159
160
161
161
161
161
159
159
159
158
162
163
162
164
164
162
162
160
160
161
161
161
163
160
161
161
160
161
159
161
161
160
160
159
159
157
158
155
157
158
157
157
157
157
157
156
156
157
155
156
155
154
155
156
157
156
156
157
158
157
157
157
156
156
156
157
158
159
160
156
156
157
157
159
159
159
160
161
162
161
160
160
160
159
158
160
160
158
158
157
156
155
155
155
160
160
160
158
158
157
157
156
156
158
158
159
156
156
155
155
155
153
152
153
153
153
153
153
152
153
153
153
153
152
152
151
150
152
153
152
152
152
152
150
150
149
150
151
151
152
151
152
151
150
150
150
150
151
151
151
151
151
151
150
151
151
151
151
150
152
151
151
151
151
151
150
151
150
149
150
150
150
148
147
147
146
147
151
150
150
150
152
152
153
152
152
152
152
151
152
152
152
153
154
153
152
152
153
153
155
154
153
154
154
151
151
151
149
150
152
152
152
154
154
152
151
152
152
153
152
153
152
155
155
156
156
157
157
157
158
158
158
158
157
158
160
159
158
160
158
158
157
158
157
155
156
158
158
158
156
155
156
156
155
153
154
154
156
159
159
157
160
156
154
152
152
152
152
152
152
152
153
153
152
153
154
154
154
153
154
154
154
152
152
151
154
154
155
156
157
156
158
157
156
155
155
154
154
155
155
155
155
155
156
156
156
155
155
154
154
154
155
152
152
153
151
152
152
154
155
153
154
153
153
154
155
154
154
153
153
153
153
153
154
154
154
152
151
152
152
151
151
151
152
154
154
153
152
153
150
148
148
148
148
149
150
150
151
152
152
152
151
150
149
149
149
149
149
149
149
148
148
149
150
150
150
151
152
150
152
152
152
152
151
150
149
149
149
148
149
149
151
150
150
151
150
149
150
150
150
150
148
148
148
149
149
149
149
151
151
151
149
150
149
150
151
151
152
152
153
152
152
150
151
151
150
150
150
150
150
151
151
151
152
151
151
150
151
152
151
150
150
150
151
151
152
152
153
153
151
151
149
149
149
149
149
150
149
148
147
147
148
149
150
151
151
153
154
154
154
153
154
154
153
152
152
150
150
151
150
152
153
154
154
155
154
152
153
150
151
150
151
151
152
152
152
152
149
147
150
150
152
153
153
150
150
150
150
152
151
152
154
153
154
154
153
151
151
152
151
152
152
153
151
152
152
151
150
151
151
151
152
152
151
150
150
151
150
150
149
150
150
149
150
150
149
150
150
150
150
149
149
150
150
149
148
148
148
148
149
148
148
147
147
147
146
148
148
147
150
150
150
150
149
147
149
149
149
149
149
149
149
150
150
151
150
150
150
150
149
151
148
148
148
147
146
147
147
148
146
146
145
145
144
145
145
145
145
145
144
144
145
144
144
145
145
145
145
145
143
145
145
145
145
144
147
148
149
152
152
151
151
151
150
150
149
148
148
151
150
151
153
156
154
153
153
152
152
152
152
152
151
151
152
152
152
149
149
149
149
147
147
149
149
148
149
149
149
149
148
150
149
150
148
148
150
149
148
147
147
147
149
150
149
150
151
149
148
148
148
148
148
147
147
147
147
146
146
145
144
144
144
146
146
145
145
146
146
147
149
148
149
149
148
150
150
150
149
149
149
148
148
147
146
146
146
146
146
148
150
149
148
147
147
147
147
146
146
147
148
150
151
151
152
152
152
150
149
148
150
150
150
148
148
147
148
148
147
147
147
150
150
147
147
148
148
149
149
147
147
147
146
146
146
145
146
144
144
145
146
146
147
146
148
147
147
148
148
148
149
151
152
151
150
151
150
150
152
149
150
152
151
151
150
150
150
150
150
151
152
152
152
151
150
150
150
150
149
150
150
151
151
154
154
154
153
151
151
151
149
149
150
147
146
144
145
145
144
144
143
144
144
146
148
146
147
146
146
147
146
148
146
147
145
146
146
146
146
146
145
147
145
144
144
144
144
144
145
143
144
144
144
145
147
147
146
145
146
143
142
141
141
141
141
142
142
143
144
145
145
141
142
143
143
144
143
141
143
143
143
144
144
146
148
146
146
147
146
145
144
143
143
143
145
146
146
145
146
146
146
145
145
144
144
144
144
144
143
144
144
144
144
145
144
143
144
142
144
146
147
146
148
146
144
145
146
145
145
145
144
142
142
144
145
145
144
145
145
143
145
146
146
146
145
145
145
144
144
147
148
149
149
148
147
147
148
148
150
148
146
147
147
148
150
147
148
145
146
144
142
142
144
144
145
145
145
145
144
140
140
140
140
139
137
137
137
137
139
139
139
139
139
139
140
138
138
138
139
138
139
139
138
139
140
141
142
142
142
141
140
140
140
140
139
139
139
138
138
138
138
139
136
136
137
137
139
140
139
138
138
139
139
139
139
140
140
140
141
141
142
142
142
142
143
142
140
139
140
139
139
140
140
141
142
145
142
145
143
143
141
139
141
140
140
140
144
143
142
140
141
142
142
143
143
144
143
143
142
144
143
143
143
142
143
143
143
144
143
143
143
143
142
142
141
141
143
142
141
142
144
144
144
144
145
144
145
145
146
146
146
145
148
150
149
149
151
151
151
151
152
153
153
150
148
149
146
145
145
144
146
146
146
147
147
146
146
144
143
144
145
143
141
140
139
138
137
138
138
138
139
140
138
137
137
137
138
138
138
138
138
138
138
137
136
136
136
136
137
140
139
141
142
139
139
140
140
138
137
136
135
136
136
136
137
136
136
136
137
139
139
139
138
139
140
140
140
138
138
139
142
141
143
141
141
142
142
140
139
140
139
139
139
140
139
138
139
139
138
137
138
138
137
137
137
136
135
135
134
136
136
136
136
137
138
137
136
136
136
137
137
139
140
138
138
138
138
140
143
143
142
140
140
141
139
139
138
136
136
136
136
136
136
137
138
137
137
137
137
138
136
136
136
138
139
141
140
139
140
136
136
136
136
135
135
136
137
138
138
139
139
139
140
139
137
137
137
137
137
137
136
137
139
141
141
140
140
139
139
138
138
140
139
137
139
139
139
139
139
139
139
139
138
138
137
136
134
135
135
135
135
135
136
136
138
137
137
137
135
135
135
134
134
134
134
133
133
133
133
133
133
133
133
133
133
133
134
134
133
133
133
134
134
135
135
136
137
135
136
135
135
135
137
137
136
136
134
134
134
133
134
133
133
132
132
133
135
136
136
136
138
140
137
136
136
135
136
136
136
136
136
135
135
134
134
135
137
138
137
135
135
137
137
136
136
135
134
135
136
135
134
135
133
133
134
134
134
133
134
134
134
134
134
135
135
135
134
133
133
135
135
137
137
137
137
137
137
138
137
138
139
138
138
138
136
136
136
137
137
136
135
134
135
134
134
135
135
136
136
136
136
134
134
133
133
132
132
133
133
133
133
133
134
134
135
135
136
136
136
136
136
136
139
140
141
141
139
140
140
139
140
140
141
139
138
136
137
136
136
137
137
135
136
135
137
137
136
136
137
137
136
135
135
135
137
138
138
137
135
134
135
136
136
136
135
135
137
137
136
135
134
135
135
134
134
134
135
135
135
134
134
135
135
136
136
137
137
137
139
137
137
138
138
137
137
136
137
136
134
135
133
133
133
136
136
135
136
135
134
134
134
134
134
135
137
138
136
134
133
131
131
131
131
131
131
130
130
131
132
132
132
132
132
132
132
133
132
132
130
131
132
132
133
132
132
132
133
134
133
131
129
129
130
131
130
130
131
131
133
133
133
132
134
135
135
135
135
135
134
133
133
133
132
132
133
131
131
131
129
129
130
130
130
130
131
133
133
133
135
134
135
135
136
136
136
136
137
137
137
137
137
136
138
137
134
133
134
137
138
137
140
138
137
135
137
139
138
137
138
138
137
135
136
135
135
135
135
135
133
133
133
134
134
133
132
133
133
132
132
132
135
134
133
133
133
134
134
134
135
134
134
132
130
130
130
131
131
130
131
130
130
129
129
129
129
130
131
129
129
130
130
131
131
131
131
131
132
132
132
132
132
132
131
131
131
130
129
129
130
128
128
129
129
129
129
128
128
128
128
129
130
130
130
131
130
128
124
125
125
126
127
126
127
127
127
126
127
129
129
128
127
128
128
129
129
128
128
129
129
128
128
128
128
128
127
128
127
127
127
127
127
128
128
129
131
128
128
128
128
128
127
128
128
128
127
127
127
129
128
129
128
128
129
128
128
128
128
128
128
127
128
130
130
129
128
129
129
128
127
126
126
128
128
129
127
126
125
126
126
127
127
126
126
127
126
125
125
125
125
125
125
125
124
123
124
124
124
123
124
124
124
125
127
124
124
124
125
125
126
125
125
125
126
126
126
124
124
123
123
123
123
123
123
122
123
124
124
124
124
123
124
124
124
123
125
125
124
123
126
125
125
124
125
126
125
124
125
126
128
128
126
126
127
127
126
129
128
129
128
127
128
127
127
127
125
126
126
126
124
124
125
127
128
128
128
128
128
127
126
124
124
124
125
126
128
129
128
127
128
127
127
127
127
129
128
129
129
127
128
128
127
126
125
129
129
127
127
126
125
126
127
125
127
127
128
128
126
125
125
125
123
122
123
125
125
126
128
127
129
127
126
127
127
127
127
129
129
128
128
128
127
128
125
124
124
121
121
122
121
121
121
120
121
121
120
121
121
121
121
121
121
121
121
121
121
122
122
122
125
125
125
125
125
125
122
122
122
123
122
123
123
123
124
122
121
121
122
122
122
123
123
122
124
125
125
125
124
125
125
125
125
125
125
125
126
126
126
126
125
125
125
124
122
122
122
122
122
124
125
125
125
125
126
126
124
123
124
124
124
123
123
123
123
124
125
124
124
123
122
122
122
122
122
122
123
123
122
122
122
121
121
122
120
120
120
122
120
121
120
120
120
121
121
120
120
119
117
117
117
117
118
116
115
114
114
115
115
115
116
116
115
115
115
115
115
115
117
118
120
121
120
121
121
121
121
121
121
118
117
116
116
116
117
118
119
119
119
120
120
120
118
118
115
116
116
115
116
114
114
116
114
114
116
117
118
118
118
118
118
118
117
116
115
115
115
113
115
114
115
114
114
115
114
115
115
116
116
118
118
119
120
121
120
123
123
121
120
120
120
120
120
119
118
117
118
116
117
117
116
116
116
117
117
115
115
115
115
116
116
116
116
117
116
116
116
114
113
113
113
113
113
113
114
114
114
113
112
112
113
112
112
112
112
111
111
110
111
110
110
110
110
110
111
110
110
110
110
110
111
109
109
112
111
111
111
110
110
110
109
109
109
109
111
111
111
111
114
112
111
111
113
113
112
112
112
111
111
113
111
110
109
110
111
111
111
111
111
111
111
110
110
110
110
111
111
111
111
111
111
111
111
111
113
114
113
113
114
113
114
115
114
112
112
113
113
113
112
112
113
112
113
113
113
113
112
111
111
111
111
109
109
109
110
109
109
109
109
109
108
109
109
110
110
110
110
111
111
112
112
112
112
112
111
111
112
113
112
110
110
110
110
111
112
113
113
114
113
111
111
111
112
112
112
112
114
113
115
114
113
113
111
111
111
111
111
111
111
111
112
112
111
110
110
110
109
109
110
109
110
110
110
111
110
108
108
108
109
109
109
110
111
111
112
112
113
113
112
113
111
111
112
112
112
112
112
113
113
113
113
114
115
115
113
116
117
115
113
113
113
113
113
110
110
110
110
110
110
110
110
110
110
111
113
113
113
113
113
112
111
110
110
110
111
110
110
111
111
110
111
112
113
113
113
113
112
110
109
108
108
108
109
109
109
109
109
111
111
112
112
109
109
109
109
109
109
109
110
109
110
110
111
111
112
111
111
112
111
111
112
112
113
113
113
113
113
113
113
112
112
112
112
110
110
110
111
111
115
112
112
113
113
114
114
113
114
114
113
112
112
113
115
116
117
116
116
114
115
114
116
115
115
113
112
111
113
113
113
112
112
112
111
111
110
109
110
108
108
108
108
109
110
110
109
109
108
109
109
109
109
110
111
111
110
110
110
111
111
110
110
110
110
110
109
109
110
108
108
108
108
109
110
110
110
110
109
109
109
109
109
108
108
107
108
108
107
109
108
109
110
110
109
111
110
110
110
110
113
113
111
111
111
110
110
110
113
113
113
112
112
113
111
111
112
112
113
112
112
113
113
113
113
114
109
109
108
109
109
109
109
111
111
110
108
108
109
108
109
110
109
109
111
109
110
110
110
110
110
111
112
111
110
111
111
110
109
110
109
109
109
109
110
111
112
112
112
111
111
110
110
111
110
109
108
108
110
110
109
110
110
110
109
109
109
109
108
109
107
108
108
107
107
108
108
108
108
108
109
109
109
109
109
109
110
109
108
108
107
108
110
112
110
110
110
110
111
111
111
110
110
110
110
109
108
107
108
110
109
109
111
111
111
111
110
110
111
110
109
109
109
109
108
107
107
108
108
108
108
109
109
110
110
110
111
110
110
111
112
109
109
109
109
110
110
109
108
107
108
108
108
110
110
110
110
109
110
110
111
110
110
110
110
109
110
110
111
110
109
109
109
111
107
108
108
108
109
109
110
109
109
110
111
110
109
110
110
109
110
110
110
109
110
110
107
109
110
109
108
106
106
106
106
106
106
103
104
104
104
103
104
105
105
104
103
104
105
106
105
105
105
104
104
104
103
103
104
103
103
104
104
104
103
103
103
104
105
104
104
104
104
104
105
105
104
103
104
104
103
103
103
103
104
104
104
103
103
104
104
104
105
106
106
106
107
107
108
108
107
107
107
107
107
109
109
109
109
110
110
109
109
106
105
106
106
106
107
106
107
105
105
105
106
107
107
106
106
105
105
105
105
106
106
104
104
104
104
105
105
105
103
104
104
105
105
105
105
105
104
103
103
103
103
103
102
101
101
101
102
102
102
102
103
102
102
103
103
103
102
102
102
101
102
101
102
101
102
102
103
102
102
102
101
102
102
101
101
104
102
103
102
101
101
101
101
101
102
102
101
103
103
103
103
103
103
103
103
103
103
103
104
104
104
105
104
105
104
104
104
103
102
103
103
103
104
103
103
101
101
101
102
103
102
102
102
103
103
105
106
104
103
102
101
101
101
101
101
101
101
102
102
102
103
104
105
105
105
103
102
102
101
100
100
100
100
100
100
101
103
101
102
102
103
103
103
103
103
105
105
103
104
103
103
105
104
103
103
102
102
100
98
99
101
102
103
103
103
103
104
103
103
101
100
98
98
97
98
98
97
98
98
98
100
101
101
101
101
102
102
102
103
104
105
104
102
103
103
101
101
101
101
101
101
101
101
103
101
101
100
101
102
102
101
102
102
102
103
103
103
103
103
103
102
102
101
102
102
102
103
102
102
102
103
102
102
102
102
104
105
105
105
104
103
102
102
102
103
101
102
103
104
105
105
105
104
104
106
107
106
106
107
106
105
104
104
104
103
103
103
102
103
102
103
103
102
102
103
101
101
101
101
102
102
101
103
105
105
105
106
105
105
105
104
104
106
105
107
108
109
109
107
104
103
101
102
100
100
100
101
101
100
101
101
100
102
101
100
100
100
100
100
101
101
100
101
101
101
101
101
101
101
101
101
101
100
100
100
100
101
102
102
103
104
104
105
103
102
101
102
102
101
101
101
101
101
101
101
103
103
102
101
101
100
100
101
100
100
100
101
100
100
100
99
99
99
101
102
102
101
102
102
102
102
104
103
102
101
101
102
100
99
99
99
99
99
99
99
99
100
100
100
99
99
99
100
99
99
99
99
100
100
101
102
101
104
104
105
105
105
106
106
103
104
104
103
104
105
105
104
102
103
103
103
100
100
100
100
100
99
99
100
100
100
99
99
98
98
98
98
98
98
98
98
98
98
98
98
98
98
98
98
98
98
98
99
99
99
99
98
97
97
98
98
98
98
98
98
97
97
97
97
98
98
97
97
97
97
97
97
97
99
98
99
98
99
100
102
102
103
103
105
105
103
103
100
101
101
102
102
101
101
101
100
103
104
102
103
104
103
102
102
102
101
100
100
101
102
101
103
102
102
102
103
103
103
100
100
99
99
100
99
100
100
101
101
100
100
100
99
99
99
100
99
99
99
99
99
98
98
98
98
98
96
96
96
96
97
97
97
97
96
97
97
97
98
98
98
98
98
98
98
98
99
100
100
101
101
99
98
98
98
98
98
99
99
98
96
96
96
98
97
97
97
98
98
98
