0.0004537931034482759 0.001
300
297
295
293
283
279
273
266
265
258
251
247
244
242
239
237
235
232
231
230
231
230
228
228
228
225
224
223
224
224
223
222
221
221
224
223
223
224
224
224
223
223
223
221
220
222
224
224
226
226
224
222
222
222
222
221
219
217
217
219
218
217
217
215
213
213
211
211
210
209
209
211
210
211
210
209
208
208
208
210
209
209
209
210
210
210
211
211
209
208
209
209
211
211
213
213
213
210
209
209
210
211
212
215
214
214
215
215
213
212
212
212
212
210
210
210
211
210
211
212
214
213
212
212
211
210
208
208
207
207
207
209
211
211
212
211
209
210
211
214
215
214
213
214
213
214
214
216
215
215
213
212
211
210
211
212
212
212
213
212
212
211
209
211
208
205
206
205
205
205
204
206
207
206
204
204
204
203
205
207
208
209
209
208
206
207
207
207
207
205
204
204
206
206
207
206
206
207
206
208
206
206
206
206
207
206
207
208
208
209
209
208
208
207
207
207
205
204
202
203
202
201
203
202
202
201
200
201
201
201
203
205
206
207
207
206
204
204
203
205
203
201
201
201
202
202
201
201
202
204
202
202
202
205
205
207
205
205
203
203
202
205
202
203
203
202
202
202
201
200
201
202
200
199
199
200
201
199
198
199
203
203
204
204
202
200
196
197
196
196
196
199
200
198
197
197
198
198
197
198
196
196
194
192
192
193
192
191
191
192
192
192
193
191
191
188
188
188
189
189
190
190
191
191
191
193
193
194
196
195
198
197
197
195
196
195
195
195
197
197
195
194
193
193
195
195
195
192
195
194
194
194
195
195
193
193
195
196
194
194
194
194
194
195
195
193
194
197
198
199
199
199
195
194
194
195
198
194
193
194
195
195
195
192
191
191
191
188
186
187
186
187
188
187
188
189
189
189
188
186
187
188
185
186
187
188
186
187
188
186
186
186
187
188
190
189
189
189
190
191
190
191
191
191
191
191
190
189
188
188
190
189
190
192
193
191
189
189
186
186
185
185
185
185
184
187
186
186
191
191
193
195
196
195
194
196
198
196
195
195
192
191
192
193
193
195
196
195
195
194
195
196
197
195
197
196
194
195
196
194
196
196
197
197
197
197
195
193
192
193
193
194
195
196
193
192
191
190
189
189
189
188
187
189
189
190
190
192
192
194
194
191
191
188
187
188
188
187
189
187
185
186
187
187
187
188
190
189
188
188
187
186
186
187
187
187
186
186
187
188
187
187
187
187
187
186
187
187
186
185
185
186
186
184
182
181
182
183
184
188
189
187
185
185
185
183
182
184
185
185
186
187
189
185
184
186
188
189
190
192
193
193
193
190
188
187
188
187
188
188
187
187
187
187
188
186
185
184
182
182
181
181
179
180
181
182
182
182
185
185
186
186
186
186
186
186
187
186
187
188
190
190
190
189
189
188
188
190
189
188
187
188
188
186
187
189
187
187
187
185
183
185
185
186
186
184
184
186
185
184
185
186
188
187
186
187
186
186
186
187
183
183
184
183
182
183
182
182
182
183
184
182
182
183
182
183
183
183
185
187
186
185
186
187
185
185
184
186
186
186
187
187
186
187
187
186
185
184
184
182
184
182
181
181
182
183
181
180
180
182
181
181
180
180
180
179
181
182
183
184
184
183
183
183
184
185
185
185
185
184
184
184
182
185
184
182
182
183
183
181
181
183
182
182
180
179
180
181
182
181
180
182
182
180
180
180
179
180
179
179
179
178
179
178
179
178
177
179
181
181
180
180
179
179
179
178
181
181
181
180
181
180
177
179
180
181
180
180
180
181
179
180
179
178
177
176
176
176
175
175
176
177
177
177
177
179
178
177
177
175
176
175
175
175
176
176
176
174
173
171
171
171
172
172
173
172
172
172
172
173
172
173
173
173
173
173
174
175
175
174
174
175
175
176
176
177
180
179
181
180
179
180
179
178
177
177
177
175
176
176
174
175
176
180
180
179
181
180
179
177
176
176
174
174
175
174
172
172
170
170
173
174
173
174
175
176
176
175
174
174
175
177
176
176
175
174
173
175
175
173
175
175
173
172
170
170
170
172
169
170
170
169
169
169
169
172
171
170
170
171
171
172
172
170
170
170
170
171
170
170
169
170
173
175
174
174
175
174
173
175
178
178
176
175
176
175
178
179
180
177
175
172
172
172
170
171
172
171
172
171
169
170
171
173
174
173
173
173
172
173
174
176
173
175
174
173
172
174
175
175
175
176
175
176
175
175
174
174
176
175
174
176
177
178
178
178
176
175
175
173
174
174
174
175
174
174
173
175
176
176
176
175
176
174
173
173
174
172
172
172
170
171
171
170
169
167
167
167
168
167
167
166
167
166
165
164
166
167
166
165
165
165
165
166
167
168
168
169
169
169
170
169
168
168
170
168
167
167
167
168
166
165
166
166
167
168
169
168
170
170
170
171
170
170
169
169
167
166
166
169
167
167
166
165
165
165
164
165
165
165
165
165
165
166
167
168
168
170
169
169
168
168
167
168
165
166
167
168
167
168
167
167
168
169
169
170
169
167
167
168
167
168
167
170
171
169
169
169
167
168
167
168
168
168
168
168
168
169
167
169
167
166
167
165
164
164
162
161
163
165
163
162
161
163
163
164
166
166
166
164
165
165
167
167
167
168
169
168
167
165
165
166
166
166
167
168
168
169
170
171
172
171
169
165
166
166
166
165
166
167
167
167
166
166
166
167
165
166
168
168
168
167
167
168
167
167
167
166
166
169
167
165
165
165
167
168
170
171
170
171
171
172
171
169
169
167
167
167
167
168
170
170
169
169
168
170
170
171
170
169
170
169
168
167
168
167
167
167
167
167
167
167
169
169
170
169
167
167
168
169
169
170
170
170
168
168
166
168
167
167
166
166
165
165
164
164
163
162
165
165
167
168
166
165
167
168
167
166
165
166
166
166
165
164
164
164
165
165
165
164
163
166
164
164
164
164
164
163
164
164
164
164
165
164
165
163
168
169
170
171
170
170
170
167
165
166
167
168
165
166
166
166
165
167
167
166
165
165
166
165
165
165
166
164
165
165
164
165
165
165
160
160
161
161
162
164
166
168
168
166
166
165
166
165
166
167
164
164
164
164
163
164
162
162
162
161
161
160
159
159
158
161
161
161
161
161
161
161
159
161
161
162
162
162
164
164
163
162
162
163
163
163
163
163
164
163
164
163
163
164
163
164
164
164
163
161
161
160
160
160
160
164
164
161
161
161
161
163
163
162
162
163
164
165
162
162
163
162
162
165
165
162
161
161
161
161
161
161
161
160
160
160
162
161
161
161
161
162
164
163
162
159
159
161
161
159
159
159
159
158
162
160
160
158
158
158
158
159
160
160
159
159
159
158
159
160
159
159
158
157
157
160
159
160
159
160
159
159
160
162
162
162
164
163
161
160
160
157
157
157
158
158
157
155
156
156
154
153
153
152
153
155
155
155
154
158
158
157
157
156
156
156
156
155
157
158
159
160
161
162
162
162
161
160
160
155
156
154
154
156
156
157
155
153
153
152
152
152
152
152
152
151
152
152
151
151
153
153
154
153
153
153
153
154
155
155
155
155
157
159
158
159
158
158
157
157
158
154
154
155
153
154
155
155
153
154
153
152
153
153
154
154
153
155
155
154
155
154
154
154
153
154
152
151
151
153
153
154
155
154
154
155
155
154
154
154
154
154
153
153
152
152
152
150
150
151
152
152
152
154
154
156
156
157
157
158
158
158
157
158
157
158
156
155
155
155
157
157
159
159
161
160
160
160
161
160
158
159
158
157
157
156
156
155
155
154
155
156
156
156
156
154
156
154
154
156
154
154
154
154
153
154
153
154
155
154
155
155
153
153
153
152
151
151
151
152
152
151
151
151
151
151
152
152
152
152
153
152
154
155
155
155
154
154
154
153
154
154
154
154
154
154
155
155
156
156
156
153
154
155
156
156
155
152
151
151
151
152
152
153
154
153
153
153
155
154
154
154
152
152
152
153
155
155
156
156
157
156
157
156
157
156
158
156
157
157
156
157
159
160
160
161
160
162
163
162
161
162
161
159
158
158
158
157
157
156
156
156
156
156
157
154
155
157
158
158
157
156
157
156
154
154
155
155
155
153
151
150
149
147
147
146
147
147
146
147
149
150
149
149
151
151
151
151
151
152
152
153
152
152
150
149
148
149
149
149
147
147
145
145
145
145
145
146
146
145
145
145
145
145
145
146
147
147
147
148
148
148
147
148
148
148
148
148
150
150
150
150
150
150
150
149
148
148
148
148
148
148
148
148
149
150
149
152
152
150
150
151
152
151
152
153
156
157
154
156
155
153
151
151
151
152
151
151
153
153
154
154
155
154
153
154
153
155
155
152
151
150
149
151
150
151
150
150
150
150
152
151
151
151
150
149
149
149
150
151
152
151
152
152
152
153
152
151
150
150
149
149
149
148
148
148
148
149
147
148
148
148
148
149
147
147
147
148
150
149
148
148
148
149
149
149
149
153
153
154
155
154
154
155
152
152
151
151
151
151
151
149
149
148
148
147
146
145
146
147
147
147
146
145
146
147
148
148
148
148
148
148
149
148
148
148
149
148
148
147
147
148
149
149
148
147
148
149
148
147
148
150
149
149
149
148
147
147
147
148
147
147
147
146
147
145
146
146
147
148
147
144
143
145
144
144
143
143
143
142
143
143
142
142
142
142
142
143
143
145
146
146
148
148
148
147
146
145
144
145
145
148
147
148
148
146
147
146
146
146
144
144
144
143
142
142
142
143
144
144
144
142
142
142
141
143
144
144
142
142
142
144
143
143
143
142
142
141
141
142
142
143
143
143
144
143
142
142
142
140
140
141
143
143
143
144
143
143
143
143
143
142
142
142
140
140
140
140
139
139
140
140
139
138
138
138
139
139
140
141
143
143
141
141
141
141
141
141
140
141
140
140
140
141
142
142
141
142
143
144
144
144
145
146
147
148
146
146
145
147
145
145
144
144
143
143
144
144
143
143
142
142
143
144
143
143
144
145
145
145
145
144
145
144
141
141
143
142
141
142
141
141
142
142
143
143
144
143
142
141
141
142
142
141
140
140
140
140
140
139
139
139
139
139
138
140
139
138
138
138
138
138
139
138
139
139
139
139
139
139
139
139
140
140
140
140
141
141
142
144
144
144
145
145
145
146
146
147
147
149
151
150
149
149
148
147
148
149
147
146
144
144
144
143
143
143
142
142
141
142
141
140
139
139
139
139
141
141
140
142
142
142
143
142
142
141
143
142
142
142
141
141
141
141
143
144
142
143
145
145
143
141
141
139
140
141
141
141
142
142
142
141
141
141
143
143
144
142
140
140
139
139
139
139
139
139
140
140
139
140
139
141
141
142
143
143
144
144
144
145
145
146
146
145
145
145
144
145
145
145
145
145
145
145
143
142
142
142
142
144
143
143
143
143
143
144
144
143
144
143
142
142
143
143
143
142
141
141
139
139
140
141
141
142
140
140
139
140
141
139
138
137
137
139
139
139
141
141
141
140
141
140
140
140
140
139
141
141
141
140
140
139
140
141
140
139
138
140
142
139
139
139
139
140
140
141
141
141
143
143
143
144
141
143
144
144
145
145
147
143
143
145
144
144
144
146
146
146
146
146
147
148
143
142
142
142
143
142
142
142
141
143
143
144
144
144
142
142
142
143
143
144
143
144
141
141
141
142
141
142
142
141
143
141
142
142
140
140
138
138
137
138
138
136
138
139
139
139
139
138
139
138
139
138
138
138
138
138
138
137
136
136
137
137
137
138
137
138
138
138
135
135
135
134
135
136
135
135
135
135
135
134
134
135
135
134
136
136
137
136
137
137
136
135
135
135
135
134
134
134
134
132
132
134
134
133
133
132
132
132
131
131
131
134
136
137
137
137
137
139
139
139
139
139
138
140
140
140
141
141
141
141
141
142
137
135
138
138
138
137
137
137
137
138
138
139
139
140
140
140
140
140
139
139
138
138
138
139
139
138
138
138
139
139
138
137
137
136
136
137
139
140
142
141
143
142
143
143
142
140
140
140
142
138
137
138
138
137
137
138
139
140
142
143
146
148
146
146
145
145
145
145
144
144
143
143
144
144
144
146
147
146
146
145
144
144
148
146
148
147
146
148
150
150
148
146
145
144
143
143
141
141
139
140
140
138
137
137
135
134
134
135
136
136
136
135
135
136
136
136
137
137
136
135
137
137
136
134
133
133
134
133
135
134
134
134
134
135
135
136
135
135
135
134
135
135
135
134
133
133
134
133
133
133
133
134
134
135
135
134
134
133
133
133
133
134
134
134
133
132
132
132
131
131
132
132
134
135
134
135
136
136
137
137
138
137
136
135
134
136
136
136
136
136
134
134
134
134
134
134
132
132
133
133
132
132
134
135
135
135
136
137
136
136
136
137
136
136
138
138
137
136
135
137
135
136
136
136
137
138
137
136
137
136
135
135
136
135
137
136
135
135
133
133
132
132
132
133
133
134
133
133
133
134
134
134
134
134
135
135
135
135
135
135
137
138
138
139
138
135
136
136
133
134
133
133
131
131
131
131
133
133
132
132
133
133
133
133
132
133
133
133
132
133
133
133
133
132
131
132
131
131
130
129
129
130
129
130
131
131
131
132
132
132
131
131
133
133
133
132
132
131
131
131
132
132
134
134
132
132
132
131
131
131
129
130
129
129
129
131
132
132
132
133
134
134
132
131
131
132
133
131
132
132
133
134
133
134
134
135
133
133
133
133
132
131
130
129
131
132
133
133
132
132
131
132
133
132
133
135
136
135
132
132
132
133
134
134
134
132
133
131
131
131
132
131
131
131
131
131
131
132
132
131
131
132
134
134
135
136
134
136
134
134
132
132
133
130
131
129
129
129
129
129
129
132
133
133
133
135
135
136
139
142
142
139
140
139
139
137
138
138
139
139
139
138
138
138
138
138
138
138
137
135
135
134
133
132
131
131
129
129
129
130
129
129
132
131
131
131
132
132
132
132
132
133
131
131
132
132
131
130
130
130
130
129
130
131
131
130
131
133
133
132
132
132
136
136
135
136
138
137
135
134
135
136
136
137
138
141
140
139
141
139
139
138
136
136
137
135
136
136
137
137
136
135
135
135
135
134
134
133
134
134
135
138
139
139
139
137
137
137
139
140
139
138
137
138
138
139
137
137
137
137
137
136
136
137
137
138
138
138
137
136
135
135
134
133
133
129
131
132
132
131
130
130
130
130
130
130
131
130
129
130
128
128
128
128
127
127
130
131
131
131
132
132
132
133
132
132
132
132
130
129
129
131
131
130
130
130
131
129
130
131
132
132
132
132
133
130
129
129
128
128
129
131
132
133
133
133
134
136
137
137
136
136
136
136
135
135
136
136
135
135
134
133
130
130
128
128
129
130
131
131
129
130
130
131
130
129
129
130
130
131
130
128
128
128
129
129
128
128
128
128
129
128
128
128
128
128
129
128
130
130
130
130
130
128
128
127
127
127
126
126
126
126
126
126
125
124
124
124
124
125
124
124
124
124
124
125
126
126
126
126
126
127
126
126
126
126
127
127
127
128
129
130
130
132
131
130
129
128
128
127
126
127
126
126
126
126
127
127
127
127
127
127
127
126
126
125
126
126
126
127
127
127
128
129
130
131
131
131
130
130
129
128
129
128
129
130
129
130
130
129
130
132
132
131
131
132
132
131
130
130
131
132
131
130
131
131
129
129
131
131
131
135
134
135
134
133
133
133
132
130
130
129
130
130
129
130
131
133
133
133
134
132
132
130
129
128
128
128
128
126
126
126
126
127
128
130
129
130
127
128
129
128
129
128
128
126
125
125
124
126
126
127
127
128
128
128
128
128
128
128
128
128
128
129
131
131
131
129
128
127
127
126
126
126
124
126
124
125
125
125
125
125
125
125
126
127
128
129
129
129
128
128
129
128
129
129
129
128
130
128
128
128
129
128
128
128
127
128
124
124
124
124
124
124
124
124
124
122
121
121
123
122
123
124
124
125
124
124
124
124
122
122
125
124
124
124
122
122
123
123
123
123
124
123
124
123
122
122
122
122
122
122
123
124
126
128
129
129
130
130
130
132
133
133
132
130
130
129
129
130
130
130
129
129
130
131
130
129
129
129
129
127
127
127
125
125
124
124
125
124
124
123
123
123
122
121
121
121
122
123
122
122
122
123
124
124
122
124
124
123
123
123
123
122
123
123
123
123
122
121
121
121
121
121
121
122
124
124
124
125
125
124
123
123
124
124
125
127
128
129
128
128
127
124
125
125
125
126
125
125
124
125
124
124
124
124
124
124
125
124
124
124
124
123
124
125
125
123
121
121
122
123
124
124
121
122
123
123
123
123
124
124
123
123
122
122
121
122
121
121
122
121
121
121
121
123
123
122
123
123
122
122
122
122
123
121
123
123
124
126
126
125
125
125
124
123
122
122
121
121
121
121
122
122
122
122
122
123
123
124
125
124
124
124
125
126
125
124
124
125
127
126
126
126
127
127
128
128
127
126
126
128
128
128
128
128
125
123
122
122
121
120
119
119
119
118
120
121
121
122
123
123
123
123
123
123
122
122
123
122
122
122
123
124
125
127
127
127
128
128
128
128
127
126
125
127
127
126
127
129
129
130
130
130
128
128
124
123
123
122
123
122
122
123
122
123
123
123
123
124
124
124
124
124
121
122
122
122
121
121
121
120
119
119
120
120
121
126
124
123
123
123
122
121
122
122
121
120
120
120
120
119
119
119
120
120
120
120
119
119
119
119
119
119
119
122
121
121
122
122
123
123
124
124
124
124
125
126
126
125
126
126
127
126
127
125
125
122
123
123
124
123
124
124
124
124
126
126
127
127
127
126
124
124
124
124
124
123
124
122
122
124
123
123
122
121
120
120
121
121
121
122
123
124
124
125
124
125
125
127
130
129
127
127
128
126
126
126
127
127
127
127
128
129
129
128
128
128
128
129
129
130
130
130
128
129
128
130
130
130
130
129
128
128
127
127
126
126
127
127
128
128
128
128
128
129
127
128
126
124
123
123
123
123
123
122
121
123
124
123
123
122
122
119
119
119
120
120
121
119
119
120
120
120
120
121
120
121
121
120
120
121
121
122
122
120
121
119
120
119
122
124
124
124
122
123
123
122
123
123
122
122
121
122
122
123
123
123
123
123
125
125
126
126
126
123
124
123
122
121
122
123
123
123
125
125
125
125
126
125
126
127
126
126
126
125
126
126
125
126
125
125
124
123
121
121
120
121
122
123
121
121
120
120
120
121
121
122
123
122
123
123
122
122
122
121
120
120
120
120
120
119
120
121
121
121
121
121
121
120
120
120
120
120
120
121
121
121
120
121
121
123
124
122
121
121
121
121
121
121
122
122
120
121
121
122
123
123
124
125
127
126
127
128
127
126
124
124
122
123
122
122
123
123
122
121
121
120
119
119
121
122
121
121
122
123
123
122
122
123
123
123
124
123
122
124
123
123
123
121
121
121
122
123
124
123
123
121
121
121
121
121
121
121
121
121
121
121
122
123
123
123
122
120
120
120
119
119
118
118
119
119
119
119
118
121
122
121
120
119
120
120
120
120
121
121
122
122
123
124
123
124
124
124
124
124
123
123
123
124
124
123
123
124
123
123
122
121
120
120
120
120
120
120
120
121
121
121
122
122
121
122
122
121
120
119
121
121
119
119
119
119
119
121
121
121
121
121
121
121
121
120
119
118
118
118
118
120
122
123
123
122
123
124
122
122
123
124
123
125
124
125
126
125
125
124
123
124
124
122
123
122
123
124
124
122
122
122
123
123
122
123
124
124
123
122
121
122
122
123
121
121
121
120
121
121
121
121
121
122
124
128
127
126
125
126
129
129
127
128
129
127
127
126
123
122
122
122
121
120
121
121
121
120
122
122
122
123
123
124
124
124
125
125
126
126
126
125
127
125
125
125
126
127
125
124
122
123
122
122
122
123
124
124
123
122
123
125
127
124
125
124
125
125
122
123
121
120
120
119
118
118
118
119
121
120
120
121
122
122
121
121
121
121
121
120
121
121
121
123
122
124
122
122
120
120
120
121
119
120
122
121
122
122
123
123
124
124
125
125
125
126
126
127
127
126
125
124
123
124
123
124
125
124
126
126
126
128
128
128
127
127
126
126
126
125
124
125
125
126
125
125
125
124
125
127
127
128
128
129
130
129
129
128
128
126
126
127
127
127
125
122
123
122
121
122
121
120
119
120
119
119
120
121
121
120
120
118
119
119
119
121
120
118
119
119
120
119
119
118
118
119
120
120
120
121
120
121
120
122
122
122
122
119
120
121
121
122
122
120
119
119
119
119
118
118
117
117
117
117
117
117
117
117
118
118
117
118
118
119
119
120
120
119
118
118
117
116
116
115
115
115
115
115
115
115
115
116
118
119
120
121
120
119
119
119
118
119
120
120
120
121
121
122
121
120
118
118
119
120
120
121
120
121
120
120
120
122
122
121
120
120
120
120
119
120
119
118
118
117
116
115
117
116
117
117
117
117
118
118
118
116
116
117
118
118
118
119
120
121
121
121
122
121
120
120
120
119
118
118
117
118
119
119
118
118
119
117
121
120
120
121
121
122
121
120
120
121
120
120
120
121
122
123
123
123
123
123
122
122
120
119
119
118
117
118
119
119
116
116
116
116
117
117
117
117
118
118
119
118
118
117
119
117
117
116
115
114
113
112
112
113
112
116
115
116
116
116
117
117
118
117
117
117
117
116
116
116
115
114
116
115
115
114
114
115
116
116
116
116
117
117
117
118
118
118
118
118
120
120
119
118
117
117
118
118
118
118
118
119
119
117
118
118
119
119
120
120
121
120
121
121
120
120
122
122
122
123
121
120
119
118
118
116
118
118
118
118
119
121
120
121
121
121
120
120
123
124
125
123
123
122
122
120
120
119
120
120
120
120
118
119
120
120
119
118
117
116
117
116
116
116
116
116
116
116
116
119
120
119
119
118
118
117
117
117
118
120
119
120
120
120
119
118
119
119
118
120
120
119
120
119
119
119
119
120
119
119
119
118
118
117
117
117
117
117
118
118
118
118
118
119
118
117
118
119
118
121
121
122
120
120
120
122
121
122
121
121
119
120
120
120
118
119
120
119
118
118
118
118
119
119
119
117
117
117
117
117
118
118
118
118
118
118
116
116
116
117
116
117
116
115
114
114
114
114
116
116
117
116
116
116
116
114
114
115
115
115
115
116
119
118
118
117
117
117
117
116
116
116
115
115
114
113
113
113
114
113
113
114
114
115
113
115
115
116
116
117
117
117
117
117
117
117
116
116
115
114
114
115
