0.00035137931034482766 0.0008975862068965518
300
296
291
294
289
283
284
282
283
276
270
270
269
264
261
258
256
256
254
255
254
255
252
250
247
246
246
249
249
248
244
245
245
245
245
245
243
246
245
244
245
241
242
243
245
247
246
244
244
244
244
242
243
243
243
242
240
240
242
241
241
238
238
236
236
235
236
235
233
234
234
232
233
234
235
237
236
233
232
232
230
230
229
230
230
228
227
227
225
224
224
224
225
224
223
223
224
224
225
225
226
225
226
226
229
230
229
229
230
228
228
229
227
229
229
227
228
229
227
226
228
228
228
228
226
226
227
226
227
226
224
224
224
224
225
226
225
226
228
227
226
225
226
227
229
224
227
227
228
228
228
227
225
225
225
226
227
229
225
224
223
224
225
226
224
222
222
222
223
223
224
223
221
221
220
221
221
221
218
219
219
219
219
220
219
220
220
220
220
221
221
220
221
221
221
221
220
222
219
220
218
218
216
217
216
216
218
217
217
218
220
217
218
216
215
215
216
216
214
215
214
215
216
212
213
215
215
215
216
216
216
216
214
214
214
213
213
214
214
215
216
216
217
217
219
216
217
217
218
218
217
216
216
214
213
213
214
213
215
216
215
217
216
214
212
212
210
211
212
211
210
210
211
212
212
212
212
214
214
215
216
216
213
215
215
214
214
214
216
217
217
216
216
217
215
216
218
219
217
216
215
214
217
213
212
212
212
212
213
214
213
213
214
211
210
208
210
210
212
211
212
211
210
211
212
213
211
210
211
210
209
209
210
211
211
212
210
210
209
209
209
209
209
208
207
206
206
207
210
213
212
212
214
215
214
214
215
217
216
217
217
217
217
216
216
215
215
215
215
215
216
214
215
215
217
217
218
218
217
219
219
217
217
216
214
215
213
211
210
211
213
212
213
213
213
213
213
216
216
217
218
217
218
220
220
217
216
215
214
212
214
215
215
212
212
210
211
212
211
211
212
211
212
213
212
211
212
212
212
213
214
214
213
214
211
211
212
212
212
210
207
207
213
214
212
214
215
215
213
214
215
216
218
217
217
216
216
216
216
216
216
218
221
221
220
217
215
213
213
215
212
213
214
212
211
211
212
212
213
213
213
215
216
213
212
213
210
208
207
206
207
207
206
206
205
204
206
208
208
207
207
207
208
208
208
209
208
208
208
207
206
207
207
206
205
206
207
207
204
203
204
204
202
202
202
202
203
203
203
201
203
204
202
201
201
201
202
203
203
204
203
204
203
202
202
202
202
204
206
205
204
204
205
206
208
207
206
207
206
205
206
205
206
208
207
208
208
207
206
206
206
206
205
206
206
206
205
204
204
204
203
202
202
203
201
201
200
199
199
199
199
200
201
200
201
201
202
204
206
206
208
208
208
206
205
204
204
204
203
203
202
202
202
202
200
199
199
200
200
199
200
200
200
200
200
201
200
201
201
200
201
201
201
200
201
201
202
200
200
202
203
203
203
204
205
204
205
204
205
206
205
206
204
204
204
204
204
205
207
207
207
206
204
205
205
205
205
206
208
207
208
206
207
206
205
205
206
208
207
207
206
206
205
204
203
204
203
204
202
200
200
200
201
201
200
200
199
199
199
200
200
198
199
200
200
201
201
199
199
199
198
197
197
196
198
198
198
198
199
200
199
198
197
198
198
199
199
198
197
197
199
199
198
198
197
198
198
199
199
200
199
199
199
199
198
199
200
199
198
198
201
199
201
200
199
198
198
198
197
199
199
201
200
200
200
199
199
198
199
200
198
198
197
196
197
195
195
195
197
197
197
199
197
197
197
196
197
197
197
197
198
200
200
201
202
202
200
202
202
202
202
205
206
206
207
208
206
206
205
204
202
200
197
197
198
199
198
198
200
202
201
201
201
202
201
201
202
202
202
202
203
203
201
200
198
199
199
197
197
197
195
196
197
199
198
196
195
196
195
195
196
196
195
196
198
197
197
197
196
195
195
195
194
193
195
196
197
197
197
198
196
195
196
195
195
193
194
194
194
193
195
195
196
198
200
201
202
202
202
203
201
201
200
200
201
202
199
200
198
198
195
196
196
195
193
191
192
191
190
190
191
192
193
194
195
196
196
198
197
199
199
200
199
200
200
197
198
194
195
196
197
199
197
196
196
197
197
197
198
197
197
198
197
198
197
197
199
199
199
198
199
199
201
201
202
199
200
200
199
200
200
199
201
199
197
197
197
196
196
195
195
194
194
194
194
195
194
194
194
196
197
198
198
198
198
199
200
201
201
204
202
202
201
201
200
200
200
199
198
197
197
198
199
199
201
201
201
201
202
201
200
199
199
200
200
199
198
198
198
199
198
201
200
199
200
201
200
202
202
201
204
202
201
199
200
199
200
198
198
199
200
199
201
201
202
203
204
202
201
199
198
199
199
198
198
199
200
201
202
204
204
205
204
200
200
200
200
200
198
197
198
197
196
195
197
196
196
196
197
198
198
197
196
192
191
192
192
192
194
194
195
194
193
193
194
194
194
196
196
197
197
199
199
198
197
197
197
198
199
199
198
196
197
196
197
197
198
196
198
198
199
197
196
198
199
199
198
198
198
200
200
198
197
198
199
198
197
198
198
198
198
197
197
198
198
196
199
200
198
196
195
196
196
196
196
197
196
197
198
198
200
200
196
196
192
192
193
193
193
192
191
193
193
193
192
193
192
192
193
193
193
193
193
191
190
191
191
192
192
192
193
195
196
196
196
193
193
194
193
194
194
194
195
195
195
193
194
193
193
193
195
194
193
192
193
193
193
193
194
193
193
196
196
196
195
194
195
196
197
197
196
196
199
200
201
201
202
202
202
201
200
199
198
197
196
195
196
194
194
194
195
195
193
193
194
196
195
195
195
196
195
195
195
195
195
194
192
192
192
192
192
192
192
193
195
195
196
196
198
198
199
197
194
197
197
197
196
195
195
195
197
197
196
196
196
196
195
195
194
196
194
193
193
192
191
190
190
190
190
190
190
190
189
190
190
188
189
189
189
189
188
191
191
191
190
190
190
190
190
191
191
192
193
194
195
191
191
191
191
192
192
192
191
194
194
194
192
191
191
190
190
189
192
193
193
192
192
192
193
192
192
193
191
190
189
190
190
190
191
190
190
189
188
189
188
188
186
184
184
185
184
183
183
184
184
185
185
185
184
186
186
187
188
188
188
189
191
190
189
189
190
189
189
189
190
187
187
187
186
186
184
184
183
184
184
185
185
185
186
186
185
185
185
185
185
187
186
186
186
186
185
186
186
187
187
187
187
187
187
187
187
187
187
187
185
185
187
189
190
189
188
186
189
189
187
188
187
187
186
186
186
187
186
186
186
184
183
184
184
184
186
187
185
186
187
189
190
188
191
191
188
190
189
190
188
187
187
187
186
187
187
189
188
186
186
185
186
185
187
185
186
186
188
186
184
184
185
185
187
186
186
185
185
184
183
183
184
186
184
183
183
184
183
183
183
183
183
180
180
182
184
183
184
183
183
184
184
183
184
185
186
185
185
183
183
181
181
181
182
182
182
182
182
184
184
184
184
185
185
184
185
187
186
186
186
185
185
187
188
188
188
187
187
189
192
193
194
193
192
192
192
190
186
186
184
184
183
183
183
183
182
182
183
181
182
183
182
181
181
179
180
181
181
182
182
181
182
182
183
184
185
185
185
187
187
186
186
187
187
189
189
188
188
188
187
186
186
184
185
185
185
187
187
186
185
183
184
184
183
182
182
183
183
183
181
182
182
183
182
181
181
182
182
182
183
183
183
183
184
187
188
189
186
186
187
188
188
185
187
186
187
186
186
185
186
187
184
183
183
183
183
186
186
188
185
185
186
185
186
184
184
184
185
186
186
187
187
189
188
189
188
187
187
185
182
182
181
182
181
181
180
180
179
179
179
179
179
179
178
180
182
181
180
180
180
183
184
185
184
184
184
183
182
183
183
185
184
184
183
183
183
182
182
183
181
181
180
179
180
181
182
184
182
180
181
181
181
178
178
178
176
175
175
176
176
177
177
177
175
175
175
176
176
176
176
176
176
176
176
175
178
179
177
177
178
177
177
177
178
178
178
176
175
175
177
176
175
175
175
175
176
177
179
179
179
181
178
175
175
176
177
175
175
175
172
173
174
173
172
175
176
174
172
172
171
170
170
169
170
171
171
172
173
171
170
170
172
172
171
173
172
171
171
171
171
171
173
174
176
175
175
175
173
171
172
171
172
172
173
178
177
179
178
175
173
172
173
173
173
171
169
169
169
170
170
170
170
172
171
171
169
170
173
173
175
176
175
174
174
174
173
175
172
171
170
170
170
171
172
172
172
172
172
172
171
170
170
170
171
172
173
173
172
172
171
172
172
171
170
170
171
170
169
170
170
171
172
170
172
172
171
171
171
171
172
171
170
169
170
170
170
168
168
169
171
171
171
171
170
171
171
170
170
169
169
169
170
170
169
168
168
168
166
166
166
166
167
169
171
173
173
174
172
171
172
171
171
170
168
168
169
168
169
169
170
168
168
168
169
169
171
170
170
169
168
169
170
172
171
173
174
174
174
176
175
173
173
173
173
171
170
171
171
170
169
169
167
168
169
170
170
171
169
170
170
170
171
168
170
170
170
170
168
167
168
169
169
169
169
169
169
169
168
168
170
170
171
172
168
168
167
167
166
166
165
162
162
163
163
163
163
165
166
167
169
167
170
173
172
172
173
173
175
177
178
176
176
177
176
174
172
169
169
170
170
171
170
169
169
170
170
169
169
169
168
168
167
167
167
166
167
167
167
167
168
169
168
166
165
165
165
166
166
165
164
164
163
161
161
160
160
161
161
162
162
162
162
162
162
162
162
162
162
162
165
165
163
163
162
161
160
160
159
158
159
160
162
162
163
161
160
161
161
162
163
164
162
162
162
159
160
160
159
159
158
157
157
158
160
159
160
159
161
161
160
161
161
160
162
161
162
162
161
162
162
162
163
164
165
162
163
162
162
164
163
162
162
161
159
159
158
158
157
157
158
159
160
161
161
160
159
158
158
158
158
159
160
159
158
157
157
160
160
160
159
159
161
161
162
162
164
163
163
162
163
163
163
164
162
163
162
162
160
161
158
158
159
159
160
158
159
157
157
157
156
157
156
157
157
156
156
156
157
157
157
157
157
157
157
157
157
157
157
157
157
158
158
157
157
157
159
159
159
159
159
160
158
159
161
161
160
159
161
161
160
160
160
159
160
160
159
159
159
161
159
160
161
161
161
161
163
164
163
161
161
162
162
164
165
164
160
161
161
161
163
164
163
163
163
164
165
163
164
163
164
165
164
164
163
163
161
160
161
161
160
160
160
160
161
161
162
161
159
160
161
164
165
165
166
165
165
164
164
164
164
165
164
163
163
164
166
166
165
166
166
167
167
167
167
168
166
166
164
163
162
162
163
163
162
162
160
160
160
160
159
158
158
157
158
157
159
158
158
158
158
158
158
157
157
156
159
158
159
158
158
161
162
162
162
163
163
161
161
159
160
160
158
158
160
163
163
163
162
161
161
161
161
161
158
157
157
157
156
156
156
157
158
157
157
157
158
158
157
157
158
160
159
157
157
157
159
159
157
157
157
157
155
156
157
157
156
156
156
155
155
155
156
157
158
157
157
159
160
160
159
159
158
159
160
161
161
163
164
165
164
164
163
163
162
163
164
165
165
166
165
165
162
162
162
162
164
166
165
166
166
164
163
162
164
163
162
162
163
163
164
160
161
160
160
159
157
158
160
160
160
159
159
162
161
162
161
163
163
163
163
163
166
162
163
162
162
161
161
160
160
160
160
160
159
160
160
160
157
158
159
159
160
160
160
161
161
160
158
158
158
157
156
156
155
155
155
156
156
156
156
155
155
155
156
158
157
158
159
158
158
157
156
158
156
157
156
154
153
154
154
155
155
156
156
158
159
160
160
160
161
161
160
161
161
160
159
159
159
160
161
162
160
157
156
155
155
156
156
157
157
159
157
158
158
156
155
154
154
155
154
155
156
156
158
161
161
163
162
161
159
160
160
159
161
161
160
160
160
159
160
160
160
157
154
154
155
155
157
158
158
156
154
155
156
157
156
156
157
157
157
158
159
158
160
160
161
162
161
160
160
160
159
158
159
161
160
157
157
157
157
156
156
157
156
157
159
159
156
157
157
155
156
156
155
153
152
154
154
155
156
157
155
155
155
154
154
154
154
154
155
155
156
155
158
157
156
155
155
155
154
154
152
152
152
152
152
152
154
154
154
155
156
156
156
157
158
157
158
158
160
161
160
160
160
159
159
161
162
161
162
163
162
161
162
162
160
160
161
160
159
160
158
159
159
159
159
157
159
159
159
160
160
160
160
162
163
163
163
162
162
163
164
165
165
167
166
165
165
166
163
163
162
164
164
162
162
162
161
161
160
159
159
162
161
160
161
159
159
159
159
158
159
157
157
156
156
157
155
157
157
157
154
157
157
157
157
156
156
157
157
157
157
159
156
157
160
161
161
160
159
159
159
158
156
156
155
155
156
156
158
156
156
157
157
157
154
154
153
155
154
154
154
154
154
155
154
154
154
153
154
154
154
153
153
153
154
155
155
155
156
156
156
157
157
156
157
158
159
159
160
159
158
157
156
157
157
158
158
159
158
158
158
158
157
157
158
158
159
158
157
158
159
158
156
156
156
159
159
157
156
157
154
154
154
156
157
159
159
157
157
157
157
155
156
156
156
157
158
157
156
155
156
155
156
155
156
156
154
153
154
155
156
156
157
158
159
158
159
159
159
159
158
159
159
158
159
156
158
159
160
159
158
158
160
161
161
160
158
158
159
159
161
162
162
163
163
162
159
159
158
158
155
155
155
154
154
157
161
163
162
162
162
160
159
159
158
157
156
156
156
156
155
154
154
154
154
154
153
154
154
156
154
156
157
157
155
156
154
155
154
154
155
154
154
153
154
155
154
154
154
154
154
154
154
153
153
153
152
152
152
152
154
154
155
155
154
155
154
154
155
155
155
154
154
154
154
154
155
155
156
157
158
158
158
157
157
157
157
157
156
158
159
161
159
158
159
156
158
154
154
153
153
152
153
153
154
153
153
153
151
157
156
155
154
153
153
152
151
150
151
151
152
152
151
151
151
152
152
153
153
152
152
149
152
152
151
150
154
153
154
156
157
158
157
157
156
156
156
155
156
156
153
153
153
154
155
156
157
157
159
158
158
157
159
159
158
158
159
156
155
154
154
157
157
159
158
157
157
157
158
159
158
157
156
155
155
155
155
154
155
156
156
156
156
156
157
157
155
155
154
153
152
152
152
152
152
153
153
153
151
151
149
149
149
149
150
150
149
149
150
152
153
153
150
153
153
154
154
154
155
153
152
152
153
154
153
153
153
150
149
150
151
151
151
152
149
149
148
148
148
148
148
148
149
151
151
152
151
150
150
151
150
150
150
149
152
150
151
152
153
154
155
154
152
152
153
153
153
152
151
151
151
152
152
152
154
154
153
152
153
154
155
155
157
157
158
157
155
154
154
153
152
153
152
152
151
148
148
149
149
149
149
150
152
152
150
150
148
148
148
148
148
148
149
148
149
148
149
148
148
148
148
148
149
148
149
149
150
152
151
152
152
150
149
148
148
147
147
149
151
150
151
151
151
151
153
150
151
151
152
152
152
150
151
150
149
150
150
150
149
149
147
148
148
149
149
149
147
147
149
148
147
147
147
145
146
146
145
144
144
145
146
147
146
146
146
147
148
148
149
149
150
151
150
150
150
149
149
149
148
147
147
147
147
146
145
147
146
147
146
146
147
147
147
147
148
148
149
148
150
151
150
151
150
149
149
151
149
147
147
147
149
151
151
152
150
149
148
149
150
148
147
148
148
148
147
147
145
147
146
147
147
147
149
150
151
150
148
148
147
146
147
147
148
146
145
145
145
145
145
144
144
145
145
144
142
142
142
142
142
144
143
143
143
143
143
143
142
144
143
144
144
145
146
146
145
146
146
147
145
144
145
146
148
148
148
149
148
150
149
145
145
146
147
147
146
146
148
149
149
148
146
146
146
150
150
150
150
151
151
151
151
153
152
153
152
154
153
153
152
151
150
149
149
148
148
149
146
147
148
149
149
148
148
150
149
148
148
148
146
145
146
146
146
148
148
148
148
148
145
145
143
143
143
143
144
143
144
144
145
146
147
147
146
146
147
148
147
148
147
146
146
147
147
147
147
147
146
146
148
148
148
148
149
149
148
149
148
148
148
146
145
144
143
143
143
143
143
143
143
143
143
143
143
143
144
144
145
146
144
144
144
143
143
143
143
144
143
143
143
144
144
143
142
142
142
141
140
142
142
143
145
143
144
144
143
143
143
144
146
147
145
144
145
148
148
147
146
147
146
145
143
143
144
147
147
148
147
146
144
144
145
143
144
144
144
144
144
145
146
145
145
145
145
145
147
146
148
148
147
144
145
145
144
144
143
142
143
143
144
146
147
148
148
149
148
147
146
146
145
145
145
144
144
146
146
144
143
143
145
144
144
143
143
144
144
144
145
145
145
146
147
147
148
147
147
147
145
146
146
146
147
147
146
146
145
145
145
146
145
144
144
144
145
145
147
146
146
149
149
152
153
153
154
157
154
154
153
152
151
151
152
149
151
150
151
149
147
147
147
148
147
147
147
147
148
150
149
149
149
148
147
146
144
144
142
142
142
142
142
141
141
141
142
142
142
143
143
144
144
144
143
142
142
142
142
142
142
141
141
140
140
141
140
141
141
140
143
144
144
142
141
141
141
141
142
144
144
146
147
146
147
148
146
145
145
145
147
148
149
149
149
148
148
147
147
148
150
148
147
147
148
149
149
147
146
145
147
145
144
143
144
145
145
145
145
146
147
143
144
144
145
145
145
145
146
146
145
143
143
143
142
142
142
143
144
145
145
146
145
146
146
146
143
144
146
149
148
149
151
150
149
148
148
147
144
145
145
144
144
145
145
145
145
143
142
142
141
141
141
141
141
142
141
141
142
144
145
145
145
145
145
145
145
145
142
142
142
142
142
142
142
143
143
143
142
142
143
144
143
143
143
143
144
142
143
144
143
144
143
141
141
142
143
142
143
142
142
142
142
142
142
142
143
142
142
142
142
143
143
143
144
144
142
142
141
140
138
138
138
138
139
139
139
140
140
140
140
141
142
141
142
142
142
143
142
139
139
138
138
138
138
138
138
138
138
139
139
140
140
140
139
141
140
141
140
139
139
140
139
139
139
138
139
139
138
138
139
140
140
140
140
141
141
140
140
138
138
138
142
143
145
143
142
142
143
142
142
140
140
139
138
137
137
137
137
138
139
141
143
143
139
138
138
139
137
137
137
137
137
136
137
137
138
139
141
141
141
141
141
141
142
141
140
141
141
143
144
144
143
143
143
142
144
142
140
141
142
140
139
138
138
138
139
140
141
140
140
141
141
140
140
138
138
139
139
139
139
139
138
138
139
140
140
140
141
141
141
140
140
141
141
139
140
139
139
140
139
139
139
139
137
138
140
140
140
140
138
137
137
137
136
136
137
137
137
138
138
138
139
139
139
141
141
139
139
138
139
137
138
137
137
136
138
139
139
138
138
139
138
139
138
139
138
137
136
136
135
137
136
136
136
138
139
140
140
141
141
140
140
140
140
141
141
140
139
139
139
140
140
141
140
141
143
143
144
142
140
139
137
138
138
139
141
141
142
141
140
141
141
140
139
138
139
139
137
139
138
141
140
140
139
139
138
138
139
141
142
142
143
143
144
145
146
144
144
144
143
143
143
144
145
144
144
143
142
140
140
141
141
142
143
144
145
143
141
141
140
137
137
141
142
140
138
139
139
139
140
139
139
141
141
141
140
139
138
139
138
139
137
137
137
137
137
138
136
136
136
137
138
137
136
137
137
136
136
136
138
139
140
139
139
139
138
140
139
140
137
137
136
139
139
138
139
140
141
141
140
139
139
137
137
137
137
136
136
136
137
138
139
138
138
136
135
136
135
135
135
134
134
134
135
135
135
136
137
137
137
136
137
138
139
139
139
138
139
139
140
139
136
137
136
137
138
138
140
139
139
139
137
138
139
139
139
139
139
138
138
139
140
139
139
139
138
139
139
138
140
140
139
140
140
140
140
140
139
139
138
138
137
139
138
139
139
139
139
138
138
137
136
136
136
135
135
135
137
137
138
136
136
138
139
140
140
140
142
143
143
143
145
144
144
145
144
143
142
142
142
141
139
139
139
138
138
137
137
138
138
139
140
140
138
138
137
137
138
139
137
137
139
139
138
136
136
136
136
137
137
137
137
137
137
137
138
138
137
137
138
139
138
138
137
138
138
139
139
141
141
141
140
139
138
138
137
137
137
137
137
137
137
135
135
136
136
137
138
140
139
138
138
137
137
139
139
139
139
137
138
138
138
138
137
137
137
137
137
137
137
137
138
139
140
139
137
138
137
137
136
137
139
139
138
139
138
138
136
135
136
135
134
136
138
139
140
140
139
140
142
142
142
141
141
139
140
139
140
139
139
138
140
140
138
138
139
139
140
139
138
138
137
137
137
137
137
135
135
135
136
137
137
137
139
139
139
140
141
141
142
142
142
141
140
140
140
139
140
139
139
138
138
138
137
137
137
137
137
137
137
138
138
139
139
139
140
141
140
139
139
139
138
138
140
139
139
143
140
140
142
141
142
143
143
143
143
142
141
142
143
145
145
145
143
142
142
141
141
140
140
141
141
142
144
144
143
140
139
138
138
138
138
136
136
135
136
136
136
136
137
136
137
137
136
134
134
134
135
135
136
135
137
133
131
134
132
131
131
132
129
129
128
131
133
132
132
132
131
131
131
132
132
133
133
133
133
133
133
132
132
133
133
134
134
134
133
134
133
134
135
136
136
135
136
136
137
138
136
137
136
135
134
134
135
134
132
132
132
131
131
132
133
131
130
131
131
131
129
128
128
129
128
128
129
130
129
129
130
130
129
130
129
129
130
130
129
131
133
132
133
130
132
130
131
131
131
133
134
133
134
132
132
132
132
133
131
133
132
132
130
130
131
133
133
132
133
132
133
133
132
132
133
136
132
133
132
132
131
131
129
129
130
130
132
131
133
133
131
131
132
131
130
131
133
134
134
132
129
128
126
126
125
125
125
126
126
126
127
127
127
126
126
126
125
127
126
126
125
125
125
125
125
125
126
126
126
125
125
126
127
127
127
127
128
128
128
129
130
129
128
128
126
126
125
124
124
124
124
125
124
124
123
123
125
125
126
127
129
129
128
128
128
128
127
126
126
126
125
125
126
125
125
124
124
124
126
126
128
126
126
125
126
128
128
128
127
127
