0.0009317241379310344 0.00035137931034482766
300
297
291
291
288
284
287
284
280
281
281
278
278
276
276
276
276
276
277
277
278
277
276
276
274
274
275
275
276
276
277
277
277
275
275
276
275
275
273
272
272
273
274
273
274
275
276
277
276
278
278
278
275
279
278
279
277
279
281
281
283
281
278
277
277
278
281
280
282
282
280
280
280
279
280
277
276
275
277
277
278
280
280
279
278
279
279
281
284
283
284
283
281
279
281
282
281
281
278
279
279
280
283
282
281
283
282
284
287
287
289
289
290
291
289
291
290
293
292
292
290
290
289
289
288
290
287
289
288
288
290
290
288
288
288
290
287
288
287
288
288
291
294
292
293
294
293
291
290
291
292
292
292
292
292
292
292
289
288
287
288
287
286
287
285
285
285
284
284
281
282
281
281
281
279
280
280
279
279
281
283
283
283
284
283
283
284
283
284
283
284
283
282
281
280
281
283
282
281
284
283
281
282
281
284
284
284
284
286
288
290
285
283
285
285
287
287
285
288
288
287
287
288
289
287
288
288
289
289
290
289
289
290
292
294
294
295
294
295
294
294
295
293
293
292
291
288
287
287
288
288
288
289
292
287
284
284
285
286
287
286
287
286
286
286
282
283
283
282
282
283
279
280
280
283
283
281
282
281
285
284
284
283
283
283
283
281
279
278
280
282
281
280
281
278
277
277
281
280
279
281
282
283
281
283
283
283
285
286
286
288
287
286
285
288
291
289
289
289
288
290
286
287
287
287
288
290
291
290
291
292
291
292
293
293
295
295
297
294
294
294
293
295
296
295
299
299
298
300
300
300
296
296
298
298
297
299
297
297
299
300
297
299
297
299
299
300
299
298
297
296
298
299
297
297
298
297
300
296
295
298
295
294
295
297
295
294
295
296
295
291
289
291
290
292
294
291
292
290
290
290
290
291
293
292
292
291
291
291
290
291
289
290
291
291
291
294
294
292
291
290
291
289
293
293
292
292
290
290
292
293
295
294
291
293
293
293
294
295
297
297
298
298
299
299
296
296
295
298
298
299
302
301
302
304
305
307
306
304
306
306
307
306
305
306
311
311
311
308
309
308
307
310
309
309
310
310
311
310
311
311
314
311
312
313
312
307
309
311
311
310
313
311
311
314
315
317
322
322
320
320
320
322
321
319
319
321
320
322
320
322
321
322
319
319
319
320
321
320
317
317
317
316
315
315
315
315
316
318
319
320
318
319
317
319
318
320
321
322
320
318
320
320
319
320
321
321
321
321
321
319
318
320
318
319
318
318
319
319
318
318
317
319
320
321
322
324
325
325
327
329
328
326
326
327
325
326
326
328
330
330
331
333
334
334
333
334
334
334
336
335
333
332
330
328
327
331
334
334
334
331
333
333
333
331
332
335
336
333
334
334
333
330
333
332
333
331
330
329
330
329
331
333
334
337
336
334
336
338
341
341
339
336
335
334
334
337
337
336
337
336
335
336
337
337
333
334
333
334
335
335
331
333
335
332
331
331
328
330
332
332
331
331
332
333
333
336
331
333
331
331
334
334
330
329
328
326
326
326
331
331
332
332
332
332
335
331
332
331
332
333
333
332
330
329
329
335
332
331
331
331
332
333
332
330
328
328
328
328
331
329
329
330
330
333
331
334
336
333
334
333
334
334
333
329
328
327
327
328
332
333
330
331
333
331
332
336
335
334
334
333
332
331
332
332
332
330
333
334
336
335
333
334
334
332
331
332
336
336
336
335
335
335
333
333
332
333
334
333
336
337
333
331
330
328
326
327
327
328
328
330
330
331
334
331
331
333
329
329
328
327
328
327
327
331
329
330
328
329
331
331
332
331
333
332
333
336
335
335
334
334
335
336
337
336
336
338
338
337
332
332
330
333
331
331
329
327
326
328
328
328
331
331
330
328
331
332
331
336
339
339
339
339
340
340
340
340
340
339
341
342
343
344
344
344
342
340
340
338
339
342
342
343
343
346
344
346
345
346
346
343
343
340
341
344
341
343
343
346
344
343
344
344
345
344
345
343
344
342
341
341
340
342
342
341
343
346
350
347
344
345
347
348
349
348
346
348
348
348
348
348
347
349
350
347
346
345
344
345
347
348
347
348
348
349
351
350
349
349
349
349
349
352
352
350
351
351
350
351
350
350
350
349
349
349
349
344
345
349
353
353
353
353
351
348
349
348
351
350
349
347
346
345
347
348
348
349
348
347
343
348
346
346
345
347
347
346
347
347
346
345
346
345
346
351
350
348
347
346
347
349
349
351
348
350
348
351
352
351
351
351
351
352
356
355
353
355
352
352
352
354
353
353
354
354
353
350
350
350
351
353
353
355
356
354
356
357
357
357
357
356
353
354
353
355
352
352
355
356
354
357
354
353
353
356
354
353
353
353
355
357
357
355
355
359
365
367
362
360
364
365
362
362
362
359
355
350
351
352
352
352
351
353
352
354
355
355
352
351
351
352
351
354
354
352
353
354
354
354
357
362
361
358
358
355
356
356
357
355
355
354
355
357
357
358
359
359
361
360
360
357
359
360
361
362
363
366
364
364
364
364
363
363
366
367
368
369
365
364
365
366
367
363
360
362
364
364
365
365
364
363
364
361
363
363
363
365
366
362
364
362
363
364
367
369
370
369
368
369
369
366
366
365
365
363
363
361
363
361
362
362
361
363
366
367
366
362
362
365
362
362
362
360
364
364
359
358
357
355
354
356
357
358
359
357
359
356
355
355
357
360
360
358
359
359
359
359
358
357
356
358
359
359
359
360
362
366
367
370
371
371
371
371
369
367
369
369
372
368
367
363
359
363
363
365
364
365
367
367
368
367
367
367
364
363
363
364
365
367
365
366
368
370
369
364
366
364
361
362
359
356
355
353
356
359
360
361
363
362
362
365
362
363
365
365
362
361
357
357
359
358
356
356
356
357
359
359
359
359
358
361
363
362
363
365
364
361
363
362
362
363
362
364
365
365
362
363
365
364
363
365
368
365
367
368
369
368
369
367
365
365
366
365
367
368
367
371
371
372
373
373
374
373
371
367
370
367
367
367
369
370
374
372
370
369
366
365
369
366
367
368
370
369
369
371
370
371
373
373
373
372
370
370
370
373
373
373
372
374
372
373
373
373
371
371
372
369
369
369
369
369
372
371
373
374
371
371
375
373
372
374
374
374
374
371
372
373
375
375
373
375
374
372
372
373
370
370
368
372
372
373
373
376
373
372
372
372
370
371
372
370
371
369
370
374
374
373
372
372
372
373
374
371
368
369
367
368
368
369
374
373
371
372
370
371
372
370
371
371
371
368
366
369
372
371
371
372
370
371
371
370
370
370
371
372
371
374
373
374
374
376
376
377
373
371
373
377
379
377
377
374
375
376
376
376
377
378
378
378
377
377
379
382
383
386
386
385
386
383
383
383
383
381
379
382
382
380
380
380
379
377
378
378
380
383
381
381
382
381
383
386
385
385
382
382
382
381
380
381
381
380
381
383
383
383
381
380
381
379
378
380
379
380
381
381
382
381
382
382
381
382
383
384
387
386
387
386
385
385
385
387
384
388
388
386
386
385
383
384
386
386
384
385
384
386
386
386
387
387
386
386
390
391
390
394
393
394
396
398
399
400
398
398
396
399
400
401
402
401
400
398
399
399
398
395
393
391
392
392
395
392
393
395
395
395
395
393
391
387
387
387
386
383
382
383
386
389
391
390
389
388
387
387
384
385
385
386
383
387
391
391
391
392
394
393
396
394
398
397
396
398
398
397
395
395
393
393
393
394
395
395
393
395
392
394
396
397
394
395
398
396
395
396
396
393
391
392
392
392
393
392
389
391
390
389
388
388
391
391
392
391
394
395
396
391
391
392
393
393
393
395
394
396
393
392
392
393
394
396
396
399
402
404
404
404
402
401
398
400
398
400
400
404
405
406
404
404
401
401
402
401
399
396
393
389
389
390
391
391
389
390
391
391
389
390
389
386
388
387
386
386
389
390
390
391
392
392
390
388
390
391
392
392
395
393
392
395
395
393
395
393
392
392
392
393
395
395
394
393
394
394
394
394
396
396
394
394
394
392
393
394
392
396
400
402
398
396
397
397
398
395
395
397
398
399
401
403
404
404
405
404
403
402
402
402
401
399
398
397
397
399
399
400
401
404
403
401
402
403
402
402
403
402
404
405
407
406
404
407
405
407
410
410
412
413
419
419
416
413
412
412
411
413
414
415
417
419
419
420
421
420
420
420
416
418
421
420
417
415
418
417
416
416
416
413
412
410
412
409
410
410
409
409
410
412
414
413
414
410
409
409
409
414
416
416
417
417
417
416
414
413
412
414
413
415
410
405
407
406
403
404
406
409
410
408
409
409
413
410
410
411
413
413
415
416
415
409
411
410
411
412
410
409
408
407
406
405
404
404
404
406
407
411
408
407
406
406
405
404
404
407
410
408
408
408
405
407
408
410
408
407
406
407
412
411
414
414
415
411
412
417
417
418
419
419
417
414
414
414
415
414
417
416
414
416
418
420
420
421
421
421
422
421
422
424
423
421
420
420
418
418
419
419
416
415
421
420
419
417
416
416
418
418
417
416
416
419
421
422
422
423
421
421
420
420
420
421
424
425
426
427
429
429
425
421
419
420
419
416
413
413
413
412
415
416
418
420
419
421
421
419
418
419
419
421
420
423
421
420
416
417
415
414
414
415
417
416
416
415
415
414
415
416
418
419
416
415
414
417
416
417
412
413
413
415
416
413
414
414
418
420
423
424
426
428
428
427
426
422
423
423
426
428
428
425
426
428
424
427
426
425
426
424
427
427
425
427
429
428
430
427
426
424
424
424
422
422
423
422
423
420
420
421
419
420
418
419
418
418
417
414
412
411
412
413
414
414
414
416
412
412
411
411
410
410
413
413
415
416
417
419
419
417
419
422
421
421
421
419
420
421
423
421
420
419
420
423
420
418
420
422
423
422
422
420
416
414
413
413
412
411
413
414
417
416
418
417
421
423
424
423
423
423
422
421
420
417
419
421
420
420
419
419
418
417
417
418
417
416
417
417
419
415
415
417
420
418
419
417
413
413
415
414
414
410
408
407
408
408
411
413
412
410
409
410
408
410
408
409
412
412
415
413
418
420
416
413
413
414
413
412
412
411
412
411
413
412
412
413
412
413
414
415
418
418
417
418
417
414
414
417
416
414
417
418
418
417
417
414
415
414
413
416
414
418
418
418
421
424
421
421
421
425
428
428
426
430
432
433
436
432
433
434
436
437
436
433
434
433
433
435
433
433
432
434
434
431
431
431
432
433
434
431
431
433
432
434
432
429
428
426
428
430
429
429
432
431
429
429
428
430
429
433
435
436
435
439
440
439
437
437
438
439
437
436
436
437
436
435
438
439
439
436
434
435
437
435
434
434
434
435
433
432
432
433
431
431
431
430
430
434
431
429
431
431
430
426
424
424
424
421
422
423
421
421
423
424
426
425
424
424
423
422
419
417
414
414
416
415
418
416
418
415
416
413
414
414
415
416
415
416
415
412
414
414
415
417
414
417
418
418
419
413
411
408
408
410
410
411
410
411
409
409
410
412
413
416
419
423
423
421
422
422
422
422
423
426
424
423
421
422
419
417
418
418
415
412
410
410
411
414
417
418
418
417
414
414
415
415
418
417
415
415
415
415
411
410
411
413
414
414
410
411
412
412
414
414
415
419
418
417
417
417
420
421
423
423
425
425
427
426
428
430
428
427
428
430
428
427
422
420
419
418
416
413
413
415
413
413
416
414
411
414
411
410
409
414
417
416
416
415
417
415
419
416
417
417
418
417
419
418
414
415
414
410
409
405
405
405
408
405
405
406
406
405
406
405
407
408
408
408
410
410
408
406
408
407
412
411
410
406
407
408
411
413
416
413
412
414
410
410
412
411
409
411
411
407
409
409
412
408
409
410
410
408
409
405
408
411
410
411
411
412
411
414
416
414
417
414
417
421
421
421
422
421
423
424
426
429
428
428
425
424
424
424
424
424
425
423
426
425
424
425
426
427
427
429
433
434
431
427
427
429
431
432
433
434
433
433
434
432
433
433
435
438
440
439
442
439
437
436
437
438
436
439
437
436
435
437
435
434
433
433
432
433
434
436
436
436
437
436
435
436
438
436
435
433
433
431
433
429
429
430
429
427
430
430
431
433
437
438
437
438
438
437
437
436
438
436
441
441
439
440
442
440
440
439
440
439
437
436
439
442
443
445
445
448
450
450
453
455
456
458
459
454
454
454
453
453
453
454
453
452
448
449
447
443
445
445
444
440
439
436
436
436
435
434
433
436
437
437
435
432
431
429
427
426
427
428
430
434
436
435
435
437
432
430
432
429
431
432
433
431
431
433
436
435
435
435
436
438
437
438
437
440
438
433
437
441
443
445
442
434
436
436
435
435
438
440
437
437
436
436
432
433
433
430
432
429
426
426
428
430
430
430
426
429
429
430
431
429
431
431
432
433
434
434
436
438
436
439
439
441
439
439
437
438
441
437
435
437
437
439
439
438
437
439
437
435
436
434
434
434
435
435
441
439
440
439
440
440
438
440
440
438
437
437
438
441
444
447
446
447
445
447
445
445
444
442
443
442
443
441
442
438
437
434
432
432
431
430
431
430
427
427
426
423
422
424
420
422
421
421
418
418
419
418
419
421
421
419
417
417
421
418
420
421
425
426
420
417
417
421
418
419
420
421
420
421
419
418
421
421
419
421
421
420
420
423
423
426
426
425
423
424
424
422
420
421
422
424
420
419
419
419
421
419
418
417
417
419
418
415
413
414
415
416
417
415
417
416
416
417
415
413
412
413
413
415
414
417
419
420
420
419
417
418
423
427
430
428
430
428
432
433
433
433
432
436
432
430
431
432
428
430
432
431
433
434
435
434
435
435
437
439
439
439
436
434
434
434
434
439
438
440
437
437
436
434
434
434
437
438
441
443
448
446
440
440
441
441
443
441
445
444
448
447
446
448
452
452
450
450
450
452
450
450
450
450
451
451
450
449
450
450
451
450
450
454
452
451
447
449
450
448
447
449
452
452
456
455
457
460
456
455
454
453
452
450
452
451
451
452
453
450
453
454
453
455
455
454
452
453
453
453
451
452
451
451
451
452
453
455
457
453
452
449
454
458
457
455
457
459
458
460
458
455
456
455
458
458
460
458
456
455
455
456
456
457
456
456
457
455
455
456
458
460
458
457
459
459
459
457
457
459
462
462
462
463
461
461
461
457
457
460
460
454
456
457
452
452
450
452
450
450
449
450
448
452
455
456
456
459
458
455
453
452
452
451
448
450
449
450
449
452
453
452
452
454
455
459
461
462
461
461
459
459
459
458
456
456
455
454
452
452
452
455
456
458
456
458
457
455
452
452
451
457
458
457
458
460
460
457
456
459
462
462
463
463
462
461
457
456
455
453
452
454
452
452
450
451
453
450
452
452
455
453
456
454
455
455
452
452
453
452
453
450
448
448
448
445
446
447
447
449
450
450
449
448
451
448
447
447
442
445
446
447
446
446
443
440
439
439
440
442
441
444
444
443
441
446
448
449
451
453
451
450
449
449
448
447
441
444
446
448
450
454
454
454
455
450
450
448
448
448
445
445
449
447
449
449
447
448
451
450
454
453
456
457
458
456
454
457
458
456
456
458
458
463
461
463
461
460
460
464
465
464
465
460
459
462
462
463
463
461
462
461
463
461
461
460
459
461
464
466
462
461
461
459
458
458
456
458
455
453
452
451
451
453
450
445
443
443
443
443
443
448
449
447
448
449
449
449
449
449
450
449
456
460
461
460
460
463
460
458
459
460
461
460
457
455
452
451
452
452
453
456
455
457
456
456
455
455
455
456
453
453
451
447
448
448
450
450
450
449
447
446
449
446
446
447
444
443
441
442
442
441
441
442
441
445
444
445
448
447
449
447
450
452
452
451
448
450
453
451
456
454
452
452
450
447
450
449
447
450
448
451
454
453
454
457
457
454
456
454
458
458
458
460
459
459
462
463
462
460
459
461
460
460
460
462
465
467
464
465
460
460
463
466
468
467
469
468
469
469
468
465
464
466
464
465
467
468
470
469
461
459
453
453
453
452
452
453
452
454
454
452
453
452
453
453
454
454
454
454
454
451
452
453
458
457
456
459
460
460
459
462
457
457
456
455
456
457
455
454
454
454
452
452
453
453
451
449
450
451
451
453
454
455
451
453
452
451
449
450
448
446
448
446
446
444
444
446
448
448
450
449
446
448
446
445
446
447
448
446
446
443
442
440
443
443
442
444
446
446
445
446
451
449
447
447
445
443
446
446
443
441
439
438
438
440
439
439
440
442
441
444
441
440
439
440
442
440
439
442
443
443
442
443
438
441
442
446
445
448
447
443
440
440
440
442
442
442
445
446
443
443
444
441
439
435
436
437
438
440
445
446
448
447
446
445
444
443
444
444
444
444
445
447
447
444
442
442
441
444
442
443
444
442
440
441
441
441
444
441
441
439
437
439
441
440
438
439
440
440
439
439
442
440
440
439
439
435
435
435
437
438
440
439
438
437
439
435
436
436
435
435
436
437
436
435
439
439
439
439
438
438
438
438
436
437
436
439
440
442
440
442
443
442
443
445
444
443
445
445
447
446
444
445
446
447
447
448
447
448
447
446
448
451
453
457
461
461
460
462
463
462
464
460
457
457
459
459
456
455
456
455
456
457
456
456
457
458
456
456
456
457
459
457
456
455
453
456
456
455
454
457
454
455
454
455
456
453
454
458
459
460
457
460
460
460
461
458
458
456
458
458
460
460
460
465
464
463
466
466
469
469
467
466
467
468
469
469
471
467
465
463
461
462
461
461
462
464
462
462
459
458
457
458
460
460
461
460
458
459
461
458
460
458
458
458
462
461
461
458
461
459
455
453
455
453
455
456
458
457
456
451
451
449
450
452
453
453
454
453
453
456
456
458
457
457
455
455
456
453
454
455
454
456
461
461
461
461
462
462
460
461
459
460
462
458
460
459
457
457
457
459
452
455
457
453
454
456
455
452
455
456
455
457
460
458
457
455
457
456
455
457
457
456
455
455
456
456
453
453
452
451
453
453
454
454
452
457
454
454
455
455
452
454
453
455
456
457
457
458
461
467
464
462
459
458
456
456
458
462
458
457
455
453
452
452
452
451
452
448
448
446
444
445
444
446
443
441
437
439
439
439
437
436
437
431
431
435
435
438
439
443
443
440
442
440
440
436
434
433
436
436
438
436
437
440
441
438
439
439
442
440
440
440
439
437
440
439
443
442
442
442
442
443
443
443
440
440
443
442
445
441
437
438
438
436
438
439
438
440
441
443
442
442
438
439
438
437
436
438
437
436
433
433
431
433
433
434
434
435
437
440
439
441
444
442
440
440
443
445
443
441
442
444
445
452
448
445
445
443
439
441
446
442
444
446
446
448
450
447
442
443
444
444
445
446
447
452
450
454
452
451
447
445
446
444
442
444
444
446
445
446
446
446
447
445
445
444
446
445
444
447
445
444
448
447
448
449
446
447
452
449
448
449
446
446
449
448
449
454
454
452
456
454
454
455
455
456
453
451
452
452
454
452
450
452
450
448
449
449
450
450
447
448
448
447
443
446
442
443
444
447
444
443
446
448
448
447
444
444
440
441
437
438
439
441
442
441
439
437
439
441
442
442
440
442
437
439
440
441
445
443
442
440
440
441
441
435
435
435
434
434
433
432
436
434
434
436
436
436
436
436
437
437
434
436
436
432
432
432
433
432
435
439
436
434
434
432
435
435
432
433
431
430
431
430
432
434
430
431
435
433
433
436
435
436
433
433
432
432
437
439
443
440
441
437
439
437
435
435
435
435
434
436
437
435
438
440
441
442
443
445
445
447
446
445
445
444
443
443
444
444
440
439
441
442
442
442
444
441
442
441
444
444
447
446
447
446
449
451
454
456
457
457
456
455
453
456
453
456
455
453
453
455
456
460
459
462
461
461
458
456
458
453
450
455
452
451
450
449
449
450
451
453
450
450
449
450
450
450
453
453
449
450
450
452
449
447
446
450
453
450
448
449
450
452
455
452
452
448
450
448
447
447
444
439
438
440
443
442
442
443
443
445
445
443
441
444
446
445
445
445
444
444
441
441
440
440
444
444
443
442
443
443
442
438
435
436
439
437
441
443
445
446
441
438
437
437
437
439
440
439
436
437
437
438
441
440
442
446
446
446
447
450
454
451
447
447
445
444
441
440
443
443
445
443
442
442
436
437
438
435
437
436
435
434
435
437
437
438
435
436
436
436
437
438
436
436
434
434
435
438
440
442
443
446
444
445
448
445
445
445
447
451
450
449
449
447
449
444
444
446
448
448
446
451
450
449
450
448
446
449
453
450
450
449
447
445
443
443
444
444
447
443
441
444
443
446
447
446
449
448
446
447
446
446
447
446
447
450
451
451
451
449
447
448
451
454
454
456
458
458
459
460
460
460
461
464
461
459
456
457
455
454
452
452
450
450
450
451
454
453
452
450
450
451
449
447
448
450
449
448
449
452
453
453
454
455
452
451
450
449
451
453
454
456
457
459
459
459
460
458
459
458
456
460
457
458
458
457
460
459
461
462
464
466
466
462
462
462
460
462
464
463
466
465
463
463
463
462
464
465
463
462
459
456
457
455
453
456
455
454
454
457
460
461
460
461
462
464
461
461
460
460
461
463
466
466
464
465
465
463
465
466
464
464
466
466
462
463
462
463
466
464
463
464
464
464
463
460
463
460
456
455
456
456
454
456
458
459
460
458
455
456
462
464
462
464
462
466
461
464
466
462
463
462
461
463
461
461
463
463
464
461
460
462
463
464
466
464
463
465
463
464
465
464
465
465
461
459
458
455
454
450
449
451
453
453
452
451
451
451
452
454
455
460
457
458
457
462
464
466
467
468
467
466
467
470
473
477
475
475
472
469
468
466
467
469
471
469
469
468
465
465
463
464
467
464
465
467
464
463
464
464
466
465
471
471
473
473
473
475
475
472
471
468
468
469
468
471
471
472
475
473
472
470
471
473
474
473
474
473
467
468
467
467
467
470
469
473
474
474
470
469
470
468
468
469
467
467
466
467
468
468
468
466
466
467
468
468
467
465
460
463
464
466
467
470
470
473
467
464
466
465
464
458
458
458
456
456
457
457
457
460
461
462
461
458
458
463
464
464
464
466
465
467
470
468
468
470
472
472
474
473
470
470
476
478
476
475
476
473
473
469
467
466
467
467
469
465
464
464
466
464
466
464
463
463
463
459
458
462
461
463
464
464
464
463
464
467
467
466
462
462
461
462
460
457
455
456
456
452
451
455
453
