0.0008975862068965518 0.0009658620689655174
300
293
288
282
280
270
264
261
253
249
245
239
236
233
233
234
230
228
227
226
223
224
225
225
226
219
216
216
218
217
218
219
218
218
218
217
216
212
212
209
208
205
206
206
206
204
204
204
204
202
200
200
200
199
197
196
195
196
194
193
193
194
193
194
193
193
190
188
188
189
189
189
188
188
188
189
190
192
191
190
192
193
192
191
190
192
192
192
190
190
186
185
185
185
185
185
186
186
184
185
184
186
185
185
184
183
183
183
184
186
182
183
183
183
182
182
183
182
182
181
180
180
179
179
179
179
179
179
178
181
180
179
179
179
179
178
178
177
175
175
174
173
174
174
175
175
175
175
174
174
176
175
175
175
175
177
178
178
180
180
180
179
176
176
177
177
178
177
177
173
174
173
172
170
170
170
172
171
170
171
170
170
171
172
172
172
171
172
173
172
172
173
173
173
172
172
172
171
171
170
168
167
167
167
166
165
165
166
166
166
167
168
167
167
167
167
171
173
174
175
174
173
173
173
171
170
169
170
171
172
175
174
172
172
172
171
169
170
169
169
168
169
169
169
170
172
174
172
171
171
170
170
168
166
167
168
167
166
166
167
167
167
166
167
166
164
166
167
166
166
165
165
167
166
165
166
166
165
165
165
166
167
169
168
169
170
169
169
171
169
169
170
171
171
174
174
170
172
172
172
174
172
172
174
176
174
173
172
171
170
170
170
170
169
169
169
169
169
169
169
168
169
168
168
168
168
168
169
170
170
170
168
168
169
169
170
170
171
171
168
165
166
166
166
167
167
168
168
167
166
165
166
165
164
164
164
166
166
167
168
167
167
165
166
167
166
165
164
163
163
162
164
165
165
164
162
161
161
163
165
166
165
162
161
161
162
161
161
161
161
160
161
161
161
161
162
162
164
162
160
159
160
160
160
160
161
164
164
164
166
165
165
166
166
165
165
165
163
162
164
166
166
167
165
165
167
168
170
170
171
172
170
170
171
170
170
170
171
167
166
167
166
166
167
167
164
162
163
165
167
167
168
170
167
167
167
169
170
169
168
169
170
169
171
169
169
168
167
167
163
163
163
165
165
165
166
165
165
166
165
164
165
165
165
165
165
166
169
167
167
167
168
167
167
167
168
170
169
168
168
167
167
167
167
167
167
168
165
163
161
161
162
161
161
162
162
162
163
164
162
163
164
162
163
161
159
157
159
158
158
158
159
160
162
162
163
161
161
163
164
163
161
160
159
161
162
163
163
162
162
161
160
162
162
162
164
165
165
166
164
161
162
161
160
160
158
157
158
158
159
157
157
157
156
156
156
159
159
157
154
152
154
154
154
153
151
151
151
152
151
151
151
151
153
153
152
152
152
154
154
153
154
155
155
156
156
154
154
154
154
154
153
153
154
154
154
153
153
154
151
150
151
154
153
153
153
155
155
155
155
155
154
156
157
157
159
162
163
161
162
163
164
164
162
161
161
162
161
161
161
162
163
165
168
168
168
167
166
162
162
159
159
159
158
159
159
162
163
163
163
162
163
162
162
161
162
162
161
161
162
163
163
164
167
167
165
164
162
162
159
157
159
160
163
164
164
163
161
162
163
163
161
162
159
160
161
162
162
161
161
159
159
158
159
158
159
159
157
158
155
155
152
153
153
152
152
151
151
152
150
152
153
153
153
153
152
152
152
152
152
154
152
152
149
149
150
150
149
148
147
148
146
146
146
146
146
149
148
148
148
150
152
152
151
151
149
149
150
150
151
150
151
150
151
150
149
149
151
152
151
149
150
150
148
149
149
148
148
146
146
146
146
146
145
143
143
143
142
142
144
144
143
144
146
146
147
147
148
149
149
148
149
150
149
149
149
148
150
149
146
147
146
144
143
145
146
146
146
148
148
149
149
147
146
144
145
146
146
146
146
146
148
148
148
148
148
149
149
148
145
145
142
142
143
142
144
146
144
145
143
142
142
142
143
143
143
143
142
142
142
141
142
142
143
143
143
145
145
145
143
142
143
142
142
144
145
146
146
143
144
143
143
143
141
143
143
145
143
141
142
142
142
141
141
141
141
141
142
141
141
140
139
140
143
143
143
142
143
145
144
143
143
143
143
143
143
143
140
140
139
140
141
142
142
142
141
141
139
138
136
138
141
140
139
139
139
141
141
141
138
138
136
136
139
138
138
141
141
141
139
140
140
139
140
140
139
137
136
136
134
136
135
134
134
134
135
136
137
136
135
135
136
135
135
135
136
136
136
135
134
133
135
135
134
134
134
134
134
134
135
135
137
138
138
138
138
137
137
138
137
136
137
137
138
138
139
138
138
137
137
135
134
134
133
133
135
134
134
134
135
135
135
137
137
140
139
140
139
139
140
140
140
139
140
141
140
139
140
141
141
141
141
142
142
142
142
143
143
144
138
137
137
137
137
136
137
138
138
138
138
138
138
141
139
139
139
139
140
140
143
140
139
141
144
145
144
144
143
144
143
144
145
145
145
144
148
147
147
147
147
146
147
146
145
143
143
145
143
145
145
145
145
145
145
145
145
144
144
144
144
142
141
141
143
142
142
143
145
144
143
143
143
145
144
143
143
143
142
141
142
142
142
141
142
141
138
137
137
138
138
139
140
139
140
137
137
137
137
135
135
135
135
135
135
137
138
137
136
137
137
136
137
136
136
134
133
133
133
133
133
134
134
134
133
135
137
136
135
133
135
135
135
135
134
135
134
133
134
134
135
136
137
137
136
135
136
135
135
136
137
136
134
134
133
132
132
132
132
132
134
134
133
134
132
132
132
131
131
132
130
131
129
132
134
132
132
132
132
133
133
132
132
131
130
129
129
129
128
129
128
130
130
131
129
128
128
129
130
131
130
129
132
132
132
134
134
132
129
129
130
127
127
127
128
129
129
130
129
130
130
129
127
127
129
129
129
128
128
129
129
131
131
130
129
128
129
129
130
130
129
129
130
130
129
129
128
128
131
132
133
133
133
132
132
133
132
131
131
131
131
132
131
133
133
132
132
134
134
135
134
136
134
134
134
134
133
134
134
136
136
136
135
134
135
133
132
130
130
128
128
128
129
130
131
131
131
131
129
129
129
127
128
128
129
129
128
127
128
129
130
130
130
130
130
130
128
128
129
129
129
130
129
129
131
131
131
131
131
131
130
128
129
129
129
131
132
133
132
133
133
134
134
134
134
135
133
131
131
131
131
130
130
128
128
127
127
128
128
129
132
132
132
132
132
132
132
133
132
132
132
130
130
128
128
129
129
130
129
128
127
127
126
126
127
127
127
126
126
126
126
126
127
128
128
128
128
128
128
127
126
127
125
124
124
124
126
126
126
126
126
126
126
125
126
127
127
127
126
126
127
127
127
125
125
126
126
127
127
127
127
127
127
128
128
128
128
127
127
127
126
125
125
125
126
127
127
127
129
130
130
129
130
130
131
131
132
131
131
131
131
131
130
130
130
128
128
128
128
128
128
128
129
129
129
129
128
129
129
130
132
132
133
132
132
131
130
130
130
130
129
129
128
129
131
131
131
131
131
131
128
128
129
131
131
131
132
131
132
133
134
133
132
133
133
132
131
130
130
130
127
127
127
127
127
127
128
127
126
126
126
125
124
125
124
125
125
126
124
124
126
126
125
125
124
124
123
123
123
124
125
125
125
126
126
127
124
124
124
125
126
126
126
127
126
128
128
129
130
130
131
131
130
131
130
131
131
130
131
131
132
132
134
135
134
134
135
134
135
135
134
132
132
132
131
131
131
130
129
129
128
127
128
128
129
129
129
127
127
127
126
127
127
126
126
126
126
123
124
125
125
127
127
127
128
128
128
130
131
130
131
132
133
135
134
134
133
133
131
132
130
128
127
127
127
127
126
126
126
125
128
127
127
127
126
126
126
127
127
127
128
129
128
130
129
129
130
130
130
130
128
130
128
128
128
126
125
125
126
125
125
125
126
126
127
127
127
128
128
127
126
124
125
125
126
127
130
131
129
129
125
125
124
125
123
123
125
125
124
124
123
122
121
123
124
123
124
124
123
123
121
121
121
122
122
123
124
124
126
126
126
125
125
124
123
124
126
127
127
127
126
126
126
125
125
125
125
125
125
125
125
125
124
124
124
123
123
124
123
121
121
121
123
122
122
122
119
120
121
121
119
119
120
120
120
121
121
121
122
122
125
124
125
125
124
123
124
122
123
123
124
125
125
125
124
122
121
121
122
122
122
121
120
120
121
122
122
121
121
121
121
121
120
120
122
122
123
123
124
122
122
122
121
121
121
121
122
121
122
122
123
124
123
122
121
123
124
124
127
128
130
130
130
128
127
126
125
125
124
123
123
123
123
123
123
123
123
123
122
124
123
123
125
124
124
124
124
123
123
122
122
123
124
124
126
128
127
127
127
127
125
125
123
125
124
124
123
123
122
124
124
123
124
125
122
122
123
123
122
121
122
122
123
123
122
121
120
121
121
119
119
119
119
119
119
120
120
121
121
121
120
119
118
118
118
118
118
120
120
118
119
118
120
119
119
119
118
120
121
117
117
117
117
117
119
119
120
119
119
118
119
120
120
121
121
121
121
122
120
118
116
116
118
119
120
120
122
122
121
121
123
123
122
122
122
122
123
123
124
124
124
123
123
124
124
123
123
123
125
125
123
124
124
123
123
123
123
122
121
118
118
118
118
118
118
117
117
118
117
117
117
117
117
117
117
117
119
120
118
118
118
117
117
117
118
118
118
119
119
119
119
119
119
120
122
122
121
118
119
118
118
120
122
122
122
122
123
122
122
122
122
122
121
120
121
124
124
124
122
122
121
121
120
121
120
120
122
122
122
122
121
121
120
120
120
119
118
119
120
123
124
123
125
124
124
123
125
126
127
125
125
125
123
123
124
124
123
122
122
122
122
120
120
120
120
120
120
121
122
120
121
120
121
122
120
119
119
118
118
119
119
119
118
118
120
120
121
120
120
123
124
121
120
120
118
119
119
118
118
118
119
118
118
118
119
120
121
122
121
120
120
120
120
119
120
120
122
123
123
123
123
124
126
126
125
126
127
125
126
126
127
127
126
121
119
119
119
120
121
120
120
121
122
121
120
121
123
122
122
121
122
122
121
122
123
122
122
119
120
120
120
120
120
121
121
122
122
122
122
122
121
121
120
118
117
115
115
114
115
114
115
118
116
115
115
113
113
112
112
112
112
112
113
113
114
114
113
111
113
112
110
110
110
111
111
111
111
112
112
112
113
113
113
113
113
112
114
114
114
114
112
112
113
112
112
112
111
110
110
109
109
110
110
110
112
113
115
113
113
113
114
115
115
116
116
115
116
114
114
114
114
115
117
117
116
116
115
117
117
116
117
116
116
117
118
117
116
114
113
113
112
112
112
109
109
110
110
108
108
108
108
109
107
108
108
107
107
107
107
108
110
110
111
110
110
111
111
113
112
113
112
116
114
113
112
111
111
113
113
115
115
114
114
116
116
118
119
122
120
121
119
120
119
121
119
117
116
115
113
113
111
110
110
111
111
111
113
112
111
110
111
111
110
110
109
111
111
112
114
112
111
111
111
112
112
112
112
112
114
114
113
113
112
111
111
110
109
111
110
110
110
110
111
110
109
109
109
109
109
110
108
108
108
109
109
109
109
109
110
110
110
109
111
111
110
110
110
109
109
109
109
109
108
107
108
108
108
108
107
108
107
108
109
109
109
109
110
110
110
111
109
108
108
108
108
108
108
109
108
108
108
108
108
109
110
110
111
111
112
112
112
111
111
111
110
109
108
108
109
108
106
106
109
109
109
109
109
110
110
111
112
112
112
109
109
109
109
108
108
108
108
108
107
107
109
109
108
108
108
109
109
108
107
108
108
108
108
109
109
108
108
109
110
110
110
110
108
106
107
107
108
110
110
110
109
109
109
110
110
111
110
110
109
109
109
109
109
108
108
108
109
110
112
112
112
111
111
111
110
110
110
111
112
111
112
112
113
112
111
110
110
110
110
110
110
110
110
111
109
109
108
108
108
108
107
105
105
106
106
106
106
106
107
107
107
108
108
107
106
106
106
105
104
104
103
103
104
103
103
102
103
103
103
103
102
103
103
103
104
104
104
104
105
106
105
104
105
105
105
105
106
106
106
108
108
111
112
112
113
114
113
113
115
114
114
118
117
116
116
116
119
122
119
119
120
121
122
123
124
125
125
124
124
126
125
126
123
120
120
119
119
121
118
118
118
117
116
117
117
116
117
117
115
115
113
112
111
109
109
108
108
108
109
108
108
109
108
109
109
108
108
107
108
108
109
109
109
108
109
107
107
107
106
106
107
108
109
109
109
108
108
108
109
108
107
107
107
107
106
107
108
109
109
109
109
109
109
111
111
113
115
116
116
118
118
117
116
114
113
113
113
113
115
115
113
113
114
112
111
112
112
111
112
111
110
112
111
113
115
116
115
116
115
114
113
114
114
114
115
114
114
114
112
114
114
115
116
115
114
114
115
116
115
115
116
114
115
114
114
113
113
112
113
113
113
113
113
115
114
114
112
111
111
111
113
112
110
110
112
112
112
110
108
107
107
108
108
108
108
107
105
105
105
106
107
107
107
107
108
109
109
110
111
111
111
110
110
111
111
110
110
111
111
110
109
109
109
109
109
111
111
112
112
109
108
108
108
107
107
107
105
105
104
104
104
105
106
106
104
104
105
105
104
104
105
105
106
106
107
105
105
104
104
105
105
104
105
105
105
103
103
102
102
102
102
102
103
103
103
103
103
104
104
104
105
105
105
105
106
106
107
107
107
107
107
106
105
107
107
108
109
109
110
111
112
112
112
112
113
113
114
113
112
113
111
112
112
113
113
113
114
111
111
112
112
111
110
109
108
109
108
108
109
108
108
109
109
110
110
110
109
109
108
108
106
106
106
106
107
105
106
107
107
108
108
107
107
106
105
105
104
105
104
105
106
106
106
106
107
109
109
108
108
107
106
105
105
104
105
105
105
105
105
105
105
105
105
105
106
108
108
109
109
110
111
111
111
111
111
112
112
112
113
112
114
116
115
115
114
114
114
114
113
112
112
112
113
111
113
115
115
115
116
118
118
117
116
115
111
111
111
111
112
112
111
112
109
108
107
108
109
109
109
109
109
110
110
110
110
109
109
109
108
108
108
108
109
108
108
106
106
106
106
106
106
105
105
106
106
106
106
106
107
108
108
109
110
110
113
113
114
115
114
115
112
112
112
112
112
112
113
113
113
113
113
114
114
116
116
115
115
115
116
116
116
112
112
110
111
110
110
111
111
115
115
115
114
112
112
113
114
115
114
114
110
110
111
109
109
109
111
111
111
111
110
110
108
107
106
106
106
106
106
106
106
106
105
104
104
105
104
104
104
104
103
103
103
103
103
105
105
105
105
105
105
105
105
106
105
105
105
105
104
105
105
105
104
103
103
104
104
104
103
102
103
103
103
104
104
103
104
103
104
104
105
105
103
104
102
102
102
104
105
105
105
105
105
106
104
103
103
102
103
102
102
102
103
104
104
106
106
105
105
106
106
106
106
107
107
108
107
107
108
107
106
105
105
106
106
105
105
105
105
106
108
108
109
111
109
107
107
106
106
105
107
108
108
107
107
107
107
106
106
107
108
108
108
108
105
105
105
103
104
105
105
106
106
107
109
106
105
104
105
107
104
103
103
104
106
104
105
104
103
102
103
108
109
110
112
111
111
111
112
112
111
111
110
108
107
107
105
105
104
102
102
101
101
100
99
100
101
101
101
100
100
100
100
100
100
100
101
100
100
101
101
101
100
102
104
105
106
104
104
102
101
101
102
103
103
102
102
103
104
105
104
101
100
100
100
101
101
100
100
101
102
102
103
103
104
103
104
103
103
104
104
104
104
104
104
104
106
106
107
107
109
106
107
107
107
108
108
108
107
105
104
105
105
106
107
106
106
108
107
107
106
105
104
103
104
104
104
103
104
105
105
105
105
103
102
102
103
102
101
101
101
101
102
102
101
102
102
102
102
101
102
103
104
103
103
104
104
103
102
102
101
100
100
99
99
100
101
101
101
103
102
103
102
101
99
100
100
99
99
102
102
101
101
102
102
101
101
101
101
102
102
102
102
103
103
104
104
103
102
102
102
102
103
103
102
102
101
100
100
100
101
102
103
103
103
102
102
104
104
104
104
104
104
103
102
103
102
103
103
104
104
103
103
102
102
102
103
104
106
106
106
105
105
105
106
105
106
107
107
107
107
107
108
107
107
108
106
106
105
105
105
104
104
104
103
104
104
105
106
108
108
109
110
109
107
108
108
106
105
104
103
101
101
101
101
101
101
101
101
101
101
102
102
104
102
101
101
100
100
100
101
100
100
100
101
101
101
100
100
100
100
101
101
101
101
101
101
101
102
101
102
102
103
102
102
100
100
100
100
102
104
104
106
104
104
105
105
105
105
105
105
104
104
104
104
103
104
104
104
104
104
103
104
103
104
104
103
103
103
103
103
104
103
102
101
102
102
102
102
103
102
101
102
102
100
100
100
98
97
98
99
99
100
100
101
101
102
104
102
102
102
102
103
103
103
105
106
105
106
106
107
109
110
110
110
108
108
108
107
107
105
103
103
103
104
104
104
103
104
103
105
104
105
103
103
105
104
105
105
105
104
104
104
106
107
107
105
107
106
107
106
106
105
105
105
105
105
104
104
103
103
102
103
103
103
103
103
104
104
105
105
105
105
104
105
106
106
106
107
106
105
106
105
105
104
104
104
103
103
103
103
105
104
105
105
106
107
107
106
108
106
107
105
104
105
105
105
105
105
105
106
105
106
106
105
104
104
104
103
103
103
104
103
102
102
102
101
101
100
100
101
104
104
106
106
106
105
103
104
103
102
102
104
104
104
105
106
106
105
105
105
105
105
105
105
105
104
105
105
106
104
104
104
102
103
104
101
102
102
101
101
101
100
100
97
96
97
97
97
97
96
96
97
98
99
99
99
98
98
98
97
98
99
100
100
102
102
101
105
104
104
103
103
103
102
102
101
101
99
99
99
99
99
99
101
103
103
103
104
104
104
103
103
103
103
104
102
101
101
100
100
100
100
100
100
100
102
102
103
103
103
103
104
105
103
102
102
104
104
104
104
104
101
101
101
103
103
101
101
102
102
102
102
100
100
100
100
101
101
101
101
101
101
101
102
102
103
103
103
102
102
101
101
101
100
100
101
101
101
102
103
103
103
103
102
102
102
101
102
103
102
102
101
101
101
102
102
102
102
104
104
104
102
102
102
102
100
100
100
100
101
103
103
104
104
105
104
104
104
104
102
102
101
100
99
100
99
99
99
100
100
99
99
100
100
99
99
99
99
98
98
97
97
96
97
98
98
98
98
99
100
99
103
103
104
104
104
105
104
104
105
105
107
106
106
106
107
105
104
105
104
104
104
104
105
106
106
105
105
103
104
102
102
103
103
101
103
103
104
103
102
102
102
102
100
100
100
100
100
100
100
99
99
99
99
99
99
99
98
96
96
96
95
96
96
95
97
97
96
98
98
97
95
95
96
97
97
98
99
102
102
101
101
99
100
100
100
100
99
99
99
99
98
100
101
101
101
101
101
103
103
103
102
102
102
104
104
102
101
101
100
100
100
98
97
97
98
99
99
98
99
97
97
96
96
95
98
98
99
99
99
99
98
99
101
100
99
99
99
99
99
97
96
97
96
95
96
95
95
95
97
97
97
97
97
97
96
94
93
93
92
91
91
91
93
93
93
94
94
94
94
94
95
95
94
94
93
92
91
92
92
92
92
91
92
91
91
91
90
90
91
91
91
92
92
92
90
89
90
89
89
89
89
89
89
89
89
89
90
90
90
90
90
89
89
91
91
90
90
89
89
89
90
91
92
92
91
91
91
91
91
91
90
90
92
92
92
92
93
92
92
92
92
91
91
92
92
92
92
92
93
93
93
93
92
92
93
93
93
94
95
93
96
95
93
93
92
93
93
92
91
91
92
92
93
90
90
90
89
89
88
87
87
87
87
87
87
89
89
90
90
92
92
92
92
90
89
89
90
92
91
91
90
89
90
91
91
90
89
88
88
88
88
90
89
89
90
89
89
90
90
91
91
92
89
89
90
91
90
90
90
91
91
92
91
90
90
91
92
91
90
90
90
90
90
90
90
91
90
91
92
93
92
91
91
90
91
92
91
91
91
91
91
91
91
92
93
94
94
93
93
93
93
95
95
97
98
100
101
100
100
99
100
98
97
96
96
95
95
95
95
96
97
98
98
98
97
96
95
96
96
96
94
94
94
94
95
94
93
93
93
94
96
95
95
95
95
95
96
95
95
95
95
95
95
94
93
92
92
91
89
89
90
91
91
90
90
90
91
91
92
91
92
92
92
92
91
92
92
92
93
93
93
89
88
89
89
91
91
90
91
91
91
90
90
90
90
89
89
89
90
90
90
89
90
91
92
93
93
93
93
92
92
92
93
93
93
92
92
92
92
91
90
91
91
90
90
91
90
90
89
87
86
85
85
85
86
86
85
86
86
86
86
86
87
87
88
88
88
88
88
88
87
87
87
87
88
88
89
90
90
91
91
91
90
89
90
90
90
90
90
90
90
90
90
91
90
91
93
94
94
94
96
95
95
94
95
93
92
92
92
92
92
92
91
90
90
90
92
92
93
93
92
92
93
94
94
94
94
95
94
94
94
94
93
93
93
93
93
93
93
92
92
92
92
91
92
92
92
92
92
92
91
92
93
93
92
92
92
93
93
93
93
94
94
93
94
94
94
95
94
94
94
94
94
96
93
93
93
92
93
92
92
92
93
93
93
93
92
93
94
93
93
92
92
92
92
91
90
91
92
91
91
91
90
91
91
90
90
90
90
90
90
91
92
91
91
91
90
90
90
90
90
91
91
91
92
91
91
89
88
88
88
89
88
89
89
91
91
91
91
89
90
89
88
89
89
89
89
89
89
89
89
89
89
89
89
89
89
89
88
88
88
88
88
87
87
87
87
89
89
88
88
89
89
88
88
88
88
88
88
88
89
90
89
89
89
91
91
90
89
90
89
92
93
92
91
92
92
93
92
92
90
90
90
90
90
90
90
91
90
89
89
90
90
90
90
90
90
91
91
90
90
90
91
89
89
90
90
90
90
90
89
88
87
87
86
87
87
86
86
86
87
86
86
85
85
85
85
86
87
87
87
88
88
87
86
87
87
89
89
91
91
91
92
94
93
92
92
92
92
92
93
93
93
95
93
93
94
93
93
93
93
93
93
91
92
92
92
91
92
92
92
92
91
91
91
91
91
91
91
91
92
90
91
90
90
91
92
93
92
93
94
93
92
92
93
