0.0006586206896551723 0.0006927586206896553
300
293
287
285
279
275
270
262
255
251
248
249
250
248
243
240
239
240
239
241
240
239
236
237
235
235
233
233
230
230
230
230
230
226
226
225
223
223
224
222
224
224
225
226
226
225
225
221
222
216
215
216
217
218
219
218
218
218
219
219
219
219
219
220
219
218
217
216
216
216
216
216
215
214
214
216
216
215
215
211
211
210
209
209
209
210
211
211
211
211
212
213
214
212
215
213
213
211
214
212
211
211
207
205
205
207
209
209
207
206
208
210
209
208
209
208
209
209
208
206
205
204
205
205
204
204
204
206
208
207
207
207
209
210
210
211
212
210
210
209
210
210
211
209
211
211
210
210
210
210
209
210
210
210
209
210
210
210
212
212
212
207
206
208
208
205
204
204
201
200
199
199
200
200
200
200
200
201
202
201
200
201
200
200
203
202
202
205
204
206
205
205
204
204
206
204
205
204
203
203
203
203
204
202
202
205
208
206
205
206
205
205
205
202
201
200
199
198
196
196
195
196
197
199
202
201
202
203
200
199
200
202
204
203
200
200
200
201
202
201
201
201
203
202
202
203
201
199
200
200
201
201
201
200
202
203
202
202
201
200
201
202
201
199
197
198
198
197
197
197
196
198
196
197
199
198
198
197
198
198
198
196
196
195
196
196
195
196
196
193
194
193
193
195
194
194
195
193
194
196
195
195
194
194
192
191
189
189
187
187
190
189
190
191
192
192
193
194
194
194
195
195
194
194
194
194
195
194
193
194
193
194
193
192
193
193
193
194
193
193
192
192
192
195
194
195
196
198
198
198
198
196
196
197
197
197
198
198
198
199
198
202
203
204
201
200
199
198
199
199
199
200
201
200
200
200
202
202
202
205
206
204
203
203
204
203
203
202
202
204
202
203
201
203
205
205
205
205
202
202
203
203
203
202
201
198
198
197
196
196
196
196
196
196
194
196
197
194
193
194
193
193
194
194
195
193
193
194
194
193
192
192
191
191
192
193
193
191
191
192
191
188
188
189
189
190
190
188
186
183
185
184
185
186
187
188
187
188
187
187
186
186
186
186
187
187
187
190
190
190
190
191
190
190
190
190
192
193
192
190
190
189
188
187
186
183
182
181
181
183
183
184
184
183
183
183
182
181
181
182
184
185
186
186
184
183
183
184
184
183
182
183
182
183
180
180
180
180
180
180
180
180
182
179
180
180
180
180
181
182
183
182
182
179
179
178
178
178
178
178
178
176
176
177
178
178
177
177
175
177
176
176
177
180
179
178
178
177
176
175
174
174
175
176
176
175
176
177
178
178
177
178
178
178
179
180
180
178
177
178
180
180
181
179
179
179
179
177
177
176
178
179
180
177
177
176
176
176
174
171
170
170
170
172
173
173
173
173
177
179
179
179
178
180
180
183
181
178
176
176
175
175
174
176
176
175
174
175
177
177
177
178
177
177
177
177
178
178
177
179
176
175
175
178
177
177
176
177
176
174
173
174
173
173
172
171
171
172
172
171
170
171
173
172
172
172
171
173
175
181
180
181
178
177
175
173
172
172
173
172
172
173
173
172
175
175
175
176
176
176
177
178
179
177
177
176
176
177
175
178
180
180
181
181
181
181
184
183
182
183
181
181
184
183
181
179
178
178
178
176
177
175
176
176
174
176
176
174
173
174
176
177
177
177
179
178
176
178
177
177
177
176
175
176
177
177
175
176
176
176
174
176
175
175
178
178
177
177
179
179
178
178
176
173
174
173
173
173
173
175
174
174
174
173
172
172
177
177
182
182
181
181
180
180
179
177
178
178
178
178
180
179
179
179
179
179
180
177
175
176
176
178
178
181
181
180
179
176
177
177
175
174
175
176
177
179
177
177
179
179
178
178
174
176
179
180
180
180
180
179
179
180
179
178
180
185
183
184
181
181
183
182
180
180
179
182
181
183
183
182
182
181
180
179
179
177
177
177
177
177
177
176
177
175
175
173
174
174
175
175
173
172
172
172
174
175
176
176
176
177
178
178
180
181
181
180
179
181
181
182
182
182
180
179
178
177
176
177
177
176
176
177
176
176
176
175
173
174
174
174
175
171
170
169
170
170
170
170
170
171
170
171
173
173
173
174
173
175
174
174
174
176
178
178
175
174
173
174
173
174
175
177
174
175
176
177
178
179
178
180
178
178
177
175
176
176
182
181
178
176
178
178
176
179
177
175
174
174
174
174
174
177
178
177
177
178
176
177
179
180
178
176
176
175
174
173
172
171
170
169
169
167
168
168
168
167
168
166
166
165
165
166
166
167
167
165
164
164
165
167
164
164
166
167
168
166
166
168
168
167
166
168
168
166
166
166
167
167
166
165
166
165
164
164
166
165
162
163
163
164
162
162
162
162
162
162
161
159
160
161
162
163
163
163
164
165
164
164
165
167
169
168
166
165
166
166
166
168
169
168
164
161
162
162
163
163
161
162
162
163
162
161
161
161
162
162
163
162
163
163
162
163
163
163
162
161
163
161
162
162
163
161
162
164
162
162
161
162
164
162
160
160
160
159
159
159
159
161
161
163
163
163
163
163
165
165
165
166
165
164
164
162
162
162
161
161
162
162
164
164
162
164
163
162
163
161
162
162
162
162
163
165
162
161
162
161
161
161
163
164
163
162
164
163
162
163
163
162
162
162
163
163
161
161
160
159
157
156
155
155
156
155
155
156
156
156
156
156
155
156
157
157
157
156
157
159
161
159
157
155
153
153
153
154
154
156
156
157
154
154
155
157
156
156
156
156
156
156
156
155
156
158
157
155
155
155
155
155
155
153
154
152
152
152
152
152
152
153
154
154
154
155
155
157
156
155
153
153
152
153
154
153
155
157
156
155
154
155
154
154
154
155
156
157
159
159
159
158
159
158
159
160
161
161
161
161
161
160
161
161
159
159
158
159
160
161
162
162
163
163
164
164
165
165
163
163
162
163
162
162
160
160
159
159
158
158
158
160
159
160
160
160
161
160
161
161
162
163
165
166
166
167
166
165
163
162
161
160
159
157
158
158
159
159
159
160
160
159
159
160
159
156
155
155
156
156
158
157
157
157
157
157
156
156
155
156
156
157
156
155
154
155
155
156
156
157
158
159
159
157
157
157
156
157
156
154
154
155
154
153
154
154
154
154
155
155
154
156
158
157
157
158
159
158
157
157
157
155
155
155
154
154
155
156
155
156
156
156
154
153
154
154
155
155
153
153
152
151
151
151
151
151
151
151
153
152
152
152
153
152
152
153
155
155
155
154
154
153
155
156
156
156
157
157
157
158
159
157
158
157
156
156
156
156
156
160
161
161
162
162
162
163
162
160
160
157
156
154
154
154
155
154
155
154
154
155
155
154
153
154
153
154
154
155
153
152
153
153
153
153
153
153
157
157
156
157
157
156
156
156
156
156
157
155
156
157
156
155
155
154
154
155
154
154
152
152
152
154
154
153
154
155
155
155
155
156
156
157
158
158
157
157
159
159
159
159
158
158
158
158
159
160
157
157
156
158
157
159
160
161
158
156
158
158
158
156
156
154
154
154
154
153
153
151
150
152
153
153
154
156
156
156
155
153
153
153
153
154
154
155
154
154
155
156
156
155
154
155
155
155
155
155
155
156
157
159
161
162
163
164
163
163
164
164
162
162
163
163
164
162
163
163
162
163
163
162
162
163
164
162
161
160
158
158
158
157
158
157
159
160
161
159
160
162
163
165
165
164
163
162
164
161
160
159
158
159
158
158
158
157
157
157
158
159
157
157
156
157
158
156
155
156
156
156
156
157
158
158
159
158
157
156
157
157
156
156
157
157
158
158
156
158
158
159
159
159
159
159
159
161
160
162
162
163
162
162
163
162
162
160
159
157
156
153
155
154
155
154
154
154
151
150
150
150
153
152
150
150
150
149
149
149
150
149
149
148
149
150
150
150
150
149
148
150
150
150
151
150
151
152
153
151
150
150
149
148
148
148
149
149
150
148
148
150
150
152
151
152
153
152
152
151
152
151
152
151
150
149
150
151
150
151
153
153
151
151
150
149
147
147
148
148
146
146
145
145
145
145
146
145
146
144
144
144
146
148
148
149
148
151
153
154
158
159
157
155
154
154
153
152
152
149
150
150
150
151
151
152
155
156
159
156
156
156
155
154
154
153
153
152
154
155
155
155
157
158
158
158
157
155
157
156
155
157
155
157
156
154
156
154
152
154
153
151
150
150
153
153
153
152
154
153
152
154
152
150
150
148
148
146
146
146
146
145
148
148
147
147
147
146
146
145
147
147
146
147
146
147
145
145
144
144
145
142
142
142
142
142
143
143
145
145
145
144
144
144
145
146
147
147
148
149
149
147
148
147
148
148
146
146
145
146
148
147
148
148
148
148
147
146
146
147
148
148
148
146
146
148
147
146
146
146
146
146
144
144
143
144
143
143
141
142
142
142
142
142
142
143
143
143
143
143
143
143
143
141
141
142
143
141
141
142
143
143
144
144
144
145
143
143
145
146
147
145
145
145
145
143
144
144
144
144
142
142
143
143
146
145
146
146
148
147
149
148
148
148
148
148
149
147
149
148
148
147
148
147
147
145
145
145
145
143
143
142
142
142
141
141
143
142
141
143
143
144
143
142
142
141
141
141
141
143
143
144
144
144
143
143
144
144
145
144
144
146
145
146
146
144
144
144
144
145
145
145
143
144
145
144
145
145
144
142
144
143
143
144
143
142
140
140
139
139
143
142
143
143
143
144
144
144
144
143
143
145
145
145
145
146
145
144
144
142
142
142
142
142
142
142
142
143
144
144
143
143
143
143
143
143
143
144
145
147
148
149
149
150
148
148
147
147
148
149
147
148
148
147
148
149
151
153
152
152
151
152
149
148
146
145
146
144
144
145
145
144
142
142
142
141
142
142
143
143
143
144
144
143
143
143
144
144
144
145
145
146
146
145
145
146
147
146
144
144
144
143
144
145
146
147
147
147
147
151
150
148
146
146
144
145
144
144
143
142
142
143
141
142
143
142
141
142
145
144
142
142
142
143
142
142
142
142
142
142
142
142
142
141
140
140
139
139
141
142
142
141
141
141
143
143
142
143
142
142
141
141
140
141
142
142
142
143
142
141
139
138
139
138
138
138
139
139
138
138
138
140
140
139
140
139
139
139
139
139
139
138
138
138
136
136
137
137
137
137
138
138
137
137
139
139
139
139
139
141
143
141
142
140
140
143
144
141
140
140
141
143
143
143
143
144
144
143
144
144
144
145
146
146
145
146
144
146
146
146
148
148
148
146
146
143
143
143
142
142
142
141
140
141
141
140
140
138
138
139
139
139
138
142
143
139
138
138
138
139
138
138
139
139
138
140
141
142
140
140
140
140
140
139
140
139
137
137
138
140
140
139
138
138
137
137
137
138
138
139
137
137
137
136
136
137
138
138
138
139
139
139
140
141
142
143
141
140
142
140
140
140
140
140
139
139
141
142
141
140
140
140
139
140
140
140
141
139
140
139
139
139
139
139
140
140
140
139
140
139
139
139
139
139
139
139
138
137
137
136
138
138
138
138
137
138
139
138
138
139
138
137
136
136
136
137
138
139
140
141
139
140
141
141
140
140
139
138
138
138
138
138
139
140
140
141
140
140
142
140
140
139
139
138
138
138
136
136
136
137
136
136
135
134
133
133
133
134
134
135
135
136
136
136
136
136
137
137
135
135
135
135
136
137
137
137
138
137
139
139
140
140
141
141
142
143
145
146
146
145
146
145
146
145
145
145
145
146
146
147
146
147
148
148
148
146
146
146
146
147
148
147
147
146
143
143
144
144
143
144
144
145
145
145
144
144
144
143
144
143
143
143
142
142
143
143
143
142
140
139
140
140
140
140
138
137
138
139
139
139
141
140
142
143
143
142
143
144
143
143
140
142
142
143
145
146
145
145
145
144
147
145
144
145
145
145
145
145
145
146
145
146
147
146
145
145
145
144
145
143
140
142
141
140
140
139
139
138
137
137
136
137
137
137
135
135
135
140
141
140
140
138
138
140
141
141
141
139
140
139
140
140
140
140
140
140
140
140
138
138
137
137
138
138
138
138
137
138
139
138
137
135
137
138
138
140
139
140
142
141
140
139
140
140
141
139
137
135
134
133
134
135
134
136
137
138
136
136
138
138
138
138
139
140
139
138
138
138
138
138
138
139
138
138
137
137
139
139
138
139
141
140
139
139
140
141
142
139
139
136
136
136
136
136
137
135
135
135
136
136
136
138
138
139
141
140
140
140
141
139
138
136
137
138
139
137
137
137
139
141
141
141
140
140
139
140
139
137
137
137
137
137
136
137
137
137
137
135
136
136
136
136
136
137
138
138
137
138
139
142
142
141
138
138
137
138
138
139
137
137
137
136
136
137
137
137
136
136
137
137
137
136
137
137
136
135
135
134
134
134
136
136
137
136
135
136
135
137
137
137
134
136
136
136
134
136
136
136
136
136
137
136
135
135
136
136
138
137
137
138
139
139
138
137
139
141
141
141
141
139
139
138
138
138
137
135
136
137
137
136
137
135
136
137
137
138
137
138
137
138
139
137
136
137
136
133
133
132
132
133
134
133
134
134
135
132
131
131
133
135
134
133
132
132
133
134
134
135
136
135
136
136
137
137
138
136
133
134
134
132
133
133
133
135
135
135
135
135
135
135
135
135
135
135
135
136
136
140
140
140
140
140
140
140
139
139
137
135
134
134
134
134
135
136
136
135
135
135
135
134
134
136
138
138
138
138
137
137
138
135
135
134
136
136
135
134
134
134
137
136
135
135
135
136
136
136
138
136
136
137
137
136
139
138
139
138
138
138
138
137
137
136
135
134
133
133
133
132
133
133
133
134
133
134
133
132
133
132
132
132
131
133
131
132
131
131
130
131
131
131
131
130
130
130
131
131
133
133
133
133
133
133
134
134
133
133
132
133
134
134
133
133
134
134
135
135
135
136
136
136
138
138
135
135
136
135
134
135
135
135
135
135
135
134
137
137
137
137
137
135
135
135
136
136
135
136
136
134
134
135
134
132
132
133
132
132
132
132
131
131
131
130
129
129
130
131
131
132
133
133
132
131
130
131
132
133
134
133
131
132
133
133
134
134
135
135
135
136
136
135
134
135
134
136
136
137
135
134
134
136
137
135
134
134
135
134
134
134
132
132
133
134
134
134
134
133
134
134
135
136
137
138
138
137
137
137
137
137
137
138
137
137
138
137
138
138
139
138
138
137
138
136
135
135
136
135
135
136
135
137
133
134
133
132
134
133
134
133
134
133
134
131
132
133
133
132
131
131
132
133
133
131
130
134
135
134
134
135
135
137
137
138
137
136
136
138
138
137
136
134
134
135
134
135
135
136
134
134
134
134
136
134
133
134
135
135
135
134
137
137
137
137
137
136
137
136
136
135
135
135
135
135
136
138
138
139
139
141
141
142
142
144
144
142
142
143
142
141
139
137
138
138
137
137
137
137
136
136
137
138
136
138
138
138
139
139
138
138
136
138
137
134
134
135
134
133
134
134
133
133
133
133
134
135
134
133
131
130
130
132
130
129
129
130
130
131
131
131
130
130
130
131
131
129
129
128
130
131
130
131
131
133
133
133
133
133
134
136
134
133
133
134
137
135
134
135
134
133
133
133
131
130
130
130
129
130
128
128
128
129
129
130
131
131
131
133
133
133
132
133
131
132
132
132
129
130
129
128
129
128
128
128
128
130
131
131
131
131
131
132
131
131
130
131
130
130
130
130
131
130
129
129
129
129
128
129
128
128
130
129
129
129
129
131
132
132
131
131
131
131
131
132
134
134
134
134
135
136
136
134
133
133
131
133
133
133
133
133
133
133
134
133
132
134
134
134
135
135
133
133
132
131
130
130
130
130
130
131
132
132
133
132
130
128
128
127
127
129
129
130
129
129
130
129
128
130
130
128
128
127
126
126
127
128
129
129
128
128
128
128
128
130
130
130
130
129
128
129
129
129
128
128
128
129
129
130
131
131
129
128
129
129
126
126
127
127
128
127
127
127
128
128
128
128
128
129
130
131
131
131
130
129
131
132
133
132
132
133
132
132
132
133
132
131
131
132
134
133
132
131
129
129
129
129
129
130
132
132
132
131
131
129
129
129
130
129
127
127
126
127
127
126
125
125
125
125
124
125
126
126
126
129
129
129
129
128
126
126
126
125
126
126
125
124
125
125
125
125
123
123
124
125
127
126
127
129
129
129
129
129
128
128
129
129
130
131
131
130
128
128
127
126
126
125
125
125
125
128
128
127
127
128
128
129
129
129
129
128
128
127
127
126
125
125
125
126
125
127
128
130
131
130
129
129
128
128
131
130
129
129
129
129
126
125
126
124
123
124
123
123
122
122
122
123
124
125
124
124
124
125
126
124
126
126
127
125
126
125
125
124
123
123
123
125
126
126
126
126
126
125
124
126
126
125
125
124
123
123
123
123
122
122
122
122
121
121
120
120
121
120
121
118
119
121
123
123
122
119
119
119
121
121
121
121
121
121
122
125
124
124
125
125
124
126
126
125
124
125
127
125
126
125
125
126
126
123
122
122
122
122
121
120
120
120
120
118
117
116
117
118
118
119
119
119
120
119
118
118
119
117
115
115
115
115
116
116
116
116
116
117
116
116
116
118
117
118
118
120
120
120
121
122
121
121
121
121
121
121
120
120
121
119
118
117
117
117
119
117
118
118
118
119
120
119
119
119
119
119
118
119
119
120
119
118
117
117
117
117
117
117
120
119
117
117
118
116
116
116
116
116
116
116
117
117
119
120
119
118
118
121
122
122
120
122
121
122
122
122
120
120
120
118
119
120
119
119
120
119
119
119
119
120
120
119
119
119
117
120
119
118
118
117
121
121
121
119
119
121
120
120
119
119
120
118
119
119
119
118
118
118
118
119
117
117
117
116
115
115
116
115
115
115
117
118
118
118
119
120
120
121
121
121
121
120
122
123
120
119
119
118
119
120
120
120
119
118
120
120
119
120
121
120
120
119
120
120
120
121
122
124
124
122
120
119
119
119
119
117
117
117
118
118
119
120
119
118
118
120
121
121
121
120
119
119
119
119
119
119
119
119
119
120
120
120
120
119
118
119
118
119
120
120
118
118
117
118
119
120
120
121
121
122
121
123
122
121
121
121
122
124
125
124
125
126
126
126
126
126
125
126
127
126
125
124
124
125
125
124
125
124
122
122
122
122
124
122
124
124
124
123
123
123
123
123
123
122
121
121
121
121
118
118
119
119
119
119
119
119
119
120
120
121
119
121
121
120
119
119
118
117
117
118
116
116
116
117
117
117
116
116
117
117
117
117
116
116
116
114
115
115
116
115
115
115
116
117
117
118
118
118
117
117
117
117
118
118
119
120
118
118
118
118
118
118
117
117
117
117
116
116
116
115
115
115
114
115
115
115
115
118
118
119
117
117
116
116
116
115
116
116
117
117
117
116
116
116
117
117
117
117
118
118
118
119
120
120
120
120
119
120
120
120
120
121
121
124
125
124
123
123
123
123
124
124
124
124
124
124
123
124
124
124
123
123
122
121
121
121
122
122
122
122
122
122
122
124
126
125
126
125
125
126
124
124
124
124
125
126
126
126
126
127
124
124
124
125
124
123
124
124
125
124
124
124
124
126
126
125
124
124
124
126
125
124
123
124
124
124
123
123
125
127
127
127
127
125
124
123
123
123
123
123
123
123
124
124
123
123
122
123
124
122
123
123
123
123
123
121
122
122
122
120
120
120
121
122
122
123
123
122
122
122
122
122
121
121
119
119
119
120
120
120
120
121
121
121
120
121
119
119
118
119
118
119
120
121
121
120
120
119
119
120
120
119
119
118
119
120
121
122
123
123
121
119
119
120
119
120
120
120
121
120
121
120
121
121
121
121
120
120
120
120
120
120
120
121
121
121
120
120
120
120
120
120
122
122
121
122
124
125
126
124
124
124
124
123
125
125
126
125
127
128
126
125
122
121
119
122
122
122
123
123
123
122
122
122
123
125
125
124
123
123
122
120
119
120
120
121
121
121
120
121
121
121
121
121
122
123
121
119
118
118
118
117
117
118
118
117
116
116
118
119
119
120
119
118
118
119
120
120
119
116
116
114
113
114
114
114
115
115
115
116
117
118
119
119
118
120
119
119
118
120
119
120
120
119
119
118
118
118
118
119
119
119
120
120
121
121
124
122
123
122
122
122
121
123
125
125
126
126
125
127
126
126
125
124
124
124
122
122
121
120
121
121
119
118
118
118
118
119
119
119
119
120
122
122
122
121
119
118
118
119
118
119
119
120
119
118
119
119
118
119
118
117
118
119
119
119
119
119
121
121
121
122
122
122
123
124
125
125
125
125
124
122
122
122
121
123
122
122
122
123
122
122
120
121
121
121
121
120
119
117
117
117
117
117
118
118
118
118
118
118
120
121
120
121
119
118
118
118
117
118
119
119
119
119
119
119
119
117
118
117
117
117
116
118
119
116
117
116
117
116
117
117
119
120
119
119
118
118
118
118
119
121
120
120
119
119
119
119
118
118
118
118
119
118
118
117
117
117
117
116
118
119
120
120
120
121
122
121
118
118
118
118
117
118
118
118
118
118
118
118
119
121
122
127
125
125
126
123
122
124
124
124
121
121
119
118
119
119
119
119
118
118
118
118
118
120
120
120
120
120
119
120
120
120
120
120
120
119
119
120
121
122
122
121
121
120
121
121
121
123
122
120
120
120
120
120
120
118
118
118
118
119
121
120
119
120
122
121
121
120
122
120
121
122
121
119
119
119
121
121
121
121
121
120
119
119
118
117
117
117
117
117
119
120
121
120
120
120
121
119
119
118
119
119
118
119
118
117
118
116
115
115
115
116
116
115
115
114
116
114
114
117
117
116
117
118
118
118
118
117
118
118
118
118
118
118
119
119
119
119
119
119
121
121
121
120
120
121
121
120
119
121
121
122
121
123
121
118
117
117
114
112
112
113
113
114
114
117
121
120
121
118
119
117
116
117
118
118
119
118
120
122
121
119
118
120
118
118
118
117
118
117
117
117
117
115
114
114
114
114
116
116
115
116
116
117
116
117
117
117
116
117
117
116
117
118
119
119
120
122
121
121
121
121
121
119
119
119
119
117
119
120
120
120
119
117
118
118
117
118
118
120
120
120
120
120
121
123
123
123
125
125
125
122
122
123
120
120
119
120
118
118
119
120
121
120
119
119
119
118
117
116
116
116
117
116
115
116
116
117
117
117
116
115
116
116
116
116
117
117
117
116
115
115
116
117
117
116
116
116
117
115
114
114
115
114
115
115
115
115
116
117
119
118
116
114
