0.0006586206896551723 0.0006586206896551723
300
295
292
286
284
279
277
274
272
275
272
269
267
264
260
257
257
252
252
253
256
251
253
250
249
246
245
245
243
243
243
241
238
236
234
235
235
235
233
230
230
229
227
226
228
230
230
231
231
232
233
232
229
230
233
234
234
234
234
234
233
233
236
237
234
232
228
226
224
223
221
221
223
224
223
222
223
222
222
221
221
220
217
215
215
216
216
216
216
217
218
221
221
220
221
218
221
220
220
219
219
218
217
217
213
215
215
212
211
211
212
212
212
212
213
214
214
214
212
212
213
212
213
213
214
214
215
216
217
217
218
217
217
215
214
211
211
209
207
207
207
206
207
207
210
210
210
208
207
207
207
208
208
207
207
207
208
206
205
205
205
204
204
205
203
204
204
204
204
204
204
204
205
205
204
206
204
204
203
201
201
201
200
201
202
204
203
205
202
202
203
203
203
204
204
206
205
206
209
210
211
210
212
212
210
212
212
214
212
211
210
211
209
210
211
209
211
211
211
208
208
209
206
207
207
207
208
207
207
208
210
206
207
206
206
208
208
208
209
208
207
208
207
207
206
207
206
206
205
204
205
205
204
205
207
208
208
209
210
210
209
209
206
207
205
203
203
204
203
204
204
204
204
206
204
203
202
200
201
201
203
203
202
202
203
202
201
200
202
202
202
202
202
202
202
204
209
205
205
205
205
202
204
205
205
205
204
204
203
203
204
204
203
202
202
204
201
201
200
199
200
199
197
198
195
195
195
195
197
197
197
193
195
195
196
196
196
198
200
198
198
197
196
197
197
196
198
198
197
198
199
195
194
193
191
191
191
193
192
193
194
195
194
194
195
192
192
192
193
192
191
191
189
189
189
189
189
190
190
188
187
188
187
190
192
192
192
193
193
194
194
194
193
192
192
193
196
195
198
197
199
198
197
196
196
193
191
191
192
192
191
189
190
192
191
190
188
189
189
190
189
188
188
188
189
189
190
189
188
190
189
188
188
190
190
190
191
192
193
192
192
191
193
191
188
187
187
188
187
187
187
188
189
187
187
190
188
189
189
190
192
190
191
190
190
189
186
187
188
187
187
188
187
187
188
188
187
187
189
190
189
189
187
186
187
188
187
188
188
188
187
188
188
187
187
185
185
185
183
183
184
185
186
184
183
184
184
184
186
186
188
188
189
191
189
190
190
190
190
186
184
183
183
183
183
184
185
186
185
186
183
183
184
185
184
186
187
187
186
184
184
184
185
186
186
187
185
185
182
184
183
183
185
185
184
185
183
183
183
183
185
185
184
179
177
177
177
178
178
181
180
181
181
181
182
180
178
178
179
179
179
178
177
178
179
181
181
183
181
184
180
179
178
178
175
175
177
177
177
176
177
177
175
175
175
175
175
177
179
179
178
178
178
178
179
179
178
176
177
179
179
179
179
178
179
179
177
177
175
173
172
172
174
172
172
172
172
171
170
171
170
172
173
174
175
173
174
174
173
171
171
172
173
173
173
173
173
173
173
173
174
173
173
175
177
177
176
174
175
175
174
175
175
178
178
178
178
177
176
175
177
175
175
175
173
173
175
176
177
176
175
175
176
175
174
174
175
176
175
176
177
180
179
179
179
180
179
179
180
181
179
175
176
176
175
177
178
179
180
180
179
179
179
177
177
175
174
172
173
171
171
172
173
172
172
172
171
173
174
173
174
175
175
176
176
177
177
174
174
174
174
176
176
177
178
178
176
175
174
174
174
173
173
172
172
171
171
170
171
171
170
170
168
168
167
167
166
167
168
168
170
170
168
168
168
169
168
166
166
168
167
167
167
169
168
169
169
170
169
170
171
171
172
170
169
168
169
167
166
166
166
166
166
166
167
168
168
168
168
169
168
168
168
169
169
169
168
167
167
167
168
168
169
169
169
167
167
166
163
163
164
162
163
164
164
164
166
165
166
166
166
168
167
168
169
169
169
170
169
165
165
163
163
164
164
164
167
169
170
170
170
170
170
170
170
169
170
169
167
168
166
168
169
170
170
169
169
170
170
170
169
169
170
169
168
168
170
171
172
174
174
174
174
175
175
172
173
174
174
175
175
176
176
177
178
177
177
176
177
179
175
176
176
175
172
170
167
167
167
169
170
170
169
167
169
169
168
168
167
167
167
167
166
166
166
168
170
170
171
171
171
170
169
168
167
166
167
167
168
169
168
167
167
167
166
168
169
169
167
166
167
168
169
170
170
173
172
171
168
166
166
165
165
166
167
166
167
165
166
166
166
168
166
166
169
167
166
168
168
167
166
166
166
166
166
168
167
167
163
163
164
164
162
164
162
163
165
166
163
162
161
161
163
166
165
164
163
162
161
160
162
165
163
164
165
164
162
162
162
161
161
161
161
160
159
159
160
162
160
164
163
165
165
166
162
162
162
161
161
161
160
159
158
158
158
156
155
157
158
157
155
155
157
158
157
156
155
156
156
156
155
155
154
154
155
154
155
155
154
154
155
155
154
151
151
151
152
152
152
153
154
155
155
156
155
154
155
155
155
155
155
155
155
155
158
159
158
157
158
157
159
157
156
158
158
159
159
158
157
158
160
161
159
156
156
157
155
152
152
152
151
152
152
151
153
154
154
157
157
158
155
156
156
156
155
154
153
153
152
152
151
151
151
151
152
151
149
149
150
150
149
149
149
151
151
151
151
152
151
151
153
154
152
153
151
151
151
151
149
150
150
150
150
148
148
149
150
150
150
149
150
150
151
150
150
151
151
151
151
151
151
152
151
151
153
153
152
153
154
152
152
151
150
150
152
151
152
150
150
148
149
151
152
152
152
150
149
148
149
150
150
150
150
152
149
149
149
150
151
152
150
150
150
150
150
149
148
148
148
147
148
149
149
148
147
147
146
146
147
147
148
147
147
148
148
148
150
151
150
151
151
150
149
150
150
150
149
150
152
153
152
152
154
153
153
154
157
159
159
160
159
159
156
156
154
154
154
154
154
154
154
153
153
152
152
153
154
152
152
153
151
150
149
150
151
151
150
151
149
149
149
149
150
151
150
149
150
152
152
152
155
156
156
153
153
152
151
152
152
152
152
152
153
153
152
154
154
154
152
151
150
151
151
151
151
150
152
152
153
153
151
151
149
150
149
149
150
150
148
148
148
149
148
148
147
147
147
148
148
147
148
149
149
149
149
150
150
149
148
148
148
146
148
149
148
147
146
146
145
145
145
147
148
148
148
149
149
150
151
151
152
152
151
153
156
155
155
157
157
155
155
155
156
155
155
154
153
152
153
153
153
151
152
151
151
148
149
151
151
151
151
150
149
147
148
148
148
150
150
151
150
150
149
149
147
147
148
149
150
149
149
150
151
150
150
151
150
149
149
151
152
153
151
152
152
150
150
148
147
146
146
146
146
147
147
147
146
149
148
148
147
147
146
147
147
147
146
146
146
146
145
146
146
146
147
147
149
149
149
151
151
150
149
148
149
150
149
150
149
150
152
152
152
151
150
151
151
152
152
153
154
154
154
155
156
157
156
156
156
156
156
157
157
156
156
157
155
153
150
148
148
149
150
151
151
150
150
149
149
148
145
146
148
146
146
146
146
147
147
147
147
147
146
146
145
146
146
145
146
146
143
147
149
147
146
147
148
147
148
150
149
148
150
148
145
144
144
142
143
143
143
143
143
143
143
142
142
142
143
142
142
142
142
142
142
144
142
142
143
142
142
141
141
141
141
141
144
142
143
142
143
142
142
142
141
142
141
142
142
142
144
144
144
143
142
143
145
145
145
142
141
139
138
138
138
138
139
142
142
140
140
141
141
142
141
141
143
144
144
144
142
141
139
139
138
139
140
140
139
140
140
141
142
142
143
142
140
141
140
140
141
141
141
141
142
143
144
144
145
147
146
146
146
146
144
143
145
144
145
145
143
143
144
144
148
147
146
147
145
145
144
144
144
144
144
144
143
144
145
146
146
145
145
145
147
148
147
147
147
147
147
149
151
151
152
152
154
154
155
155
155
156
156
153
154
155
152
152
153
153
154
153
151
150
150
150
152
150
151
152
152
152
153
154
150
149
150
149
149
150
149
150
150
151
151
150
150
150
149
151
150
149
150
150
152
152
151
151
150
150
150
148
148
147
148
147
147
148
149
150
150
150
150
151
150
150
151
150
150
150
149
150
148
146
147
147
147
147
147
147
148
149
148
146
148
149
149
148
147
147
147
147
147
147
147
147
147
147
148
148
148
144
145
146
146
146
147
147
148
150
147
146
146
147
147
145
143
144
143
143
144
144
144
143
143
143
144
144
143
142
144
144
144
145
145
145
145
145
146
147
146
146
146
145
144
144
143
144
144
144
141
141
140
140
143
142
143
142
144
144
145
145
144
142
142
142
140
141
142
142
143
143
144
141
141
140
141
139
138
138
138
139
139
138
138
138
138
137
138
137
137
138
138
138
139
139
137
138
138
138
138
138
139
140
140
138
137
137
137
137
137
137
137
138
138
138
139
140
139
140
140
140
140
139
139
137
137
136
137
137
137
137
137
136
136
136
136
136
136
136
136
137
138
138
139
138
138
139
138
138
137
137
137
137
137
138
138
139
139
141
141
141
141
140
140
140
141
139
139
138
139
138
139
138
137
137
137
138
138
137
139
139
138
138
139
138
141
139
141
139
139
139
139
139
139
139
139
139
140
140
138
138
142
141
139
138
138
138
137
138
139
140
139
139
138
137
138
138
138
136
137
139
137
138
138
137
135
134
134
134
134
135
134
134
134
134
134
134
134
135
136
137
137
138
138
136
137
136
136
136
135
136
137
137
137
137
139
141
143
143
140
140
140
138
138
138
136
137
136
136
135
135
135
135
134
134
133
133
134
131
131
131
131
133
131
131
131
130
128
128
128
128
128
127
127
128
129
131
132
131
131
133
134
135
133
132
131
131
131
131
131
132
132
133
134
135
136
136
136
137
138
138
141
140
142
143
139
140
141
142
138
138
137
138
136
136
135
135
138
135
135
134
134
136
135
135
134
134
133
133
134
134
133
134
131
132
134
135
131
132
133
132
132
133
132
132
132
132
132
130
128
129
129
129
130
133
133
134
134
134
131
131
131
132
135
134
134
135
135
136
136
135
136
136
137
140
140
139
138
136
138
137
137
136
135
134
133
132
132
133
132
131
131
131
132
133
132
132
131
132
132
132
132
131
132
131
130
130
129
129
130
131
129
130
130
131
130
129
130
130
132
131
131
130
128
129
129
128
128
128
128
127
128
128
130
129
130
130
129
129
130
130
128
128
129
131
131
130
130
131
132
130
131
131
129
129
130
131
132
133
133
134
133
134
133
131
131
131
133
132
133
131
130
131
131
130
128
130
130
130
132
131
131
130
129
129
127
127
126
130
129
129
128
128
129
131
129
129
130
129
128
127
127
127
128
126
126
127
127
127
127
126
127
128
130
129
130
130
130
130
130
130
130
130
129
128
127
126
126
126
126
126
126
126
126
125
126
125
124
124
123
123
123
123
122
122
122
122
123
123
124
124
128
127
127
126
125
126
127
128
129
127
127
127
128
129
129
127
126
125
126
126
125
125
125
124
124
125
124
124
125
124
124
125
125
125
126
127
128
127
127
127
129
129
129
130
130
130
130
129
129
129
129
129
129
130
132
132
133
133
132
131
131
131
130
129
129
127
128
128
127
125
126
126
126
126
126
125
125
125
126
126
127
127
128
129
128
129
129
129
130
129
128
126
128
128
127
127
128
129
132
133
133
133
133
131
131
130
131
131
131
130
130
128
126
126
125
125
125
126
126
126
126
126
126
127
126
126
125
125
125
126
126
127
127
126
126
127
127
127
127
129
129
130
129
128
127
127
127
127
127
129
130
130
131
132
133
131
131
132
132
132
132
132
130
129
129
129
128
127
127
127
127
126
125
125
124
124
124
126
125
126
127
125
126
126
127
128
128
129
129
131
131
131
131
131
132
131
131
131
130
132
132
133
132
132
130
131
132
132
133
130
130
130
130
130
130
130
130
129
129
129
126
126
128
128
127
125
126
126
127
128
128
128
129
128
128
129
129
130
131
130
129
130
129
128
129
130
127
127
127
126
126
126
126
126
126
126
128
125
125
125
128
127
124
124
124
126
127
127
129
129
130
128
127
127
126
126
128
130
127
127
127
128
127
127
128
127
126
127
126
125
123
123
125
126
125
126
126
127
127
127
128
127
128
128
128
129
130
130
129
128
128
127
128
130
129
129
128
130
129
130
130
130
129
128
130
130
130
130
132
133
132
133
135
136
136
137
136
133
133
131
130
131
131
131
132
131
131
131
131
132
133
133
131
131
133
134
135
136
137
133
133
133
132
131
131
130
131
133
132
132
132
131
131
130
130
130
131
131
129
130
129
129
128
127
127
127
129
129
129
128
127
127
128
129
128
127
126
125
126
127
127
127
126
126
128
128
129
130
128
130
132
130
131
130
129
129
128
128
130
130
129
129
129
129
128
128
127
129
129
128
127
128
127
127
129
127
126
126
126
125
124
125
124
124
124
124
123
123
125
126
127
126
126
126
126
126
125
124
125
123
124
124
123
123
123
122
124
124
124
123
124
124
125
125
125
127
127
126
126
126
126
125
125
123
123
123
123
122
122
122
122
122
121
122
121
122
122
121
122
124
124
124
123
122
122
121
122
120
120
121
121
121
121
122
122
123
123
125
125
124
125
126
125
125
123
122
120
121
121
120
122
122
121
122
123
122
123
123
124
128
129
128
127
126
125
125
125
125
126
123
123
124
124
124
123
122
121
121
123
121
121
119
119
120
124
121
121
120
122
122
120
120
120
120
120
121
122
122
121
122
122
121
121
121
121
120
121
121
121
120
120
120
120
119
119
119
120
120
120
121
121
121
121
121
122
119
119
121
121
124
126
125
125
125
125
125
123
123
124
124
125
126
127
128
131
131
133
133
132
131
133
133
132
132
132
132
130
129
130
131
129
130
130
129
128
127
126
123
123
123
122
122
122
122
122
122
123
123
123
124
125
127
125
125
125
127
127
127
126
123
124
125
127
125
125
125
124
122
120
121
121
122
122
121
121
122
121
121
122
120
119
120
120
120
119
119
121
121
121
121
121
122
122
123
123
122
121
121
120
121
121
121
121
120
121
123
123
123
124
124
125
124
123
122
122
120
120
121
120
120
120
120
119
119
119
118
117
117
117
116
116
118
119
118
117
117
116
115
116
116
115
115
116
117
117
116
116
115
115
115
115
115
116
117
116
117
119
117
116
117
117
118
119
117
117
118
117
117
116
116
116
116
118
118
119
118
118
117
117
117
114
114
115
116
118
120
119
119
119
119
120
120
117
118
119
118
117
116
115
115
116
117
117
115
115
116
117
118
118
117
117
118
117
118
119
119
119
118
118
117
117
118
118
118
118
118
118
117
118
118
116
117
117
119
118
118
118
118
119
118
118
118
118
117
117
117
118
117
117
118
118
118
116
116
116
116
116
116
115
116
117
116
116
116
114
115
115
114
117
117
116
115
116
117
116
115
117
117
118
118
117
117
117
119
118
118
118
118
117
117
116
117
117
117
117
117
116
116
115
114
116
115
116
115
117
117
118
120
120
118
117
117
117
115
115
116
113
114
115
115
115
116
116
115
116
117
115
115
116
114
115
116
118
119
118
117
117
118
119
118
116
116
116
117
117
117
117
116
115
113
114
112
112
112
112
112
112
113
113
113
113
114
114
115
114
114
113
113
114
113
112
111
110
111
111
111
108
110
110
110
112
112
111
113
114
114
113
114
114
114
114
114
114
115
115
115
114
114
112
114
114
113
112
112
112
114
114
113
115
115
115
116
115
114
114
113
113
114
114
114
114
114
114
114
114
114
114
114
114
114
113
113
112
112
111
111
111
111
110
110
110
111
112
111
110
110
110
110
110
110
110
110
110
111
110
110
110
110
110
111
111
111
111
111
111
111
111
111
112
111
110
110
110
109
111
111
112
112
114
116
118
117
115
115
115
115
115
116
116
116
115
115
116
115
118
120
120
122
121
121
120
120
121
120
120
118
115
115
114
115
115
115
115
116
116
115
115
116
113
113
113
112
112
113
113
114
113
113
112
112
112
113
113
114
116
116
117
117
114
114
115
115
113
113
112
112
113
112
111
110
111
113
113
112
111
112
112
111
110
110
109
109
109
109
110
110
111
111
110
110
109
110
110
113
111
112
112
112
111
111
112
111
111
110
112
112
114
113
112
110
110
109
109
109
109
111
110
111
110
108
108
108
108
108
108
108
107
106
106
106
108
108
108
107
108
109
109
109
109
110
109
112
115
116
116
115
115
115
116
118
118
118
118
118
119
117
114
115
114
113
111
110
111
112
112
112
112
111
110
110
110
111
110
109
109
109
109
111
111
109
108
108
109
109
108
107
107
108
107
109
108
109
109
110
109
109
110
111
109
109
110
108
108
107
108
107
107
107
108
108
108
107
108
109
109
109
109
109
109
111
110
109
110
110
109
110
110
110
108
108
108
108
108
109
108
108
108
108
108
105
106
106
108
110
110
110
111
115
114
114
113
113
112
112
111
112
112
111
110
109
109
109
109
108
107
107
106
105
106
107
108
108
109
109
109
109
108
109
108
108
109
110
109
108
108
108
109
110
109
108
109
109
110
108
107
108
107
107
106
106
107
106
106
107
106
106
107
108
107
107
107
107
107
108
108
108
106
106
107
108
108
108
109
109
109
109
109
109
110
109
110
111
112
115
114
115
114
113
114
115
113
113
112
112
111
111
112
113
112
114
114
113
113
112
111
111
110
109
109
109
109
108
108
108
109
109
108
109
109
109
111
111
111
111
110
108
107
107
107
109
113
113
111
111
112
111
110
109
109
109
109
108
108
108
108
108
108
108
107
107
107
105
104
104
104
105
105
105
105
105
105
106
106
107
106
107
105
105
105
106
107
107
106
104
104
103
103
103
103
104
104
104
104
104
105
104
104
104
104
105
105
104
105
105
107
108
110
113
114
114
115
114
112
112
111
112
111
111
110
109
109
108
107
107
107
108
109
108
110
110
110
110
112
109
110
110
108
109
109
108
108
108
108
108
110
109
109
108
109
109
109
109
111
110
111
108
106
107
106
106
108
105
104
104
105
104
105
105
107
106
105
106
106
107
106
106
106
107
107
108
108
109
109
109
108
108
108
109
109
110
111
109
108
108
107
108
108
108
109
109
109
108
107
107
107
107
109
109
109
107
107
107
107
108
107
107
107
105
103
105
105
106
105
106
106
107
106
104
105
105
104
104
102
102
104
104
104
104
104
104
106
106
106
107
110
109
109
108
108
109
110
111
110
110
108
106
104
104
103
103
104
103
105
106
106
103
103
102
102
101
101
103
103
102
100
100
100
100
101
103
104
104
104
102
102
101
101
101
101
102
103
102
101
102
103
103
101
102
102
104
107
107
106
106
107
106
105
105
105
105
105
105
106
106
106
107
105
105
105
104
103
101
102
102
102
102
103
101
101
101
101
101
100
101
102
102
103
103
103
103
103
104
105
106
106
106
104
105
105
105
104
104
102
102
102
103
103
103
103
103
103
103
102
103
104
104
104
104
104
104
105
104
103
103
104
104
104
104
103
103
103
103
103
103
104
104
106
103
102
103
103
102
102
101
102
103
103
102
103
103
103
104
103
103
103
103
104
105
105
103
102
102
101
100
100
101
101
101
102
102
102
102
101
101
100
100
100
101
101
101
101
102
101
101
101
102
103
104
102
102
102
100
100
100
101
102
102
101
100
100
101
101
102
103
104
103
103
104
105
106
106
107
107
105
105
103
102
103
102
102
102
102
102
102
102
101
100
100
100
102
101
100
100
101
101
100
100
100
99
98
98
98
99
99
101
101
102
102
104
103
102
101
101
102
102
102
101
100
100
100
100
99
99
99
99
99
98
99
99
99
99
98
98
98
100
100
101
101
102
103
104
103
103
102
102
102
101
102
101
100
101
101
101
101
100
100
101
101
101
100
100
100
99
98
98
99
99
99
97
97
97
97
97
97
98
100
101
102
100
99
100
99
99
99
99
99
99
100
101
101
101
101
100
100
101
101
101
100
101
101
102
101
103
103
103
102
102
102
101
101
102
102
102
102
102
102
102
102
102
103
103
104
103
101
101
100
100
101
101
102
102
102
103
103
103
103
102
101
101
101
102
101
101
101
101
101
101
102
102
101
101
100
101
100
100
98
100
100
100
100
101
101
101
100
100
100
100
100
100
100
100
100
100
101
101
101
102
103
101
100
100
100
100
103
103
105
104
105
104
104
105
105
105
105
106
107
106
105
105
105
103
104
104
106
106
105
104
103
105
105
105
105
103
103
103
102
101
101
101
101
101
101
101
102
102
102
101
99
99
99
99
97
97
97
97
99
99
101
99
99
99
99
101
102
100
101
102
102
100
99
100
99
100
101
100
100
100
100
101
101
101
101
101
101
101
99
100
99
99
99
99
99
99
99
99
99
100
103
104
103
103
103
105
103
105
104
103
103
103
103
104
104
104
104
105
105
103
103
104
104
103
103
103
103
102
102
101
101
101
101
102
103
103
104
104
105
106
106
106
106
106
104
104
104
105
107
107
105
105
106
105
105
105
106
106
106
106
105
104
104
104
106
107
107
107
107
107
108
109
109
108
107
106
106
106
107
108
108
105
105
104
105
105
106
105
106
105
106
108
106
106
106
106
106
105
103
103
103
104
103
103
105
105
104
104
104
107
107
107
108
110
109
109
107
106
106
107
106
106
106
105
104
104
104
105
105
105
105
105
105
105
105
105
104
103
104
105
105
106
105
107
105
105
106
109
109
108
108
108
109
108
108
108
106
105
105
105
104
104
105
104
105
106
106
107
109
108
107
107
108
107
108
108
107
107
108
108
108
109
108
108
107
105
105
106
107
106
107
106
106
107
106
105
104
103
102
101
102
102
102
101
99
99
98
98
98
99
98
98
99
99
98
98
98
98
98
98
99
99
99
98
98
98
98
98
98
97
99
101
101
100
101
101
101
101
100
99
99
99
98
100
101
102
102
102
103
103
103
102
100
100
100
100
100
99
99
100
101
101
101
101
102
103
104
104
103
104
105
104
105
103
102
102
102
102
102
101
100
100
100
100
100
99
101
101
100
102
102
102
102
102
103
103
101
101
101
101
101
100
100
100
102
102
100
100
100
99
100
100
99
98
98
98
98
98
98
98
98
98
99
101
101
101
102
102
102
101
101
102
104
104
104
102
102
99
98
99
99
100
101
101
101
101
101
102
103
104
103
102
102
101
101
101
101
103
102
102
103
101
101
102
102
101
101
100
100
99
99
