0.0009658620689655174 0.0004196551724137932
300
293
293
290
286
286
283
278
277
273
272
272
275
273
271
274
276
269
268
269
268
268
266
263
262
264
263
262
259
257
259
256
255
256
255
255
255
255
257
256
256
255
255
255
255
256
256
255
255
255
255
256
255
258
257
257
255
255
257
258
259
257
258
258
257
259
258
258
257
257
256
258
259
260
259
257
259
256
257
256
253
252
256
256
254
256
255
257
262
262
263
262
261
261
260
261
261
264
263
262
263
267
268
265
263
260
262
261
263
262
261
261
261
261
261
259
261
261
258
260
258
258
259
258
259
257
260
259
259
257
258
258
257
257
259
257
258
259
257
255
255
255
254
253
252
250
249
249
249
249
251
251
254
255
256
256
256
255
254
253
253
252
253
253
253
252
253
253
254
254
254
259
259
259
259
259
259
259
260
259
260
257
258
257
257
258
261
259
259
259
258
257
263
263
263
262
262
261
262
261
264
263
266
265
265
265
267
266
267
267
268
268
269
268
268
270
271
272
270
271
272
272
271
270
267
267
270
269
267
268
266
268
269
269
269
270
270
270
270
270
269
266
266
266
266
266
269
269
268
267
265
264
263
263
262
263
268
268
269
270
270
270
270
274
275
275
275
275
275
275
277
280
279
280
282
281
281
278
279
279
280
283
285
281
280
279
277
277
277
278
279
279
279
280
281
280
280
278
282
281
281
278
277
275
275
277
278
276
277
279
279
278
278
280
282
284
281
282
282
282
279
280
281
280
282
281
281
280
282
282
282
282
283
283
283
284
284
287
287
286
285
285
287
287
289
288
286
286
284
287
289
289
287
286
285
284
285
286
288
287
285
286
286
286
289
290
291
291
291
292
295
293
293
291
294
294
292
291
290
292
292
292
291
293
295
294
291
292
292
292
293
294
293
293
292
290
288
286
285
282
280
280
282
282
281
283
284
282
283
283
285
286
286
286
288
288
290
290
289
291
292
292
290
289
288
288
292
290
290
289
292
291
295
296
296
296
298
299
298
300
296
295
294
294
295
295
297
297
295
295
295
299
297
295
298
298
294
292
291
292
293
295
298
295
294
295
297
297
296
296
295
294
295
295
294
297
297
296
292
291
291
289
289
290
292
291
292
293
294
293
294
297
294
295
295
296
295
295
294
292
291
292
292
291
289
292
291
288
290
292
293
292
292
295
293
293
292
288
289
289
290
291
293
295
294
296
295
295
297
293
294
294
291
293
290
290
289
289
290
290
291
291
291
291
292
293
293
294
294
296
296
299
299
294
294
294
296
293
294
295
295
298
298
298
295
294
297
298
297
297
299
298
298
298
298
297
297
296
295
298
297
298
300
298
298
298
298
299
301
300
301
300
302
304
302
304
302
302
300
301
302
301
301
301
297
297
299
299
297
297
297
297
295
298
296
297
295
292
290
289
290
290
291
291
293
294
295
294
294
293
293
293
293
292
293
291
294
295
295
294
297
298
298
298
298
296
297
294
294
294
295
297
298
293
295
295
294
296
292
292
297
296
296
293
292
293
293
292
292
294
296
297
297
296
299
299
300
304
303
302
302
300
298
296
292
292
293
293
292
291
291
294
293
295
295
296
295
297
297
299
299
298
299
300
300
300
298
297
299
302
302
303
298
298
297
297
298
298
295
294
298
298
300
300
300
297
297
296
297
294
294
294
293
293
293
293
291
291
291
291
290
290
290
289
291
290
290
291
293
292
290
290
287
288
289
290
293
292
292
291
290
289
290
288
287
288
288
287
287
288
289
289
291
291
292
293
297
297
298
298
297
297
297
298
296
292
293
291
291
291
292
291
291
293
293
291
289
289
288
291
292
296
298
297
298
299
300
301
300
300
301
300
301
301
302
302
300
302
302
300
301
301
301
301
301
301
304
307
307
303
302
304
301
304
303
302
303
303
302
304
302
302
304
306
305
301
303
303
302
302
300
299
300
301
301
302
303
304
306
305
304
302
302
302
302
300
300
302
303
304
305
306
305
306
302
304
302
304
304
305
306
306
304
307
306
303
301
300
302
301
303
304
305
307
310
311
310
309
307
308
306
308
308
307
308
306
306
305
305
306
308
307
308
309
310
311
310
310
311
312
312
312
312
314
316
315
313
314
314
314
318
321
320
322
317
317
317
320
320
318
318
318
318
318
321
321
321
322
322
323
323
321
322
318
319
321
320
320
319
319
321
319
321
320
319
319
320
322
322
324
323
321
318
321
321
324
321
320
321
322
321
321
319
319
319
318
314
316
314
312
314
314
315
316
316
313
312
310
308
308
307
307
307
309
307
304
306
308
309
312
313
309
310
311
311
313
313
310
308
308
307
305
304
303
305
304
304
304
305
305
305
305
308
308
308
306
301
301
303
306
306
306
306
307
309
308
308
310
311
311
312
313
315
317
316
316
315
317
315
319
320
320
320
318
316
316
315
314
315
312
313
313
310
309
302
306
305
304
303
304
304
303
302
304
304
305
305
303
303
303
302
303
302
304
301
300
300
302
301
300
299
300
303
304
302
301
304
305
308
308
306
306
311
311
314
314
313
312
312
310
314
314
314
313
315
313
313
315
315
315
317
317
316
318
319
317
318
318
320
320
320
317
316
317
314
316
315
313
313
315
313
311
311
314
315
313
315
316
316
315
317
318
319
319
321
322
323
322
320
317
314
313
312
312
312
311
312
314
315
314
316
315
313
314
315
313
310
309
308
308
309
308
309
309
311
310
310
312
314
313
311
312
312
311
312
311
312
308
309
310
310
309
309
309
307
306
305
306
305
305
306
308
306
308
306
305
304
304
304
305
307
308
306
306
305
305
304
305
305
306
302
303
303
306
305
306
310
309
308
308
307
306
308
309
311
310
310
310
309
310
311
311
310
309
309
311
310
311
312
312
313
309
309
309
309
310
311
312
308
308
307
306
306
305
304
303
303
304
303
302
300
301
301
302
302
303
304
306
306
307
306
305
305
305
305
305
309
308
309
308
308
308
306
305
305
305
307
306
307
308
308
309
309
309
311
313
312
313
313
314
316
318
319
319
320
319
317
317
318
318
320
319
319
322
323
327
324
323
323
325
323
321
325
322
324
322
321
322
323
323
323
322
322
321
319
318
318
318
316
317
316
319
323
323
322
320
317
316
317
317
316
316
319
319
319
319
318
318
321
321
322
320
321
321
319
319
318
317
316
316
316
321
320
320
320
323
323
323
321
323
323
323
322
318
319
319
318
319
320
322
321
321
322
322
321
321
321
322
322
321
318
318
319
320
317
318
320
320
319
318
317
321
322
323
325
326
323
326
324
325
328
327
328
331
333
331
331
329
329
329
329
330
332
332
332
328
328
326
326
328
327
328
327
328
330
332
331
329
329
331
327
329
329
330
330
331
331
329
329
328
328
330
328
328
324
325
326
327
327
326
327
330
329
329
328
331
331
326
326
326
325
328
327
329
331
330
330
333
332
333
333
336
332
334
336
334
333
334
333
334
334
329
328
324
323
321
321
319
319
320
318
318
318
318
317
319
320
320
321
320
322
324
321
321
320
319
317
318
319
323
322
322
322
322
318
320
321
323
324
324
325
327
326
329
327
329
329
330
331
331
332
332
330
330
331
332
333
333
338
337
334
331
331
328
328
328
330
332
331
329
329
329
332
330
330
330
330
323
323
323
323
322
322
324
324
323
325
325
324
323
325
325
322
325
327
324
323
323
320
320
321
321
321
319
319
318
319
318
318
318
317
313
316
314
313
314
315
319
320
318
318
319
319
320
321
323
322
319
321
321
321
320
319
321
320
320
322
323
321
322
319
318
319
319
318
318
321
323
322
323
325
324
324
323
323
321
321
322
321
321
320
321
321
322
324
324
323
322
321
322
324
324
324
324
321
323
323
323
322
324
324
325
325
327
326
327
328
329
328
329
332
330
327
327
328
329
326
322
323
325
321
321
324
324
320
318
320
319
319
321
322
322
323
322
320
320
318
317
318
318
317
317
317
317
318
317
315
317
315
315
316
316
316
318
319
319
319
318
321
321
324
321
318
320
322
322
324
324
325
325
320
321
321
320
320
317
318
319
320
316
316
316
313
312
311
311
314
313
314
313
312
310
312
310
311
311
311
311
308
307
307
308
309
308
308
308
309
310
313
311
312
314
314
310
310
311
311
311
312
313
313
312
312
312
311
310
309
310
311
313
315
314
314
315
313
314
317
317
316
317
316
319
318
317
319
319
317
313
312
310
311
313
317
316
314
315
315
314
316
317
316
319
321
321
319
317
318
318
319
314
314
314
314
316
318
320
321
321
322
318
319
322
320
321
323
320
322
319
320
320
317
317
319
318
317
316
319
318
317
317
320
321
320
321
321
322
320
320
323
323
324
325
328
328
329
331
330
329
327
328
329
332
332
331
330
332
334
331
332
331
326
326
327
326
325
325
328
329
330
330
329
329
327
329
330
330
330
329
325
325
326
325
325
325
326
327
327
330
331
330
327
327
329
333
332
331
330
331
333
332
336
335
331
330
329
329
329
327
325
324
325
327
327
327
325
324
326
326
328
327
327
327
327
322
322
323
321
323
323
324
323
324
324
323
323
321
319
317
317
316
317
320
318
318
317
318
318
319
320
318
319
318
324
323
323
322
321
322
318
320
319
319
319
320
322
322
323
320
321
321
320
321
316
318
317
317
319
319
321
321
319
321
318
317
318
317
320
318
319
315
314
313
315
315
315
313
315
315
315
314
317
319
320
319
319
319
318
317
319
319
319
319
320
322
321
321
320
320
319
320
322
323
324
322
321
322
321
321
319
319
320
319
320
321
320
318
317
320
319
317
316
316
315
316
313
314
313
312
310
310
310
312
312
311
310
309
308
307
308
304
306
307
309
310
312
311
314
312
311
309
309
307
307
306
307
308
307
309
308
308
310
312
311
311
308
308
308
308
309
310
308
310
307
301
304
305
306
310
314
318
319
317
318
317
317
316
315
315
316
314
312
313
313
316
316
315
317
317
316
315
313
314
316
314
313
316
316
316
317
318
316
315
319
319
318
318
315
315
315
317
314
317
315
314
314
314
314
314
313
312
315
316
316
319
317
318
314
313
314
316
320
321
322
319
318
319
319
322
319
314
312
311
311
307
305
306
304
305
309
308
309
310
308
307
307
309
308
309
309
306
305
303
303
305
305
306
308
308
310
310
313
311
308
306
309
309
307
308
307
306
307
307
311
313
312
313
314
317
316
314
311
311
311
315
318
310
311
310
308
305
307
310
309
310
308
306
308
309
309
311
309
310
309
308
309
309
308
306
308
307
305
306
306
306
306
305
302
302
302
300
301
301
301
302
303
304
303
302
301
302
302
299
299
302
301
301
299
300
300
299
299
297
299
303
303
302
300
300
300
301
303
305
302
306
303
307
306
304
302
302
300
299
301
304
301
303
302
303
303
302
305
305
306
306
307
306
303
305
306
308
308
306
304
305
305
306
307
309
310
311
312
311
314
315
315
315
318
317
320
324
324
325
323
322
324
323
321
322
319
319
317
317
316
317
317
319
318
317
319
321
320
323
323
319
318
319
318
317
318
315
312
315
316
317
317
319
318
313
313
312
311
312
310
311
311
310
311
313
314
313
314
316
314
313
312
316
317
317
317
315
315
314
313
315
318
317
316
320
319
320
322
322
321
323
323
321
322
322
322
323
321
320
320
315
318
316
317
316
316
317
316
317
317
316
318
319
320
322
323
321
322
321
320
320
320
321
322
320
320
319
318
318
317
317
321
317
317
316
316
316
315
314
313
313
313
312
314
315
317
319
320
319
317
315
315
316
316
321
320
321
322
321
319
316
317
318
318
318
313
313
312
312
314
314
311
314
315
313
311
312
312
311
310
310
314
313
311
309
309
309
310
311
310
315
314
313
311
312
310
313
312
313
318
318
314
315
317
315
313
313
314
315
315
314
312
311
312
313
314
313
313
315
315
313
313
312
314
315
316
316
319
319
320
319
320
322
320
320
323
319
318
318
317
318
317
317
316
318
320
321
321
322
324
324
320
321
320
324
321
319
319
321
322
318
316
316
319
319
319
319
319
319
317
317
316
316
314
314
315
314
313
314
313
315
317
317
317
318
318
319
322
324
328
325
324
325
325
326
323
325
324
323
324
322
321
324
325
323
321
321
321
319
319
319
323
323
323
323
324
324
327
327
328
328
329
329
329
330
328
328
328
323
324
323
325
324
322
321
323
327
327
328
329
330
329
330
331
330
330
332
331
332
332
332
332
335
332
333
335
337
339
336
337
337
334
333
329
333
332
331
330
330
330
327
326
326
328
327
329
330
331
330
330
331
331
330
331
330
328
329
326
327
330
330
329
327
327
327
329
330
327
327
328
329
328
325
324
324
323
324
323
321
324
323
324
326
324
326
326
325
325
324
324
324
322
323
324
324
325
321
324
321
323
325
327
330
331
331
330
330
329
328
326
329
329
331
331
330
331
330
327
327
327
326
327
326
328
326
330
333
335
334
333
332
331
332
332
331
332
334
335
336
335
333
327
326
323
323
323
320
319
320
321
320
321
321
321
322
322
322
323
321
322
324
325
327
327
325
324
325
325
328
329
328
327
327
329
327
324
325
323
322
325
328
330
329
328
329
329
329
329
327
327
329
327
328
329
329
329
328
328
330
329
330
328
326
325
326
326
327
326
327
330
333
331
331
331
327
327
327
332
334
332
332
335
333
332
333
331
333
332
333
334
335
334
335
336
334
335
334
333
331
329
329
329
328
328
327
329
326
327
327
331
332
331
330
332
330
328
327
330
331
333
332
332
335
336
335
336
335
333
331
330
331
332
337
335
334
336
334
332
331
331
333
330
329
329
331
330
331
332
329
330
335
335
336
336
336
336
336
338
337
335
332
333
334
333
334
331
327
324
324
324
324
326
323
323
324
324
323
322
320
321
323
324
325
326
329
324
325
324
323
321
323
323
322
322
322
325
323
321
316
315
317
321
322
322
321
319
321
323
325
326
327
329
328
328
329
330
328
327
327
328
331
330
329
326
329
329
329
327
329
330
330
328
331
330
331
330
332
333
329
332
331
331
333
329
330
329
328
328
331
333
333
332
332
333
334
333
333
333
330
329
330
329
329
329
331
331
334
334
334
335
338
338
335
336
336
336
339
342
343
339
338
337
336
337
338
342
343
342
339
339
333
335
333
333
334
337
338
340
337
340
340
340
341
341
339
339
344
344
339
339
339
337
337
338
338
338
341
343
342
343
342
344
348
349
346
344
344
344
340
340
337
337
338
338
338
338
338
338
335
336
338
338
340
343
343
342
343
344
347
347
344
345
346
347
343
343
344
344
343
343
343
341
342
339
338
338
338
337
341
341
341
340
341
344
343
344
346
342
340
338
336
338
338
339
339
339
338
338
338
338
337
335
336
335
335
334
335
335
336
336
334
335
335
336
335
333
331
334
333
334
336
335
334
330
330
328
328
329
330
331
332
333
334
334
335
337
337
337
337
336
334
335
337
335
334
330
329
331
330
328
331
332
331
330
331
333
332
332
332
333
333
336
335
336
338
341
341
342
343
345
341
340
339
344
345
343
343
347
346
349
349
350
348
348
347
345
345
343
344
343
345
344
343
343
346
346
346
349
352
353
352
352
349
350
346
345
345
344
347
347
345
348
349
344
347
348
348
348
347
348
350
348
348
347
348
348
351
350
349
351
351
351
351
352
352
353
349
351
350
354
354
353
351
349
353
354
356
355
356
355
356
356
356
356
355
357
358
359
358
360
360
359
359
358
356
356
357
357
358
359
357
357
356
357
360
359
356
357
356
355
355
355
358
358
359
361
361
359
358
353
356
358
359
357
358
357
357
357
358
357
356
350
351
350
350
346
349
349
351
347
350
348
349
352
350
350
351
351
352
352
352
352
353
354
358
360
364
360
362
363
365
366
366
365
363
362
360
362
360
361
360
359
359
361
361
364
363
362
361
359
359
360
357
356
356
358
357
357
357
355
357
357
356
352
353
355
355
357
357
356
357
356
356
356
356
354
357
358
359
357
357
356
355
354
357
360
356
359
359
358
357
359
358
356
356
353
355
354
355
355
354
353
352
352
351
353
356
356
355
353
351
351
349
349
350
350
350
349
350
350
350
351
351
350
352
350
348
347
350
355
353
351
352
355
353
355
355
355
354
354
354
352
354
355
355
359
355
356
357
356
356
357
358
357
359
363
363
363
365
363
360
362
357
358
358
357
357
355
355
357
355
353
355
356
357
361
367
370
367
372
373
373
377
376
377
375
375
375
371
372
370
372
373
375
373
371
370
372
370
368
367
366
363
363
365
366
368
368
369
369
369
366
369
369
370
372
372
371
371
367
367
366
365
365
364
365
366
365
362
361
361
361
360
362
366
366
371
370
373
374
375
377
381
379
380
378
379
375
378
379
376
375
375
378
377
378
374
374
376
377
378
378
378
380
380
378
379
376
375
375
376
375
373
371
369
367
369
370
368
368
365
365
366
364
364
364
364
363
361
365
365
369
367
368
366
366
366
367
367
365
367
367
367
366
369
369
366
367
365
369
371
367
369
371
373
373
371
371
369
369
368
366
365
363
362
363
365
366
365
363
367
369
365
364
359
359
360
359
360
361
361
362
361
361
362
362
363
364
363
364
356
356
355
358
358
357
359
360
361
359
355
353
354
351
352
352
351
350
350
353
354
352
354
354
351
351
351
350
349
352
352
353
353
355
353
353
354
353
352
349
348
347
347
346
344
344
344
342
345
346
344
342
343
345
348
350
348
346
352
352
352
351
352
347
347
349
347
347
346
345
348
345
344
343
342
343
344
348
349
351
353
352
351
352
348
348
347
347
346
347
347
348
348
346
347
345
348
349
348
349
348
348
346
346
348
350
350
351
354
355
357
357
357
358
356
355
352
357
359
361
358
357
357
357
357
357
355
356
356
358
358
353
353
351
350
349
349
345
346
346
348
346
346
347
346
346
348
346
347
350
349
350
350
352
351
355
355
354
354
358
355
352
354
355
354
356
356
352
354
355
354
351
348
349
349
348
347
347
348
350
351
352
354
354
356
357
357
355
357
359
359
361
356
354
353
353
353
348
350
352
353
352
351
350
351
349
348
348
348
349
350
350
347
347
345
345
347
346
347
347
349
351
349
348
347
346
347
348
344
339
339
341
340
338
337
337
338
338
340
342
344
347
348
345
344
343
345
345
344
343
344
344
346
347
347
344
344
347
349
349
350
352
352
354
352
348
345
347
348
347
342
343
343
340
340
341
342
342
341
338
337
338
338
336
337
338
338
337
338
337
342
343
342
343
343
340
338
340
335
338
337
337
338
336
337
338
338
340
336
336
337
336
336
336
336
334
334
334
334
337
335
334
334
333
334
335
337
338
339
339
339
341
342
340
344
345
345
340
343
342
343
340
341
344
348
344
341
339
338
338
337
338
339
340
340
338
339
342
343
343
344
343
344
346
343
343
341
340
338
342
342
343
345
344
345
343
344
345
346
348
350
351
354
354
354
352
350
349
348
347
351
353
358
357
356
355
357
354
354
354
352
350
349
351
353
351
354
349
349
349
345
342
343
347
345
345
346
346
343
343
345
346
345
345
347
346
344
341
341
337
338
337
337
338
336
338
340
341
342
342
339
339
337
338
339
343
342
342
340
340
341
339
336
339
338
337
340
341
342
343
338
337
337
336
339
338
340
341
340
340
340
337
337
338
337
341
343
344
345
347
346
348
348
351
354
353
350
346
347
348
349
348
347
350
352
351
352
354
356
355
355
357
359
357
357
357
356
354
352
353
352
355
354
358
356
355
354
352
348
349
348
349
348
351
353
348
346
350
350
351
353
357
356
357
354
354
354
356
357
356
355
357
357
359
361
359
358
360
358
357
355
355
355
356
356
359
358
356
355
354
351
348
349
349
349
349
350
348
346
349
349
347
347
348
347
348
348
347
348
349
349
348
348
350
350
349
348
351
352
354
358
359
358
357
359
359
357
355
357
355
356
354
355
353
356
358
356
355
354
353
355
351
355
358
357
357
357
356
357
357
354
354
353
352
352
348
347
346
344
346
345
346
344
344
346
345
344
340
340
339
340
339
338
338
337
336
337
338
337
335
339
341
339
340
339
340
342
341
341
343
343
344
346
348
348
349
344
344
346
346
347
348
350
348
349
347
346
347
343
340
338
338
338
339
338
336
336
335
338
341
339
341
340
339
339
337
337
334
334
334
333
335
337
335
331
330
332
333
335
337
337
338
337
339
339
337
336
336
335
335
334
338
337
339
339
338
341
341
340
337
339
339
339
340
341
340
340
338
339
337
338
338
337
337
337
337
337
338
337
340
336
334
332
330
331
331
330
326
326
327
328
328
327
325
325
328
329
331
331
334
336
336
336
335
334
333
335
338
336
335
334
337
336
333
336
337
337
336
336
338
338
336
338
338
339
342
338
337
337
337
336
336
338
339
341
339
338
338
339
342
341
342
342
344
341
340
339
338
341
341
340
340
338
340
340
343
343
344
344
346
344
345
345
344
343
346
345
346
346
346
346
348
348
345
345
345
340
340
341
341
344
347
345
344
340
340
338
337
339
337
333
331
332
332
335
335
338
339
339
338
338
339
339
341
339
337
337
336
335
337
337
337
336
335
335
336
336
337
337
340
340
341
341
342
342
340
340
340
343
343
343
344
344
343
342
344
345
344
343
339
338
339
339
339
339
340
341
340
341
340
339
338
339
340
338
339
341
338
338
339
340
341
342
342
341
338
340
339
338
337
341
345
348
348
348
349
347
346
344
346
347
349
352
352
348
347
346
345
343
343
343
342
342
341
343
339
341
340
339
341
340
340
340
340
338
339
339
340
340
343
341
341
343
347
351
351
350
349
345
347
346
348
348
348
346
348
347
346
344
344
344
340
342
340
338
338
336
336
338
336
339
339
337
337
339
339
338
338
340
341
340
340
339
339
342
341
343
342
341
341
341
342
343
340
339
340
340
340
342
342
343
344
344
343
345
347
345
347
346
345
343
344
344
341
340
336
338
340
339
338
336
334
335
337
334
333
333
332
332
331
330
329
330
328
329
328
327
327
327
330
331
329
330
331
329
331
331
332
330
330
331
334
333
335
336
333
333
334
328
330
333
332
331
335
337
339
339
339
339
339
337
337
337
337
337
336
337
336
338
341
339
338
339
338
339
338
336
335
333
332
331
331
332
333
335
335
337
338
338
337
338
343
341
347
348
346
351
355
352
352
354
354
353
354
354
354
355
353
354
357
356
356
356
354
353
355
355
353
354
352
347
347
344
343
343
345
346
344
341
339
339
339
339
341
343
345
344
