0.00024896551724137937 0.00038551724137931035
300
294
291
282
279
278
274
275
273
269
266
265
262
260
258
257
256
255
253
253
249
246
246
248
248
248
243
241
240
240
240
238
237
237
236
236
237
238
238
240
240
240
240
240
239
239
237
238
238
237
237
237
239
238
236
235
236
237
237
236
235
234
235
234
234
234
235
238
239
238
238
240
240
241
239
239
237
237
237
238
235
235
236
236
234
235
235
237
237
236
234
236
237
237
238
237
238
239
240
241
240
236
236
234
236
234
234
234
235
233
233
234
234
234
233
231
230
229
229
229
230
231
232
232
233
233
233
233
233
234
235
235
237
236
234
237
238
236
238
238
236
236
235
232
233
233
232
232
231
231
230
230
232
230
233
233
233
232
228
227
227
227
227
227
228
227
228
231
229
227
228
227
229
227
227
230
228
229
229
228
227
227
227
227
228
228
227
229
228
229
229
229
232
231
231
230
230
228
229
230
230
227
229
230
231
230
231
229
231
230
229
230
231
231
229
230
230
230
231
231
233
233
235
234
237
238
239
237
235
236
236
234
233
233
232
233
232
233
232
232
231
232
231
227
228
228
228
229
230
230
230
230
229
228
228
227
224
223
224
225
226
224
224
224
223
224
223
223
223
222
222
224
224
223
222
223
222
220
220
220
221
221
221
222
225
222
225
225
225
223
223
223
223
222
222
221
223
221
221
221
222
224
222
221
220
218
219
219
219
219
219
219
219
219
218
218
221
219
219
220
220
221
221
220
221
225
225
224
222
220
219
220
221
221
222
223
222
220
220
220
221
221
222
224
223
223
223
224
222
221
220
222
221
224
226
226
226
225
226
227
228
229
229
227
226
225
226
226
223
223
221
221
222
222
223
224
225
227
228
225
224
223
222
222
219
219
219
221
220
219
218
219
217
217
218
218
219
219
219
219
220
218
218
217
217
217
219
221
220
219
219
220
221
220
221
221
222
223
222
220
220
219
217
217
216
218
218
218
217
218
218
219
220
220
220
219
218
218
218
219
218
220
219
221
220
219
220
221
221
220
222
220
218
218
219
220
220
219
219
219
219
219
220
216
214
214
212
212
215
216
217
215
215
215
216
216
217
214
214
214
214
215
217
217
216
215
215
215
215
214
216
216
217
217
217
216
216
215
215
215
215
215
214
212
212
213
213
213
214
213
214
214
214
215
215
214
216
216
216
216
217
218
218
215
215
214
213
212
212
214
211
211
211
211
212
212
210
211
210
211
211
211
213
214
212
213
212
211
212
212
213
212
212
213
214
217
217
216
216
215
214
214
214
214
213
213
212
212
212
212
212
210
210
211
213
213
213
215
216
215
215
215
213
213
213
212
211
212
213
214
213
213
212
212
212
212
213
213
210
210
210
210
211
211
212
212
212
209
210
209
209
210
209
211
211
212
207
207
206
206
207
207
209
208
209
207
208
209
208
206
208
210
210
209
209
207
206
206
205
205
205
205
206
206
205
206
207
207
207
208
211
212
209
208
207
208
208
207
209
208
208
208
206
205
205
207
205
205
206
206
206
207
208
211
211
210
211
210
211
210
211
212
211
212
213
212
213
213
215
212
211
210
209
211
211
212
208
208
208
209
208
205
207
206
206
207
207
209
206
207
208
205
204
203
204
203
203
202
201
202
203
202
203
203
201
201
200
201
201
202
202
201
202
202
203
202
201
201
202
202
203
202
205
205
205
205
205
205
205
205
205
203
203
204
204
204
204
204
205
205
205
205
204
204
202
204
203
203
204
202
201
201
202
203
202
202
204
204
202
202
200
199
199
199
200
200
199
198
198
199
199
198
198
199
200
201
201
202
203
203
203
202
202
202
200
204
206
207
208
208
206
205
205
205
205
205
205
205
204
201
202
201
201
200
200
200
200
200
201
202
201
203
203
202
202
203
203
202
201
203
201
203
206
207
208
208
207
205
202
202
202
202
202
203
201
201
204
205
206
205
204
202
203
203
203
204
205
203
204
204
202
202
201
201
203
203
205
203
202
202
202
202
201
201
202
204
204
202
202
202
203
203
205
204
204
202
200
198
198
198
202
201
201
202
199
199
198
197
199
198
198
198
198
197
197
196
196
196
196
196
196
196
196
195
195
195
194
195
194
194
195
196
195
195
195
195
196
196
196
195
196
196
196
196
196
197
198
198
198
198
197
197
196
197
196
196
197
196
197
196
199
198
200
201
201
200
200
200
198
199
200
201
202
202
203
201
201
201
201
202
202
199
197
197
197
196
195
194
194
196
195
195
195
195
196
195
195
194
193
193
194
194
195
196
198
197
199
198
198
200
199
199
201
200
201
202
202
203
201
201
201
201
198
198
198
199
199
199
201
199
200
199
199
199
199
198
200
199
197
196
196
197
197
197
198
197
198
200
201
200
197
197
198
197
196
197
196
197
197
195
195
195
196
197
197
197
197
198
196
197
196
196
197
196
195
195
195
195
196
196
196
195
195
196
196
197
198
197
196
195
196
196
196
196
197
196
197
197
197
199
199
197
197
197
199
199
196
197
199
198
199
198
198
201
200
197
199
198
197
198
197
196
197
194
194
193
192
193
193
193
193
196
197
196
197
196
197
199
199
199
196
196
196
196
196
196
195
197
197
198
198
199
198
198
198
196
195
196
197
197
196
194
195
195
195
194
195
195
195
193
193
193
193
194
194
193
196
196
194
194
194
194
194
195
196
197
198
201
201
200
201
201
199
200
200
201
197
197
196
198
197
197
196
195
195
195
195
196
197
195
197
196
194
193
193
193
193
195
195
196
194
194
193
194
192
192
192
193
193
194
195
196
195
196
197
197
197
197
196
195
196
196
197
200
199
199
197
196
197
194
195
194
195
195
194
193
193
193
193
194
195
194
193
193
193
193
193
193
194
194
196
198
199
199
195
196
197
195
194
195
193
193
191
192
193
192
193
192
192
190
191
191
190
192
191
191
191
193
194
192
195
195
196
195
194
193
193
193
193
195
195
196
195
194
194
195
193
197
197
195
196
195
193
192
192
191
192
192
191
193
192
191
190
191
189
189
190
191
191
191
190
190
188
188
190
189
189
189
190
190
191
191
190
191
192
193
193
191
191
190
190
189
188
188
190
189
190
190
191
191
189
190
193
192
189
189
189
189
192
192
192
194
194
194
194
192
195
195
196
195
193
193
192
192
191
190
189
188
189
188
188
187
188
190
191
190
190
190
189
188
189
188
187
186
187
187
185
185
185
187
188
189
190
189
190
189
188
188
190
189
189
188
190
190
191
190
190
190
190
188
188
187
187
186
187
188
189
189
189
190
190
191
188
188
188
189
189
188
187
187
188
188
188
189
191
191
191
190
188
188
186
186
185
185
185
185
186
186
185
186
185
186
187
187
188
188
188
188
188
186
186
185
185
185
185
186
185
187
186
186
187
184
187
186
186
186
187
188
185
185
185
185
185
186
186
185
185
185
184
185
183
182
182
182
182
182
183
183
184
185
185
185
185
185
185
186
185
184
184
183
184
184
184
183
182
182
182
183
184
184
184
185
184
184
183
184
184
186
186
186
186
185
185
185
185
187
187
186
187
189
187
187
187
187
188
187
187
186
187
186
185
184
182
182
182
183
182
183
186
186
186
184
183
183
184
183
184
182
183
183
183
183
184
184
182
182
182
181
182
183
183
182
182
185
187
187
189
191
188
188
188
188
189
190
190
189
190
187
188
189
187
187
188
186
184
183
184
185
185
185
185
184
184
183
185
185
185
183
181
182
182
183
183
183
183
182
182
183
181
182
182
182
181
181
181
181
181
181
182
181
181
181
179
179
179
180
180
180
180
182
183
183
181
181
181
181
180
180
180
181
182
181
180
180
180
181
181
182
181
182
182
181
178
178
180
180
180
179
179
180
178
179
176
176
176
176
177
178
179
179
179
178
178
179
181
181
178
177
177
177
177
177
178
178
177
177
177
177
176
176
175
176
176
176
176
176
177
176
176
176
176
178
178
177
176
177
177
178
180
180
180
181
180
181
181
181
181
181
181
180
180
181
181
179
178
178
176
180
180
179
179
179
179
178
180
180
180
180
183
182
181
181
179
181
181
180
179
178
179
179
179
178
180
178
178
178
177
177
177
177
177
177
177
176
175
176
176
175
175
174
175
178
178
178
176
177
179
181
179
179
180
181
180
180
179
179
179
178
177
178
179
180
179
179
181
179
178
177
177
178
177
177
176
177
178
179
181
179
182
182
182
182
179
179
179
179
179
180
180
178
178
177
177
177
176
178
178
176
176
177
176
176
176
176
176
177
177
178
178
177
176
176
176
175
178
178
179
179
180
180
181
180
180
180
179
179
178
178
177
177
177
177
177
179
180
181
180
180
180
180
180
180
180
180
180
177
177
176
175
175
175
175
178
179
178
176
176
176
177
177
177
175
175
178
178
177
174
175
175
176
176
176
177
177
175
175
174
174
176
177
178
177
177
177
178
177
176
175
176
173
173
173
174
173
174
175
175
176
177
177
177
175
175
178
178
177
176
176
176
176
176
177
177
176
177
177
177
178
177
176
176
175
174
174
174
175
175
175
175
176
177
180
179
179
181
180
179
178
180
181
180
178
177
178
177
178
177
176
176
177
179
179
180
179
179
180
181
180
179
180
178
179
179
178
177
178
177
178
177
177
176
176
175
178
177
177
177
178
178
178
177
175
177
177
177
179
177
177
176
177
175
175
176
176
176
176
176
175
175
175
175
175
175
177
177
177
177
179
181
180
181
178
178
177
177
177
177
177
175
176
175
175
174
173
172
173
173
173
177
179
177
177
177
176
176
177
178
180
179
181
178
177
176
176
177
174
174
175
174
176
177
176
174
175
174
173
172
172
172
172
172
172
173
173
174
174
174
172
171
171
171
171
171
171
171
171
172
172
172
173
173
173
173
172
173
173
173
172
172
172
172
172
173
174
174
175
175
175
175
175
174
174
174
173
174
173
175
174
173
171
171
173
173
174
175
174
173
176
176
175
175
173
173
172
172
172
171
171
171
170
170
170
170
171
171
171
173
173
172
173
175
174
174
174
174
176
174
174
174
172
172
172
173
174
174
176
176
176
175
175
172
172
172
171
172
172
171
174
174
172
172
172
169
170
170
171
168
168
169
169
171
169
170
171
171
171
170
169
168
169
168
169
169
170
169
169
168
169
169
169
170
170
169
169
168
167
168
168
168
168
170
171
172
172
169
168
169
168
168
168
170
168
168
169
168
168
169
168
168
169
168
166
167
167
167
168
167
167
168
168
167
164
163
163
163
164
166
165
165
166
166
163
164
164
164
164
163
165
167
168
166
166
168
170
170
169
167
166
166
166
164
164
164
164
163
163
163
165
165
165
165
164
164
164
164
164
164
164
164
164
163
163
163
163
163
163
165
164
166
166
167
167
166
166
167
168
168
166
165
164
163
162
163
164
164
165
164
164
166
166
166
166
166
164
164
165
163
162
161
161
161
160
159
159
159
159
160
160
160
160
161
160
159
161
159
159
160
160
161
161
160
161
160
161
162
162
163
163
163
163
162
160
160
159
159
159
159
160
160
161
161
161
160
160
160
161
162
161
161
161
163
163
162
163
163
163
164
163
162
162
161
158
160
162
161
160
160
160
158
158
159
160
160
159
160
160
158
159
159
160
160
160
161
160
159
160
159
158
157
156
156
157
158
157
156
156
156
155
157
158
157
158
159
160
162
161
160
161
159
160
159
158
156
157
157
156
156
156
158
159
155
155
155
155
155
156
156
156
156
156
156
156
156
156
156
156
156
156
156
158
158
157
157
156
156
156
156
158
158
159
157
158
155
154
154
155
155
155
155
155
155
155
156
156
155
154
155
155
155
156
156
156
155
157
157
157
155
155
155
157
156
156
158
157
157
158
158
157
158
158
158
158
158
158
155
154
154
155
154
154
155
155
155
155
156
156
156
158
158
159
159
159
159
159
157
158
156
156
157
157
158
158
157
156
156
156
155
157
157
155
155
153
153
153
153
154
154
155
155
155
155
155
154
155
157
158
160
158
158
155
155
156
156
156
156
157
158
158
157
157
157
157
157
158
158
158
159
159
159
159
158
157
158
158
154
153
152
150
154
155
155
154
152
153
153
153
154
153
153
153
153
153
153
152
153
153
153
153
153
153
152
152
153
153
154
154
153
154
153
153
151
151
151
151
151
151
151
151
151
153
154
151
152
152
151
152
153
150
149
149
149
150
149
151
151
151
151
150
150
150
153
153
153
154
152
152
152
153
153
152
153
153
153
153
152
153
153
153
153
153
155
154
154
154
153
153
153
153
153
153
152
153
151
152
153
151
152
152
152
151
151
152
151
152
151
150
151
150
151
151
150
150
150
149
150
148
148
148
149
149
150
152
150
149
149
150
151
151
150
148
148
147
147
147
147
147
147
147
146
145
145
145
145
145
145
144
144
145
146
146
145
144
145
144
144
143
143
144
144
144
144
145
145
145
144
143
143
143
145
145
146
145
146
147
148
149
148
148
146
145
145
145
144
145
145
145
145
145
145
145
145
146
145
146
146
147
147
149
150
151
152
153
152
149
149
148
149
149
150
147
146
146
146
148
150
150
150
149
148
148
148
147
147
147
146
149
148
148
148
148
148
148
147
146
146
147
147
146
146
149
148
147
147
147
148
147
147
146
147
147
147
148
148
148
148
148
148
148
148
147
146
146
147
146
146
146
146
147
147
148
149
150
149
149
149
149
148
147
146
145
145
143
144
143
144
142
144
143
144
143
141
140
141
141
143
142
143
142
143
141
141
141
141
141
141
141
143
142
143
142
142
142
141
141
142
143
143
142
142
142
142
142
141
142
143
144
145
144
142
141
141
142
143
143
143
144
144
143
142
142
143
143
141
140
139
140
141
140
140
141
141
141
142
142
142
144
144
145
142
144
141
142
142
140
139
139
139
140
139
139
138
138
138
139
139
140
142
143
142
141
140
140
140
141
141
141
139
139
139
140
140
141
142
142
143
144
144
143
142
142
142
143
143
143
146
145
143
144
144
144
144
143
142
141
142
142
142
140
140
142
142
141
142
144
143
143
143
143
143
142
142
144
144
142
142
142
142
141
141
141
142
142
141
142
144
145
142
141
140
140
140
140
140
140
141
141
141
141
142
144
143
143
141
141
142
141
143
142
143
143
143
144
145
146
146
145
146
146
145
144
145
145
143
143
143
143
143
143
144
146
146
146
147
147
146
144
144
144
144
142
142
142
141
140
140
143
143
143
143
142
141
141
140
140
141
141
140
142
142
142
141
139
139
139
139
139
140
140
140
140
139
139
140
140
140
140
140
140
141
141
142
141
141
140
141
142
143
143
142
142
141
140
139
139
138
138
138
138
138
137
137
137
138
137
140
142
142
141
141
141
140
139
139
139
138
137
139
139
139
139
139
139
139
138
138
138
139
139
137
138
138
138
138
138
138
137
137
137
137
137
137
137
138
137
137
138
139
139
139
140
140
137
139
139
140
140
139
141
141
142
139
139
140
140
138
138
137
137
137
137
136
136
137
137
137
138
138
137
137
136
137
139
139
140
140
140
142
143
143
143
143
145
144
142
141
140
139
137
138
137
136
137
139
138
138
138
139
139
138
138
138
139
140
140
140
139
140
140
139
139
138
137
137
137
138
139
140
140
139
139
139
138
139
139
139
139
139
139
138
139
136
138
139
138
138
137
133
132
132
133
133
134
137
138
138
138
136
136
137
137
139
138
139
138
136
136
136
136
135
134
134
134
133
133
136
136
136
135
135
136
136
133
134
135
136
135
137
137
137
139
137
136
135
133
133
132
132
133
133
133
133
133
133
134
133
134
134
133
133
135
136
136
136
135
134
135
136
134
135
136
136
136
138
137
136
137
136
133
133
136
137
138
137
138
137
136
136
135
135
136
136
138
139
138
137
140
141
138
135
135
135
134
134
135
135
134
134
134
134
134
134
135
135
134
134
135
135
135
134
135
134
133
134
134
134
135
134
134
133
134
133
134
133
133
134
135
133
134
133
133
132
132
132
133
133
133
133
133
133
133
133
134
133
133
134
133
134
133
133
133
133
133
133
133
134
134
136
134
138
138
140
137
136
136
137
135
135
135
134
130
130
130
130
130
132
132
133
134
134
133
133
132
132
132
131
130
131
131
132
133
131
130
130
130
130
129
130
130
130
129
130
130
130
130
130
129
131
131
131
133
132
129
129
129
129
129
130
131
131
131
131
132
130
130
128
129
129
129
129
129
129
129
130
130
130
130
130
132
131
129
129
128
128
127
127
127
128
128
129
129
129
128
127
128
129
129
130
130
131
132
132
131
131
130
129
128
128
128
128
128
130
130
129
130
130
130
129
130
130
130
131
131
131
130
130
131
129
129
130
131
132
133
130
129
130
131
129
132
132
132
131
130
129
128
130
130
130
130
131
129
129
130
130
130
130
130
130
131
131
131
130
129
130
130
132
131
132
131
129
128
127
127
127
128
128
127
127
127
127
127
127
129
130
131
130
130
129
128
128
129
130
129
128
129
128
127
126
127
127
126
126
126
125
125
125
125
125
125
126
125
127
126
126
127
126
126
126
126
126
126
126
125
125
125
127
128
128
127
129
130
130
131
132
132
131
131
130
130
130
129
130
129
128
128
129
128
127
128
127
127
128
124
125
126
125
125
124
124
124
124
125
125
125
126
125
125
125
124
123
124
124
125
125
125
125
126
125
125
126
127
128
131
129
130
129
129
130
131
130
130
130
130
131
131
131
131
131
131
131
130
129
127
129
128
129
128
128
129
127
127
127
126
126
126
126
126
126
126
126
127
128
127
128
127
127
127
126
126
125
123
124
124
124
124
124
124
124
124
125
126
125
125
125
125
125
125
125
125
124
123
123
123
124
124
125
126
125
125
125
125
125
125
127
126
126
126
125
126
127
127
126
124
124
125
126
126
126
125
124
124
124
124
124
125
125
125
125
127
125
125
124
126
125
125
125
124
124
124
125
126
124
125
125
125
125
125
126
125
125
125
126
128
129
128
130
128
127
127
127
128
127
128
127
126
126
125
125
125
127
126
126
125
124
124
125
124
126
127
127
127
127
127
127
127
128
128
127
125
125
126
126
125
125
125
126
127
127
127
128
128
126
126
127
129
128
128
127
126
125
124
124
125
125
125
125
125
126
126
126
126
126
127
127
127
128
127
126
127
127
127
127
127
127
126
126
127
127
127
126
125
125
125
125
126
125
126
127
127
128
128
127
127
127
128
128
128
127
126
126
125
125
126
126
127
127
127
128
127
127
128
126
126
126
126
126
125
124
124
124
125
126
124
124
125
125
125
124
125
124
124
124
124
125
125
125
126
126
126
125
126
126
126
125
125
125
125
125
127
127
126
127
127
125
125
126
125
124
124
124
124
124
124
125
126
126
127
126
126
126
125
125
125
125
127
127
126
127
126
126
126
128
129
130
128
127
127
126
126
125
126
126
127
127
127
127
128
128
129
128
128
128
129
129
130
129
129
127
127
126
126
125
125
125
125
127
128
128
128
129
127
126
126
127
127
128
125
125
124
124
125
126
127
127
128
129
129
127
127
128
127
127
128
127
128
128
126
126
125
125
127
126
127
125
125
125
124
125
123
123
123
125
125
124
124
126
126
125
125
125
125
129
129
128
128
129
129
128
127
126
126
127
128
129
129
128
127
126
126
126
126
126
126
128
126
126
128
127
127
127
128
127
127
127
126
125
127
127
127
128
128
128
126
125
125
125
126
129
128
127
127
126
126
126
124
123
124
124
124
124
125
126
126
125
126
125
124
124
124
125
125
126
127
126
125
125
124
124
124
125
126
125
125
124
125
126
126
124
123
124
125
125
126
125
125
126
126
126
126
126
126
126
126
129
129
128
128
128
128
127
126
125
125
125
125
126
126
127
127
126
125
126
125
125
126
125
127
126
125
125
126
126
126
126
126
126
126
126
126
126
126
126
126
126
126
127
126
126
127
126
126
125
126
126
126
126
126
128
127
128
128
128
130
130
130
129
128
128
128
128
127
127
127
127
129
128
128
129
128
127
128
127
126
125
125
125
125
123
124
124
126
126
125
127
126
126
127
127
127
126
126
126
127
123
123
124
123
122
121
121
121
121
122
122
123
124
123
122
122
122
122
123
123
122
123
124
124
124
123
122
122
123
124
124
124
124
122
122
122
123
123
123
122
122
122
121
121
121
121
122
122
121
121
121
121
120
121
121
121
122
122
123
122
123
123
121
121
121
121
122
123
123
122
122
122
124
124
126
126
128
128
127
127
128
128
127
127
126
128
128
127
124
125
125
125
126
123
122
125
125
122
121
121
121
122
122
120
120
121
121
121
121
120
120
120
122
120
119
120
120
121
118
119
119
119
120
121
120
123
123
122
122
121
122
121
120
120
120
120
121
121
122
121
121
119
119
119
120
119
119
118
118
119
118
119
119
120
120
119
120
120
119
120
119
119
118
118
118
119
120
120
120
120
123
123
122
123
123
123
122
121
122
121
121
123
120
120
119
119
121
120
119
119
119
120
120
120
120
122
122
123
124
124
122
122
122
123
121
122
124
123
121
121
121
122
123
123
122
122
122
123
123
122
121
120
120
119
119
119
119
119
119
119
120
120
120
120
119
117
117
117
118
119
120
122
122
121
121
121
121
121
120
119
119
119
119
119
119
119
120
120
119
119
118
118
118
120
120
119
121
123
121
121
121
121
120
119
119
119
118
118
119
119
119
118
118
118
118
118
118
119
119
119
118
118
118
117
117
117
117
119
117
117
117
118
118
118
118
118
119
118
118
119
119
119
119
120
119
119
119
119
119
119
121
120
119
119
119
119
119
119
119
119
119
120
119
119
121
120
121
119
119
120
120
121
121
122
122
121
123
123
123
124
121
120
119
118
120
119
119
121
122
121
121
121
120
118
120
119
119
120
119
120
121
120
119
120
120
120
121
121
121
121
121
120
120
122
119
119
118
118
118
116
117
117
117
117
116
115
116
116
115
116
115
114
114
114
114
115
116
116
116
116
116
116
115
118
119
119
118
119
118
118
116
116
114
115
114
114
114
114
114
113
113
113
113
114
115
115
115
115
116
117
119
118
119
119
119
117
115
115
113
113
113
114
113
114
114
114
114
114
114
114
114
114
113
114
114
114
114
115
114
114
113
114
114
111
111
111
112
113
113
111
112
113
112
113
112
112
112
113
113
113
113
114
115
114
114
113
113
112
111
111
112
115
114
114
115
114
112
112
112
111
111
112
111
110
110
109
109
110
109
109
109
110
109
109
109
109
110
110
110
110
111
110
110
110
110
110
110
110
