0.000863448275862069 0.0008293103448275862
300
295
290
282
279
276
273
269
265
265
262
258
258
251
251
250
246
246
245
244
240
239
238
234
233
231
233
233
230
232
232
228
227
229
227
228
226
225
225
227
225
225
226
225
225
224
220
219
219
216
216
218
217
219
218
221
219
219
217
217
214
213
211
212
214
214
214
209
209
207
206
206
206
207
206
208
206
205
202
201
202
201
201
201
201
201
200
200
198
198
199
198
197
197
198
198
200
198
196
196
197
197
196
196
196
198
199
199
197
197
193
190
188
189
189
189
189
189
188
189
188
189
189
188
187
186
187
186
186
187
187
187
187
189
190
189
189
188
190
189
188
188
188
188
189
189
188
188
188
189
187
187
186
187
187
186
185
185
185
185
184
184
184
184
183
183
183
183
182
183
184
183
183
184
182
183
183
183
185
187
186
186
186
184
185
186
187
186
189
190
191
192
193
191
190
191
190
188
187
185
184
184
183
184
183
182
181
182
184
183
182
182
180
180
181
181
182
184
185
184
185
186
184
185
185
185
186
185
185
186
184
185
184
182
181
180
180
180
179
180
181
181
180
178
177
177
178
180
180
180
181
179
180
181
181
181
181
178
178
180
181
181
182
184
184
184
181
181
179
177
177
177
178
180
181
180
179
180
179
179
180
178
178
177
178
177
178
178
178
178
177
176
176
179
178
178
177
176
178
178
178
176
176
176
175
176
175
175
176
174
174
174
176
176
176
175
175
174
173
174
174
176
176
176
178
177
177
178
179
179
178
179
178
178
176
174
175
175
177
176
176
177
176
177
176
176
174
176
177
177
178
177
176
178
177
177
177
178
177
175
175
175
174
174
173
173
172
172
173
172
171
168
169
169
170
170
171
167
167
167
169
168
168
168
168
168
170
172
174
175
173
173
171
169
169
169
169
169
167
168
167
167
166
166
166
165
166
165
166
167
168
168
167
166
166
166
166
167
167
170
171
170
172
172
172
172
173
172
172
171
170
170
170
170
172
174
174
173
173
174
174
173
171
172
172
171
170
170
169
170
170
172
174
173
174
175
174
174
173
174
173
174
174
174
175
179
179
179
178
179
179
179
178
180
179
175
174
173
171
169
169
169
170
170
171
171
171
172
173
174
173
171
170
171
171
170
169
171
172
173
172
173
173
175
174
173
175
175
174
172
171
172
171
171
169
168
169
169
167
167
167
167
167
167
167
166
167
167
167
166
166
168
168
168
168
170
167
167
166
165
166
167
171
169
168
169
169
168
168
166
168
167
168
170
170
171
168
168
168
168
169
169
170
168
167
167
169
170
171
171
172
170
168
169
169
170
171
169
168
168
168
169
171
171
170
171
173
173
173
173
173
174
174
174
174
173
173
171
171
170
169
169
169
169
169
170
172
172
173
173
173
175
175
176
175
176
174
173
172
173
171
170
168
168
168
167
166
167
168
167
167
168
168
170
171
171
169
168
167
166
164
163
162
163
165
166
166
164
164
163
164
164
164
164
164
164
164
164
165
165
164
163
164
167
167
166
163
163
164
164
165
165
165
167
167
166
164
163
163
163
164
164
164
164
164
165
165
166
167
167
167
166
166
166
167
167
166
166
166
166
168
169
165
167
167
168
166
163
163
163
164
164
165
165
165
165
166
165
167
167
167
167
167
167
164
166
166
166
164
164
164
164
163
163
163
164
165
164
164
164
163
162
160
162
162
163
164
164
164
164
163
163
162
162
162
162
162
163
164
165
165
165
166
165
166
164
164
165
168
167
167
166
166
168
167
167
168
168
168
168
168
170
170
170
167
168
168
167
167
167
168
168
167
167
166
167
167
167
165
166
166
168
169
170
172
174
172
172
171
168
167
166
166
165
165
163
163
162
163
162
162
161
157
156
157
158
159
159
158
159
158
159
160
159
159
159
158
158
158
157
154
158
158
160
162
162
163
162
162
161
161
162
162
160
160
161
159
159
158
159
158
158
159
161
159
159
157
157
157
155
156
155
154
154
156
155
156
154
154
154
152
154
155
155
156
155
155
156
155
154
153
153
154
156
155
156
157
156
156
157
156
155
155
153
155
154
155
155
154
154
155
155
154
155
154
153
153
153
153
155
155
154
150
150
150
150
150
150
149
149
148
149
150
150
152
153
154
152
152
152
150
150
150
151
150
150
149
150
151
154
156
158
159
159
158
159
159
156
157
157
157
154
154
154
156
158
158
159
160
160
159
158
159
161
162
161
159
159
160
159
158
157
155
155
155
155
155
154
156
156
156
157
154
154
155
156
151
150
150
150
151
153
153
152
151
152
152
153
154
154
152
153
151
150
150
149
149
150
150
149
149
148
148
148
148
148
148
147
145
144
144
147
147
147
146
148
149
148
149
150
150
149
150
149
148
148
147
147
147
146
146
145
145
146
147
148
148
149
150
150
148
148
148
147
146
144
144
144
145
145
146
147
146
144
146
145
145
145
145
148
148
150
150
150
149
148
147
144
143
143
145
145
146
148
148
148
147
146
146
146
146
147
147
148
149
151
150
151
152
151
151
151
150
149
148
149
148
148
148
149
149
148
149
150
150
150
151
151
151
151
151
151
150
151
153
153
152
153
155
153
153
153
151
150
150
150
150
150
150
150
150
149
149
148
148
148
147
146
146
146
145
144
142
142
142
141
142
143
143
143
144
145
146
147
148
149
149
147
147
150
150
151
152
150
151
151
151
151
149
149
150
150
151
152
153
151
151
150
150
150
150
150
149
149
150
148
148
148
150
148
148
148
145
145
144
143
146
146
146
147
147
147
149
147
147
147
149
151
150
152
150
149
150
150
152
153
153
154
155
152
152
148
146
144
145
146
147
149
145
145
145
146
147
148
148
146
146
144
144
144
144
144
143
144
146
145
145
145
145
143
141
141
141
142
142
139
141
142
142
142
144
144
144
145
146
146
146
147
146
146
145
145
145
144
143
144
144
144
143
145
144
142
142
143
142
141
140
139
139
140
139
138
137
138
138
137
137
139
139
140
142
142
141
141
141
141
141
141
141
142
141
141
141
140
139
139
140
140
140
140
140
140
140
141
141
139
138
137
137
137
137
136
136
136
134
133
133
133
134
135
134
134
133
133
133
133
137
136
136
136
136
133
133
133
134
132
133
134
134
134
134
136
137
138
139
137
136
137
137
137
139
138
137
137
136
136
137
137
136
137
137
136
137
138
138
137
140
139
140
140
140
142
141
139
140
140
138
138
138
138
140
139
139
140
139
140
140
140
140
140
141
141
140
140
139
139
139
139
138
136
136
136
137
137
138
138
137
140
138
138
137
136
136
136
135
136
138
137
137
138
135
135
135
135
134
135
134
135
132
132
133
134
133
133
135
137
137
136
132
132
132
132
133
134
134
134
134
134
134
133
134
135
135
135
135
132
132
132
131
132
132
132
130
130
130
133
136
135
135
135
132
131
131
133
134
132
131
130
131
131
131
131
131
131
131
130
130
129
129
129
129
127
126
124
124
124
124
124
124
124
124
124
124
124
124
125
124
124
124
128
128
128
127
126
126
126
129
129
129
129
129
131
132
132
133
133
132
133
133
132
132
134
135
135
135
136
135
135
136
137
138
138
138
139
140
140
141
143
142
143
140
140
140
141
141
141
138
138
139
140
141
141
139
138
138
137
136
135
138
138
137
138
137
136
136
137
137
136
135
134
135
135
135
134
134
134
133
134
132
131
131
133
132
132
131
131
130
131
131
131
130
132
133
131
131
131
131
131
131
131
131
133
133
134
132
132
132
132
132
134
134
135
136
137
138
138
138
137
136
134
135
136
135
135
135
136
136
137
138
138
139
138
139
139
139
139
138
138
136
135
137
136
138
138
137
137
134
134
133
132
130
129
128
128
128
128
128
128
129
128
128
129
129
129
131
130
130
130
131
131
132
131
132
132
132
134
133
133
135
134
134
134
135
134
132
131
129
130
131
133
133
134
131
131
131
133
133
133
134
131
129
128
130
130
130
130
129
132
133
134
135
136
136
134
133
130
130
128
128
129
129
128
128
128
127
126
127
128
129
128
128
128
128
130
131
132
131
132
131
132
134
136
139
140
139
139
138
138
138
139
140
139
139
138
139
138
138
138
138
136
136
137
138
136
137
138
137
134
134
135
136
136
136
135
135
135
135
133
134
133
134
133
133
131
130
130
129
128
129
129
131
132
133
132
133
131
133
132
130
130
130
130
129
129
129
128
129
130
131
130
130
130
131
131
131
132
132
133
133
133
132
132
132
131
131
131
130
130
129
130
131
130
131
131
131
132
132
133
133
133
131
133
133
133
132
134
133
134
133
132
129
128
127
126
127
127
127
129
131
130
130
132
131
131
132
133
133
134
134
132
131
131
131
130
130
130
131
133
132
133
133
132
131
131
131
131
131
131
130
131
131
130
132
132
133
131
131
132
132
132
133
133
133
133
132
132
132
132
130
129
130
130
130
131
133
133
133
133
133
133
134
136
133
130
130
128
127
127
127
126
126
127
127
125
125
125
125
125
124
126
128
131
132
132
133
132
132
133
134
135
133
132
134
135
134
133
132
132
132
134
133
133
133
134
131
131
131
132
131
129
127
126
128
127
128
127
128
129
129
130
129
129
127
126
125
126
126
126
126
126
127
126
125
125
124
125
124
125
124
125
126
126
128
130
127
127
127
127
126
126
125
125
126
128
129
129
129
130
131
130
130
131
131
130
130
130
130
129
129
129
130
130
130
129
129
127
129
129
128
129
130
132
131
131
133
133
132
133
132
129
130
129
129
131
130
131
131
130
129
129
129
130
131
131
131
133
131
130
130
131
131
131
133
131
130
132
132
131
132
132
131
129
130
130
129
128
129
127
127
125
125
125
126
127
129
128
128
128
129
129
129
126
126
127
127
127
126
126
128
128
127
127
125
125
126
126
124
124
125
126
126
126
126
127
129
129
130
129
129
129
129
130
129
127
126
126
127
128
125
126
124
124
124
123
124
125
125
124
123
123
123
123
123
124
124
124
124
125
124
123
124
125
127
126
126
124
124
125
125
125
125
127
127
127
127
127
129
127
127
127
127
126
125
125
124
124
125
126
126
127
126
126
128
129
128
127
127
127
128
129
129
128
127
128
127
127
126
126
125
126
126
126
127
127
128
129
128
128
131
133
133
132
131
131
131
131
131
131
132
131
130
128
127
127
127
127
129
129
130
130
129
128
128
127
127
126
126
126
126
124
122
122
122
121
120
120
121
121
121
121
120
120
120
120
119
119
119
120
120
121
122
124
124
124
124
123
124
124
123
123
123
124
124
124
125
126
126
125
124
123
125
124
123
123
121
120
119
118
118
119
119
119
119
119
118
118
118
119
118
118
118
119
119
120
120
119
120
121
123
122
122
122
123
121
122
122
120
120
119
119
119
119
123
122
122
121
121
120
120
120
119
118
117
117
118
118
119
119
121
123
123
122
122
121
121
121
120
118
119
119
120
120
121
121
121
121
120
120
120
121
122
122
121
120
119
118
120
121
121
120
119
119
117
117
117
118
119
119
122
121
122
122
122
122
123
123
123
123
124
126
125
126
126
126
126
127
126
127
129
128
129
127
125
126
124
122
122
121
121
122
121
119
119
119
118
119
118
118
118
120
119
120
121
119
120
121
121
120
119
121
118
119
118
118
116
116
116
115
115
116
116
116
116
117
117
117
117
119
119
119
118
119
119
119
118
118
120
121
121
121
121
121
122
122
123
124
123
122
122
122
122
121
121
120
118
119
120
121
121
121
120
120
119
118
118
118
118
120
120
117
117
116
116
118
117
118
120
120
120
120
120
119
119
119
119
118
118
116
116
115
115
115
115
116
116
117
117
117
119
119
121
120
119
120
120
120
120
119
119
119
119
119
119
119
118
118
119
117
119
118
118
118
118
116
115
115
114
114
114
115
115
115
115
114
113
113
113
113
113
114
114
114
113
112
111
111
111
110
110
111
112
112
110
110
110
110
109
109
109
109
109
110
110
110
110
110
110
110
110
110
110
110
110
110
109
109
110
112
112
113
112
112
114
114
114
115
115
114
114
114
114
114
115
116
115
116
116
116
117
117
117
120
120
121
120
120
119
120
120
120
120
120
120
121
117
117
117
119
117
114
115
117
117
116
115
116
115
116
117
116
116
114
114
114
114
113
113
112
112
112
113
112
113
115
113
112
114
116
115
115
115
117
117
118
114
116
115
114
115
116
117
117
116
116
115
115
115
114
114
115
115
114
113
114
114
114
114
113
113
112
112
111
113
112
112
113
113
112
112
114
114
115
116
116
115
113
112
112
112
112
112
114
113
112
111
111
112
112
113
113
114
114
114
114
114
114
113
112
113
113
113
110
110
110
109
109
110
110
111
111
112
112
112
113
113
113
114
114
115
114
115
115
114
113
113
113
114
115
115
113
113
114
115
115
114
114
115
114
114
114
113
113
114
114
113
113
114
114
115
113
114
116
116
117
117
116
113
112
113
113
113
114
114
114
113
113
113
113
112
111
111
110
111
111
110
110
112
113
113
115
114
113
113
113
113
113
114
115
114
114
115
116
116
116
115
115
116
117
116
116
117
116
116
118
117
116
115
113
112
112
112
112
112
112
114
113
113
113
113
115
117
115
115
115
117
118
117
117
118
119
119
116
115
115
117
117
116
116
116
115
115
114
114
113
114
114
114
113
114
113
113
115
115
115
114
114
114
115
115
115
115
116
118
117
117
118
118
117
117
118
118
118
116
116
116
116
115
115
114
112
113
112
113
113
114
113
113
112
112
112
113
115
115
114
114
116
114
114
112
111
110
111
111
111
113
112
111
110
110
111
112
112
112
112
111
111
109
109
108
108
109
111
111
110
110
109
109
110
110
110
110
111
110
109
109
109
110
110
110
110
111
111
111
111
111
110
109
110
110
110
110
111
111
111
110
110
110
110
109
110
109
108
108
108
109
109
108
109
109
109
110
110
111
110
110
110
111
111
111
112
112
112
112
113
114
112
112
112
114
113
113
114
113
113
112
113
114
114
114
112
114
118
117
117
118
118
117
116
115
114
114
114
114
113
112
111
111
111
111
112
112
112
112
111
110
109
109
111
111
111
111
112
111
112
114
113
112
112
112
112
112
112
111
111
110
111
112
111
111
112
112
112
113
113
114
115
114
114
112
113
113
112
112
113
114
116
116
116
115
115
115
115
115
115
116
116
116
115
116
115
114
116
116
114
114
115
113
113
111
110
110
110
113
113
114
116
117
118
118
117
116
116
115
115
118
119
116
116
114
113
112
112
112
112
113
114
115
116
116
115
115
115
115
114
113
113
112
111
113
113
115
116
116
114
116
115
114
112
113
112
112
112
112
112
112
111
111
111
112
111
111
110
110
110
111
111
111
112
112
112
113
113
113
112
110
111
110
110
109
109
110
107
109
109
109
109
109
109
109
110
110
111
111
111
111
111
111
111
111
112
112
113
114
114
114
114
113
114
114
114
111
112
112
113
113
112
110
110
110
111
111
110
111
113
113
113
113
111
110
111
112
112
112
111
111
113
115
114
112
112
111
111
112
111
111
110
110
111
112
111
111
111
112
113
112
112
112
112
113
112
110
111
111
110
111
111
111
112
113
114
115
116
116
116
117
117
117
116
116
116
115
114
114
114
112
112
111
111
111
111
110
111
111
112
111
114
115
114
114
110
111
111
112
112
114
115
114
114
115
113
113
112
112
113
113
112
113
114
113
114
115
115
113
113
113
112
111
111
111
113
113
112
113
113
113
115
113
113
112
112
111
111
110
111
111
111
111
112
112
112
112
112
112
111
110
111
111
110
109
109
109
109
109
109
110
111
111
110
111
110
111
111
111
111
110
109
109
110
110
110
110
111
111
111
110
111
111
111
111
111
114
113
114
112
112
112
112
112
111
113
113
113
112
112
112
112
115
116
116
117
119
119
119
117
119
118
117
114
115
114
113
113
111
113
112
113
113
111
112
113
115
115
113
112
111
111
110
111
111
111
111
110
110
112
113
109
108
109
109
110
109
108
109
111
112
111
111
114
115
115
116
118
119
121
118
120
121
120
121
121
120
120
119
115
114
115
115
115
116
116
117
117
116
116
115
115
116
117
117
117
116
116
116
115
115
114
113
112
112
112
112
112
112
112
112
114
114
115
115
114
114
111
111
111
110
110
110
111
110
109
109
108
109
110
110
109
109
109
109
109
108
109
107
107
108
108
108
112
113
112
112
112
112
113
113
113
114
113
113
114
113
112
112
112
112
112
111
112
113
111
110
110
111
111
111
111
112
112
112
111
111
111
111
113
113
112
112
111
112
111
111
111
110
108
109
110
110
109
109
110
110
110
111
111
109
109
108
109
107
108
107
107
107
106
107
106
107
107
107
106
106
106
108
108
106
106
107
108
107
107
106
106
106
105
105
105
106
104
105
105
106
106
106
107
107
108
107
108
109
108
108
109
106
106
106
106
106
106
107
107
109
110
110
110
107
106
106
106
106
106
105
106
105
106
105
105
105
106
108
107
107
108
106
104
106
106
106
106
107
108
107
107
107
110
110
110
110
111
109
109
109
110
110
110
110
110
110
110
110
111
112
112
111
110
110
110
108
108
108
107
107
107
105
104
105
107
106
106
107
105
106
106
106
107
105
104
105
106
106
105
105
104
104
105
104
103
103
105
104
103
102
102
103
103
103
103
104
104
104
104
104
104
105
105
104
104
105
106
106
108
108
108
108
109
112
112
111
111
111
112
111
112
111
110
111
111
112
113
113
112
114
114
111
111
111
110
109
108
108
108
108
109
109
110
114
115
116
115
113
113
111
113
113
112
113
114
114
114
112
112
112
113
113
112
113
113
112
112
113
114
114
114
112
112
115
115
112
112
113
113
112
113
111
112
111
113
112
113
113
113
115
114
115
113
113
113
111
112
115
115
115
115
114
115
118
118
117
116
114
114
113
114
113
113
113
112
113
112
112
113
113
113
112
111
111
112
112
112
111
110
110
110
112
113
113
111
111
111
112
111
111
112
112
112
113
114
114
113
113
114
115
114
116
117
117
117
116
115
114
113
113
113
114
113
114
113
114
114
113
114
114
116
116
112
112
112
112
112
111
112
110
110
109
108
108
109
107
108
107
107
108
107
107
105
106
106
106
107
107
108
107
108
109
109
109
109
109
109
111
111
108
108
109
111
112
111
110
108
108
106
106
105
107
106
106
106
107
110
111
110
110
110
110
109
107
106
106
106
106
106
107
107
107
108
110
111
111
112
112
112
112
112
111
112
110
109
109
108
109
110
109
109
108
106
106
106
106
106
106
106
107
107
107
107
107
107
107
107
107
106
106
106
106
106
106
107
106
107
107
108
107
107
107
105
106
106
107
108
107
106
107
107
108
108
109
108
109
110
110
110
110
110
112
112
110
111
111
110
111
111
112
113
111
110
110
109
109
108
108
108
108
110
110
110
109
111
112
114
112
113
114
114
113
112
114
114
113
113
113
113
115
115
115
114
115
114
113
113
113
112
111
111
111
112
113
113
113
114
114
114
113
114
113
114
115
115
116
115
115
117
117
117
117
114
112
113
113
113
115
115
115
115
115
115
115
114
115
113
113
113
113
113
114
114
114
113
115
114
114
112
112
111
110
110
109
111
112
112
112
115
115
115
115
116
115
115
113
111
112
110
107
107
108
109
109
107
107
108
110
110
111
113
113
112
113
114
113
113
112
111
110
110
109
110
110
110
108
107
108
108
109
107
107
108
109
109
109
108
108
111
110
110
109
107
106
106
109
109
110
112
110
110
111
110
110
112
112
112
112
112
112
112
111
111
112
112
114
113
111
109
108
107
108
108
108
108
108
107
108
109
108
108
108
107
106
106
106
108
107
108
108
108
108
110
107
106
105
105
105
105
105
103
103
103
103
104
105
105
105
105
105
105
105
106
108
108
108
108
107
107
107
107
107
107
107
106
106
106
106
106
107
106
107
107
107
107
105
106
107
106
107
107
107
106
106
106
105
105
105
105
106
106
106
106
106
106
106
106
107
107
106
107
108
109
109
108
108
105
105
105
105
105
105
105
106
106
106
107
110
112
110
110
111
111
111
110
111
109
111
110
110
110
110
110
107
106
106
106
104
103
102
102
102
102
101
101
101
101
102
101
101
101
101
101
101
101
100
101
102
102
103
103
103
104
105
105
105
104
104
104
104
104
103
103
105
104
105
105
104
103
103
103
103
102
103
103
105
105
105
104
103
102
102
102
103
103
103
103
102
103
101
101
103
104
104
103
103
104
102
102
102
102
102
103
102
102
102
102
102
103
104
103
104
106
106
107
107
110
110
109
110
111
111
110
109
109
109
108
108
108
108
109
108
109
111
112
113
114
111
112
114
111
111
110
110
109
110
109
109
109
109
108
108
109
109
111
110
110
110
110
111
111
111
111
110
107
106
107
108
109
109
108
109
108
107
108
108
109
109
110
110
110
109
107
108
108
108
108
108
108
108
108
109
109
108
105
107
106
105
104
104
104
104
104
104
104
106
104
101
101
101
101
100
101
101
101
102
102
100
100
101
102
102
103
102
102
101
101
101
100
100
99
100
100
100
100
100
99
100
100
102
102
103
105
105
104
103
103
104
104
104
103
104
104
104
105
105
104
104
107
104
105
105
105
104
104
104
104
103
102
101
102
102
102
102
102
102
103
102
101
101
101
101
101
102
102
102
102
102
101
102
103
102
104
104
104
104
106
105
107
109
107
106
108
107
106
103
102
101
101
101
102
103
102
103
103
103
102
102
102
102
102
102
102
103
103
103
103
104
102
102
101
101
101
101
102
103
102
103
103
103
103
103
103
104
105
104
104
105
104
105
106
106
106
103
102
103
102
102
102
102
102
102
102
101
102
101
100
100
100
101
100
101
101
101
101
102
103
103
103
101
101
103
103
103
103
103
103
103
104
104
104
104
104
104
105
104
104
103
101
101
103
100
99
100
99
99
99
99
99
98
98
99
101
102
102
102
103
103
104
103
102
103
103
103
104
104
104
104
104
103
102
103
104
105
106
105
105
105
103
104
104
104
103
103
101
100
97
97
97
98
99
100
101
102
102
101
102
102
102
101
101
100
98
98
97
98
98
101
102
102
102
102
103
103
103
103
104
104
102
103
103
102
102
102
103
103
100
100
99
101
100
100
100
101
101
100
101
102
102
102
104
106
107
107
107
106
104
105
101
103
102
103
103
105
105
105
105
105
105
105
105
105
108
107
104
105
105
105
105
104
103
103
102
101
100
100
99
100
101
99
99
98
98
99
99
99
99
99
98
98
100
100
101
101
101
102
103
103
103
