0.00014655172413793104 0.0009317241379310344
300
301
295
294
291
289
288
289
288
287
285
284
283
281
280
280
278
276
273
275
273
276
275
275
275
274
273
273
273
272
271
272
272
272
273
274
275
274
273
273
276
276
275
274
273
273
276
276
277
277
274
269
271
268
268
267
265
264
264
264
267
266
266
266
268
267
265
265
265
263
263
265
265
265
265
265
264
264
262
262
263
261
259
259
258
259
260
259
259
259
259
259
258
259
259
258
257
257
261
261
261
260
259
258
257
259
260
260
262
261
261
261
261
261
262
264
264
263
263
264
265
263
262
262
263
263
262
262
260
260
260
260
261
261
260
260
259
258
258
255
254
255
254
257
257
258
257
258
258
260
260
263
260
258
257
257
257
260
260
261
262
262
262
261
260
260
259
259
258
260
260
259
261
261
259
259
258
258
258
257
257
257
257
256
255
255
255
255
255
256
255
255
256
255
256
258
259
259
258
259
258
258
257
257
257
256
257
258
256
257
258
256
256
255
255
253
254
254
255
254
254
254
253
253
253
252
252
252
253
253
254
254
253
254
255
255
256
255
253
254
253
253
253
254
254
256
255
254
253
254
256
256
256
256
256
256
259
259
260
262
261
259
258
259
260
260
262
260
261
261
260
260
261
260
261
262
260
260
260
260
260
261
260
258
258
259
260
259
259
259
257
258
258
256
255
255
256
256
256
256
257
257
255
254
255
255
256
255
254
256
255
254
253
255
255
255
255
255
257
257
257
259
259
260
260
259
259
261
258
258
258
257
255
255
254
255
255
255
256
257
256
255
259
259
257
258
258
259
260
258
258
257
259
259
257
258
258
258
260
259
258
255
255
255
255
255
255
255
255
254
253
253
254
254
253
253
253
251
251
253
253
252
251
251
251
251
252
251
250
250
250
252
253
253
253
253
253
254
252
252
250
250
252
253
254
255
255
254
254
256
255
255
257
257
258
260
258
259
260
260
260
259
259
259
258
259
260
258
257
257
257
255
253
254
254
258
252
252
253
253
253
253
255
255
253
253
252
252
252
252
252
252
253
254
254
254
255
255
256
254
253
254
250
249
249
249
247
247
247
247
247
246
246
246
247
247
245
245
246
247
247
246
245
245
247
249
249
251
250
250
249
250
248
248
248
248
248
248
248
248
249
248
249
249
249
249
249
249
249
249
249
251
251
250
253
255
255
256
255
256
255
256
256
255
252
253
253
252
251
253
254
253
253
251
249
250
251
249
249
250
251
250
247
246
246
244
244
242
242
243
242
243
242
244
244
245
245
242
242
242
243
242
242
241
240
241
241
241
242
242
242
241
241
241
240
241
241
241
242
244
243
245
243
243
242
242
242
242
243
244
244
244
244
245
246
245
245
248
248
247
249
248
248
251
250
250
250
250
247
245
245
246
245
246
246
246
246
246
248
247
247
248
248
247
246
246
244
243
243
242
244
244
245
241
242
243
243
244
244
244
242
242
242
241
239
239
240
239
238
239
239
240
240
239
240
239
239
239
239
240
239
239
239
239
241
240
239
239
239
238
237
238
238
238
238
238
238
239
238
240
239
238
238
238
238
239
239
239
241
242
243
242
243
243
243
242
242
242
242
244
243
243
243
240
240
241
243
244
244
247
246
246
247
248
247
246
246
247
247
247
246
248
249
248
246
246
245
246
246
244
242
243
243
242
241
241
241
240
241
242
241
242
242
242
242
243
243
242
242
242
240
240
239
239
239
240
241
240
239
238
239
241
241
240
240
240
241
241
242
242
243
244
242
239
239
239
239
240
240
237
238
237
237
237
238
239
240
240
242
242
242
242
243
243
242
242
242
241
241
240
240
240
240
240
240
240
240
241
240
240
241
241
242
242
241
242
243
245
244
244
243
244
245
245
242
242
240
240
238
239
239
238
237
237
238
236
236
236
237
237
236
236
235
235
235
237
238
237
238
238
237
238
238
239
239
241
240
239
239
238
239
238
238
238
237
237
236
236
236
238
239
239
237
236
236
236
237
237
239
238
235
235
236
236
237
237
238
239
237
238
239
238
236
235
235
235
236
235
236
237
238
239
239
239
242
241
241
241
241
240
240
239
238
237
237
237
236
236
236
236
237
240
241
241
241
242
242
239
239
240
238
239
239
240
239
239
238
239
239
236
235
235
235
236
236
237
238
237
240
239
241
241
241
241
240
239
238
239
238
237
239
240
240
239
240
241
241
239
238
239
238
237
236
236
237
237
236
237
234
234
235
236
236
237
237
237
235
236
235
235
236
236
237
237
236
235
234
234
234
235
237
235
232
232
233
232
231
231
231
231
231
232
233
232
233
234
235
236
236
236
237
236
236
238
238
238
239
240
241
242
240
238
239
238
237
238
237
239
239
238
238
239
238
237
237
237
238
238
238
238
237
236
234
234
237
235
235
236
238
239
238
238
238
237
238
238
237
236
235
237
237
236
234
235
235
235
235
235
236
236
238
239
238
238
239
240
239
239
240
239
240
240
242
241
240
239
240
240
240
242
241
241
240
240
241
241
240
240
239
239
238
238
238
238
239
239
240
240
238
238
237
237
237
237
238
239
239
239
239
237
237
236
236
236
238
238
238
238
238
238
238
238
238
237
237
236
235
236
236
235
235
235
237
236
235
234
233
232
233
234
234
237
236
236
237
237
235
235
234
234
233
232
232
233
233
231
231
233
233
234
234
235
236
236
234
234
234
235
235
234
237
234
234
235
235
235
234
233
233
230
230
230
230
230
231
232
231
232
232
232
233
234
233
234
234
236
235
234
235
236
236
236
237
236
235
237
238
238
238
237
237
237
237
235
236
237
237
235
234
234
234
234
233
233
234
234
235
235
235
234
233
233
233
234
234
236
236
235
236
236
236
235
235
235
237
236
236
236
236
236
235
235
234
234
232
233
235
235
234
234
234
232
232
234
232
232
232
232
233
234
233
233
232
234
234
235
235
234
234
232
232
231
232
232
232
232
234
235
237
236
234
234
233
232
232
234
235
236
235
236
236
236
235
236
237
237
237
236
234
235
235
236
236
237
238
235
235
235
236
236
235
235
232
233
232
233
232
233
233
234
232
232
232
232
232
233
231
231
230
231
232
232
231
230
229
229
230
229
229
228
229
228
230
231
230
231
231
230
230
230
229
227
227
226
226
226
225
225
224
225
224
224
225
225
225
226
226
226
224
224
222
223
223
224
224
224
225
224
224
223
223
223
223
223
224
224
223
223
223
223
224
224
224
224
225
224
226
226
226
226
226
226
226
226
226
226
223
223
224
224
225
226
226
226
226
226
227
228
227
226
227
226
227
228
226
224
226
225
223
223
223
222
222
222
223
225
225
224
226
226
225
225
226
225
225
224
224
224
224
224
224
223
223
223
223
224
224
224
224
226
226
226
226
227
227
228
228
228
228
226
225
226
226
226
226
226
227
227
227
226
228
228
228
226
227
227
226
225
226
226
227
226
225
224
225
225
226
226
226
227
228
227
228
228
226
226
226
226
228
228
228
230
228
228
229
227
228
228
228
228
226
226
226
226
226
226
226
226
226
226
226
225
226
227
226
226
225
225
226
227
227
227
228
228
228
229
229
228
230
231
231
231
232
232
231
231
228
229
228
228
230
229
228
228
228
228
228
229
229
230
232
232
232
230
228
228
228
227
228
228
228
229
230
230
230
230
232
233
230
229
228
228
226
227
227
227
229
228
228
229
230
231
231
230
228
228
228
228
228
230
230
230
229
231
231
232
232
230
231
229
228
228
228
229
228
229
229
230
229
228
227
226
227
226
227
225
226
225
225
225
225
225
224
225
225
226
226
227
227
227
227
228
230
229
230
230
231
230
231
231
229
228
228
229
230
231
232
231
232
232
230
230
231
232
232
232
232
233
233
233
232
230
230
229
228
228
228
226
226
226
226
226
226
227
226
226
227
227
227
227
227
227
225
226
226
226
226
226
227
227
228
228
228
229
229
228
227
225
225
225
225
225
226
225
226
225
225
227
226
225
224
224
226
225
225
225
225
225
225
226
226
226
226
227
228
229
229
228
226
227
230
229
228
228
229
229
227
227
227
226
226
227
229
227
226
226
226
227
226
226
227
227
227
227
228
227
228
228
228
228
229
229
229
228
228
229
229
229
228
228
229
230
229
229
230
230
230
232
232
231
232
232
232
231
232
231
229
230
230
230
230
229
228
227
226
227
227
228
227
227
225
225
224
224
222
222
222
222
222
222
222
222
223
223
223
223
224
223
223
223
224
225
227
228
227
227
227
228
228
227
227
225
224
226
226
226
225
225
225
226
225
226
225
225
224
223
224
226
226
226
225
225
225
223
223
224
224
224
225
225
227
228
228
229
231
230
230
227
227
226
227
227
226
225
225
224
223
222
222
222
222
222
223
224
223
224
225
224
224
223
222
221
221
223
224
225
225
224
224
224
224
223
223
223
223
224
225
225
225
225
225
225
226
226
228
229
228
227
227
226
224
225
226
226
225
225
225
225
223
222
222
222
224
222
222
222
222
222
222
222
223
222
222
223
222
223
223
222
222
222
222
222
222
223
223
222
222
222
222
222
222
221
223
222
223
223
223
223
224
224
225
224
224
225
225
226
224
223
223
223
222
222
222
222
222
222
221
221
221
220
219
219
219
219
220
219
219
220
220
220
220
219
218
218
218
218
218
218
218
218
218
219
219
221
221
220
222
220
221
222
223
221
221
221
221
221
222
222
225
225
224
224
224
224
224
224
224
227
228
226
225
227
229
231
230
229
229
231
231
233
231
233
234
235
235
234
235
235
234
234
232
229
228
228
227
226
225
222
224
223
222
222
223
222
223
223
222
223
224
224
224
224
222
224
224
224
224
223
223
223
223
222
222
222
223
223
224
224
224
222
221
220
222
221
223
223
222
222
222
222
224
225
225
226
227
225
223
223
223
221
221
220
220
221
220
222
221
221
220
220
220
221
222
223
222
222
222
222
223
223
221
221
225
224
224
225
224
224
223
223
221
222
222
220
219
219
218
218
218
217
219
221
222
224
224
224
224
224
224
223
222
222
222
222
222
221
221
222
223
223
222
224
225
223
223
225
224
223
223
220
220
220
219
219
219
220
220
220
221
220
219
221
222
222
220
219
219
219
219
217
217
218
218
216
216
216
216
218
218
218
217
217
218
218
219
220
219
219
219
219
221
222
221
219
218
218
215
215
215
215
215
216
216
216
216
216
216
216
217
218
217
215
215
216
215
215
216
218
219
220
220
220
220
220
219
219
218
217
218
218
218
218
219
220
220
220
220
219
218
217
216
216
216
216
216
216
216
216
216
216
216
216
216
216
216
217
218
220
220
219
222
223
223
224
225
224
224
225
226
225
224
224
225
222
223
223
223
222
223
225
224
223
222
222
221
221
220
220
218
219
220
220
219
218
217
218
218
217
220
221
220
221
221
219
219
219
218
218
218
218
218
218
218
217
216
216
214
215
214
215
217
217
218
217
218
217
218
217
218
219
220
220
221
220
221
222
222
222
223
223
221
222
223
223
223
223
221
220
220
221
221
221
218
219
217
217
217
216
216
215
217
217
218
218
219
219
219
221
221
220
219
220
220
219
220
220
220
220
219
218
217
217
217
217
220
220
220
219
221
219
219
219
220
220
219
218
218
218
218
217
216
215
216
216
218
219
219
220
219
220
220
220
221
221
222
220
218
219
219
219
217
217
218
218
217
219
220
220
221
222
225
224
220
219
218
216
216
216
216
217
216
215
213
213
214
213
213
213
213
213
212
213
212
211
211
212
212
213
214
215
215
215
216
217
218
219
219
219
218
219
219
216
216
217
216
216
215
215
215
213
213
213
214
214
213
211
210
210
211
211
210
210
211
212
212
213
212
213
213
211
210
211
211
212
212
213
213
215
216
215
212
212
213
214
214
214
214
214
214
214
214
213
214
216
216
218
218
218
220
219
219
219
220
220
217
217
217
217
217
217
217
217
217
218
218
217
218
219
219
218
218
217
215
214
214
215
216
215
215
214
214
214
213
212
212
212
213
214
213
214
215
215
215
215
217
217
217
217
217
217
217
214
215
215
215
216
215
215
217
217
216
215
216
216
215
216
216
216
216
216
216
218
218
218
219
219
218
218
217
216
216
218
218
216
216
216
216
216
216
215
214
214
215
216
216
216
216
216
216
216
217
217
217
217
217
219
220
220
218
217
218
217
216
216
217
216
215
215
214
215
215
212
212
212
213
213
212
212
212
212
213
211
211
211
210
210
210
210
210
211
212
212
212
212
212
213
213
213
212
212
212
213
212
213
212
212
213
214
214
215
214
213
214
216
215
213
214
215
217
218
218
217
216
214
215
215
216
214
214
214
214
216
216
216
216
215
216
217
216
217
216
216
215
215
216
216
215
215
213
213
214
214
215
217
218
217
215
214
215
215
215
215
215
215
215
215
215
215
214
215
216
214
212
213
213
213
213
214
213
212
213
214
213
214
214
213
213
213
214
214
212
213
214
214
214
213
213
213
213
213
213
212
211
211
211
210
209
209
209
209
210
210
211
211
212
212
211
212
212
213
214
214
214
214
214
214
213
213
215
216
216
216
216
214
213
211
212
212
212
213
214
214
214
213
214
215
215
215
216
216
216
214
213
213
212
210
210
210
211
211
212
212
214
213
214
216
216
217
217
215
217
218
217
216
216
216
217
217
219
220
219
218
218
218
219
220
219
219
219
217
218
218
218
218
219
217
217
219
219
217
217
215
214
214
213
213
212
211
211
212
212
212
212
210
210
210
210
212
212
211
211
211
212
210
210
211
210
210
210
209
209
210
210
210
210
210
210
211
209
209
209
210
210
210
210
210
210
210
210
212
211
211
212
212
212
212
212
212
212
212
212
212
212
212
212
212
211
210
211
212
212
213
213
216
217
217
219
218
218
217
217
216
219
220
220
219
218
218
217
216
215
215
217
218
218
219
219
219
218
219
218
218
217
215
214
214
215
215
215
215
216
219
218
217
215
214
213
213
211
210
210
209
210
210
210
210
210
211
212
211
211
212
211
212
211
212
212
214
214
214
214
215
216
213
213
214
215
215
213
215
215
214
215
216
214
214
216
217
218
214
213
213
213
215
213
215
217
218
218
218
219
218
218
218
219
218
220
218
215
216
215
215
217
216
215
214
214
214
214
215
215
212
212
213
211
212
212
213
212
213
211
211
208
208
208
208
208
209
208
209
209
209
208
208
208
208
209
210
211
210
210
209
212
211
211
212
211
211
211
211
211
210
210
209
208
208
208
207
208
208
208
208
208
208
209
210
210
212
213
214
213
213
214
215
215
213
212
210
210
210
210
211
211
211
211
211
211
212
211
211
213
213
213
212
212
211
210
212
213
212
213
213
212
212
209
210
210
210
210
209
209
209
211
211
211
210
210
211
210
211
212
212
211
212
211
211
211
212
212
213
212
212
213
213
213
213
213
213
211
210
209
209
210
210
210
212
214
212
208
208
207
208
208
208
207
208
209
207
208
210
210
209
209
208
208
208
209
209
208
208
208
208
208
206
205
207
207
208
208
208
207
207
207
206
207
206
208
207
207
206
206
208
209
209
210
210
209
208
208
209
210
208
209
209
209
209
209
208
210
210
208
207
207
207
207
207
209
208
209
209
209
208
208
208
208
208
207
207
205
205
206
206
206
206
206
206
206
206
206
206
206
206
208
208
209
208
207
207
206
206
206
207
207
207
209
209
209
211
211
212
211
210
209
210
210
214
214
213
213
212
211
211
211
209
210
210
211
211
211
211
211
212
212
213
213
213
215
215
214
215
213
213
211
213
212
209
210
210
210
209
210
210
210
209
209
211
212
211
209
209
208
209
209
208
208
209
210
210
210
209
209
209
209
209
208
207
207
206
206
208
209
208
208
208
210
210
210
210
209
210
209
208
207
207
208
209
210
211
211
212
212
212
212
208
208
208
208
208
208
208
208
208
208
208
208
208
209
209
208
208
207
207
207
208
208
209
209
209
210
209
208
208
210
209
210
210
210
211
211
210
210
210
211
213
212
212
214
214
211
211
210
210
210
210
210
210
210
210
210
209
210
210
209
209
209
210
210
207
207
207
207
209
209
209
209
207
208
208
207
207
208
209
209
209
210
210
209
209
211
210
212
214
214
214
214
214
213
214
212
213
214
214
211
212
212
212
211
211
212
211
211
211
211
213
213
212
212
207
207
207
207
207
205
206
205
205
205
205
202
202
202
202
203
204
204
204
204
205
205
204
204
205
205
206
207
207
206
207
206
207
206
207
208
208
210
211
211
209
209
208
207
208
209
208
207
206
207
207
206
205
205
204
205
204
204
205
205
204
204
203
203
203
204
203
203
204
203
203
204
203
203
204
204
204
204
202
203
203
204
204
205
206
207
205
206
206
206
206
206
205
205
206
206
205
205
206
205
205
204
205
207
207
209
209
211
213
210
211
211
211
209
206
206
206
206
206
205
204
205
205
204
203
200
200
201
201
202
202
201
201
199
200
201
202
202
202
201
202
200
201
202
201
201
202
203
203
203
202
203
203
203
206
206
205
202
202
202
202
203
204
204
203
203
201
201
201
203
202
202
202
201
201
203
204
203
203
203
203
204
204
204
204
203
203
203
204
203
202
202
201
200
199
200
198
198
198
198
199
198
198
198
199
199
200
199
200
200
201
201
200
200
200
199
199
200
199
199
199
199
200
200
201
200
201
203
203
204
203
203
203
204
205
207
204
205
204
202
205
202
202
203
204
203
204
202
201
201
201
202
202
201
199
199
199
199
200
200
200
201
201
200
200
200
201
201
201
201
201
201
201
202
203
203
203
203
203
203
204
204
204
202
203
202
201
202
201
203
204
205
204
204
204
201
201
200
200
200
200
200
201
200
200
199
199
199
199
199
199
199
199
200
200
198
198
199
198
198
198
198
200
199
199
198
198
197
197
197
198
199
200
199
199
198
198
198
199
199
200
200
201
202
202
203
202
203
200
200
203
202
203
203
203
203
201
199
199
199
200
200
202
203
202
200
201
201
201
199
200
200
200
199
199
198
198
198
198
197
197
197
196
197
195
195
195
193
193
193
193
193
193
193
194
194
194
194
194
196
196
197
197
197
196
197
196
195
194
195
194
194
193
193
193
193
193
194
195
195
196
196
196
195
195
195
195
195
196
194
194
194
194
194
193
193
193
193
194
194
194
194
194
194
194
194
193
195
195
195
197
197
197
197
197
198
199
200
199
199
198
198
198
198
198
196
197
199
200
200
202
201
203
201
202
203
203
200
199
199
199
197
199
196
196
194
194
194
195
196
197
197
196
196
195
195
194
193
193
193
194
194
195
195
195
194
194
194
194
194
195
196
196
194
194
194
194
194
193
193
193
193
193
193
193
194
194
194
193
193
193
194
194
195
195
195
197
198
198
197
197
197
196
195
194
192
194
195
193
193
193
194
193
193
193
193
193
193
193
193
192
194
195
194
194
195
193
192
191
190
190
190
191
190
191
191
191
191
191
192
191
190
191
189
189
190
191
191
191
192
192
193
191
191
191
192
190
191
190
190
189
189
189
188
189
189
189
190
191
191
192
192
192
192
192
193
193
193
190
190
190
189
189
189
189
190
192
193
194
194
193
194
194
194
194
194
194
193
191
191
191
191
191
191
192
193
193
192
191
191
191
192
191
190
191
192
194
191
192
192
191
191
189
188
188
187
187
188
189
190
190
190
190
190
190
188
188
189
189
189
190
191
191
190
189
189
186
186
186
187
187
187
187
186
186
186
186
187
188
192
191
192
190
191
190
189
189
189
189
188
187
188
189
189
188
188
187
187
189
189
189
189
188
189
190
189
189
189
187
188
189
192
192
191
190
190
190
190
190
189
190
190
190
190
190
190
190
190
190
189
190
190
188
188
187
187
188
188
188
187
187
188
188
188
189
188
187
188
187
186
186
187
187
187
187
187
186
186
185
185
185
186
188
187
188
188
188
188
187
187
187
187
187
187
188
187
188
189
189
188
187
186
183
183
183
185
185
186
186
186
187
186
187
187
187
187
187
186
186
186
186
186
187
188
188
187
189
189
189
190
190
190
189
188
187
187
187
186
186
186
186
186
186
186
185
185
185
185
184
184
184
184
185
185
186
186
185
185
185
185
185
185
185
184
186
186
185
186
186
187
187
186
187
186
186
187
187
186
185
185
185
185
185
185
185
185
185
184
184
184
184
185
186
186
187
189
189
188
186
186
187
188
187
186
186
186
185
186
186
186
188
187
187
187
187
187
189
188
188
188
188
188
189
187
186
188
189
189
190
191
191
190
188
189
190
191
191
193
193
193
193
194
195
193
193
195
195
192
192
192
190
189
189
189
189
189
188
191
190
190
189
190
187
186
184
184
184
186
185
184
184
183
184
184
185
184
185
185
186
188
188
187
185
183
182
182
183
184
184
182
182
183
183
183
183
183
183
184
184
186
186
187
188
187
187
188
187
186
187
186
186
186
185
184
184
183
183
183
183
183
186
186
185
186
185
186
186
185
184
184
185
185
186
187
186
186
187
187
187
188
187
189
189
189
186
184
184
184
184
184
184
185
185
184
185
185
185
185
182
182
182
182
182
183
185
185
185
185
185
185
186
188
188
187
186
186
186
187
187
188
188
190
191
190
190
187
185
183
183
183
184
184
184
183
184
183
184
183
183
183
183
183
183
183
182
183
182
183
184
184
185
184
184
185
182
182
182
182
182
182
182
183
183
183
184
184
185
185
185
185
185
185
186
186
184
183
184
184
184
184
184
183
182
182
182
183
183
182
182
182
183
183
183
183
182
182
181
181
182
184
184
183
183
183
181
181
181
180
179
180
182
181
181
183
183
183
184
182
182
182
182
182
183
183
184
184
184
184
183
182
182
183
183
183
183
183
184
185
185
183
184
185
185
184
184
184
184
184
184
184
185
187
188
187
186
188
186
185
185
185
185
185
185
185
186
186
186
185
186
186
186
186
185
186
187
187
188
189
189
188
188
188
189
190
190
189
188
188
189
187
188
188
187
188
187
186
185
184
184
184
184
183
183
183
184
184
184
183
183
183
184
182
183
185
185
186
185
184
183
183
183
183
181
182
185
184
184
184
184
184
185
184
184
184
184
185
185
185
186
186
186
185
185
184
184
184
184
184
183
182
182
182
183
182
183
183
182
182
182
181
182
181
181
180
180
181
181
182
182
183
183
183
183
184
185
185
185
186
185
184
184
184
184
184
185
185
185
186
184
184
183
184
184
185
184
185
185
184
184
184
183
183
183
183
182
183
183
182
182
183
182
182
183
182
182
183
182
182
182
182
182
183
183
