0.0007268965517241379 0.000863448275862069
300
291
287
280
278
276
272
266
261
261
257
253
249
244
242
242
240
239
238
240
238
238
237
235
234
233
232
234
230
231
232
227
229
228
225
225
223
223
225
223
223
222
221
219
220
221
220
219
221
222
224
221
220
219
219
219
218
216
218
218
217
216
216
218
217
217
217
217
215
214
213
215
213
213
213
211
209
208
207
205
206
204
202
203
202
203
202
202
202
203
204
204
204
201
204
202
203
203
203
204
203
202
203
203
202
201
203
202
204
204
203
201
201
199
199
200
199
199
199
198
197
198
196
197
197
196
197
197
195
192
192
194
195
193
193
194
194
196
195
195
196
196
197
197
197
198
198
199
199
200
197
196
196
195
196
196
194
195
195
193
194
194
196
197
196
197
197
197
198
198
201
201
201
200
199
196
193
196
200
201
200
199
199
199
200
199
199
199
200
200
200
199
199
200
200
200
198
197
196
192
193
193
190
191
191
191
191
192
190
190
190
190
190
191
192
191
193
192
191
190
186
187
186
187
188
188
188
187
186
186
187
187
188
189
189
187
186
185
186
184
184
185
186
187
186
187
188
189
189
188
188
188
190
190
189
190
189
189
190
191
191
191
190
189
189
190
190
189
190
190
188
189
189
188
188
190
190
191
191
191
191
192
192
193
195
194
197
197
197
197
196
195
195
194
194
196
197
196
194
195
194
195
194
194
193
193
191
191
189
190
189
188
190
192
193
192
192
192
191
190
189
189
189
189
188
188
187
187
187
187
187
185
184
184
184
184
186
187
185
185
186
184
184
183
182
183
184
186
184
184
183
183
183
184
185
184
185
186
188
189
189
189
189
191
190
190
191
192
191
192
192
190
190
188
188
187
188
187
187
190
189
188
187
189
189
189
188
187
185
188
187
186
185
186
187
185
187
186
186
186
188
187
186
186
188
188
189
188
187
186
186
187
187
187
190
190
191
191
192
192
190
191
191
192
191
190
190
189
191
191
192
192
191
192
190
186
186
188
187
188
188
188
189
190
190
187
186
186
187
189
190
190
190
189
186
188
188
189
189
190
190
190
191
190
189
187
188
189
189
190
188
189
188
186
185
184
184
182
183
185
181
180
180
178
177
177
180
179
179
180
181
179
179
178
179
179
180
180
180
180
180
180
181
180
179
179
179
182
182
182
183
183
183
182
185
188
187
187
187
187
184
182
181
182
183
183
183
184
184
183
183
182
181
182
183
186
185
182
181
181
178
177
176
177
179
181
180
180
178
178
177
178
178
178
177
177
178
178
177
178
177
176
176
177
178
177
176
175
173
173
174
173
175
175
173
174
176
175
174
176
173
173
175
174
173
174
175
173
172
171
170
170
169
169
169
170
171
172
174
175
174
174
175
176
176
174
175
174
173
173
175
177
176
176
177
175
175
176
176
175
175
176
175
174
173
173
174
174
175
175
177
176
178
178
177
177
177
175
175
176
175
177
176
176
176
178
178
179
178
178
181
180
180
179
177
176
176
175
174
174
174
175
177
177
176
179
182
181
180
179
178
176
176
175
173
173
174
172
173
174
173
172
170
171
172
171
170
168
168
169
172
171
168
169
170
169
169
169
169
171
170
170
169
170
169
168
170
170
172
172
172
171
172
170
170
170
172
171
169
169
170
170
168
167
168
169
168
169
169
169
170
172
172
173
174
174
172
171
172
171
169
169
169
169
169
171
171
172
170
170
169
169
167
166
166
166
166
167
168
168
168
167
168
169
167
168
170
171
171
171
170
170
170
169
168
168
170
169
168
168
168
168
169
169
169
170
169
168
168
167
168
167
167
167
166
167
168
170
171
171
171
169
168
168
168
169
170
168
169
169
169
168
169
168
167
168
168
168
169
167
166
167
168
170
171
169
167
169
169
168
168
170
168
168
168
168
167
166
166
165
168
168
167
165
163
162
163
162
162
162
162
162
163
163
163
165
164
164
165
165
167
166
166
166
167
164
164
166
166
165
168
167
165
164
163
165
167
170
170
171
169
168
166
166
167
168
167
165
164
165
166
165
164
165
163
162
162
165
167
166
166
163
164
164
164
164
164
163
163
163
164
164
164
165
165
166
165
166
168
167
168
166
165
164
163
162
163
164
163
163
163
163
163
164
164
164
165
164
164
165
165
163
164
165
168
168
168
165
167
166
166
166
168
168
170
169
170
169
166
166
168
169
169
168
167
167
166
164
163
161
161
160
160
160
161
163
164
164
164
161
160
160
160
160
159
159
162
163
163
160
160
159
159
160
160
160
163
163
162
162
163
165
164
163
164
163
162
161
163
164
164
165
163
165
165
167
168
166
167
168
168
168
167
166
167
166
166
167
167
165
165
164
162
164
164
164
164
164
166
166
165
163
162
162
163
162
162
160
160
160
160
160
162
162
163
163
164
163
163
164
162
167
168
167
168
168
169
168
168
169
168
166
164
164
164
166
167
168
170
171
172
170
171
171
169
168
166
167
166
166
166
166
165
163
164
164
165
165
166
166
165
164
164
165
164
163
162
161
160
163
162
161
161
161
161
162
162
162
162
163
162
162
161
161
161
163
162
160
160
163
163
162
161
159
158
159
159
158
159
159
159
159
160
160
162
162
162
162
163
162
163
162
160
160
160
161
161
161
161
159
159
160
158
160
160
160
160
161
161
163
164
164
164
162
161
162
162
160
160
161
162
161
160
161
161
162
161
161
161
162
165
165
167
168
168
168
168
168
169
168
168
167
167
168
167
167
168
167
166
165
166
167
167
169
168
167
169
168
168
169
169
166
166
168
171
168
167
167
167
167
167
166
166
166
167
166
163
162
162
165
165
165
163
162
163
163
163
163
164
164
164
164
166
166
168
168
169
170
169
168
167
165
164
165
163
164
163
162
163
163
163
163
165
166
163
165
164
166
166
166
167
166
166
166
166
165
165
164
165
163
165
166
162
163
164
164
164
164
165
166
166
166
165
165
162
162
163
161
161
162
162
160
158
158
160
159
157
157
157
157
156
157
157
157
157
156
157
159
158
159
160
160
160
158
158
158
158
156
157
158
157
158
158
158
156
158
158
158
158
158
158
158
158
157
159
159
160
161
162
162
161
160
160
160
161
162
163
164
165
163
163
162
162
163
162
162
161
158
162
162
161
160
159
160
159
160
160
160
163
164
164
164
162
162
163
164
162
163
164
163
163
161
161
161
158
156
153
153
153
155
156
160
160
160
160
159
158
158
159
157
157
158
159
159
159
158
158
159
155
155
154
153
154
155
154
153
151
150
150
151
153
151
151
152
153
152
152
152
153
155
155
156
155
155
155
157
155
155
154
154
156
155
157
157
157
157
159
159
158
158
156
156
156
156
156
157
156
156
156
156
156
158
157
156
155
154
154
154
152
151
150
150
148
148
149
149
150
150
151
151
150
150
148
148
149
149
150
150
150
148
148
148
147
147
146
147
146
146
146
146
147
147
148
148
148
152
152
152
151
151
151
150
149
150
151
151
151
152
152
149
148
149
148
147
147
147
148
152
154
155
154
154
153
154
154
154
151
151
152
152
151
151
152
151
151
150
150
150
150
151
151
150
150
150
151
151
152
153
153
154
154
154
154
153
152
151
152
154
154
152
152
153
153
152
153
152
151
151
151
151
151
151
150
150
151
151
150
149
149
149
149
151
151
151
150
151
151
152
151
151
153
152
152
153
154
152
151
149
150
152
151
152
151
150
153
154
154
151
151
150
150
149
149
146
146
148
148
149
149
149
150
150
151
150
147
147
146
146
147
146
147
147
147
149
149
150
151
153
152
152
152
153
152
152
152
152
152
152
151
150
151
150
151
151
152
152
151
151
153
153
155
155
154
153
153
152
150
151
151
150
152
155
154
152
149
149
148
147
147
147
146
148
147
150
150
149
147
145
146
148
148
148
148
149
149
150
150
149
149
148
148
147
147
147
147
148
147
147
145
144
146
147
147
146
147
149
150
151
151
151
150
152
151
147
147
145
145
145
145
144
143
144
144
144
143
143
143
146
147
148
147
150
151
151
151
150
149
151
151
151
151
151
151
152
153
150
151
152
151
150
150
152
152
153
153
152
151
150
149
149
149
150
150
149
152
151
152
153
152
152
152
152
151
151
150
149
147
148
150
150
150
151
150
152
153
153
152
153
151
150
150
148
146
145
146
145
145
145
145
144
145
145
146
145
145
144
144
144
144
144
145
145
145
147
147
147
147
148
148
148
148
149
150
150
150
150
149
151
151
152
151
150
149
149
150
152
152
151
150
151
152
151
151
150
151
154
152
152
150
151
151
152
152
151
150
151
152
148
148
149
150
150
151
150
149
149
151
152
150
150
150
150
149
151
150
149
151
152
152
153
154
153
153
153
151
151
151
151
149
150
150
151
149
149
149
150
150
149
149
149
148
150
150
151
151
151
153
151
152
150
148
148
147
147
148
150
150
151
151
153
153
153
152
152
150
149
150
149
150
152
149
148
146
146
146
148
148
147
146
148
147
147
146
144
145
143
145
145
147
147
147
147
148
148
149
149
149
149
148
146
146
145
146
147
146
145
144
145
145
146
145
145
145
145
146
146
145
145
145
144
145
144
143
143
141
141
140
139
138
139
139
141
143
142
141
141
140
139
141
142
140
141
139
140
140
140
139
139
139
138
138
138
137
137
136
136
138
138
139
138
138
139
139
139
138
140
138
138
139
139
139
139
140
140
140
140
138
138
138
139
137
138
138
137
135
134
136
136
135
135
135
134
134
136
136
136
136
136
136
136
135
135
135
136
136
138
138
138
138
141
140
142
142
143
143
144
142
145
146
146
145
144
144
144
144
144
142
143
143
144
143
142
142
141
141
141
142
142
145
144
145
145
146
146
147
146
148
147
147
147
147
146
145
147
146
145
145
146
145
144
143
146
144
143
144
143
142
143
143
143
142
143
142
142
143
143
140
140
140
140
140
140
142
141
140
140
139
140
141
141
141
141
141
141
140
140
141
140
142
144
143
142
143
140
141
140
139
139
139
139
140
139
139
139
140
141
141
141
141
141
140
140
140
141
140
139
140
140
140
139
141
141
142
142
144
145
145
146
146
144
145
144
143
143
143
142
142
142
142
143
141
141
140
143
142
141
142
143
143
142
144
145
145
145
144
147
148
147
147
148
148
147
146
147
147
147
144
144
143
141
140
140
141
142
144
143
144
142
142
142
142
141
141
141
142
144
144
144
144
143
141
140
140
140
141
141
140
140
140
140
140
140
141
141
141
141
141
141
140
141
141
141
142
143
143
142
141
141
141
140
138
139
140
140
138
138
138
138
136
134
134
134
135
135
136
136
137
138
139
139
139
139
139
140
140
140
142
143
144
142
143
143
141
141
140
141
139
140
140
140
141
144
144
144
144
145
142
143
142
142
142
141
141
140
139
140
140
140
140
142
141
142
143
143
143
145
145
144
143
143
143
143
142
143
144
145
145
144
143
143
142
140
141
141
139
138
136
135
135
136
133
131
132
131
132
131
133
135
134
134
134
134
136
135
136
137
137
137
137
137
137
137
140
140
138
138
137
138
139
139
138
137
136
136
136
136
135
135
135
135
135
133
133
133
133
132
131
130
131
131
132
133
134
134
135
137
138
136
135
137
136
135
136
137
140
140
141
141
141
140
141
140
141
142
143
144
141
138
139
138
139
138
138
138
137
137
137
139
139
139
140
141
141
141
141
141
141
138
138
139
140
140
140
140
141
140
140
141
140
141
141
142
142
143
142
142
140
140
140
139
139
139
138
139
140
140
139
139
139
139
139
139
140
139
137
136
138
140
140
142
144
144
143
142
138
138
138
138
139
140
140
139
138
138
138
139
139
138
137
137
137
136
135
134
133
132
129
129
129
129
130
130
129
129
130
131
131
134
136
133
133
132
132
132
132
134
134
134
134
134
134
134
133
135
136
138
139
139
138
138
138
137
136
136
136
136
134
133
135
135
134
134
134
135
134
135
134
134
134
135
135
137
138
139
138
138
138
137
136
136
133
132
133
134
133
132
132
130
130
130
131
130
130
133
133
134
134
133
132
131
132
131
132
132
135
136
136
135
136
138
138
138
139
140
141
139
139
138
138
134
132
131
131
131
132
133
133
134
134
135
135
134
134
135
135
137
136
135
136
133
132
133
133
133
134
136
135
134
134
133
132
133
133
131
130
130
131
131
131
131
132
132
132
132
131
132
132
132
131
131
133
132
133
133
135
137
134
135
136
136
136
136
137
135
136
137
137
136
135
135
135
134
133
132
132
133
133
133
132
131
131
131
131
130
131
130
131
132
131
131
131
131
132
132
131
133
133
134
132
132
131
132
132
131
130
129
129
129
129
129
129
130
130
128
128
128
128
127
128
124
125
125
126
127
128
127
128
127
129
128
128
127
127
127
126
125
125
125
125
125
125
125
125
125
125
126
126
127
127
129
128
127
128
129
129
130
130
131
130
129
128
128
128
128
126
126
126
126
126
127
129
130
130
127
125
125
125
125
125
127
127
129
129
131
130
132
133
135
134
135
135
134
132
134
131
129
129
130
129
130
130
129
128
128
127
127
127
127
128
128
128
128
128
129
129
129
127
126
127
126
125
126
126
128
129
130
130
131
132
132
132
130
129
129
129
131
131
131
130
131
129
131
130
130
130
130
131
130
129
131
130
129
129
127
127
128
131
132
132
132
132
131
131
131
131
132
132
133
133
133
133
132
129
129
129
128
130
131
132
132
131
132
132
131
130
130
131
130
131
130
130
129
129
129
131
131
131
131
131
132
132
130
131
130
132
134
136
134
134
135
133
134
132
132
131
131
130
130
128
131
130
128
129
127
128
127
126
126
126
126
127
125
125
125
125
125
126
126
125
125
124
124
125
123
124
124
124
123
125
125
124
124
126
125
125
125
125
124
124
123
122
121
122
122
123
123
123
123
122
123
123
123
123
121
122
121
123
125
124
124
122
121
122
121
122
121
121
121
121
122
122
122
122
121
121
121
122
122
122
123
123
123
122
122
122
121
122
121
121
121
121
121
122
121
123
124
124
124
123
123
122
121
120
121
121
122
120
120
120
122
123
123
121
122
123
123
123
123
122
123
123
125
124
122
122
121
122
122
121
121
120
121
123
123
121
119
120
120
119
119
119
120
120
119
119
120
119
118
119
119
119
117
118
120
120
121
119
121
121
121
123
123
122
122
122
122
122
120
120
121
122
123
124
124
124
123
123
122
122
120
120
120
118
118
119
119
119
119
119
120
121
122
122
121
121
122
122
123
123
123
124
125
125
125
125
125
123
123
123
124
124
124
124
123
125
125
126
125
125
124
125
125
129
131
131
131
131
131
131
130
127
128
130
129
126
127
127
127
126
126
124
124
127
129
128
127
126
126
125
125
129
129
128
127
128
128
129
127
125
125
124
124
124
124
124
124
124
123
123
124
124
123
125
125
126
126
125
125
125
124
123
124
125
121
122
123
123
124
124
124
123
123
124
123
123
124
125
125
125
125
124
127
127
126
126
126
125
124
125
126
123
123
123
123
123
123
122
123
123
124
127
127
125
126
124
125
126
125
124
125
127
126
128
128
127
128
128
128
127
127
126
125
124
122
122
121
119
119
119
118
118
118
118
118
118
117
116
116
117
116
116
116
115
115
113
112
112
112
112
112
113
114
115
115
115
116
116
116
117
117
117
116
116
117
117
117
120
121
121
121
121
122
119
119
121
122
120
120
119
121
121
122
122
123
123
124
125
124
122
120
120
119
119
119
119
119
119
120
122
122
123
122
121
121
123
121
119
117
117
117
115
117
118
119
119
120
121
121
121
123
126
126
126
125
124
124
123
123
122
122
122
122
122
122
123
121
121
123
122
121
121
121
121
121
122
122
121
121
121
121
121
121
121
119
119
118
119
119
119
119
118
117
117
117
117
116
116
116
116
115
116
117
118
118
120
120
119
116
115
117
116
116
117
117
117
116
117
119
119
119
119
119
120
120
117
119
120
120
120
120
119
118
118
118
118
118
118
119
120
119
119
120
119
119
119
119
119
118
118
119
119
118
117
117
116
116
116
115
116
116
115
115
114
113
113
113
112
112
112
112
112
113
113
115
115
114
114
114
113
113
113
112
113
113
113
114
114
115
115
115
115
115
115
115
116
115
115
116
116
116
116
116
117
117
117
116
116
117
118
119
120
120
119
118
117
118
117
116
114
114
114
115
115
115
115
116
117
117
118
117
117
117
117
118
118
118
120
119
121
121
122
121
121
121
121
121
121
121
121
123
122
122
122
120
120
120
120
121
121
121
121
120
120
121
121
122
123
123
126
125
123
121
120
121
121
123
123
124
125
125
127
129
127
126
126
126
128
128
127
126
125
126
124
123
124
123
123
123
124
124
123
123
123
123
124
123
121
121
121
120
120
120
118
118
119
119
118
116
116
116
117
117
117
117
118
119
118
120
121
121
121
122
124
121
118
120
120
119
119
120
119
120
120
119
118
118
118
118
118
120
121
120
120
120
119
119
118
118
118
117
117
117
117
116
115
115
116
116
116
117
117
116
114
114
112
113
114
113
114
115
118
117
115
116
114
115
115
116
116
116
116
116
117
117
116
115
117
117
114
114
114
115
115
115
115
114
113
114
114
114
114
114
114
114
114
114
114
114
114
115
114
114
114
114
113
113
114
114
114
116
115
115
114
113
114
115
115
114
114
114
116
114
115
117
118
117
117
118
117
116
115
114
114
115
115
115
115
116
116
115
115
114
116
117
115
115
116
115
116
116
114
114
114
114
114
115
115
115
114
114
114
114
113
112
112
113
114
113
114
114
114
116
116
117
116
117
116
118
119
120
119
120
118
116
116
115
115
114
113
113
113
114
114
112
111
111
111
111
112
113
112
112
111
110
111
111
112
112
114
114
111
111
112
112
112
111
111
111
111
111
114
115
114
115
115
115
116
116
116
117
117
117
116
115
115
115
115
114
114
114
112
112
113
112
113
113
113
113
113
113
114
114
114
114
114
114
115
115
113
113
116
116
117
116
116
116
115
114
114
117
117
113
114
114
111
112
113
113
113
113
112
113
114
113
111
111
112
111
112
113
112
112
113
112
112
112
112
114
115
115
117
117
117
116
115
115
114
113
113
112
112
112
111
111
112
113
113
113
116
116
118
116
115
114
114
115
115
114
114
114
113
112
111
109
107
107
107
108
107
108
108
108
107
107
108
107
107
107
107
110
110
111
113
113
114
114
113
113
113
113
113
113
113
113
113
112
112
112
111
111
115
115
117
117
117
116
114
116
116
116
117
117
117
118
120
118
121
120
120
121
120
117
118
118
117
118
117
117
118
118
116
115
114
114
114
114
113
112
112
112
111
112
113
113
112
114
113
113
112
112
112
112
113
113
111
111
110
110
110
109
109
109
110
110
110
110
111
110
110
110
110
110
110
110
111
111
111
111
111
112
112
111
111
113
114
113
111
112
111
112
112
112
109
110
112
112
112
112
112
112
114
113
114
113
114
114
116
116
116
114
114
114
115
116
116
114
114
114
114
113
113
111
110
110
109
108
108
109
109
109
110
111
111
112
113
112
112
112
113
113
114
115
116
115
117
117
116
116
115
115
115
115
115
114
115
113
112
112
113
113
113
113
114
114
115
116
115
114
113
112
112
113
114
114
113
113
112
112
112
112
113
114
116
116
116
119
119
117
116
116
116
115
116
116
114
114
113
114
116
117
117
117
116
116
116
116
116
116
117
117
116
116
117
118
117
117
118
119
120
120
119
119
118
117
118
117
117
116
117
117
116
116
116
114
114
115
116
117
117
113
114
114
114
116
114
114
114
113
112
112
108
108
107
108
108
109
110
109
110
109
109
109
108
108
107
107
107
107
107
107
109
109
109
108
108
111
110
111
110
109
110
112
112
111
112
111
110
110
111
110
110
109
109
109
109
108
108
107
107
108
109
109
109
110
109
109
107
108
109
109
109
109
109
108
110
111
110
110
109
110
111
112
111
109
107
106
106
106
105
105
105
105
105
105
105
105
104
104
107
108
108
107
107
107
106
106
107
105
105
105
106
108
108
108
107
105
105
104
105
105
105
104
104
103
103
103
103
102
102
102
102
104
103
103
103
103
104
106
107
107
107
107
107
107
108
108
108
108
109
110
110
110
109
109
108
107
109
110
107
106
106
105
105
106
106
107
107
107
106
106
108
108
109
109
108
108
107
107
106
107
107
106
104
103
103
103
103
104
104
104
103
104
105
105
105
105
105
105
104
103
102
101
101
101
100
100
100
100
101
103
103
103
104
105
103
104
104
104
104
105
104
104
104
105
105
106
103
103
102
102
103
104
104
103
104
104
104
103
100
100
99
99
99
101
102
102
104
106
108
106
106
106
106
106
104
104
103
102
103
104
104
105
105
105
105
104
105
107
108
106
105
106
106
105
106
106
106
106
106
107
107
108
108
107
107
107
108
108
108
108
108
108
107
106
107
108
106
107
107
107
106
107
107
106
105
104
104
103
103
103
103
103
103
103
103
103
103
99
98
99
99
99
99
99
99
97
97
97
97
96
96
98
96
96
97
97
100
100
100
99
99
99
99
99
99
99
99
100
99
98
98
97
99
100
100
101
99
101
101
102
100
101
100
102
101
101
101
100
99
99
101
101
101
102
101
101
103
101
100
99
99
98
98
99
98
97
97
98
98
99
99
97
97
96
96
95
94
95
94
97
99
100
101
100
100
100
98
98
98
97
97
98
97
96
97
98
98
97
98
97
98
100
100
101
101
100
101
100
102
102
102
101
100
100
99
100
100
100
101
99
99
100
100
100
101
100
100
100
101
101
102
102
102
103
103
102
99
98
98
98
97
97
99
99
99
98
97
97
98
98
100
101
100
101
103
101
100
102
103
102
102
100
102
101
99
99
99
98
99
100
100
100
99
99
98
98
97
97
96
96
96
96
93
93
93
93
93
92
93
93
93
93
93
94
94
95
95
94
96
95
95
96
94
96
97
95
95
96
95
94
94
93
93
94
95
95
95
96
96
96
96
96
95
94
94
95
94
93
93
94
95
95
97
98
98
99
100
99
99
99
98
98
98
98
98
98
98
97
99
99
98
99
99
99
100
102
101
99
98
98
99
98
97
97
97
99
101
100
100
100
99
98
97
96
97
97
97
96
97
97
98
98
101
101
101
102
101
99
99
97
97
97
97
95
95
94
94
96
96
96
96
96
96
97
99
98
99
99
101
101
103
102
103
103
102
102
101
101
102
100
100
100
100
99
99
100
100
102
102
102
100
101
101
99
99
100
100
99
101
100
99
99
96
96
96
97
96
96
95
95
