0.00018068965517241382 0.0006586206896551723
300
297
293
291
289
287
285
285
282
278
273
269
267
264
264
263
262
260
261
261
261
260
260
262
261
260
261
262
263
261
259
259
257
258
256
256
255
255
254
255
255
257
259
261
260
261
261
261
259
258
258
258
258
257
255
255
255
255
255
256
257
258
254
254
254
255
255
254
255
255
258
258
259
259
262
262
260
259
259
256
257
257
256
256
258
258
261
261
262
261
259
256
259
257
254
255
255
255
255
257
256
256
256
256
255
255
256
254
256
255
255
255
255
255
254
254
255
255
256
254
254
254
256
257
257
258
259
260
259
261
258
258
259
259
260
259
260
258
260
259
257
255
253
254
255
254
253
254
255
253
252
254
254
254
255
256
256
257
257
256
254
255
254
253
253
253
252
252
252
253
254
254
254
253
252
252
252
252
253
253
253
253
253
257
258
258
257
256
258
257
256
257
256
256
257
255
254
253
252
252
252
253
253
254
254
254
254
254
254
256
255
255
257
258
257
255
255
253
252
252
252
254
255
255
254
255
255
255
254
253
251
253
250
249
248
248
248
249
251
251
251
253
253
255
256
254
256
256
253
252
251
251
251
253
253
251
251
249
248
248
248
248
248
248
248
247
249
249
250
249
250
250
250
250
250
250
250
250
250
251
251
249
250
251
250
249
251
256
253
251
250
251
252
250
253
253
251
250
249
248
248
246
246
245
245
245
246
246
246
245
243
244
246
245
248
251
250
248
247
247
250
248
251
250
248
249
249
249
249
250
250
251
249
250
251
250
249
251
250
251
252
251
250
250
250
250
249
248
248
248
248
248
247
247
248
246
248
247
245
245
245
247
246
246
246
246
244
244
244
243
242
241
244
245
245
247
250
249
248
248
248
247
248
248
249
248
247
247
248
248
249
249
249
252
252
249
251
247
246
247
248
248
250
250
249
248
247
247
247
245
246
245
247
246
244
246
245
243
242
241
242
243
245
244
243
244
242
242
242
244
243
243
244
243
246
245
245
245
245
245
243
243
243
243
244
242
242
243
244
244
244
243
243
245
245
243
242
242
241
242
243
243
243
243
241
241
241
244
245
246
244
244
242
242
242
241
240
240
241
241
240
239
241
242
244
245
245
245
244
243
244
245
244
242
242
244
246
245
245
243
242
243
242
242
243
240
240
240
239
238
238
239
238
239
239
240
241
241
239
238
237
238
239
240
238
238
239
240
241
241
241
240
240
241
240
240
239
239
240
241
242
244
244
240
239
239
239
239
239
237
237
238
236
236
237
237
237
237
237
238
237
235
235
235
236
236
238
238
238
239
239
238
237
236
238
237
237
237
237
237
235
235
237
239
238
237
238
239
241
242
242
242
240
240
241
241
241
241
241
239
240
240
238
237
239
238
236
235
237
235
236
235
236
236
236
235
235
235
236
237
236
234
234
234
234
236
235
235
235
235
236
235
236
236
237
236
235
235
233
232
233
234
234
236
236
237
235
234
233
234
234
233
233
232
231
232
231
233
231
231
232
232
231
231
231
231
231
231
233
234
234
236
235
236
236
236
235
234
234
235
237
238
238
239
239
241
240
237
238
237
237
235
238
235
234
236
236
237
237
238
238
237
237
235
235
234
234
233
233
233
231
231
232
234
234
236
236
236
238
239
236
236
239
239
238
236
236
235
234
234
234
234
233
231
231
232
232
234
235
235
234
236
236
237
236
235
234
234
232
233
233
233
234
236
237
238
239
238
235
235
235
234
234
235
234
232
231
233
233
233
233
234
233
233
233
233
232
231
230
232
231
229
231
231
230
231
230
231
229
229
229
232
231
231
231
230
230
227
225
229
227
227
227
227
228
228
230
228
231
231
231
231
231
232
233
231
231
230
231
230
230
230
230
232
232
230
230
228
226
226
226
227
226
227
227
224
225
225
226
228
230
230
231
229
227
226
226
226
226
227
225
224
223
223
223
224
224
225
225
225
225
225
225
226
225
225
226
227
227
227
228
228
227
227
226
228
228
227
227
227
227
226
225
225
224
224
224
225
226
226
226
227
226
227
227
225
225
226
225
226
226
226
225
226
225
226
225
225
224
224
224
225
226
225
226
226
226
226
228
227
227
228
228
226
226
225
225
225
226
227
226
227
227
227
228
228
229
229
230
228
226
225
223
222
221
221
221
222
222
225
224
224
225
226
225
224
225
226
225
223
223
221
221
222
222
221
221
223
223
225
226
227
226
226
225
226
225
224
224
224
223
223
222
221
221
221
220
221
221
220
220
218
218
218
218
220
220
221
220
220
220
220
219
219
219
220
221
221
220
220
221
222
222
221
220
220
219
219
221
219
219
219
221
221
222
221
221
221
221
222
221
220
221
221
221
221
220
221
221
220
219
220
221
220
220
220
221
221
221
219
221
222
222
222
221
221
222
221
221
221
222
222
223
220
220
220
220
220
220
220
220
221
220
220
221
221
220
221
222
222
222
222
221
221
221
219
218
219
218
220
219
219
220
219
219
218
216
217
218
220
220
221
223
222
222
220
221
220
220
219
217
217
218
219
219
218
219
218
220
221
222
221
221
220
218
217
216
217
217
217
220
222
222
222
221
218
217
217
217
216
215
213
214
214
215
214
213
214
214
214
214
214
215
215
215
216
215
213
213
213
213
214
214
214
215
215
215
217
216
217
218
217
218
219
219
220
218
220
219
218
218
218
218
216
216
214
215
215
215
215
215
215
214
214
214
215
215
213
215
215
214
214
215
216
216
216
217
218
218
216
216
215
216
217
214
213
213
214
214
214
214
215
215
215
215
215
216
216
215
215
215
213
212
212
215
216
216
215
213
213
213
215
214
215
213
214
213
213
213
214
215
215
215
215
215
216
216
216
215
214
214
214
214
214
215
215
215
214
213
212
212
212
213
216
216
217
216
215
215
215
216
215
217
216
217
214
214
213
213
213
214
214
215
215
216
217
217
219
216
216
216
216
216
215
213
215
214
214
212
212
212
213
212
212
212
210
210
209
209
209
208
209
209
210
210
212
212
214
214
214
216
216
216
217
218
218
219
217
217
217
217
218
218
216
216
216
216
215
216
218
218
219
218
219
218
216
215
212
210
209
210
213
213
212
211
210
211
212
211
211
211
212
211
213
215
212
212
212
212
212
213
211
212
212
211
211
213
213
212
212
214
214
214
212
212
212
211
210
210
211
213
213
212
212
212
212
211
211
213
213
214
213
213
212
214
213
210
210
210
210
211
209
209
209
208
209
208
208
209
209
211
210
211
212
212
212
211
210
210
210
210
209
208
210
210
210
211
212
211
212
212
215
214
213
215
217
216
217
216
215
216
214
213
213
212
213
215
214
213
213
211
209
210
210
211
211
212
213
213
214
214
214
214
214
214
215
214
213
213
213
212
211
211
211
212
212
212
213
211
213
213
213
213
214
213
213
212
212
212
212
211
211
213
213
213
211
211
211
211
212
212
209
209
210
211
212
212
212
210
207
207
208
211
211
211
212
210
212
214
212
209
211
211
210
210
210
209
209
210
209
209
208
206
206
205
205
207
207
208
208
208
206
205
205
205
205
205
206
206
205
205
207
208
209
208
209
209
208
208
207
208
207
207
206
206
207
204
204
205
204
204
204
204
204
204
206
206
206
206
208
208
208
208
208
207
208
208
206
206
206
206
206
206
206
205
207
206
209
209
208
208
207
206
204
204
205
203
203
203
204
204
202
202
202
201
201
202
201
201
203
204
203
203
204
203
203
204
204
205
205
205
205
205
206
206
205
206
206
206
205
205
204
202
201
201
203
202
202
204
204
205
205
205
203
203
201
202
203
203
203
201
203
203
206
205
205
206
206
206
205
205
204
204
204
204
204
205
205
206
207
206
205
205
204
204
204
205
205
207
207
205
205
205
204
203
204
204
203
202
202
202
202
203
203
204
203
204
204
203
202
202
202
202
202
202
203
204
203
203
203
204
204
205
206
206
205
205
204
204
206
203
204
204
204
203
201
201
201
201
204
203
203
203
202
202
202
202
202
201
201
200
201
203
204
201
201
201
201
201
204
203
203
203
204
200
200
200
203
205
205
206
206
208
208
208
207
207
207
209
210
207
206
204
205
204
205
204
202
202
203
203
203
203
202
201
203
203
203
204
204
202
202
202
202
202
204
204
205
205
205
204
200
202
203
204
205
206
206
206
206
207
207
206
205
206
207
208
205
205
205
206
207
205
205
206
206
204
202
202
202
203
202
205
205
206
205
204
205
204
203
203
203
203
203
202
201
202
202
203
205
207
207
206
206
206
205
203
202
201
202
202
204
203
203
204
204
204
205
204
204
205
204
204
204
205
205
205
203
204
204
204
204
205
203
202
201
201
201
202
202
203
203
203
203
203
204
204
205
205
205
205
204
206
205
203
201
201
202
203
202
202
204
204
205
204
204
204
205
203
202
203
203
200
200
200
200
201
203
202
203
202
203
202
201
201
202
202
205
204
204
203
203
203
203
202
202
201
202
202
201
201
202
205
203
204
204
205
204
205
204
202
201
201
201
203
203
203
203
203
203
203
204
206
206
206
206
208
208
207
206
205
205
204
204
204
205
204
205
204
205
204
204
203
202
202
202
202
202
202
203
204
203
202
202
200
200
199
200
200
200
199
199
199
199
200
199
198
196
198
198
197
196
196
194
194
193
192
192
192
191
191
192
192
193
192
193
193
193
195
195
195
194
195
195
196
194
195
194
195
195
195
195
195
194
194
195
194
195
195
195
195
196
194
193
195
194
192
192
192
192
194
194
194
194
194
194
193
192
194
195
194
194
194
194
195
194
193
193
193
192
192
192
191
191
192
191
192
193
193
194
196
196
197
197
196
196
196
197
196
196
194
194
194
194
195
197
199
199
198
199
197
196
194
194
193
192
192
193
193
193
192
193
195
195
196
197
196
196
196
196
196
195
195
195
195
195
197
198
197
197
196
197
197
198
198
196
198
198
197
195
195
195
197
199
199
198
198
198
198
197
197
198
198
198
198
197
197
194
193
193
194
194
192
191
192
191
191
192
193
192
192
191
191
191
192
193
193
193
192
192
191
191
191
190
190
191
191
191
191
191
192
194
196
196
195
198
196
195
195
195
196
196
194
194
194
195
195
195
194
195
195
194
193
193
192
193
194
194
192
192
192
192
193
192
192
192
193
192
193
192
188
188
188
188
188
188
188
188
190
189
189
189
190
191
190
188
188
192
192
190
189
189
190
190
189
191
191
190
190
190
189
189
191
192
190
191
191
191
192
191
190
190
190
189
189
189
190
188
189
190
190
191
191
192
192
194
195
193
194
193
194
197
198
197
197
195
197
197
197
197
197
197
196
196
197
197
196
196
196
196
193
191
191
191
189
189
189
189
189
188
188
189
188
189
189
189
189
187
189
190
190
191
190
190
190
191
191
189
190
189
189
190
191
190
190
190
190
190
190
190
190
190
191
190
189
190
192
192
193
192
191
190
190
189
189
188
189
188
189
190
191
190
190
189
189
189
190
189
189
188
188
188
189
190
190
189
189
190
190
190
193
191
190
188
188
188
189
189
189
188
188
188
189
187
186
186
187
188
189
190
189
189
189
191
191
192
192
191
193
192
191
191
192
191
190
190
188
189
191
189
190
190
189
189
187
187
187
187
188
187
186
186
186
186
186
186
186
186
186
186
187
187
185
185
186
186
186
187
187
187
187
188
190
188
189
187
187
187
188
188
186
186
187
187
187
188
188
190
190
189
189
189
189
189
190
190
190
189
188
188
189
189
190
192
193
194
193
191
190
190
190
188
190
190
191
192
192
191
190
190
190
191
191
193
192
192
191
190
189
190
190
191
191
192
191
191
191
190
190
190
190
191
190
190
188
190
190
190
190
189
191
190
191
191
192
189
189
189
190
189
189
191
191
189
189
191
191
191
192
191
190
188
189
187
187
188
187
187
187
187
187
186
185
185
185
186
185
187
187
185
185
185
185
184
184
184
185
183
184
183
184
186
185
186
184
185
185
186
186
186
186
186
186
187
187
186
186
186
187
187
187
186
188
186
186
186
186
187
187
188
188
188
187
187
189
188
189
189
188
188
185
184
184
184
183
184
184
185
183
183
183
183
183
183
183
183
183
183
183
183
183
184
184
185
186
187
186
185
186
185
185
185
186
185
184
184
184
184
185
184
184
185
186
187
186
186
185
183
183
186
185
187
186
185
187
186
184
184
185
185
186
186
186
186
186
185
185
185
186
186
185
187
187
186
185
185
185
185
185
184
184
184
185
185
185
185
185
186
183
182
183
182
182
182
184
183
183
185
185
184
183
182
182
182
182
183
184
183
183
184
185
186
186
184
185
185
185
185
185
184
180
180
180
181
181
181
181
182
181
183
182
181
181
181
181
182
181
181
181
181
181
181
180
180
180
180
179
179
179
180
181
181
182
181
181
181
181
181
182
183
183
181
180
180
180
180
179
179
181
181
181
182
182
182
181
180
180
180
180
181
180
180
182
182
182
183
185
186
186
185
185
185
185
184
185
184
184
184
184
185
188
188
189
186
183
184
184
183
183
183
183
182
183
182
183
183
182
181
181
181
180
180
180
182
182
180
181
181
181
182
182
182
182
183
183
183
183
181
182
181
181
181
181
182
181
181
181
184
182
182
182
181
182
181
181
181
180
181
181
181
182
184
184
184
182
184
183
182
183
185
184
183
183
183
183
182
182
180
180
180
180
183
183
184
183
184
184
182
182
180
180
179
182
180
180
180
181
181
181
180
180
181
181
181
181
182
181
181
181
181
181
182
181
181
180
181
180
179
178
177
177
177
178
178
178
179
179
178
178
179
179
179
180
180
181
182
182
183
183
183
182
182
182
183
183
183
183
183
183
183
184
183
180
180
180
179
179
180
179
179
178
178
180
180
180
180
179
180
180
179
178
177
177
178
178
179
179
179
180
179
178
178
179
180
180
181
181
180
180
179
179
179
179
179
179
178
179
180
181
182
181
181
181
181
181
182
180
180
180
180
181
181
183
181
181
180
180
180
181
184
182
182
182
181
181
181
181
182
181
181
181
181
182
182
181
181
180
180
180
182
183
183
183
182
181
181
181
182
182
181
182
182
181
181
183
183
183
183
183
183
183
183
183
183
182
181
181
182
182
183
183
182
182
181
181
182
181
181
183
182
181
182
182
182
182
181
182
182
182
182
184
184
184
184
185
187
191
189
187
185
184
184
182
181
183
183
184
186
185
183
183
187
187
184
182
183
182
181
183
183
182
185
185
184
182
182
182
181
182
181
181
181
181
180
180
180
181
181
178
178
178
179
179
179
180
181
182
182
181
181
181
179
178
178
179
181
180
181
180
180
178
179
179
180
180
180
179
179
180
179
178
178
178
179
179
179
180
180
180
179
177
177
177
178
178
177
178
178
178
179
179
178
177
177
176
176
178
180
179
178
178
179
178
179
178
178
176
176
175
175
174
174
177
175
176
176
177
177
177
179
180
181
180
181
181
179
177
178
178
178
178
176
177
177
177
177
176
176
178
177
177
178
178
177
175
176
176
176
176
177
177
177
177
178
178
178
178
179
177
177
178
178
178
177
178
178
178
178
178
177
177
178
180
181
180
180
180
179
178
178
177
176
176
176
176
176
177
176
177
177
178
177
178
177
177
175
176
176
176
176
178
177
176
176
176
176
180
180
179
177
175
175
175
176
176
177
177
177
176
176
177
177
178
179
177
177
177
177
177
175
175
176
174
175
175
174
174
175
175
175
175
177
176
176
176
177
178
181
181
180
181
181
177
177
177
177
177
177
177
177
178
178
177
177
178
177
178
176
176
176
176
177
177
175
176
176
176
175
177
175
175
174
173
173
174
173
175
175
171
173
174
174
175
173
173
173
172
172
172
172
173
175
174
175
176
177
176
176
176
176
175
174
174
174
174
174
175
175
174
174
174
174
174
174
174
173
174
173
173
174
174
173
174
174
174
173
173
173
172
171
171
172
172
172
172
173
173
174
174
173
173
173
172
171
170
170
169
169
170
170
171
171
171
170
170
170
169
169
170
170
170
170
170
169
169
169
170
170
171
169
169
170
172
171
171
171
171
169
169
169
170
170
171
170
170
171
170
171
170
171
172
170
168
169
169
169
169
169
167
167
167
167
166
166
166
167
167
167
167
167
167
167
166
166
167
167
167
167
168
168
169
168
167
167
166
167
168
168
169
170
169
169
169
169
170
168
168
168
168
170
170
170
170
170
170
168
169
169
169
169
168
167
167
167
167
166
166
169
169
167
168
167
167
168
168
168
169
169
169
169
169
168
168
168
167
167
169
169
169
170
168
169
167
168
168
168
167
167
167
166
167
169
169
169
168
169
171
171
172
169
170
170
170
169
169
167
167
167
166
166
165
165
164
165
164
166
166
165
166
165
165
165
165
165
165
166
165
166
167
167
168
168
166
166
165
165
165
165
165
166
165
165
164
163
163
163
162
162
164
164
164
164
163
163
163
162
164
164
164
165
166
165
165
167
167
165
165
165
165
167
166
166
168
167
166
167
166
167
167
167
167
168
169
168
167
168
168
168
168
168
167
166
169
170
167
168
168
167
167
166
167
166
166
164
163
163
162
162
163
164
164
164
164
163
164
163
163
163
164
163
163
163
163
162
161
162
163
163
163
164
164
164
163
162
162
164
165
165
164
163
163
163
163
163
163
163
163
161
161
161
161
163
163
163
163
163
164
164
165
166
164
164
164
164
163
162
163
162
160
160
159
159
159
161
161
161
162
162
162
162
162
162
162
162
162
162
161
160
161
161
161
160
160
160
160
161
163
162
162
162
161
159
159
159
160
160
160
160
159
159
160
161
161
161
161
163
163
163
162
162
164
165
165
165
165
165
165
164
164
164
165
163
162
162
162
162
163
163
162
164
164
164
164
165
167
167
168
168
166
167
166
165
164
166
167
166
166
165
164
164
164
165
165
164
166
167
166
166
165
165
165
164
161
161
160
161
161
161
162
161
162
161
161
161
161
162
163
163
165
166
166
166
166
165
165
165
166
165
163
164
162
163
162
162
162
162
162
162
161
161
161
161
161
161
162
162
163
160
161
162
163
164
163
163
163
163
163
162
162
162
160
160
160
159
159
159
159
159
159
158
159
159
159
160
159
159
159
159
158
159
159
159
159
159
159
159
160
159
160
161
161
161
161
161
161
161
160
160
160
160
160
160
162
161
161
160
160
160
162
161
160
161
161
160
160
160
161
160
162
162
162
162
160
160
159
159
158
160
160
160
161
162
163
162
161
161
162
161
161
162
162
163
163
161
161
162
161
162
163
163
165
164
163
159
158
158
158
158
158
158
158
158
159
160
160
159
158
157
157
157
158
158
158
158
157
156
156
157
157
157
157
158
160
161
159
158
158
159
162
162
160
160
160
159
159
160
158
159
160
159
160
158
158
159
158
158
158
158
158
158
159
159
157
157
158
157
157
156
156
156
156
156
156
157
158
159
159
159
158
158
160
160
159
159
159
159
161
161
161
161
163
162
162
162
162
159
158
159
158
158
159
158
158
158
156
156
156
155
155
155
155
155
156
159
158
158
158
158
156
156
156
156
156
156
155
156
156
156
155
156
156
156
156
158
159
158
158
159
158
158
156
156
156
156
156
156
156
157
156
156
156
155
155
155
154
154
157
157
158
158
158
159
160
158
158
158
159
158
158
158
157
157
157
158
159
160
160
161
160
160
162
161
161
161
162
159
159
158
158
158
158
158
162
162
159
158
158
158
158
158
158
159
158
159
159
157
159
159
157
157
158
158
160
161
160
159
157
158
157
156
156
156
156
157
159
159
158
159
161
160
159
160
160
160
160
160
160
158
158
157
157
157
158
157
157
157
158
158
157
158
157
157
157
157
157
156
156
157
156
155
155
155
156
155
157
157
157
158
157
159
158
157
158
158
160
160
161
161
163
162
162
162
163
163
164
163
161
161
160
160
161
160
158
157
157
156
157
157
157
157
157
158
156
156
155
155
155
154
155
155
155
155
156
155
156
157
157
157
158
157
156
155
155
155
155
156
156
156
156
156
156
155
156
157
156
156
156
156
156
156
156
155
156
157
158
160
160
161
161
160
161
160
159
160
161
162
161
161
161
160
159
161
160
161
160
161
161
160
160
160
160
159
159
159
159
159
159
161
161
159
159
159
159
159
159
160
160
159
157
156
156
157
156
155
155
155
155
155
156
156
158
158
158
157
157
159
159
161
160
159
158
158
158
157
158
159
160
160
161
160
159
159
159
158
159
158
158
158
159
158
158
159
160
159
159
160
160
159
159
157
157
158
159
159
159
159
160
160
160
162
162
162
162
161
161
161
161
162
165
164
164
163
163
161
161
161
160
160
158
158
157
156
156
156
157
157
156
158
158
159
158
157
157
157
155
155
155
154
155
154
154
154
154
154
154
155
157
158
158
158
158
158
158
158
158
157
157
156
156
156
156
156
157
156
157
157
157
157
156
156
156
158
159
160
160
158
158
159
159
158
158
159
159
159
160
160
161
161
163
163
163
163
161
160
161
159
159
159
156
155
156
155
156
157
156
155
155
156
156
155
154
154
155
155
155
155
154
154
154
154
153
153
153
153
153
153
151
151
151
151
151
153
153
154
155
155
155
154
154
153
153
153
153
153
155
155
156
154
154
155
153
152
152
152
152
152
151
152
152
152
152
152
152
154
155
155
155
155
154
154
154
155
155
155
154
154
154
154
154
156
159
158
158
158
158
157
157
157
157
157
159
159
159
160
159
159
158
156
157
157
157
155
154
154
154
153
153
155
155
154
154
155
154
154
157
156
155
154
154
153
154
154
154
154
154
153
153
153
155
153
153
154
154
151
150
150
150
150
151
153
151
151
152
152
152
152
150
150
149
147
147
147
148
148
148
148
148
148
148
148
148
150
149
149
149
150
150
149
151
153
153
153
150
150
149
150
149
149
149
148
148
148
148
148
146
146
146
147
148
148
147
147
147
148
149
150
149
150
150
151
149
149
150
150
150
149
149
149
149
149
150
151
152
151
152
152
152
151
151
151
151
151
151
151
151
150
149
149
148
148
148
149
149
149
149
149
149
149
149
149
149
150
150
150
150
150
151
151
149
149
149
151
152
151
152
151
151
151
151
150
151
152
152
152
151
152
152
153
151
150
149
148
148
150
151
153
153
152
152
151
149
149
150
151
151
151
151
152
152
154
152
152
151
150
152
151
151
151
150
150
151
152
153
153
151
151
149
149
149
148
147
147
147
147
148
148
148
148
149
149
150
150
150
150
151
151
153
153
153
153
153
152
151
150
150
150
150
150
150
150
