0.00018068965517241382 0.001
300
297
296
294
287
284
279
277
273
271
272
272
269
267
268
266
264
263
262
261
262
261
261
262
261
258
258
260
257
257
257
255
256
257
257
256
256
257
256
258
258
260
259
259
255
254
252
253
252
249
248
248
249
248
249
250
250
248
248
249
247
248
247
247
246
248
247
247
247
248
247
249
251
251
250
250
251
251
252
254
253
253
254
256
253
252
250
249
249
247
247
248
246
245
246
247
246
245
245
247
246
247
246
247
248
248
249
249
248
248
248
248
248
250
249
250
252
252
252
251
251
251
251
251
252
253
252
251
253
254
255
253
254
253
254
253
252
252
251
249
248
247
247
247
248
249
249
249
250
252
252
255
255
255
256
255
254
255
255
254
254
254
252
250
250
251
250
248
246
245
246
247
249
250
248
247
251
250
250
251
250
247
246
246
249
247
247
247
246
246
246
246
247
245
245
245
245
242
242
241
242
242
244
244
243
240
240
241
241
242
242
241
240
241
241
241
240
240
239
240
240
241
241
240
240
240
240
242
241
243
242
241
241
240
238
239
238
241
241
242
243
243
245
243
243
243
241
243
241
242
242
241
243
243
243
241
239
238
239
239
238
239
240
240
240
242
243
244
245
243
243
242
245
244
245
244
241
240
240
239
239
240
239
239
238
238
238
238
239
241
240
240
240
239
239
240
241
242
242
241
241
240
242
244
241
241
241
241
241
243
243
243
240
241
242
243
242
240
239
239
240
240
240
239
238
237
237
237
237
235
235
236
236
236
238
237
237
237
237
237
237
237
236
237
237
237
237
238
237
237
238
240
238
239
240
241
241
241
240
240
240
240
239
240
241
240
240
239
237
237
238
239
239
238
238
238
237
238
237
237
237
237
237
238
239
239
239
239
240
240
242
243
243
242
241
242
241
240
239
238
238
237
236
234
234
235
237
237
236
236
236
238
238
239
240
239
239
240
240
238
238
240
239
241
240
240
241
238
239
238
239
239
240
240
238
237
236
236
236
236
236
237
237
237
238
236
237
237
237
239
239
240
241
241
243
243
243
244
244
244
244
243
243
243
243
243
240
238
238
237
237
238
238
237
237
237
237
237
237
236
236
235
234
234
235
235
235
236
236
237
237
237
238
238
238
238
237
237
239
239
240
241
240
238
239
238
238
239
238
239
238
236
235
234
235
234
233
234
234
236
235
236
236
239
238
238
238
238
239
241
242
242
242
243
241
241
239
240
239
240
239
240
241
240
244
244
245
244
243
243
243
242
241
241
241
240
240
239
240
240
238
238
239
240
239
240
239
239
240
240
240
240
237
236
238
237
238
238
238
238
237
241
241
241
241
240
238
238
236
234
233
233
233
233
233
233
232
234
234
233
233
234
234
232
230
229
229
229
231
233
232
234
233
233
235
232
232
233
233
233
233
232
232
232
232
232
232
232
232
232
232
232
234
235
235
234
236
237
237
235
235
235
236
235
233
232
233
233
233
232
232
230
229
227
228
226
226
227
227
227
229
229
229
231
230
229
229
229
230
230
230
230
230
229
230
233
233
232
232
232
229
228
227
228
226
228
227
226
227
228
229
228
228
226
227
226
226
227
226
229
227
227
227
228
225
223
225
225
224
224
224
222
222
222
222
222
222
224
224
224
226
226
226
227
226
226
226
228
228
230
230
229
228
227
226
226
226
227
225
224
225
225
225
227
226
226
227
227
229
230
229
228
228
230
230
229
229
229
229
229
229
230
229
230
231
229
229
228
228
227
225
224
225
227
228
230
229
228
229
229
230
229
229
228
228
228
230
228
225
229
229
228
226
226
229
227
226
225
226
226
225
225
227
226
226
225
225
227
229
229
228
229
229
230
230
230
229
230
231
233
232
231
232
232
231
231
230
231
229
228
228
229
231
227
227
226
225
225
228
228
227
226
227
227
228
224
226
226
226
227
225
224
223
223
224
225
224
225
225
224
224
221
221
221
221
221
220
220
220
220
220
220
220
220
220
222
222
222
223
223
223
224
226
227
227
227
226
226
228
224
223
224
224
225
224
224
223
223
223
223
223
224
224
223
223
223
223
222
223
223
224
224
224
225
225
226
226
227
224
221
222
221
223
224
222
221
222
224
224
224
224
225
226
225
227
228
229
230
229
228
229
231
230
231
230
230
229
228
228
228
226
225
225
225
227
225
225
225
226
226
227
226
227
226
225
224
225
225
226
227
227
227
226
225
226
226
225
225
224
224
223
225
225
224
223
223
222
224
222
223
223
225
223
223
224
225
223
223
223
223
222
222
223
223
222
222
223
224
224
223
222
221
221
221
221
222
224
224
223
223
222
222
225
225
226
227
227
227
226
226
223
222
222
219
219
221
220
219
218
217
215
215
214
215
216
216
214
214
214
213
213
213
213
213
212
213
212
214
216
214
214
214
216
214
214
213
215
214
213
212
213
213
214
215
214
214
213
213
212
212
213
214
212
213
213
215
215
215
215
216
214
213
214
214
213
213
212
212
212
212
212
211
213
213
211
211
211
211
211
212
215
216
217
216
215
216
216
215
213
214
214
215
216
216
219
218
218
217
215
215
215
215
214
214
214
213
213
213
213
213
211
211
212
211
212
214
215
215
215
214
215
215
215
214
214
217
218
218
219
220
219
216
216
216
217
216
216
216
216
217
217
216
216
217
217
216
215
214
214
213
213
213
215
215
213
215
214
213
213
212
212
212
212
212
213
215
215
215
214
215
216
216
215
214
215
215
215
215
215
216
217
218
218
218
219
221
221
220
220
219
220
220
220
216
216
215
216
214
215
215
217
217
216
217
216
216
214
218
219
220
218
217
217
214
213
211
211
210
210
210
210
211
212
212
213
212
211
210
210
209
209
210
209
208
208
209
210
209
208
208
208
208
209
209
207
205
205
205
205
206
206
207
207
208
207
208
208
212
213
214
214
214
215
215
214
214
214
215
215
215
214
215
214
212
212
211
211
211
212
214
215
212
212
211
210
211
210
209
209
209
209
208
207
207
208
206
208
208
208
207
207
207
208
209
209
209
209
210
210
211
211
211
209
210
212
213
213
213
213
210
212
212
210
210
209
208
209
209
207
207
207
208
208
208
208
208
206
205
206
208
210
210
211
210
211
211
211
210
211
212
212
213
213
214
215
216
216
216
214
214
214
213
213
212
215
214
212
212
211
211
210
211
211
212
212
213
213
216
217
217
216
215
215
215
214
215
215
214
213
214
214
216
215
216
215
215
216
215
215
213
212
209
208
211
210
210
210
208
208
208
210
208
208
208
208
208
208
208
207
207
209
208
211
210
211
211
211
207
208
209
208
209
207
207
206
208
208
208
208
208
207
207
205
207
205
206
205
206
206
206
208
211
209
207
207
208
208
205
205
203
203
203
204
203
203
203
206
207
207
207
207
206
206
205
205
205
205
204
203
205
205
207
206
206
206
207
207
208
207
207
208
208
206
207
208
208
208
207
209
210
213
213
214
216
215
215
213
215
215
213
213
211
209
209
210
210
208
208
207
207
207
206
206
206
205
205
206
207
207
207
207
208
208
208
207
206
207
205
206
207
205
206
206
206
203
202
202
202
203
205
205
206
206
207
207
206
206
205
205
205
206
207
207
207
209
208
207
204
206
206
206
206
207
208
208
209
208
209
209
209
208
209
210
209
209
209
210
210
210
210
208
206
207
205
205
205
205
207
207
207
209
211
213
212
211
213
212
212
213
212
213
213
213
213
213
213
212
211
211
210
212
213
213
212
211
210
210
210
209
210
210
211
213
212
213
214
215
214
211
211
210
209
209
210
209
210
211
211
210
211
211
210
208
209
209
209
209
212
210
210
210
208
207
207
207
206
207
205
205
204
203
203
203
201
200
201
201
201
201
202
203
204
204
204
204
204
204
205
206
206
206
206
207
207
208
208
208
209
209
210
208
208
207
208
210
210
210
211
211
211
210
209
207
207
205
205
205
205
206
206
205
204
204
204
204
205
205
203
202
202
204
205
205
205
204
204
204
204
205
205
203
204
203
204
204
205
203
202
201
200
200
200
200
200
200
200
200
201
203
203
203
203
204
204
205
204
204
204
204
204
201
201
201
202
203
202
201
201
202
204
204
203
202
202
201
201
201
200
201
201
201
201
202
204
204
204
203
202
203
204
204
205
205
203
203
200
200
199
198
198
198
198
199
200
202
203
204
204
205
205
205
205
204
206
204
204
203
204
203
203
201
205
205
205
204
204
204
208
206
206
207
206
205
206
203
204
205
206
204
205
206
205
204
204
203
203
203
204
205
206
204
206
206
204
203
202
202
205
206
205
204
204
204
203
202
203
204
203
202
203
203
203
202
202
202
199
199
200
201
199
199
199
199
198
197
197
198
199
198
199
198
198
199
198
198
199
202
203
203
204
204
203
203
204
204
204
202
204
205
205
206
208
208
209
208
208
208
208
207
208
207
204
205
206
205
206
207
207
208
210
211
209
208
208
208
207
206
207
207
208
209
209
207
208
207
207
208
210
209
206
205
206
204
203
204
203
204
202
202
200
200
202
201
201
201
200
200
201
199
199
198
199
199
198
200
198
199
199
200
200
199
198
197
197
195
197
198
197
197
197
197
197
197
198
198
198
199
199
200
199
199
199
199
201
202
202
203
203
203
203
204
204
205
204
203
202
201
199
198
199
198
198
199
199
199
199
200
201
202
201
204
201
201
202
201
202
201
201
199
199
199
199
199
199
199
199
199
200
200
200
200
200
200
200
199
200
199
197
196
196
196
197
197
197
197
197
198
198
197
198
200
200
199
199
198
199
199
199
200
200
200
199
200
198
198
200
200
199
200
201
202
203
204
203
202
203
202
203
203
202
202
202
202
204
204
203
203
201
201
200
201
201
200
200
199
200
200
200
199
199
199
198
197
197
197
198
198
199
198
199
199
200
202
202
205
205
205
205
207
204
204
204
205
205
204
203
202
203
204
203
201
199
199
199
198
198
197
197
196
197
197
198
197
197
199
198
197
197
197
198
197
197
199
199
198
198
196
195
195
196
197
196
196
194
194
193
193
193
193
193
193
194
195
195
195
196
197
198
198
197
196
196
196
197
198
200
199
200
200
200
200
201
202
202
203
203
203
203
203
201
201
201
201
202
203
203
203
202
202
201
201
199
199
199
198
197
198
199
198
198
200
202
202
202
202
201
201
200
200
199
197
196
196
196
197
198
199
200
200
198
199
199
199
201
201
203
202
202
203
202
202
200
199
200
199
199
198
197
197
198
200
199
199
199
199
200
199
197
197
198
197
199
200
200
201
201
201
200
197
198
198
198
198
199
200
200
200
200
199
200
200
199
200
199
200
199
198
199
198
197
197
198
197
196
197
195
196
194
193
195
194
195
196
196
195
196
196
196
196
197
198
199
198
199
197
196
196
195
195
194
196
196
196
198
198
198
196
195
197
197
197
197
197
197
197
197
197
197
196
195
194
193
195
195
194
195
195
194
194
194
195
196
197
197
197
197
197
196
196
195
194
195
195
196
197
195
195
196
194
194
197
197
196
195
195
195
194
194
195
195
195
195
196
194
193
195
194
194
193
193
193
193
193
194
195
195
195
193
194
194
194
194
192
192
191
191
191
190
191
192
191
192
191
192
194
194
196
194
193
193
195
194
194
194
194
193
195
195
196
195
195
196
198
197
198
198
200
198
197
196
195
195
196
198
198
198
196
198
196
196
197
196
195
195
195
195
195
193
194
194
194
195
194
193
191
190
190
188
189
189
189
189
188
188
189
190
190
190
191
190
190
190
189
189
188
188
188
189
190
190
192
192
193
191
191
192
193
193
193
191
189
190
190
190
190
190
190
192
192
193
194
196
197
196
195
194
194
194
193
192
190
190
191
189
189
189
189
189
189
190
190
190
189
188
188
190
192
193
193
191
191
191
191
192
193
194
194
195
194
194
194
194
192
193
194
193
193
195
194
192
191
192
192
193
194
194
195
195
193
194
194
195
194
195
194
195
195
195
195
197
194
194
194
195
196
197
196
197
198
197
199
201
197
196
195
193
194
195
195
196
196
194
195
194
195
193
192
191
193
193
192
193
192
192
192
191
191
190
189
190
191
192
193
194
194
194
194
194
195
195
195
196
196
198
197
198
198
198
198
197
198
195
194
193
192
192
192
192
192
193
193
193
191
191
191
191
192
193
195
197
198
200
199
198
198
198
197
197
195
194
194
194
191
192
191
192
192
192
190
189
189
191
193
192
193
192
193
192
192
193
194
194
194
194
194
194
193
194
194
192
192
193
196
196
194
194
194
195
193
192
191
191
194
195
195
194
193
193
191
192
192
191
190
188
188
187
187
187
188
187
186
187
186
186
187
187
187
188
187
188
187
186
186
185
183
182
182
182
182
183
185
185
185
185
188
187
186
186
186
186
186
187
188
187
186
187
186
188
188
187
186
185
186
186
186
186
186
185
185
185
186
186
186
186
186
186
185
186
186
186
185
185
185
185
186
185
186
186
187
187
187
187
188
189
189
190
189
190
189
190
189
189
190
189
189
190
190
192
192
192
193
193
195
193
192
193
191
191
190
191
191
191
190
191
193
195
195
194
194
192
192
191
192
191
192
191
191
192
190
189
189
189
189
192
192
191
191
191
189
190
189
191
191
191
189
187
187
188
188
189
189
187
188
190
192
193
194
193
192
192
192
193
192
192
191
192
194
192
192
192
190
190
191
190
189
189
187
185
185
184
184
184
182
183
185
186
187
188
187
188
187
186
185
185
186
188
188
188
188
188
188
191
194
193
193
193
193
191
192
193
195
196
196
197
196
195
195
194
193
193
193
190
189
187
187
188
186
185
186
186
186
186
186
188
189
187
187
187
186
187
188
188
189
189
190
189
189
189
189
190
190
191
190
191
192
193
194
194
192
189
186
186
186
187
189
188
187
188
188
189
188
190
191
189
188
186
187
186
187
188
188
189
188
190
189
190
189
189
189
190
190
191
189
189
188
186
186
186
187
187
187
186
185
186
186
186
185
184
185
185
185
185
185
185
188
187
187
188
189
189
188
187
187
187
188
189
191
190
188
186
187
187
188
186
186
187
188
188
188
188
188
186
186
185
185
185
182
183
182
183
184
185
184
183
183
184
184
184
184
183
182
182
182
182
182
184
184
183
183
183
183
182
184
185
185
185
184
185
184
184
184
185
186
186
185
185
186
187
186
186
186
184
184
184
184
184
184
184
184
183
183
183
182
184
185
186
187
186
186
185
184
185
185
185
185
185
185
185
184
184
185
187
186
185
184
184
184
183
183
186
184
184
184
186
187
189
189
189
188
188
185
186
186
188
185
185
186
187
186
185
185
185
185
184
184
184
185
186
186
185
185
185
185
182
183
184
183
185
186
185
184
184
184
185
182
183
183
183
183
184
184
185
186
184
186
187
187
188
188
189
188
186
188
188
187
186
186
186
185
186
184
183
184
185
186
184
185
183
183
183
183
182
182
184
185
185
185
184
182
182
182
180
180
180
180
179
179
178
179
181
181
181
181
181
180
180
181
181
181
182
180
182
182
182
183
184
183
184
183
182
181
180
182
180
180
180
181
182
182
181
182
181
182
183
184
185
184
185
184
184
183
185
185
184
183
183
182
182
183
183
183
183
183
185
185
185
185
185
185
184
183
183
183
184
185
185
186
185
186
188
188
188
188
188
189
187
188
188
189
188
188
186
187
189
188
190
189
189
186
188
188
188
187
186
188
189
188
188
187
187
187
188
188
188
188
188
188
187
186
186
188
189
187
186
185
185
186
185
183
184
185
185
184
183
186
185
182
182
180
180
180
180
181
180
182
182
182
181
181
180
180
178
178
178
179
180
182
181
181
184
185
183
182
182
183
183
184
184
185
183
182
183
183
184
183
183
183
184
184
183
183
179
181
181
181
181
181
181
181
182
181
180
181
181
183
183
182
182
180
179
178
177
177
177
176
176
177
177
176
177
177
180
180
179
178
178
179
180
179
179
179
179
180
179
179
179
183
183
184
184
184
184
184
184
183
183
183
182
180
179
178
178
178
179
179
178
177
177
178
180
179
179
179
178
178
178
179
178
179
179
179
179
180
180
181
181
180
180
180
181
178
179
180
181
181
182
184
184
183
183
182
182
182
180
181
180
179
178
178
178
178
178
179
178
178
177
177
176
178
177
179
177
177
177
178
178
179
178
178
179
180
180
179
180
178
178
178
177
177
177
177
176
177
177
177
176
175
176
177
177
175
176
176
177
177
176
176
177
179
178
177
176
176
178
177
177
177
177
177
177
178
178
178
178
177
177
178
180
180
181
180
181
181
181
181
182
183
183
183
183
181
181
181
182
182
183
184
183
183
184
182
182
181
180
180
181
183
182
182
181
180
182
182
182
182
182
181
181
182
182
182
183
183
182
181
181
181
181
179
178
177
178
178
179
179
180
180
180
180
180
181
180
180
180
180
180
179
179
179
179
178
180
181
181
180
180
179
179
179
180
178
179
178
179
179
179
178
178
178
178
177
178
178
180
181
181
182
182
182
181
181
180
179
179
178
178
178
176
176
176
176
176
177
177
179
178
178
177
177
177
178
178
179
178
177
177
179
177
176
178
178
178
178
178
178
178
179
179
179
180
181
180
181
181
181
181
181
179
180
179
182
180
180
180
179
178
179
180
179
179
178
178
179
178
178
177
178
177
178
178
178
178
178
178
178
179
179
176
175
174
174
174
175
175
175
175
176
176
175
174
174
173
174
174
175
176
177
177
181
181
182
181
180
180
179
180
181
181
181
181
181
181
183
183
182
182
182
183
183
183
182
180
179
181
182
180
181
181
181
180
182
181
180
180
181
181
182
180
181
181
179
178
178
178
178
179
179
179
180
179
179
181
180
182
182
182
182
182
180
178
177
176
175
176
177
178
176
176
176
176
176
177
176
176
176
175
175
175
176
176
176
176
176
176
176
175
177
177
177
175
174
173
173
173
175
175
175
176
177
177
177
177
177
178
177
177
177
177
177
177
176
175
175
174
172
172
172
172
173
172
172
173
173
174
173
173
174
174
174
174
176
176
177
176
175
175
175
174
174
174
175
174
175
174
174
174
173
173
175
173
173
172
171
171
171
171
171
171
171
171
172
175
176
174
174
174
174
174
174
174
174
174
174
174
174
174
174
174
174
175
174
174
174
175
174
174
174
175
175
175
175
174
174
174
174
175
175
175
175
174
173
173
174
174
174
174
173
173
174
173
172
172
174
174
173
173
173
171
171
170
171
172
174
173
172
171
170
169
170
170
170
172
171
170
169
170
171
171
171
170
170
171
171
172
172
170
169
169
170
171
170
170
170
170
170
170
171
172
173
173
174
174
175
174
173
172
169
170
170
170
170
171
171
172
172
173
173
173
172
171
171
172
172
171
172
173
173
174
174
173
172
172
172
173
174
174
173
171
170
170
170
169
169
169
169
169
170
170
170
170
171
171
169
169
170
171
170
171
170
169
170
171
172
173
170
172
172
171
170
170
171
172
172
171
171
172
173
174
177
178
177
177
175
174
175
174
174
173
172
172
171
173
172
172
172
171
173
171
170
172
172
172
174
172
172
172
172
172
171
171
171
171
172
172
174
173
173
173
173
173
172
171
171
170
169
169
169
168
167
169
169
169
167
168
168
167
168
169
170
171
170
169
170
169
170
169
167
167
166
166
166
168
168
168
168
167
167
167
167
166
166
166
166
167
168
168
167
167
169
169
170
169
168
169
169
171
171
170
171
171
171
170
169
169
168
168
168
168
168
168
169
170
171
170
169
169
170
169
168
168
168
169
169
169
169
169
169
169
168
168
168
168
168
169
169
168
168
169
169
168
168
169
170
169
169
169
169
168
167
169
170
170
171
172
171
170
171
170
169
169
168
167
167
167
167
167
167
168
168
168
169
169
169
169
173
175
174
175
175
175
174
173
173
172
171
171
171
170
169
172
172
172
172
173
171
174
175
177
177
176
176
174
176
175
176
176
175
179
179
178
175
174
176
175
177
177
173
175
172
171
171
169
169
167
166
167
167
168
167
169
168
169
168
168
166
167
167
168
169
168
169
168
170
169
170
171
171
169
169
169
168
167
166
166
166
166
166
166
166
166
167
168
170
171
171
171
170
169
169
170
170
168
169
169
169
170
169
170
170
170
171
172
170
169
170
170
167
168
167
167
168
168
167
168
168
168
168
168
168
167
167
167
167
168
169
170
169
169
169
168
167
167
167
167
167
166
167
167
168
169
169
171
169
168
170
169
168
168
168
170
170
169
169
169
170
171
171
171
170
170
168
168
168
168
169
169
170
170
170
169
168
167
166
166
166
166
166
165
167
167
167
168
166
165
165
166
167
167
168
170
170
169
168
168
168
167
167
166
166
168
167
166
165
165
166
165
164
167
167
165
167
166
165
164
163
164
164
165
164
164
164
165
165
165
164
165
165
165
165
165
165
165
166
167
167
167
166
168
166
165
165
166
166
166
166
167
166
167
167
167
167
167
166
167
167
165
165
165
165
165
164
165
165
166
167
167
166
165
166
166
165
164
165
165
164
165
166
165
164
165
166
164
165
164
166
166
166
167
167
168
168
168
168
168
169
169
169
168
168
170
169
168
169
169
168
166
166
166
166
165
165
165
165
167
167
167
168
169
169
169
169
170
171
171
171
171
172
169
169
169
170
170
168
168
168
169
167
169
169
169
170
170
170
170
170
169
168
167
168
169
169
170
170
171
171
171
171
172
173
173
173
174
173
173
171
169
168
168
167
166
166
166
166
167
167
167
168
168
168
168
167
167
167
169
170
170
170
171
172
171
171
169
170
167
168
168
167
167
168
168
168
168
168
168
168
169
168
168
168
168
168
167
168
167
167
166
166
166
166
166
167
168
168
168
167
167
166
166
165
166
166
167
167
167
166
166
166
165
165
165
165
165
166
164
164
165
165
164
164
164
164
164
163
163
163
165
165
166
163
163
163
164
164
165
165
165
165
166
166
167
165
165
165
164
165
163
163
162
161
160
160
160
159
159
159
160
161
162
162
163
162
164
163
163
163
164
165
164
164
163
163
165
165
164
164
163
163
165
164
164
167
165
163
163
163
163
163
164
166
166
165
165
166
166
167
170
168
167
166
164
164
165
165
166
166
168
168
168
169
168
164
162
161
162
162
164
163
162
161
161
159
160
160
160
160
160
161
162
161
161
161
162
162
159
159
159
159
159
160
160
162
161
162
160
160
159
161
162
162
162
163
163
164
165
164
166
167
166
165
165
165
165
165
165
165
161
161
160
160
160
159
158
158
157
157
157
157
157
156
156
