0.00035137931034482766 0.0001124137931034483
300
299
299
293
292
290
291
290
291
289
290
291
290
288
288
291
292
294
293
293
298
295
295
293
291
291
292
293
294
295
295
294
296
296
299
298
299
300
302
303
303
302
302
300
300
300
300
302
300
301
300
303
302
303
302
303
303
305
305
305
307
308
310
313
314
314
313
315
315
314
314
313
316
314
314
315
316
316
317
317
317
316
318
321
323
322
323
323
324
324
323
326
328
329
331
332
332
332
333
333
333
333
333
334
334
334
332
331
332
333
334
333
332
335
336
336
336
338
340
340
341
342
342
342
339
337
338
337
338
338
338
339
339
341
340
342
342
339
340
340
338
340
341
341
340
342
343
346
347
347
346
346
346
348
347
349
349
349
349
351
352
353
353
354
357
357
358
355
356
356
359
362
361
362
361
360
359
358
360
360
360
362
362
361
362
361
361
361
362
362
364
364
365
366
366
368
368
370
371
373
373
378
379
378
382
383
385
385
388
385
384
385
388
384
385
386
384
384
388
389
390
390
390
389
391
391
391
391
393
394
390
392
391
393
395
396
396
398
400
398
401
400
397
396
393
396
396
396
398
397
400
402
401
402
400
400
401
403
404
403
405
405
405
403
404
407
406
407
407
410
408
408
409
411
411
412
412
411
412
414
416
416
417
418
420
421
420
419
418
420
420
419
423
423
421
421
423
423
424
424
425
422
422
421
421
422
424
424
425
425
426
426
422
421
419
419
418
416
417
421
424
424
426
425
423
421
425
427
426
429
430
433
433
432
432
431
431
432
432
432
432
432
433
431
434
436
437
437
438
439
440
442
441
441
440
436
435
434
436
434
436
437
437
438
439
438
441
439
439
440
443
444
445
442
443
448
449
447
448
449
450
450
449
451
452
452
451
456
455
457
457
456
456
454
454
453
458
457
460
457
456
455
454
456
458
460
460
459
457
454
455
453
457
456
458
457
456
455
456
455
457
457
459
458
458
457
459
461
463
464
465
467
466
464
462
463
461
463
462
461
462
463
464
463
463
464
464
463
463
465
464
464
463
461
462
462
461
465
465
465
461
462
462
462
461
462
465
463
466
470
473
471
471
470
472
471
469
470
470
469
468
468
469
470
471
470
474
475
474
474
477
477
480
480
477
476
475
474
475
477
476
478
476
473
473
473
474
476
478
480
478
478
477
474
474
475
476
475
473
473
475
475
476
475
474
475
477
479
481
480
479
482
481
478
479
479
483
485
483
483
486
487
487
488
488
488
486
485
488
491
490
487
489
492
492
493
491
491
492
492
493
492
495
497
496
495
492
492
495
498
499
503
503
506
505
504
503
505
507
507
503
504
505
506
505
504
506
505
509
506
505
504
505
504
503
502
500
500
501
505
508
510
509
510
511
513
513
512
514
512
511
513
514
514
515
516
517
519
522
521
519
521
521
524
527
529
529
528
526
527
529
531
532
530
530
524
526
526
527
528
527
527
524
525
526
528
531
529
533
533
534
536
535
534
536
536
536
534
536
536
536
539
538
538
539
542
544
545
549
549
551
552
550
551
550
552
554
554
555
555
552
552
549
552
554
553
554
553
557
554
552
554
554
554
556
553
552
553
555
556
554
554
557
558
555
555
556
557
556
555
556
557
555
553
555
556
554
557
558
561
566
566
568
567
567
568
570
569
569
568
570
570
571
573
571
570
571
571
573
575
574
574
574
574
574
572
574
574
576
578
581
583
585
583
584
587
590
588
592
594
592
592
590
591
591
590
592
596
596
598
597
600
600
598
600
599
597
598
597
595
597
598
600
599
603
601
604
605
605
604
605
608
609
612
612
613
613
614
613
619
619
617
618
622
623
623
622
621
620
620
619
625
625
626
630
628
627
630
631
630
632
630
630
630
631
630
625
628
629
631
632
634
639
636
638
638
638
641
639
639
637
636
635
637
635
635
635
636
638
639
637
639
639
640
638
641
648
651
652
651
653
655
653
657
654
655
654
653
654
654
653
656
657
660
665
666
671
664
662
664
666
669
668
667
668
670
672
669
667
666
670
673
676
680
678
676
677
676
675
674
672
670
671
673
676
675
672
672
673
676
675
675
672
673
673
677
679
679
676
678
678
676
674
678
681
683
681
683
687
684
682
683
684
684
684
683
682
682
688
691
691
691
696
697
698
699
701
701
697
696
699
701
700
698
699
696
695
695
695
693
694
697
700
701
706
703
701
699
701
701
699
698
699
705
704
700
700
695
697
704
704
705
701
704
702
707
704
702
701
701
702
703
704
703
704
705
704
708
714
715
710
710
711
708
704
706
703
702
701
701
704
704
704
705
706
707
707
708
713
711
708
713
712
715
718
717
715
715
713
715
716
716
717
715
718
719
717
721
717
721
721
719
720
716
714
714
714
717
717
714
711
714
713
713
717
720
722
723
717
717
722
719
719
718
718
717
720
720
721
720
717
721
721
722
720
718
721
722
721
722
725
724
723
727
727
732
733
735
731
730
733
733
732
733
728
729
729
730
729
727
730
732
734
732
734
738
739
739
736
736
738
739
743
739
739
741
743
744
743
740
742
749
748
747
744
746
746
746
750
751
749
749
754
752
753
753
754
757
756
752
753
752
751
752
754
752
753
755
752
749
752
753
753
754
754
754
756
761
762
762
761
762
762
761
762
764
767
764
764
763
764
761
760
760
760
759
761
761
762
766
766
769
769
769
769
770
776
774
772
769
765
770
770
773
770
772
774
775
779
776
776
778
775
778
776
777
783
778
781
781
776
773
770
772
772
773
778
779
782
781
783
779
783
782
784
787
786
787
788
787
786
784
786
788
795
796
795
789
791
790
791
789
789
791
795
794
791
795
794
790
794
795
798
798
801
804
802
803
800
801
801
799
798
799
800
801
801
799
797
805
806
807
811
804
804
805
804
804
802
808
808
805
808
807
805
808
803
804
802
804
809
812
813
814
813
816
816
819
816
816
810
809
808
809
813
811
808
809
813
814
812
813
814
816
813
814
820
823
821
826
828
830
828
827
828
824
824
828
830
828
823
820
821
826
831
832
834
836
832
831
831
832
833
834
832
835
834
834
833
832
829
829
830
828
831
833
834
834
835
833
831
832
830
834
838
839
838
840
840
842
842
840
840
841
841
845
848
848
847
849
849
852
852
852
852
849
850
852
854
856
856
858
861
861
860
860
859
858
861
858
859
860
858
856
856
860
858
859
861
861
862
864
865
860
864
862
861
862
863
869
869
870
871
871
870
871
873
877
879
884
886
887
887
886
887
883
884
885
883
885
885
884
882
883
883
873
882
881
882
882
878
882
882
878
880
883
881
875
877
880
882
881
883
881
884
879
884
885
887
885
888
889
890
889
890
890
888
892
890
889
885
883
882
882
883
885
882
879
875
871
874
873
873
876
876
876
879
880
882
879
883
880
876
872
874
871
872
874
877
881
888
892
893
895
891
889
887
890
893
895
894
890
889
891
893
892
895
896
897
895
898
901
901
901
900
896
900
897
899
896
896
893
895
896
896
901
899
901
898
899
899
900
900
902
903
903
901
903
905
908
911
913
910
912
911
911
917
918
915
913
915
913
915
915
915
915
912
913
913
915
915
920
920
921
926
927
924
922
923
923
920
920
920
917
914
918
918
920
918
918
918
917
921
921
921
926
924
926
930
929
931
931
929
929
930
931
926
928
930
933
930
924
927
927
928
927
922
922
922
921
917
911
910
910
916
916
914
911
908
911
908
910
910
908
908
914
910
910
908
911
914
915
917
916
919
918
916
919
918
917
915
917
914
917
918
917
919
919
921
928
925
927
925
929
926
927
929
929
934
935
937
936
936
939
941
941
939
938
933
932
930
927
929
930
930
928
929
933
934
933
933
931
932
928
928
928
933
931
933
931
931
930
932
932
935
934
937
931
931
930
932
930
924
923
928
926
928
926
928
928
928
924
925
925
927
927
932
936
937
935
934
932
935
939
937
938
934
930
932
931
928
928
922
921
921
922
927
925
925
925
928
928
929
933
936
936
932
937
939
936
941
942
942
939
937
939
938
932
938
936
935
935
933
931
935
930
932
933
933
935
935
939
936
935
936
940
941
937
939
936
938
936
939
943
948
947
952
954
955
946
942
940
938
936
936
935
937
936
941
944
948
944
943
943
941
942
940
936
942
940
940
935
936
935
936
941
942
942
945
942
940
943
941
944
944
945
947
955
956
956
960
958
956
950
951
948
948
943
942
944
941
941
939
943
943
943
945
955
954
949
950
951
956
959
952
955
955
956
957
956
955
954
953
955
956
955
960
963
958
960
961
963
968
966
967
971
969
966
968
968
967
963
963
968
966
969
968
966
969
969
972
974
973
977
982
986
987
989
987
988
990
989
990
987
988
983
983
985
985
986
988
985
980
982
979
980
979
979
986
990
994
996
996
991
991
994
994
995
999
994
989
986
986
985
985
986
991
989
992
998
997
990
994
996
995
993
990
985
986
984
987
985
984
985
980
982
986
986
987
986
987
983
981
983
986
985
986
987
985
986
989
990
989
992
992
997
999
995
995
993
994
1002
1007
1009
1009
1012
1010
1011
1011
1013
1011
1011
1009
1009
1011
1014
1013
1022
1022
1019
1016
1014
1010
1010
1008
1013
1014
1015
1015
1014
1016
1015
1018
1020
1019
1019
1017
1021
1023
1028
1027
1029
1025
1025
1025
1023
1028
1031
1034
1035
1035
1041
1041
1039
1041
1041
1045
1043
1038
1040
1046
1043
1038
1035
1038
1041
1039
1039
1035
1037
1034
1036
1034
1035
1037
1033
1028
1025
1026
1027
1026
1028
1033
1035
1038
1039
1041
1044
1046
1049
1051
1053
1051
1047
1050
1051
1053
1050
1048
1045
1047
1046
1043
1045
1050
1053
1053
1059
1056
1056
1058
1062
1062
1059
1061
1062
1064
1064
1064
1066
1068
1072
1072
1075
1073
1074
1072
1072
1071
1073
1077
1076
1080
1076
1075
1078
1080
1080
1077
1080
1078
1080
1083
1085
1084
1083
1083
1081
1080
1083
1083
1084
1085
1081
1083
1083
1085
1091
1087
1086
1093
1094
1093
1092
1096
1100
1100
1099
1098
1103
1102
1096
1094
1096
1093
1097
1101
1097
1095
1096
1093
1096
1093
1101
1102
1103
1104
1105
1107
1106
1104
1101
1103
1105
1100
1104
1109
1103
1102
1109
1103
1112
1107
1110
1110
1114
1117
1116
1115
1115
1112
1113
1112
1110
1116
1115
1115
1114
1113
1109
1110
1112
1115
1113
1109
1110
1112
1117
1117
1120
1122
1122
1122
1122
1123
1121
1124
1120
1125
1124
1124
1128
1128
1133
1133
1139
1141
1139
1139
1142
1142
1144
1147
1143
1143
1146
1148
1148
1146
1146
1143
1147
1151
1149
1151
1146
1150
1145
1146
1146
1152
1150
1147
1144
1144
1145
1147
1146
1144
1149
1149
1150
1147
1149
1151
1157
1158
1158
1156
1152
1151
1154
1160
1157
1155
1160
1160
1162
1161
1163
1159
1158
1157
1162
1161
1159
1160
1161
1164
1162
1164
1167
1169
1171
1172
1170
1171
1171
1173
1170
1172
1172
1172
1172
1178
1176
1178
1173
1173
1175
1176
1180
1178
1181
1181
1185
1185
1183
1184
1182
1180
1179
1183
1185
1186
1195
1199
1200
1205
1203
1204
1198
1200
1199
1195
1193
1196
1203
1202
1206
1205
1208
1209
1212
1212
1209
1208
1209
1207
1206
1207
1206
1213
1211
1212
1214
1211
1215
1208
1210
1215
1220
1221
1226
1224
1225
1225
1219
1223
1225
1231
1228
1221
1223
1223
1222
1225
1222
1221
1220
1224
1220
1219
1217
1215
1219
1222
1226
1229
1228
1231
1231
1231
1233
1233
1236
1232
1231
1233
1238
1240
1241
1238
1247
1246
1246
1251
1249
1256
1256
1255
1257
1254
1254
1251
1256
1252
1248
1251
1252
1255
1258
1260
1268
1266
1265
1266
1262
1263
1262
1263
1267
1258
1266
1266
1269
1270
1274
1276
1274
1270
1271
1277
1274
1276
1277
1281
1277
1278
1277
1280
1279
1276
1275
1271
1275
1278
1274
1278
1276
1268
1264
1264
1265
1267
1272
1271
1277
1275
1276
1273
1267
1269
1274
1275
1279
1279
1277
1283
1279
1282
1283
1282
1282
1283
1288
1285
1284
1281
1277
1273
1278
1276
1281
1279
1277
1276
1275
1277
1278
1280
1280
1278
1280
1280
1273
1273
1278
1279
1277
1277
1273
1272
1271
1277
1278
1282
1276
1279
1280
1280
1293
1294
1291
1291
1290
1288
1291
1300
1295
1293
1297
1293
1291
1289
1289
1293
1293
1293
1294
1302
1302
1303
1305
1304
1306
1310
1308
1310
1308
1310
1311
1309
1310
1314
1315
1314
1314
1311
1308
1314
1312
1315
1319
1321
1320
1321
1321
1321
1318
1313
1313
1316
1318
1317
1321
1324
1326
1323
1325
1321
1319
1318
1321
1321
1316
1321
1323
1327
1327
1330
1334
1330
1333
1337
1333
1335
1338
1342
1339
1341
1337
1335
1342
1337
1341
1344
1341
1338
1337
1334
1335
1333
1333
1340
1334
1336
1335
1338
1339
1337
1336
1338
1342
1347
1351
1352
1353
1357
1356
1357
1359
1353
1351
1355
1356
1351
1351
1355
1358
1361
1366
1367
1370
1366
1368
1362
1366
1368
1369
1369
1372
1377
1373
1371
1377
1371
1368
1367
1361
1360
1362
1368
1367
1371
1373
1372
1369
1369
1366
1371
1369
1377
1378
1379
1380
1382
1382
1376
1377
1375
1371
1377
1377
1369
1366
1367
1376
1375
1375
1375
1378
1376
1372
1373
1371
1369
1371
1372
1374
1377
1371
1370
1369
1370
1369
1373
1371
1378
1378
1377
1374
1379
1373
1377
1382
1377
1380
1380
1380
1378
1377
1377
1380
1380
1383
1378
1381
1382
1382
1380
1380
1385
1385
1384
1380
1378
1374
1377
1378
1377
1380
1386
1388
1383
1384
1380
1379
1376
1378
1385
1390
1389
1385
1384
1386
1380
1381
1378
1374
1371
1376
1371
1372
1380
1382
1382
1379
1379
1383
1387
1387
1388
1387
1390
1389
1388
1386
1385
1387
1386
1390
1391
1392
1391
1390
1386
1392
1390
1392
1393
1391
1394
1394
1397
1396
1398
1399
1403
1405
1404
1402
1404
1405
1402
1407
1407
1402
1401
1399
1395
1400
1405
1399
1399
1399
1400
1397
1395
1399
1400
1399
1400
1398
1398
1404
1402
1400
1402
1401
1408
1409
1407
1407
1406
1410
1412
1414
1407
1406
1406
1413
1417
1419
1421
1426
1427
1423
1421
1417
1419
1421
1416
1418
1413
1410
1412
1411
1408
1405
1409
1414
1412
1411
1410
1412
1411
1417
1421
1421
1422
1424
1428
1435
1440
1438
1435
1436
1433
1432
1431
1430
1436
1438
1438
1434
1434
1438
1438
1444
1443
1448
1445
1451
1450
1450
1450
1442
1439
1436
1441
1448
1445
1446
1446
1443
1446
1447
1453
1457
1461
1459
1461
1460
1462
1458
1458
1465
1464
1464
1460
1451
1458
1457
1461
1463
1464
1463
1461
1465
1468
1467
1461
1463
1464
1459
1463
1466
1462
1461
1461
1460
1463
1465
1464
1469
1465
1468
1473
1476
1472
1474
1472
1471
1469
1468
1473
1475
1478
1475
1473
1477
1473
1475
1479
1474
1477
1475
1469
1468
1469
1471
1469
1467
1469
1464
1465
1469
1475
1474
1479
1479
1479
1479
1480
1475
1476
1476
1475
1475
1474
1474
1473
1472
1470
1467
1470
1469
1472
1475
1474
1478
1475
1481
1488
1489
1496
1493
1495
1497
1491
1490
1488
1485
1488
1494
1493
1492
1493
1491
1488
1492
1495
1499
1498
1499
1499
1508
1509
1507
1510
1509
1512
1511
1510
1516
1517
1516
1514
1510
1513
1511
1517
1514
1515
1522
1517
1517
1514
1513
1515
1515
1514
1513
1515
1512
1511
1512
1519
1520
1524
1527
1523
1526
1534
1529
1530
1530
1532
1534
1532
1534
1534
1534
1531
1538
1534
1532
1534
1541
1539
1535
1540
1538
1534
1536
1538
1535
1534
1536
1534
1532
1534
1536
1532
1530
1532
1531
1536
1537
1537
1538
1538
1539
1536
1540
1543
1543
1541
1539
1540
1543
1539
1546
1542
1547
1543
1538
1539
1543
1541
1541
1537
1538
1538
1535
1538
1546
1546
1545
1540
1539
1540
1540
1539
1541
1539
1543
1546
1549
1549
1548
1546
1556
1555
1555
1556
1557
1560
1556
1556
1557
1561
1565
1563
1564
1563
1565
1563
1567
1567
1565
1565
1570
1576
1580
1581
1578
1581
1582
1583
1587
1588
1588
1585
1582
1580
1578
1580
1581
1581
1579
1579
1576
1580
1584
1580
1592
1592
1589
1589
1589
1591
1590
1587
1593
1594
1597
1592
1590
1590
1588
1581
1585
1591
1587
1586
1588
1585
1592
1589
1587
1597
1597
1599
1600
1598
1594
1598
1604
1599
1597
1594
1597
1591
1589
1591
1592
1597
1596
1599
1596
1596
1601
1605
1604
1606
1604
1602
1605
1603
1607
1603
1601
1597
1603
1610
1606
1604
1604
1600
1600
1605
1606
1605
1604
1604
1610
1600
1599
1601
1604
1604
1607
1601
1599
1596
1598
1595
1603
1607
1604
1610
1610
1614
1617
1619
1613
1619
1618
1615
1615
1616
1614
1614
1618
1615
1620
1616
1616
1611
1618
1620
1616
1615
1614
1612
1614
1619
1622
1617
1620
1619
1618
1615
1616
1619
1619
1620
1623
1615
1619
1620
1625
1619
1620
1612
1613
1614
1617
1619
1619
1615
1615
1617
1613
1612
1612
1612
1613
1608
1606
1610
1606
1612
1615
1614
1611
1608
1606
1606
1609
1618
1618
1618
1617
1616
1618
1622
1622
1624
1622
1620
1620
1620
1619
1620
1620
1622
1621
1620
1619
1626
1619
1619
1615
1609
1611
1617
1623
1625
1621
1625
1623
1619
1624
1624
1622
1624
1623
1618
1629
1626
1624
1623
1624
1625
1628
1630
1634
1634
1631
1635
1635
1635
1632
1637
1638
1639
1635
1634
1642
1642
1646
1647
1648
1648
1648
1647
1650
1654
1656
1659
1653
1653
1652
1652
1654
1657
1660
1665
1659
1656
1656
1656
1654
1653
1653
1656
1657
1655
1658
1661
1664
1666
1662
1660
1668
1666
1661
1662
1666
1667
1673
1672
1670
1677
1676
1679
1684
1684
1682
1682
1681
1680
1680
1681
1686
1687
1683
1679
1680
1681
1681
1681
1680
1680
1679
1679
1678
1680
1682
1680
1679
1679
1676
1677
1681
1686
1690
1691
1688
1695
1698
1698
1694
1699
1700
1702
1706
1699
1694
1697
1697
1694
1688
1687
1695
1696
1699
1692
1695
1704
1703
1709
1708
1707
1711
1711
1715
1713
1710
1706
1705
1708
1712
1710
1707
1707
1703
1702
1698
1703
1708
1709
1713
1709
1710
1710
1713
1707
1709
1710
1709
1712
1703
1701
1696
1700
1695
1700
1703
1705
1711
1704
1710
1713
1718
1715
1711
1706
1709
1702
1708
1712
1717
1717
1719
1711
1718
1719
1723
1717
1716
1720
1719
1719
1727
1719
1718
1724
1726
1724
1720
1723
1720
1719
1715
1716
1719
1721
1723
1724
1729
1727
1724
1725
1727
1727
1730
1725
1729
1731
1728
1729
1726
1728
1732
1733
1738
1735
1738
1745
1749
1750
1752
1752
1743
1740
1741
1738
1740
1746
1743
1740
1743
1739
1736
1741
1746
1745
1751
1750
1748
1748
1744
1757
1752
1752
1758
1759
1761
1756
1757
1756
1754
1752
1755
1760
1756
1761
1766
1773
1761
1760
1757
1762
1757
1759
1758
1758
1761
1755
1752
1751
1748
1752
1757
1753
1759
1763
1762
1759
1767
1767
1764
1765
1762
1761
1758
1754
1754
1755
1756
1755
1761
1761
1762
1765
1764
1763
1762
1756
1755
1759
1763
1757
1756
1768
1769
1771
1768
1763
1763
1760
1757
1759
1762
1761
1763
1766
1766
1770
1769
1770
1780
1783
1779
1779
1775
1775
1777
1771
1774
1777
1774
1778
1774
1773
1769
1763
1765
1770
1771
1774
1775
1772
1771
1775
1772
1779
1780
1780
1781
1780
1775
1772
1782
1785
1787
1792
1796
1796
1793
1793
1790
1789
1788
1787
1789
1794
1795
1800
1802
1804
1805
1799
1801
1801
1792
1787
1789
1791
1794
1792
1790
1789
1788
1791
1796
1797
1794
1797
1798
1796
1786
1793
1790
1795
1804
1804
1810
1810
1813
1808
1808
1805
1802
1806
1804
1797
1791
1791
1786
1786
1787
1788
1785
1788
1788
1786
1782
1782
1782
1778
1782
1783
1780
1785
1788
1790
1788
1794
1791
1801
1801
1807
1808
1806
1806
1806
1804
1809
1812
1814
1809
1810
1808
1809
1812
1805
1807
1808
1809
1808
1809
1807
1811
1810
1809
1811
1813
1818
1817
1808
1808
1813
1813
1820
1816
1816
1813
1817
1812
1814
1821
1826
1821
1821
1816
1817
1823
1830
1827
1826
1823
1824
1820
1823
1817
1819
1828
1825
1827
1829
1828
1828
1828
1830
1833
1837
1830
1831
1832
1835
1831
1831
1834
1827
1825
1822
1824
1824
1823
1832
1838
1835
1832
1831
1833
1832
1829
1829
1835
1839
1835
1837
1833
1830
1826
1832
1834
1836
1840
1846
1850
1850
1856
1853
1850
1858
1861
1863
1860
1858
1855
1861
1858
1848
1851
1850
1845
1846
1848
1844
1848
1844
1849
1850
1850
1855
1856
1858
1859
1868
1866
1859
1864
1865
1866
1869
1868
1868
1871
1869
1870
1868
1868
1864
1861
1864
1857
1855
1855
1851
1849
1852
1848
1851
1852
1850
1853
1850
1851
1849
1848
1849
1850
1851
1850
1856
1859
1858
1866
1864
1865
1869
1870
1873
1873
1880
1882
1878
1875
1871
1874
1876
1876
1875
1873
1869
1875
1879
1877
1874
1878
1881
1878
1878
1881
1876
1880
1877
1879
1886
1884
1890
1892
1891
1887
1889
1890
1891
1894
1890
1889
1889
1892
1891
1898
1891
1890
1891
1892
1888
1889
1893
1893
1889
1885
1888
1888
1887
1894
1886
1883
1882
1882
1892
1889
1887
1886
1882
1880
1886
1889
1887
1889
1891
1892
1890
1892
1891
1900
1896
1891
1890
1894
1896
1897
1892
1890
1888
1888
1885
1875
1876
1878
1877
1880
1888
1897
1896
1893
1890
1884
1886
1882
1883
1877
1875
1884
1884
1882
1876
1881
1882
1886
1887
1890
1890
1892
1897
1900
1908
1907
1904
1901
1907
1903
1904
1900
1899
1900
1904
1905
1908
1905
1901
1900
1909
1907
1901
1901
1907
1912
1917
1925
1925
1920
1924
1917
1913
1913
1917
1919
1916
1913
1917
1914
1909
1917
1913
1915
1915
1910
1911
1909
1909
1909
1907
1908
1912
1911
1917
1914
1917
1920
1917
1917
1916
1910
1909
1904
1904
1905
1903
1902
1905
1907
1909
1911
1910
1904
1907
1915
1919
1916
1916
1917
1921
1920
1926
1926
1930
1931
1931
1933
1938
1936
1933
1932
1935
1937
1937
1936
1930
1934
1931
1935
1940
1936
1938
1941
1938
1941
1938
1937
1932
1940
1939
1940
1933
1938
1932
1927
1933
1931
1933
1936
1929
1931
1934
1938
1938
1938
1940
1937
1936
1944
1945
1940
1943
1945
1942
1946
1948
1945
1948
1953
1942
1941
1945
1947
1941
1938
1936
1939
1936
1929
1925
1927
1936
1940
1940
1934
1935
1935
1941
1942
1948
1947
1949
1944
1949
1945
1947
1942
1944
1948
1952
1945
1937
1936
1936
1933
1935
1939
1938
1936
1936
1934
1931
1924
1925
1929
1937
1941
1942
1945
1947
1945
1945
1948
1943
1938
1943
1947
1954
1949
1950
1953
1957
1954
1960
1959
1959
1961
1958
1954
1956
1961
1966
1967
1965
1967
1966
1965
1962
1963
1965
1965
1964
1968
1968
1968
1976
1978
1977
1979
1979
1978
1975
1972
1975
1974
1974
1973
1974
1979
1973
1972
1975
1969
1974
1976
1977
1971
1972
1969
1967
1965
1967
1970
1969
1968
1967
1971
1968
1958
1964
1965
1965
1961
1966
1963
1965
1966
1960
1959
1961
1963
1956
1954
1950
1954
1951
1947
1952
1951
1952
1945
1941
1941
1938
1942
1942
1945
1943
1945
1944
1944
1946
1941
1948
1948
1947
1955
1960
1955
1953
1953
1957
1957
1962
1965
1966
1966
1969
1966
1960
1964
1965
1965
1970
1971
1966
1968
1961
1960
1957
1956
1950
1955
1957
1948
1953
1948
1949
1952
1950
1955
1959
1961
1964
1964
1968
1971
1969
1972
1973
1978
1972
1975
1968
1967
1968
1966
1967
1961
1965
1964
1961
1960
1961
1963
1963
1970
1969
1966
1964
1967
1965
1960
1962
1959
1963
1954
1953
1953
1956
1959
1959
1965
1967
1971
1977
1973
1979
1980
1980
1980
1977
1977
1976
1975
1973
1977
1981
1976
1979
1978
1981
1985
1986
1989
1984
1977
1973
1975
1965
1966
1970
1975
1973
1973
1975
1979
1982
1985
1980
1975
1979
1983
1984
1981
1979
1981
1981
1990
1986
1994
1995
1990
1991
1987
1992
1987
1992
1996
1992
1993
1993
1995
2001
2001
2004
2002
2008
2004
2000
2002
2003
1999
2003
2001
2011
2014
2021
2013
2004
2009
2004
2006
2005
2012
2014
2012
2013
2015
2014
2017
2016
2019
2016
2014
2014
2021
2023
2019
2017
2017
2014
2020
2024
2022
2020
2018
2017
2016
2017
2017
2023
2020
2017
2017
2016
2015
2016
2020
2016
2021
2016
2019
2020
2020
2015
2025
2027
2033
2039
2029
2025
2025
2029
2026
2027
2026
2035
2033
2033
2033
2033
2026
2027
2026
2028
2028
2029
2039
2042
2034
2035
2041
2042
2043
2040
2042
2033
2030
2027
2026
2028
2032
2027
2027
2028
2022
2019
2020
2024
2024
2030
2030
2034
2030
2027
2025
2026
2029
2026
2028
2024
2025
2026
2030
2028
2025
2032
2035
2040
2041
2041
2038
2036
2034
2033
2030
2031
2028
2023
2033
2039
2038
2043
2045
2039
2036
2035
2040
2037
2040
2036
2036
2040
2042
2050
2045
2046
2047
2046
2047
2046
2044
2041
2040
2039
2039
2043
2041
2040
2041
2038
2040
2042
2036
2035
2037
2038
2045
2040
2039
2041
2048
2045
2042
2044
2046
2037
2038
2038
2034
2042
2041
2041
2041
2032
2033
2036
2039
2037
2045
2052
2050
2053
2049
2047
2051
2055
2053
2052
2059
2050
2049
2054
2056
2054
2048
2054
2051
2048
2050
2044
2039
2043
2055
2056
2057
2057
2057
2057
2056
2053
2057
2064
2065
2064
2067
2066
2069
2077
2079
2076
2080
2084
2086
2086
2087
2089
2090
2092
2094
2093
2094
2094
2098
2103
2095
2095
2092
2093
2083
2087
2091
2095
2099
2100
2104
2104
2101
2109
2105
2107
2110
2110
2113
2115
2114
2114
2116
2120
2121
2119
2120
2126
2124
2132
2126
2124
2126
2128
2133
2134
2136
2136
2133
2130
2125
2121
2118
2123
2123
2125
2123
2123
2124
2128
2125
2132
2129
2126
2127
2131
2127
2133
2137
2140
2133
2134
2139
2136
2142
2138
2144
2144
2148
2153
2148
2147
2142
2140
2143
2144
2146
2146
2146
2142
2143
2140
2137
2135
2137
2140
2142
2142
2137
2142
2143
2143
2137
2130
2134
2137
2142
2146
2154
2160
2158
2157
2157
2160
2157
2156
2151
2158
2152
2154
2153
2152
2162
2162
2165
2155
2158
2154
2154
2153
2156
2150
2144
2143
2148
2146
2151
2156
2161
2167
2167
2163
2156
2154
2145
2145
2145
2145
2143
2143
2142
2144
2141
2138
2139
2144
2147
2152
2153
2157
2154
2154
2156
2163
2155
2146
2149
2156
2156
2153
2152
2155
2162
2166
2163
2158
2159
2157
2163
2169
2169
2161
2160
2161
2162
2161
2152
2151
2150
2144
2146
2142
2146
2151
2150
2151
2151
2153
2152
2154
2147
2152
2162
