0.0005903448275862068 0.001
300
295
293
285
281
275
270
269
267
263
259
257
257
254
251
247
246
246
244
241
233
233
230
230
227
227
228
226
222
222
221
218
217
219
221
218
218
219
218
218
220
218
215
214
213
210
208
208
206
206
206
207
205
204
203
202
204
203
200
198
198
199
200
199
197
197
194
195
195
196
195
198
197
198
196
195
196
196
196
193
193
193
193
192
192
192
194
194
194
191
191
191
192
192
191
188
191
191
190
190
189
188
189
187
187
188
187
188
190
191
190
189
191
191
191
196
196
195
196
193
193
194
192
192
192
194
196
195
194
194
194
195
200
199
200
201
200
197
195
195
194
196
196
195
194
193
192
194
195
195
195
196
192
193
192
193
193
191
193
191
191
192
190
192
192
191
191
190
190
189
189
189
189
187
185
186
185
184
183
183
181
182
182
184
184
184
184
184
185
187
187
188
190
191
191
193
194
192
192
192
195
196
195
193
192
192
193
190
191
189
190
191
192
193
192
191
192
191
193
191
191
186
184
185
186
187
187
189
189
188
188
187
189
191
191
189
190
189
190
189
190
190
189
185
185
186
185
184
184
184
186
187
187
186
188
185
185
185
184
184
184
183
184
185
186
188
188
187
188
188
185
185
185
185
184
184
184
186
184
183
183
183
180
180
178
179
179
180
180
182
184
184
183
183
184
185
184
182
182
182
180
179
183
184
185
184
184
183
182
182
182
182
183
184
183
184
185
184
183
182
180
179
178
181
180
180
180
180
182
181
181
180
179
179
178
177
176
177
178
178
178
178
178
178
179
178
178
178
178
180
178
177
176
177
177
179
180
180
179
183
183
183
182
182
180
179
178
179
180
181
179
178
180
182
184
185
185
184
184
184
182
181
181
181
180
182
181
179
178
181
182
182
182
182
183
183
182
182
182
183
184
186
185
185
187
186
185
185
184
182
182
181
180
182
182
181
182
181
180
181
179
179
178
177
177
177
178
180
180
179
179
179
179
180
179
179
180
179
180
181
181
181
179
181
180
180
182
182
178
178
177
179
178
178
178
176
176
178
179
179
180
178
179
179
183
182
182
180
180
181
181
183
181
181
178
177
177
176
175
174
174
174
173
173
173
172
172
172
172
173
172
172
171
172
172
174
173
173
173
174
175
174
173
174
175
174
174
176
176
177
178
177
176
174
174
175
176
176
177
176
178
176
177
177
179
179
178
178
179
179
177
177
178
179
179
176
177
177
177
176
177
175
175
176
176
176
177
176
176
175
177
177
177
177
176
177
177
178
179
180
181
181
182
181
182
181
180
179
178
181
182
179
181
181
180
178
176
178
179
178
178
179
177
176
175
176
175
175
175
175
176
177
177
176
176
178
180
180
180
181
182
182
186
186
186
184
181
179
180
180
181
179
178
178
177
178
180
180
179
179
178
179
178
176
176
176
177
175
177
174
175
175
175
175
174
175
172
173
175
177
174
176
175
173
173
174
172
173
172
172
171
168
168
170
170
171
171
170
169
168
169
169
169
170
167
166
165
164
164
164
164
164
166
167
167
168
170
170
168
167
168
169
170
169
169
168
167
167
167
166
165
166
166
166
166
169
167
167
164
163
166
166
165
166
168
167
168
168
168
167
169
170
170
171
171
171
173
172
171
171
171
171
171
170
170
170
170
167
168
169
171
168
169
169
167
168
170
169
168
169
170
169
168
167
168
170
170
169
169
169
169
171
172
173
171
172
169
169
168
167
168
170
171
171
170
173
173
172
172
174
175
176
175
175
176
177
174
177
177
175
175
174
176
174
173
173
174
177
175
175
174
176
175
176
176
174
174
172
170
170
170
168
170
172
171
171
168
168
170
170
169
169
170
170
170
171
170
170
168
168
168
168
169
169
168
165
164
165
165
164
164
167
168
167
166
168
168
169
171
170
170
169
167
167
169
167
161
160
159
160
161
161
161
161
161
160
160
160
160
160
158
155
158
157
157
156
158
160
161
162
161
161
161
160
161
161
161
162
162
163
164
163
162
161
160
162
161
160
160
160
160
160
160
161
161
159
158
157
156
158
159
160
161
160
161
160
158
157
157
157
157
157
156
158
161
159
159
159
160
160
160
160
159
157
157
160
161
162
163
163
162
162
164
163
163
161
160
159
160
161
160
162
162
162
162
163
165
165
165
165
164
163
164
164
163
162
164
160
158
157
156
154
157
157
155
157
157
156
154
155
154
154
155
156
154
155
153
153
153
154
154
154
153
154
154
154
154
155
155
155
155
155
155
156
154
156
156
156
156
156
155
155
155
154
154
154
154
154
154
155
157
157
156
157
158
155
156
157
159
159
159
159
159
160
158
158
156
156
157
155
155
156
155
155
154
154
155
154
154
155
154
154
155
155
155
155
154
154
156
156
158
157
158
158
159
158
159
159
160
159
158
159
157
157
157
157
155
155
154
153
154
153
153
153
155
156
155
155
154
151
153
154
153
155
157
158
159
161
159
157
159
157
156
156
155
155
157
158
159
160
157
155
154
153
153
152
153
153
157
157
156
156
155
154
151
151
150
148
147
147
147
148
148
149
149
148
148
146
146
146
147
147
148
151
151
151
153
154
155
154
152
152
150
150
149
150
150
151
151
151
151
151
152
153
155
155
155
157
157
158
157
158
155
155
155
154
153
152
150
149
149
148
149
151
150
150
151
150
151
151
152
154
154
155
155
155
154
154
154
153
154
154
153
152
152
151
153
153
152
152
153
153
154
154
155
154
153
153
152
153
152
151
151
150
148
148
148
148
148
148
147
147
146
148
149
149
149
149
150
149
149
149
148
150
152
152
150
152
152
152
150
150
151
152
153
153
152
153
150
149
149
151
150
152
151
151
151
150
150
149
145
145
146
144
142
142
143
144
146
144
146
147
148
148
148
148
148
145
143
146
147
147
147
147
146
147
148
147
147
147
146
145
146
147
148
148
147
148
151
150
149
148
149
148
149
149
151
151
151
151
149
149
148
147
146
145
145
144
144
145
145
146
147
147
147
148
148
148
147
146
146
144
143
145
146
144
144
144
144
144
144
143
145
144
142
142
142
142
142
142
141
141
142
142
142
144
143
143
143
143
142
143
145
145
145
144
143
143
144
143
144
145
144
144
144
144
146
143
142
142
143
143
141
142
142
141
143
142
143
144
144
144
144
144
144
147
147
149
152
152
153
149
148
148
147
147
146
147
146
147
148
147
146
147
147
149
147
147
148
146
147
145
145
144
144
143
143
146
144
144
144
145
144
144
143
143
144
145
145
146
146
143
142
142
142
142
143
143
142
143
142
143
144
142
142
142
142
141
142
143
143
143
143
142
143
144
143
144
142
142
144
144
143
144
145
146
145
145
144
144
144
144
144
141
139
139
140
141
142
141
141
141
143
147
147
147
149
148
146
147
145
145
144
142
143
144
143
142
142
142
142
143
143
144
143
142
141
140
139
141
141
142
142
142
142
140
139
138
139
138
140
141
138
139
139
138
139
138
139
139
140
141
141
143
141
141
139
138
138
138
139
141
140
140
142
141
139
140
140
139
139
138
137
137
137
138
138
138
138
139
139
139
139
138
137
138
137
137
137
136
136
136
138
139
140
142
142
141
142
142
141
142
142
142
142
143
142
141
139
141
143
143
143
143
143
141
141
141
141
142
144
142
143
144
143
142
143
141
142
141
141
141
140
139
139
139
140
141
143
144
144
143
143
144
144
144
145
144
143
143
144
145
146
146
145
144
144
140
140
140
140
140
139
137
138
136
136
136
135
136
136
137
138
139
139
138
139
139
139
139
140
139
140
141
144
148
150
151
150
150
148
148
149
149
147
148
146
144
144
146
146
146
146
144
144
144
143
144
144
144
143
144
145
145
144
144
143
143
142
141
142
140
141
141
139
140
140
140
139
139
137
137
139
139
139
139
137
136
136
137
137
136
137
137
138
138
139
141
140
143
143
143
143
143
142
139
139
139
139
139
140
140
141
141
141
141
139
139
140
140
140
140
141
140
138
139
138
138
141
142
141
141
140
139
139
140
140
141
142
141
140
140
142
142
141
139
139
139
139
137
137
138
138
141
142
141
141
140
141
137
136
134
133
133
133
133
133
133
133
134
134
134
132
132
134
134
133
133
132
134
134
134
134
134
134
133
133
134
134
135
135
135
134
135
137
138
138
139
138
138
139
137
137
137
138
138
138
138
137
137
137
140
140
140
140
140
140
139
139
139
138
138
138
138
138
140
142
142
141
141
141
141
139
137
138
138
139
137
137
137
141
142
142
143
142
142
143
142
144
146
143
142
142
141
140
140
139
141
143
142
140
139
138
137
135
135
136
136
136
136
137
138
138
136
134
134
133
134
135
136
136
135
136
137
137
136
136
136
134
134
134
135
136
134
134
134
135
135
135
135
134
136
136
137
137
136
136
137
139
137
137
137
138
138
138
138
138
138
140
140
140
139
138
138
140
140
139
140
140
141
141
138
138
137
137
138
139
139
139
138
137
137
137
137
136
135
134
133
135
134
134
137
138
138
135
136
136
137
138
138
139
138
139
138
138
138
137
135
135
137
137
137
140
138
136
135
134
134
134
135
135
135
134
134
134
131
132
131
133
133
131
132
132
131
129
128
128
129
131
131
133
134
134
135
135
135
137
137
138
137
138
139
139
140
138
138
138
136
136
138
137
137
137
140
140
140
141
142
141
142
139
138
135
137
136
136
136
136
137
138
137
137
136
136
137
139
139
139
138
136
136
135
134
135
135
135
137
136
136
133
130
131
129
129
129
130
130
131
131
130
131
133
132
132
133
132
132
133
132
133
134
134
132
132
133
132
134
134
133
133
132
131
131
130
130
131
131
131
132
131
132
134
135
135
135
134
134
136
135
135
135
135
135
136
136
136
136
133
132
132
133
132
132
132
136
135
133
133
134
132
133
133
132
132
133
132
132
131
129
130
131
131
132
130
130
129
129
129
129
129
129
130
130
130
131
130
132
129
129
130
129
128
126
127
127
128
128
129
129
130
133
133
129
129
129
130
130
131
129
130
130
130
130
130
130
130
130
129
131
131
132
132
132
132
132
131
131
133
134
134
133
131
130
132
131
132
130
131
134
133
132
132
132
132
132
132
132
133
132
135
137
136
137
138
137
137
136
135
134
132
133
135
134
133
132
130
130
131
132
130
129
131
132
134
135
134
134
135
135
134
134
135
134
134
133
132
132
132
132
132
131
131
130
130
130
131
130
131
131
132
132
133
133
133
133
132
133
132
131
131
130
130
129
130
131
133
133
132
130
129
128
128
128
128
128
127
126
127
126
127
126
125
125
126
127
128
128
128
130
131
131
132
129
129
127
128
127
128
129
128
128
130
130
129
129
129
129
129
131
132
131
132
132
132
133
131
133
133
133
134
135
135
132
133
133
133
133
133
134
134
133
133
133
133
133
133
133
135
132
132
133
133
131
132
132
133
133
133
134
134
133
132
129
128
128
128
129
130
128
126
125
127
127
127
126
127
128
128
128
127
128
129
130
131
130
130
130
129
130
130
130
128
127
128
127
126
126
126
127
127
128
128
128
130
129
127
128
129
129
130
129
129
128
127
127
125
126
128
129
128
128
127
127
125
125
125
125
125
127
126
125
125
123
125
124
125
125
124
124
124
124
126
125
124
126
127
125
126
127
127
124
124
124
122
121
120
120
120
122
122
122
122
122
121
122
124
124
125
124
124
122
122
122
122
124
123
123
123
123
123
123
123
123
124
125
126
125
125
129
128
127
127
129
129
128
128
129
128
128
130
130
132
132
131
130
128
127
127
127
127
127
128
128
128
129
129
129
128
128
128
128
127
127
128
127
126
127
128
128
129
132
131
131
132
131
131
132
131
131
132
134
135
134
133
131
130
128
127
126
125
125
125
125
125
126
127
127
127
126
128
129
129
128
128
127
127
129
129
129
129
127
128
128
127
128
129
129
126
125
125
125
126
126
125
125
126
124
123
123
124
123
123
123
123
123
123
124
124
124
125
125
126
126
126
124
124
122
123
123
124
124
124
124
122
121
121
121
122
122
122
122
122
123
123
123
123
125
127
126
125
125
125
125
125
125
125
125
124
125
125
125
127
128
127
125
125
124
125
125
125
124
124
124
126
127
127
126
125
124
124
124
125
124
125
125
126
125
125
125
124
124
123
123
123
123
124
123
123
124
122
121
121
121
121
123
124
123
124
124
125
123
122
122
121
121
121
121
122
124
124
123
124
124
123
123
123
122
122
121
122
124
123
123
122
121
122
122
122
122
122
122
122
123
125
126
125
124
123
124
123
124
123
123
124
123
122
120
121
119
119
120
118
119
121
121
121
122
121
122
122
121
120
120
120
120
121
122
123
123
123
123
125
124
123
123
122
121
119
119
118
118
119
119
119
119
118
118
116
116
116
115
115
116
115
115
115
115
117
118
120
120
120
122
121
121
121
121
120
120
120
120
122
123
123
123
123
124
124
124
124
123
124
124
122
124
125
124
125
124
123
122
123
123
121
119
119
119
118
118
119
118
117
117
117
117
118
117
117
116
116
115
116
117
116
116
117
117
118
117
117
117
117
117
118
121
120
119
119
119
119
119
119
119
119
119
119
119
119
119
119
118
118
118
118
119
118
119
118
119
120
119
120
121
121
119
118
118
117
117
118
119
117
117
118
118
118
120
120
119
120
121
120
120
119
120
120
120
119
119
119
120
119
121
121
123
122
122
123
122
123
123
124
123
122
121
120
120
121
119
119
118
118
118
118
118
119
119
119
120
120
119
120
121
121
122
122
122
121
121
121
120
120
122
120
121
120
121
120
120
120
120
119
118
118
118
117
117
117
117
117
117
117
117
117
117
117
117
116
116
116
116
116
114
114
114
116
116
115
115
116
116
118
117
117
118
118
118
119
118
118
118
119
121
120
119
117
118
117
118
118
118
118
117
116
117
117
117
117
117
116
117
119
118
117
118
117
117
117
118
120
122
121
119
119
119
119
119
120
121
122
122
120
120
120
119
119
117
117
117
116
117
117
118
118
119
119
118
118
117
118
118
119
120
120
120
118
118
118
118
120
120
121
122
123
123
123
121
122
120
120
120
120
119
119
117
115
114
114
114
115
115
115
117
117
117
116
113
114
114
113
111
112
113
113
113
113
113
114
113
113
114
113
113
114
114
114
115
113
113
114
114
116
115
115
114
113
114
114
115
115
116
114
113
113
113
113
113
115
115
115
114
114
113
113
113
115
114
114
117
117
116
115
116
116
115
114
115
115
115
115
115
114
114
114
115
115
114
112
112
112
112
111
112
112
112
112
111
113
110
111
112
113
113
112
113
112
111
110
110
110
110
110
110
110
109
109
108
108
109
109
108
108
109
109
110
108
108
108
107
107
107
107
107
108
109
110
110
111
112
112
110
110
111
109
109
109
109
109
109
111
112
113
113
113
113
117
116
117
117
116
115
117
114
114
114
113
113
111
111
111
111
112
111
111
110
110
110
110
111
111
111
111
113
112
112
113
114
114
114
115
114
113
115
115
115
115
115
113
112
113
114
114
115
114
114
114
114
114
113
112
113
114
114
114
114
114
113
112
113
114
114
114
115
115
115
116
116
117
115
113
114
113
114
115
115
115
115
115
116
116
114
114
114
114
114
113
111
111
111
110
108
108
107
107
107
108
108
109
109
109
109
108
108
108
107
107
108
109
109
108
108
108
108
108
107
107
108
108
108
108
107
110
109
109
109
109
109
109
110
111
111
112
112
112
113
112
112
111
111
112
113
113
111
111
111
111
110
110
108
109
110
110
109
109
110
111
110
109
109
110
111
111
110
111
111
111
112
112
111
111
111
110
109
109
109
106
106
106
106
108
108
107
110
110
110
110
110
111
111
108
107
107
107
106
106
105
106
107
107
107
107
108
107
107
107
105
106
105
105
104
103
103
105
105
106
107
106
104
103
104
105
105
105
105
105
105
106
105
107
105
104
104
104
104
104
103
103
104
105
104
104
104
104
102
102
102
103
104
104
104
105
106
106
106
106
106
107
108
107
107
107
109
109
108
108
107
107
107
108
107
106
106
106
106
108
107
106
106
106
104
104
104
104
104
105
106
107
107
105
104
105
105
107
108
108
108
107
109
109
109
108
109
109
109
109
109
107
107
107
107
108
108
107
107
106
106
105
105
105
105
105
105
105
105
105
105
105
105
105
104
105
106
107
107
107
107
105
106
107
107
106
105
105
103
104
105
104
105
104
105
106
105
106
106
107
107
107
110
110
110
112
110
111
111
112
112
112
111
111
111
110
110
110
109
111
111
111
109
108
107
106
106
107
105
105
104
104
104
104
104
104
104
104
104
105
106
107
107
107
107
106
106
107
108
107
107
108
108
109
109
111
110
110
109
109
108
108
107
106
106
105
106
105
105
106
105
106
106
107
106
106
105
105
104
104
104
103
103
103
103
102
104
103
103
103
104
104
103
104
102
104
104
104
105
107
107
106
106
106
105
105
105
106
104
103
103
102
103
103
103
102
102
102
103
103
102
102
101
100
100
100
101
101
101
101
101
102
101
102
103
103
105
103
103
104
103
102
102
102
102
104
103
104
105
104
104
106
105
104
105
106
106
105
105
106
106
107
107
107
104
106
105
105
104
104
105
104
104
103
101
101
101
103
103
103
103
103
106
107
108
107
108
109
109
108
109
109
109
109
109
108
108
108
107
108
108
108
110
109
110
110
109
106
106
106
106
108
105
105
106
106
105
103
103
104
104
103
102
102
102
103
102
103
103
103
103
103
103
103
102
102
103
103
102
103
105
104
104
105
106
105
105
105
105
106
106
106
105
105
106
106
106
106
106
107
107
106
105
106
105
105
105
105
104
104
104
105
104
104
105
105
104
104
104
105
106
106
106
104
104
104
104
105
105
105
103
103
104
104
105
105
103
103
104
106
107
105
105
105
105
105
105
106
106
104
104
103
103
103
103
102
102
103
104
103
103
104
104
105
105
106
107
105
105
105
104
104
105
105
105
105
104
105
104
104
102
102
102
104
103
103
105
106
106
106
106
106
106
105
105
105
105
105
105
104
103
102
102
102
104
104
103
103
104
105
104
105
106
106
107
107
107
106
105
106
106
107
108
109
108
109
108
108
107
109
108
107
107
108
108
109
108
108
108
107
106
105
105
106
107
107
106
107
107
107
107
107
107
107
106
106
107
107
106
106
107
107
107
108
110
110
110
109
107
105
105
105
105
105
104
105
105
106
104
104
104
104
104
104
104
103
104
106
106
104
104
105
106
103
103
104
104
104
104
104
104
102
104
104
104
103
103
103
105
104
102
102
103
103
103
103
103
103
104
105
106
106
106
104
104
103
104
103
103
103
103
104
104
104
102
102
104
104
104
104
105
106
106
106
106
106
106
106
106
107
105
104
104
102
102
103
104
103
103
103
103
103
103
102
102
102
103
103
104
103
103
103
103
103
102
102
102
102
104
104
103
103
104
103
103
103
103
103
102
103
102
102
102
101
101
102
102
103
102
101
101
102
102
102
101
103
103
103
103
104
103
103
104
104
104
104
105
106
105
104
104
105
105
105
105
104
104
105
106
106
109
110
108
107
107
108
107
106
105
105
104
103
102
104
104
105
105
103
102
101
102
101
101
103
104
105
102
102
103
103
103
102
102
102
104
103
103
103
103
101
100
100
101
100
100
100
99
99
99
99
98
98
98
98
98
98
98
99
100
98
98
98
98
98
98
99
100
100
100
100
100
101
102
102
102
101
101
102
101
101
101
99
100
99
99
99
98
98
98
99
99
99
99
98
98
98
98
98
100
100
100
100
100
100
100
101
101
100
100
101
101
101
102
101
100
100
101
102
103
102
102
102
102
102
102
102
103
103
104
105
104
103
102
102
102
103
103
104
104
105
106
106
106
107
106
106
105
105
103
103
103
102
102
102
102
102
102
102
103
101
100
100
100
99
99
99
99
100
99
99
100
100
102
102
102
102
100
100
100
100
99
99
100
100
99
99
101
100
99
99
99
99
102
102
102
102
102
102
102
101
101
101
99
99
100
100
100
101
100
100
100
100
100
101
102
102
102
102
102
102
102
101
101
101
102
102
102
101
102
102
102
101
101
104
104
103
105
104
104
104
103
103
102
104
104
103
103
105
105
105
106
106
106
105
106
106
104
103
102
102
102
103
104
104
103
103
103
103
103
104
103
104
106
103
102
102
101
101
101
101
101
101
101
101
101
100
99
99
99
99
99
99
99
98
97
97
97
98
99
100
100
100
100
100
100
100
100
100
101
101
100
100
100
101
102
104
105
105
105
106
106
106
106
105
106
106
106
108
108
107
107
108
109
109
109
111
111
110
112
108
110
108
108
107
106
105
104
104
104
105
104
105
106
108
112
112
112
111
111
111
112
110
108
109
109
108
108
107
107
107
107
106
107
107
107
106
107
109
110
110
108
108
108
109
109
109
108
109
109
109
110
110
109
109
109
109
108
109
110
109
109
111
111
109
108
105
103
103
102
102
103
103
103
104
104
104
104
105
105
106
103
102
103
103
104
103
103
102
103
103
101
100
100
100
101
102
102
102
101
99
99
99
98
99
100
100
98
97
97
96
96
97
97
97
97
96
96
97
97
96
98
98
97
97
98
98
98
99
99
99
97
96
97
97
97
97
97
96
97
98
97
98
98
98
97
97
97
97
97
97
97
97
97
97
98
97
98
98
97
97
97
96
95
95
95
95
95
95
95
95
95
95
95
95
95
95
95
95
95
95
95
95
96
95
95
95
95
95
95
96
97
97
98
98
98
98
98
98
97
98
98
100
100
100
102
101
101
102
101
101
99
99
100
100
100
99
99
99
99
100
100
101
102
102
102
101
101
103
103
102
103
104
104
104
104
104
104
103
103
101
103
103
100
101
101
100
99
100
100
100
100
98
98
99
100
100
100
101
101
101
103
102
102
101
104
104
103
103
104
102
101
100
99
97
97
97
97
98
97
97
97
96
98
98
99
98
98
98
98
99
100
100
101
101
102
103
104
104
102
102
103
102
100
99
98
98
98
99
98
98
96
96
96
96
97
97
96
96
97
97
97
97
97
97
98
98
101
98
98
97
99
99
100
100
99
98
97
97
97
96
96
96
96
96
94
94
94
94
94
94
97
97
97
97
96
95
95
95
96
96
96
96
96
96
95
95
95
96
97
96
96
96
96
96
96
96
95
95
95
95
95
95
94
94
95
94
95
98
99
99
98
97
97
98
98
99
100
100
99
99
98
99
99
99
99
98
100
100
101
102
102
101
101
100
98
97
96
96
96
96
95
94
95
95
95
