0.0005220689655172415 0.0001124137931034483
300
301
301
301
301
299
299
299
299
296
294
294
295
295
295
297
297
297
299
299
299
299
299
299
301
302
303
303
305
307
307
307
307
307
307
309
309
310
313
312
313
314
315
318
317
316
316
317
318
320
320
320
321
322
324
325
325
326
326
328
327
330
332
333
333
335
335
335
336
336
335
335
337
337
335
335
335
337
341
343
344
346
346
347
348
346
346
348
349
352
351
353
355
357
357
356
356
358
357
359
362
360
360
362
364
364
365
366
368
364
365
367
367
368
367
369
370
369
368
373
372
373
375
375
375
376
377
380
381
381
380
381
381
382
382
381
384
380
381
381
382
385
385
388
390
393
396
397
393
396
397
397
399
401
403
403
402
402
403
406
407
406
409
412
413
415
415
417
418
421
426
425
427
429
430
429
427
428
428
430
429
429
431
435
436
437
441
441
442
442
442
442
442
442
443
445
446
446
445
446
445
444
447
447
447
449
449
450
452
451
451
448
448
447
447
447
448
449
449
450
451
452
453
453
458
458
461
462
464
464
465
465
467
467
471
470
470
474
476
477
476
478
478
477
478
479
482
482
484
486
488
491
492
492
491
493
493
494
494
494
496
498
497
499
502
504
506
506
507
507
507
505
506
506
507
515
517
516
517
517
517
519
518
520
522
522
524
524
527
527
527
527
528
527
529
528
528
528
529
531
534
537
538
538
539
539
541
538
538
538
538
539
540
540
544
545
541
543
544
545
544
545
545
546
550
551
553
553
554
554
557
557
557
558
556
557
560
561
564
564
564
570
572
577
580
580
580
577
581
579
582
585
587
585
587
588
591
590
591
594
590
589
589
591
591
590
594
597
601
599
600
601
603
602
603
602
602
605
605
609
610
611
613
615
617
615
613
615
616
620
624
623
624
626
625
625
625
621
621
622
623
624
623
623
623
623
625
626
624
626
628
632
634
634
632
634
635
636
636
635
640
642
641
644
644
644
647
645
645
648
651
654
658
660
660
660
661
661
663
664
662
663
662
661
662
662
663
667
669
670
671
670
671
671
670
670
674
676
676
677
678
682
689
688
689
689
688
686
691
690
690
688
688
693
693
698
697
698
698
694
696
697
700
700
702
707
708
709
712
714
715
715
717
715
718
720
718
721
722
722
723
723
723
724
729
729
729
734
734
737
736
734
737
738
740
741
738
736
737
736
735
740
740
736
732
735
737
739
739
741
740
747
749
750
751
752
752
753
754
755
759
757
761
760
760
760
759
760
760
764
761
762
766
769
769
769
773
777
777
774
778
778
781
780
780
783
781
782
784
787
790
790
793
797
794
797
798
795
796
801
804
808
811
809
806
807
806
808
810
813
815
814
814
814
810
816
820
817
816
817
818
817
815
817
818
819
820
819
820
821
824
828
829
828
828
825
829
832
833
836
836
840
840
834
834
834
834
839
840
839
842
843
844
844
844
847
846
851
853
854
856
854
850
846
845
846
847
846
842
843
846
848
854
853
855
859
860
859
862
863
864
865
868
873
872
873
874
880
880
875
876
883
885
886
887
884
882
884
886
884
886
890
893
891
893
894
896
896
898
902
897
902
899
897
898
901
900
905
903
899
897
897
892
893
894
896
896
901
900
900
901
900
904
900
900
899
900
898
902
900
898
903
905
906
907
910
915
917
917
916
916
918
919
919
921
925
926
926
927
926
930
929
934
938
937
938
941
946
949
949
949
952
954
959
960
962
962
966
965
968
968
971
971
971
970
978
979
981
984
980
979
979
977
981
981
980
982
983
990
989
990
987
986
990
989
989
989
992
992
990
989
991
994
999
1000
996
1003
1003
1002
1005
1008
1011
1011
1005
1008
1011
1016
1016
1013
1016
1018
1020
1021
1025
1033
1031
1034
1040
1036
1033
1029
1030
1026
1028
1029
1033
1036
1038
1038
1040
1041
1040
1042
1043
1043
1046
1046
1045
1046
1047
1048
1051
1050
1050
1044
1040
1046
1049
1048
1049
1050
1056
1062
1060
1064
1064
1062
1066
1065
1069
1059
1062
1055
1057
1061
1062
1065
1068
1068
1071
1072
1078
1083
1084
1076
1070
1070
1071
1074
1078
1080
1080
1089
1093
1088
1083
1085
1085
1089
1089
1088
1093
1096
1097
1096
1101
1095
1096
1097
1100
1100
1104
1107
1109
1107
1114
1116
1119
1117
1120
1116
1115
1115
1118
1121
1118
1117
1117
1119
1126
1120
1121
1126
1127
1133
1133
1133
1131
1134
1136
1133
1135
1135
1139
1141
1141
1139
1143
1149
1146
1148
1153
1154
1154
1157
1153
1154
1156
1158
1160
1161
1162
1168
1167
1167
1165
1168
1172
1173
1174
1174
1169
1170
1169
1177
1174
1175
1179
1182
1184
1184
1186
1187
1192
1192
1190
1194
1192
1194
1197
1201
1199
1198
1198
1203
1200
1198
1202
1203
1213
1218
1218
1221
1218
1220
1224
1223
1229
1230
1229
1234
1234
1231
1234
1237
1236
1239
1237
1237
1242
1243
1243
1246
1246
1252
1255
1255
1255
1258
1260
1264
1263
1266
1266
1266
1264
1273
1272
1267
1261
1262
1262
1261
1260
1264
1262
1266
1270
1264
1260
1265
1268
1270
1271
1274
1271
1276
1270
1274
1273
1274
1271
1277
1274
1279
1283
1281
1283
1283
1292
1290
1292
1289
1292
1293
1292
1292
1298
1300
1308
1306
1307
1306
1311
1313
1312
1313
1312
1318
1324
1324
1326
1324
1328
1331
1325
1328
1335
1337
1337
1342
1337
1335
1331
1335
1331
1330
1331
1329
1330
1327
1325
1327
1324
1329
1332
1339
1340
1337
1338
1336
1338
1340
1346
1345
1342
1343
1346
1345
1344
1347
1348
1347
1342
1340
1347
1347
1351
1352
1356
1362
1363
1368
1371
1375
1379
1378
1377
1374
1372
1372
1375
1376
1377
1380
1383
1386
1387
1388
1387
1389
1388
1386
1389
1387
1385
1391
1390
1389
1392
1391
1387
1391
1393
1393
1391
1392
1394
1398
1405
1407
1406
1410
1410
1407
1405
1405
1406
1408
1408
1411
1412
1415
1416
1413
1411
1411
1412
1407
1405
1406
1407
1415
1413
1418
1423
1427
1428
1427
1426
1431
1434
1436
1436
1437
1436
1435
1435
1441
1443
1451
1451
1445
1447
1453
1450
1448
1458
1458
1449
1456
1451
1448
1444
1445
1443
1441
1443
1445
1446
1449
1451
1453
1459
1460
1460
1460
1456
1449
1449
1454
1459
1461
1473
1476
1478
1478
1483
1485
1487
1486
1483
1482
1482
1483
1487
1492
1489
1493
1489
1487
1485
1491
1492
1496
1496
1496
1494
1499
1502
1502
1507
1507
1507
1509
1513
1515
1517
1521
1519
1525
1523
1529
1530
1532
1533
1533
1527
1532
1534
1539
1539
1537
1532
1535
1532
1532
1534
1543
1547
1544
1551
1546
1547
1548
1547
1547
1548
1547
1546
1550
1555
1562
1564
1564
1563
1565
1564
1567
1568
1571
1568
1569
1573
1568
1567
1569
1565
1563
1562
1566
1568
1566
1563
1561
1564
1570
1569
1562
1564
1554
1555
1555
1555
1555
1563
1562
1560
1566
1570
1572
1570
1573
1574
1576
1579
1578
1584
1586
1587
1581
1576
1581
1581
1577
1582
1582
1580
1579
1581
1579
1581
1575
1581
1587
1591
1590
1584
1583
1582
1584
1586
1594
1593
1595
1590
1586
1590
1595
1595
1598
1598
1600
1605
1604
1609
1608
1610
1607
1603
1606
1608
1609
1606
1604
1604
1602
1600
1608
1609
1606
1611
1609
1611
1617
1619
1622
1626
1626
1624
1632
1631
1633
1625
1622
1627
1626
1628
1623
1624
1627
1628
1629
1628
1630
1630
1631
1633
1630
1635
1633
1640
1643
1644
1648
1651
1650
1655
1658
1661
1661
1655
1660
1654
1655
1659
1665
1668
1666
1671
1673
1670
1667
1672
1666
1666
1669
1681
1678
1682
1686
1687
1685
1691
1689
1689
1689
1690
1691
1682
1684
1687
1696
1688
1690
1691
1691
1691
1697
1705
1710
1711
1716
1717
1715
1719
1722
1718
1715
1711
1712
1711
1715
1715
1711
1710
1708
1714
1718
1719
1723
1725
1728
1723
1729
1729
1732
1744
1741
1739
1740
1737
1738
1742
1739
1735
1731
1729
1732
1732
1729
1727
1732
1738
1738
1741
1746
1746
1738
1737
1737
1734
1736
1739
1744
1748
1747
1751
1753
1757
1749
1753
1749
1746
1749
1756
1757
1756
1759
1759
1757
1760
1762
1773
1774
1772
1777
1774
1775
1784
1786
1782
1783
1788
1782
1776
1777
1774
1778
1779
1782
1786
1792
1791
1789
1787
1787
1796
1799
1800
1800
1794
1795
1795
1794
1796
1793
1795
1806
1803
1805
1805
1810
1817
1812
1806
1805
1808
1810
1811
1813
1814
1810
1813
1808
1811
1809
1812
1817
1814
1824
1822
1820
1819
1813
1809
1816
1813
1815
1817
1821
1823
1818
1819
1820
1820
1822
1824
1829
1823
1829
1832
1834
1837
1848
1846
1842
1839
1840
1843
1844
1847
1856
1857
1854
1854
1857
1861
1859
1861
1860
1857
1857
1856
1858
1860
1861
1852
1855
1857
1858
1857
1851
1847
1845
1849
1847
1844
1842
1844
1843
1844
1844
1841
1844
1850
1849
1854
1857
1848
1852
1853
1853
1858
1862
1860
1858
1858
1856
1857
1861
1859
1860
1859
1859
1865
1861
1862
1870
1876
1875
1883
1880
1885
1879
1881
1880
1879
1877
1877
1881
1886
1888
1883
1880
1886
1889
1890
1888
1890
1896
1894
1894
1890
1888
1889
1884
1887
1885
1880
1888
1891
1894
1900
1900
1903
1908
1906
1906
1910
1913
1912
1909
1908
1916
1917
1916
1918
1918
1919
1919
1925
1930
1921
1921
1927
1924
1923
1926
1927
1928
1924
1918
1915
1919
1922
1929
1928
1924
1922
1920
1922
1920
1923
1925
1931
1931
1929
1935
1933
1936
1940
1942
1939
1942
1936
1937
1941
1941
1940
1945
1947
1941
1940
1934
1938
1941
1939
1941
1939
1939
1945
1945
1949
1953
1951
1957
1959
1960
1950
1949
1955
1952
1949
1949
1952
1955
1958
1964
1971
1968
1969
1978
1974
1968
1975
1978
1974
1984
1983
1978
1975
1975
1984
1986
1988
1990
1992
1993
1990
1992
1995
2007
2014
2012
2014
2016
2018
2022
2018
2016
2015
2012
2012
2015
2013
2011
2013
2014
2019
2022
2027
2028
2028
2026
2035
2034
2045
2049
2060
2059
2062
2066
2073
2068
2065
2060
2067
2072
2074
2079
2076
2076
2072
2069
2068
2070
2070
2069
2068
2074
2071
2068
2071
2070
2066
2066
2062
2068
2066
2068
2073
2074
2082
2079
2083
2087
2082
2087
2089
2092
2092
2090
2087
2093
2096
2093
2098
2094
2083
2083
2086
2081
2088
2084
2083
2079
2085
2092
2090
2091
2090
2089
2092
2097
2095
2092
2097
2097
2097
2104
2108
2106
2110
2114
2110
2113
2111
2105
2109
2109
2112
2114
2116
2117
2128
2127
2128
2131
2131
2131
2134
2134
2128
2124
2125
2133
2137
2140
2141
2139
2136
2135
2138
2135
2131
2139
2144
2145
2144
2144
2149
2150
2159
2160
2163
2164
2165
2164
2165
2167
2168
2173
2173
2173
2170
2174
2174
2172
2167
2171
2177
2176
2182
2186
2186
2184
2186
2185
2185
2190
2186
2183
2179
2183
2185
2187
2187
2178
2190
2186
2189
2182
2185
2183
2178
2182
2182
2187
2188
2185
2184
2183
2179
2184
2185
2181
2187
2190
2191
2199
2198
2202
2205
2213
2212
2213
2221
2211
2219
2213
2215
2207
2202
2207
2212
2213
2216
2219
2217
2214
2213
2216
2219
2212
2219
2222
2225
2222
2223
2229
2234
2237
2231
2238
2241
2244
2250
2252
2249
2254
2256
2264
2258
2258
2261
2261
2255
2249
2254
2253
2248
2251
2252
2253
2252
2250
2248
2254
2257
2260
2259
2259
2266
2263
2268
2264
2272
2268
2270
2268
2273
2277
2276
2270
2271
2270
2270
2274
2285
2288
2282
2280
2287
2288
2280
2282
2278
2280
2285
2284
2282
2286
2287
2290
2292
2294
2288
2287
2287
2290
2301
2301
2304
2303
2309
2308
2316
2320
2326
2325
2324
2326
2330
2332
2335
2338
2339
2342
2345
2341
2342
2347
2348
2347
2353
2344
2351
2354
2360
2364
2358
2355
2357
2360
2355
2350
2352
2356
2354
2356
2354
2356
2350
2349
2351
2349
2345
2347
2344
2338
2340
2339
2338
2342
2346
2352
2353
2348
2353
2350
2360
2359
2358
2365
2364
2372
2372
2370
2368
2375
2374
2381
2382
2382
2381
2375
2371
2379
2382
2384
2395
2401
2398
2389
2390
2390
2393
2395
2388
2384
2381
2380
2386
2395
2404
2400
2400
2398
2400
2410
2414
2410
2416
2417
2428
2433
2437
2439
2438
2444
2434
2437
2437
2443
2443
2438
2439
2438
2437
2441
2444
2445
2451
2449
2448
2446
2445
2441
2449
2446
2441
2438
2442
2443
2451
2447
2456
2458
2462
2466
2466
2477
2476
2470
2471
2480
2486
2495
2484
2494
2493
2488
2488
2476
2470
2481
2484
2482
2482
2479
2479
2487
2491
2493
2494
2496
2498
2503
2501
2507
2500
2495
2501
2502
2505
2506
2509
2509
2515
2512
2518
2521
2525
2535
2533
2531
2535
2533
2529
2530
2531
2524
2523
2528
2529
2531
2531
2529
2531
2535
2534
2537
2536
2542
2542
2536
2538
2548
2544
2540
2544
2537
2530
2530
2535
2536
2542
2548
2545
2548
2546
2548
2552
2551
2557
2564
2569
2567
2571
2563
2561
2562
2562
2565
2568
2571
2568
2574
2576
2572
2582
2588
2589
2594
2585
2591
2588
2584
2585
2584
2589
2586
2593
2592
2588
2583
2599
2604
2599
2602
2604
2598
2600
2606
2606
2609
2617
2623
2622
2621
2629
2630
2639
2627
2626
2622
2623
2625
2622
2631
2630
2633
2632
2633
2640
2648
2652
2652
2647
2647
2646
2642
2647
2654
2657
2658
2654
2657
2661
2654
2650
2654
2649
2645
2646
2646
2643
2641
2643
2653
2651
2660
2661
2663
2661
2660
2655
2662
2662
2660
2653
2663
2659
2660
2661
2668
2668
2673
2669
2678
2683
2684
2681
2686
2681
2671
2676
2671
2678
2683
2683
2686
2689
2687
2686
2684
2687
2692
2692
2690
2691
2694
2689
2691
2689
2695
2689
2688
2695
2702
2703
2705
2699
2702
2702
2705
2708
2709
2714
2721
2723
2726
2732
2732
2735
2735
2742
2738
2733
2735
2737
2738
2741
2737
2741
2739
2744
2746
2746
2744
2747
2744
2750
2755
2753
2751
2763
2770
2775
2769
2772
2773
2776
2772
2778
2771
2762
2762
2764
2755
2754
2762
2772
2779
2784
2788
2780
2784
2791
2789
2786
2783
2790
2800
2792
2792
2793
2801
2806
2805
2804
2804
2804
2817
2823
2813
2799
2790
2795
2792
2784
2787
2787
2785
2789
2790
2798
2805
2809
2808
2806
2810
2815
2820
2818
2822
2823
2824
2824
2825
2829
2826
2830
2825
2828
2829
2824
2827
2834
2844
2846
2838
2839
2841
2834
2837
2833
2835
2838
2853
2854
2854
2856
2855
2860
2858
2865
2871
2878
2878
2886
2898
2906
2903
2907
2907
2905
2906
2913
2908
2920
2916
2918
2908
2907
2905
2917
2915
2911
2907
2913
2909
2903
2902
2898
2900
2914
2910
2913
2913
2920
2924
2920
2922
2931
2932
2928
2933
2931
2932
2931
2940
2944
2946
2942
2938
2944
2949
2949
2953
2950
2949
2947
2945
2948
2941
2946
2947
2952
2953
2956
2968
2971
2970
2980
2986
2991
2984
2983
2978
2980
2978
2992
3003
3006
3004
3005
3006
3003
3012
3011
3010
3014
3008
3010
3005
3005
3012
3019
3012
3022
3021
3022
3029
3019
3018
3013
3014
3021
3022
3029
3022
3022
3027
3024
3025
3015
3017
3024
3019
3027
3037
3044
3037
3031
3028
3028
3026
3032
3037
3044
3049
3047
3048
3065
3068
3066
3057
3068
3069
3069
3071
3076
3073
3079
3078
3079
3080
3077
3073
3077
3082
3077
3094
3087
3094
3090
3095
3100
3095
3094
3096
3097
3097
3092
3111
3109
3124
3130
3129
3136
3138
3140
3141
3145
3150
3150
3146
3139
3145
3143
3145
3154
3160
3164
3163
3163
3154
3159
3155
3161
3158
3150
3163
3169
3161
3162
3162
3162
3160
3157
3159
3165
3171
3172
3170
3175
3186
3188
3187
3196
3201
3206
3209
3212
3207
3203
3201
3203
3207
3206
3202
3208
3212
3197
3201
3205
3204
3198
3193
3194
3197
3194
3192
3195
3211
3214
3214
3218
3219
3228
3223
3223
3230
3236
3240
3242
3239
3232
3243
3240
3245
3249
3249
3252
3246
3242
3243
3245
3252
3258
3258
3260
3258
3263
3272
3270
3266
3264
3271
3268
3276
3277
3287
3292
3287
3290
3288
3285
3294
3297
3291
3293
3305
3310
3303
3308
3301
3306
3312
3309
3309
3308
3315
3324
3315
3319
3320
3318
3316
3319
3320
3333
3329
3327
3322
3322
3324
3322
3321
3334
3334
3336
3338
3331
3336
3337
3345
3342
3335
3350
3346
3348
3347
3347
3350
3361
3363
3366
3362
3366
3360
3360
3356
3365
3365
3367
3368
3368
3379
3375
3378
3382
3388
3396
3398
3406
3409
3407
3412
3418
3415
3409
3408
3409
3407
3410
3412
3416
3420
3417
3412
3421
3419
3420
3425
3428
3428
3423
3426
3429
3428
3433
3432
3431
3435
3435
3433
3429
3438
3445
3453
3456
3447
3452
3460
3462
3462
3449
3450
3442
3443
3450
3448
3449
3452
3448
3448
3454
3451
3450
3454
3462
3456
3452
3453
3456
3452
3451
3448
3455
3452
3452
3458
3451
3457
3455
3458
3460
3452
3454
3462
3470
3463
3459
3466
3466
3465
3464
3456
3454
3459
3463
3462
3461
3477
3473
3474
3480
3476
3482
3479
3483
3488
3487
3490
3487
3501
3497
3500
3484
3487
3491
3494
3498
3504
3497
3496
3500
3501
3507
3506
3499
3501
3496
3497
3496
3493
3492
3495
3496
3499
3506
3504
3502
3507
3516
3521
3521
3528
3526
3526
3526
3532
3533
3547
3553
3544
3547
3543
3543
3552
3558
3557
3553
3556
3564
3566
3574
3573
3575
3570
3571
3584
3590
3585
3593
3593
3596
3584
3587
3593
3596
3599
3601
3610
3611
3626
3623
3621
3622
3621
3624
3619
3631
3628
3616
3620
3615
3615
3619
3623
3630
3622
3627
3633
3635
3636
3633
3639
3632
3628
3639
3639
3638
3641
3638
3643
3643
3638
3642
3640
3638
3640
3650
3663
3664
3668
3669
3659
3666
3666
3667
3660
3661
3663
3661
3664
3668
3673
3681
3688
3684
3680
3675
3667
3668
3666
3666
3673
3675
3674
3676
3685
3688
3697
3693
3687
3690
3689
3687
3700
3694
3698
3698
3695
3703
3705
3699
3694
3694
3692
3704
3702
3706
3708
3712
3704
3702
3718
3726
3723
3726
3729
3733
3731
3718
3721
3727
3727
3728
3727
3723
3724
3719
3724
3724
3735
3735
3736
3739
3749
3755
3754
3758
3758
3769
3766
3764
3760
3766
3768
3780
3783
3781
3781
3778
3780
3775
3779
3785
3784
3777
3779
3777
3792
3792
3790
3790
3794
3802
3803
3813
3816
3826
3821
3817
3815
3818
3819
3820
3828
3822
3830
3823
3830
3817
3817
3825
3820
3816
3816
3826
3828
3828
3830
3821
3820
3821
3827
3828
3835
3825
3821
3825
3821
3822
3823
3823
3814
3818
3821
3823
3812
3817
3829
3836
3839
3842
3851
3851
3846
3851
3853
3846
3853
3849
3851
3860
3862
3860
3862
3861
3867
3867
3874
3876
3885
3880
3884
3877
3881
3888
3890
3893
3887
3895
3906
3907
3909
3914
3910
3900
3914
3918
3915
3918
3916
3911
3908
3909
3904
3910
3913
3917
3913
3917
3917
3921
3924
3926
3925
3919
3926
3930
3936
3944
3949
3958
3960
3957
3964
3962
3963
3964
3953
3954
3964
3966
3962
3966
3964
3964
3976
3987
3983
3987
3978
3979
3992
3991
3991
3999
4001
4005
4001
3992
3993
3993
3987
3997
4003
4005
4008
4005
4009
4009
4010
4018
4027
4024
4028
4034
4039
4035
4035
4032
4044
4039
4039
4034
4037
4032
4041
4044
4052
4064
4063
4054
4055
4058
4071
4077
4077
4068
4067
4072
4081
4079
4076
4080
4076
4075
4077
4076
4072
4069
4069
4073
4065
4073
4065
4064
4056
4057
4054
4059
4071
4063
4062
4070
4067
4067
4067
4077
4068
4062
4069
4073
4072
4080
4076
4080
4089
4091
4090
4093
4087
4090
4095
4102
4107
4117
4126
4130
4124
4129
4132
4133
4132
4143
4145
4153
4146
4141
4148
4155
4153
4153
4156
4157
4154
4157
4159
4159
4159
4153
4160
4163
4170
4172
4179
4189
4187
4186
4197
4197
4208
4198
4193
4192
4193
4191
4193
4200
4190
4199
4200
4199
4202
4208
4203
4207
4213
4206
4200
4205
4206
4208
4214
4220
4236
4229
4225
4230
4241
4238
4238
4245
4245
4233
4237
4230
4235
4230
4235
4235
4240
4249
4256
4265
4274
4275
4285
4286
4286
4272
4270
4278
4273
4271
4275
4283
4275
4281
4275
4284
4295
4287
4284
4288
4293
4294
4291
4281
4289
4292
4300
4308
4301
4303
4293
4290
4294
4294
4299
4292
4287
4281
4291
4305
4299
4307
4314
4316
4320
4322
4325
4330
4323
4337
4340
4331
4329
4334
4339
4345
4348
4359
4358
4361
4368
4362
4362
4365
4369
4380
4377
4375
4370
4367
4365
4359
4364
4375
4373
4379
4371
4372
4369
4381
4377
4380
4384
4384
4392
4387
4390
4388
4389
4401
4392
4400
4408
4411
4407
4399
4409
4408
4405
4406
4400
4402
4409
4409
4426
4428
4422
4429
4423
4414
4416
4409
4425
4430
4426
4431
4442
4445
4437
4431
4436
4435
4439
4434
4430
4430
4427
4426
4428
4428
4431
4433
4430
4433
4440
4445
4438
4446
4438
4444
4452
4455
4464
4463
4460
4463
4471
4474
4472
4476
4478
4489
4501
4486
4486
4488
4492
4491
4482
4489
4495
4497
4498
4500
4499
4493
4486
4487
4493
4489
4497
4494
4492
4495
4496
4495
4506
4506
4513
4522
4515
4517
4511
4503
4512
4524
4522
4516
4509
4518
4519
4525
4530
4535
4543
4532
4529
4528
4532
4535
4535
4541
4537
4543
4544
4538
4550
4550
4552
4545
4539
4541
4534
4539
4536
4545
4548
4550
4561
4551
4559
4564
4560
4565
4561
4571
4578
4575
4580
4575
4578
4580
4572
4569
4574
4577
4581
4584
4580
4590
4603
4596
4588
4593
4597
4597
4590
4593
4586
4599
4596
4611
4613
4613
4630
4627
4628
4633
4632
4632
4627
4618
4623
4633
4626
4633
4628
4638
4644
4645
4639
4651
4656
4660
4668
4666
4661
4672
4687
4691
4676
4675
4669
4661
4664
4675
4666
4656
4665
4662
4670
4677
4662
4667
4672
4669
4674
4684
4692
4680
4699
4699
4701
4703
4708
4711
4716
4716
4711
4707
4722
4709
4713
4718
4718
4720
4717
4713
4712
4710
4716
4704
4719
4719
4720
4722
4728
4730
4726
4728
4724
4726
4747
4742
4742
4739
4741
4745
4747
4750
4757
4764
4772
4783
4778
4763
4772
4775
4776
4774
4773
4781
4790
4785
4783
4774
4781
4783
4788
4789
4787
4803
4808
4818
4805
4815
4814
4811
4812
4816
4820
4817
4817
4810
4822
4828
4824
4828
4831
4839
4832
4838
4837
4838
4845
4843
4843
4844
4846
4851
4860
4862
4860
4862
4866
4861
4863
4864
4859
4862
4866
4873
4865
4867
4871
4882
4879
4881
4883
4877
4878
4888
4893
4901
4900
4901
4907
4906
4899
4893
4903
4908
4915
4922
4921
4925
4931
4941
4950
4950
4955
4949
4951
4966
4972
4970
4963
4953
4969
4969
4978
4980
4981
4984
4991
4981
4979
4985
4991
4987
4981
4979
4991
4986
4994
4995
4990
4983
4982
4994
5003
5008
4999
4997
4997
5003
5011
5017
5017
5021
5023
5015
5024
5031
5029
5042
5040
5037
5034
5042
5029
5030
5025
5028
5017
5021
5023
5021
5030
5027
5038
5043
5050
5050
5057
5054
5056
5062
5040
5035
5037
5038
5057
5066
5067
5069
5066
5082
5081
5085
5077
5081
5091
5096
5106
5094
5100
5103
5102
5094
5102
5102
5116
5132
5133
5129
5136
5131
5131
5122
5125
5132
5142
5142
5135
5142
5147
5149
5161
5148
5139
5122
5128
5140
5136
5132
5130
5134
5135
5141
5130
5121
5109
5112
5110
5113
5098
5104
5102
5119
5116
5127
5135
5129
5133
5143
5140
5144
5136
5141
5137
5131
5124
5125
5133
5140
5153
5147
5152
5154
5157
5165
5162
5154
5150
5145
5153
5156
5163
5160
5150
5158
5157
5158
5151
5153
5143
5152
5151
5143
5148
5143
5150
5172
5174
5164
5166
5172
5167
5177
5187
5193
5186
5192
5197
5192
5185
5196
5202
5215
5217
5207
5205
5207
5215
5224
5220
5220
5216
5223
5221
5220
5232
5229
5227
5230
5230
5238
5237
5240
5253
5246
5250
5260
5257
5259
5270
5267
5268
5278
5279
5286
5286
5293
5284
5289
5288
5282
5276
5277
5282
5275
5280
5285
5291
5296
5299
5293
5295
5288
5303
5308
5317
5316
5323
5320
5321
5326
5333
5340
5339
5347
5346
5344
5348
5355
5357
5360
5365
5373
5363
5369
5368
5373
5363
5379
5390
5386
5386
5388
5386
5385
5387
5405
5397
5390
5390
5395
5397
5398
5385
5392
5403
5412
5423
5432
5432
5422
5428
5429
5420
5417
5439
5444
5448
5437
5440
5441
5450
5451
5447
5452
5458
5464
5462
5453
5449
5440
5450
5461
5453
5462
5457
5463
5467
5474
5483
5486
5489
5500
5494
5491
5500
5499
5508
5502
5504
5504
5505
5498
5503
5509
5524
5523
5514
5509
5512
5530
5535
5537
5532
5533
5536
5531
5540
5536
5538
5537
5532
5546
5538
5535
5539
5538
5547
5541
5552
5557
5546
5540
5536
5541
5542
5548
5545
5553
5551
5540
5561
5559
5570
5571
5571
5574
5578
5582
5575
5581
5579
5578
5581
5582
5597
5593
5592
5592
5596
5589
5588
5600
5609
5608
5612
5608
5608
5615
5615
5615
5612
5612
5616
5625
5629
5632
5640
5645
5639
5638
5633
5633
5636
5646
5645
5647
5642
5640
5646
5654
5663
5654
5651
5665
5663
5666
5682
5681
5678
5688
5679
5685
5689
5705
5707
5709
5716
5712
5716
5719
5721
5730
5734
5740
5742
5748
5746
5755
5760
5775
5775
5784
5780
5783
5772
5783
5801
5800
5805
5808
5802
5803
5810
5805
5808
5809
5809
5805
5809
5812
5819
5824
5831
5833
5839
5861
5850
5859
5860
5868
5871
5876
5878
5875
5883
5892
5885
5888
5891
5899
5903
5915
5917
5932
5936
5932
5935
5935
5935
5950
5949
5961
5960
5955
5966
5961
5962
5957
5967
5962
5979
5977
5968
5965
5974
5973
5976
5983
5977
5979
5990
5994
5982
5981
5986
5990
5994
5988
5987
5989
5991
6005
6022
6015
6021
6022
6026
6033
6024
6020
6022
6022
6031
6044
6042
6046
6051
6055
6054
6048
6052
6056
6061
6069
6064
6061
6063
6066
6066
6081
6071
6091
6094
6101
6101
6105
6117
6109
6115
6113
6105
6122
6125
6123
6127
6141
6136
6136
6128
6136
6136
6152
6140
6134
6142
6117
6113
6127
6141
6137
6126
6139
6133
6144
6142
6151
6164
6157
6156
6163
6169
6170
6166
6183
6184
6200
6198
6194
6202
6190
6194
6202
6200
6198
6194
6196
6211
6211
6216
6207
6217
6219
6217
6228
6235
6248
6244
6247
6255
6262
6256
6268
6250
6240
6236
6235
6240
6227
6244
6233
6232
6230
6237
6229
6234
6234
6227
6231
6244
6251
6251
6256
6269
6280
6277
6287
6293
6299
6302
6292
6299
6299
6309
6303
6314
6323
6330
6345
6343
6324
6332
6343
6339
6334
6346
6344
6329
6337
6339
6348
6352
6351
6355
6359
6352
6365
6378
6369
6367
6359
6356
6355
6352
6353
6358
6368
6377
6392
6396
6397
6401
6405
6415
6419
6421
6426
6431
6437
6443
6450
6460
6458
6477
6475
6483
6474
6477
6482
6490
6482
6495
6499
6507
6512
6514
6510
6519
6517
6518
6524
6537
6552
6549
6568
6572
6583
6579
6589
6587
6585
6578
6580
6599
6594
6600
6608
6610
6609
6620
6630
6636
6627
6634
6637
6644
6648
6647
6645
6634
6638
6629
6625
6639
6635
6640
6651
6660
6669
6677
6683
6688
6690
6681
6668
6671
6670
6680
6688
6694
6693
6691
6692
6691
6703
6701
6701
6714
6719
6727
6723
6723
6733
6726
6740
6723
6725
6731
6732
6731
6734
6740
6741
6738
6742
6751
6754
6739
6747
6728
6740
6739
6746
6732
6725
6740
6735
6758
6756
6767
6771
6785
6792
6784
6780
6787
6794
6787
6788
6788
6793
6798
6802
6819
6823
6821
6829
6837
6841
6847
6844
6831
6818
6824
6825
6837
6847
6855
6863
6869
6866
6869
6874
6867
6861
6869
6874
6866
6872
6885
6892
6892
6896
6901
6896
6893
6899
6912
6911
6909
6916
6912
6916
6914
6908
6920
6927
6927
6944
6949
6945
6954
6950
6948
6957
6957
6958
6951
6954
6953
6966
6974
6968
6972
6973
6983
6982
6989
6999
7002
7012
7019
7027
7031
7036
7042
7041
7037
7035
7040
7034
7039
7035
7038
7049
7057
7062
7043
7043
7043
7040
7045
7060
7067
7073
7079
7069
7068
7071
7077
7084
7084
7094
7074
7082
7085
7083
7087
7099
7083
7100
7105
7104
7108
7105
7099
7112
7120
7129
7127
7138
7150
7132
7142
7142
7143
7158
7160
7153
7171
7180
7190
7189
7194
7206
7205
7203
7193
7189
7198
7198
7210
7209
7220
7224
7233
7242
7245
7250
7259
7263
