0.0006586206896551723 0.0005220689655172415
300
293
293
280
275
271
268
265
263
260
255
251
250
247
249
244
244
245
246
245
241
240
240
239
237
236
235
234
233
234
234
234
235
234
232
232
231
232
235
235
236
238
234
233
232
232
232
231
231
228
224
225
220
217
217
219
218
218
220
220
221
221
221
222
223
224
226
225
225
227
228
229
228
227
227
227
228
226
225
225
226
225
226
226
224
226
227
227
224
223
224
223
223
226
227
224
225
227
228
226
226
224
224
223
226
226
224
222
221
223
223
223
223
223
223
224
223
224
225
225
225
222
221
221
221
220
221
220
218
219
218
218
217
219
219
219
221
222
219
219
220
220
221
221
220
221
222
221
224
222
221
221
222
223
223
227
228
229
229
229
232
227
226
225
224
222
223
222
221
222
221
221
220
219
219
218
218
219
219
221
220
223
222
221
221
222
221
221
222
221
222
223
220
219
218
218
217
218
216
215
213
213
213
212
211
211
211
211
212
211
211
212
212
211
213
213
215
215
214
215
215
216
215
215
216
216
217
214
214
214
213
213
213
213
214
212
212
212
212
216
215
215
214
216
216
215
214
214
215
214
214
217
217
218
219
221
221
221
221
220
219
218
215
213
212
212
211
213
213
213
215
217
215
215
215
213
213
212
212
211
214
213
214
215
216
215
215
215
215
216
217
216
217
215
216
213
214
212
213
213
213
213
213
210
210
210
210
212
212
210
208
208
209
208
208
209
210
207
209
211
211
212
213
213
212
211
209
210
212
212
215
214
213
213
213
210
208
210
210
210
210
210
210
210
211
212
213
214
214
215
213
214
215
215
216
217
218
218
217
216
216
216
216
215
215
215
215
217
214
213
211
211
210
211
212
211
211
211
213
211
209
209
210
212
210
209
209
210
209
209
210
209
208
207
209
209
208
209
209
213
212
212
211
212
211
211
210
207
207
208
207
208
210
211
209
208
210
209
212
212
211
211
206
204
206
206
202
202
201
201
200
201
201
201
202
202
202
200
201
202
203
202
202
203
203
202
202
204
204
205
208
207
207
206
206
205
206
209
208
206
205
207
207
203
206
206
207
206
207
207
207
206
204
203
204
203
203
202
201
202
202
203
203
204
203
203
203
205
205
206
207
206
206
208
207
207
208
207
208
209
210
212
213
212
210
213
213
209
207
209
209
208
209
208
208
206
206
205
204
206
206
205
206
207
208
209
209
207
205
204
204
204
203
202
202
204
202
202
200
201
201
202
201
201
202
203
204
206
204
205
205
206
206
206
205
205
206
204
204
203
203
205
205
203
206
204
204
203
202
203
202
203
200
200
201
202
202
203
202
202
203
205
206
206
206
206
205
203
201
199
199
201
201
203
204
204
204
203
203
207
206
207
208
208
208
211
210
208
207
207
208
207
207
207
207
204
205
204
203
202
203
203
203
203
202
200
199
199
199
201
202
204
202
201
201
202
201
203
203
200
199
199
197
196
194
194
195
195
198
199
200
199
200
198
200
201
202
202
202
202
202
204
203
203
203
201
201
202
202
203
204
203
204
204
204
203
203
203
203
202
202
203
203
205
205
206
206
203
203
205
206
205
203
203
203
200
199
200
200
201
201
200
201
199
199
200
200
200
199
200
200
199
198
197
196
197
198
198
198
198
197
196
196
197
196
193
193
193
194
193
194
192
192
192
193
194
194
194
194
193
192
191
189
189
190
192
190
191
192
191
192
191
194
196
195
196
196
196
197
197
196
198
199
198
198
198
198
199
197
199
198
197
197
199
197
196
198
197
195
194
193
195
197
197
194
195
197
196
197
197
198
195
195
195
193
192
192
192
191
191
190
186
187
188
188
189
190
190
190
190
189
187
189
189
188
189
189
190
190
188
187
186
184
183
184
185
186
188
188
187
189
189
189
188
190
187
186
186
186
188
189
191
193
194
192
192
193
192
193
193
193
191
189
191
191
190
190
190
191
191
190
189
191
189
190
189
187
186
186
184
184
185
186
186
186
186
185
184
185
185
184
183
184
185
183
184
186
186
187
188
190
191
193
192
189
189
192
194
191
193
196
194
194
192
192
191
192
193
193
194
195
195
192
192
192
192
191
191
191
191
190
190
189
189
188
187
188
188
189
188
189
189
188
188
188
189
192
190
190
186
187
187
186
186
187
186
185
185
182
183
182
181
183
183
187
186
186
188
189
191
191
191
191
190
190
188
193
192
191
189
187
189
190
190
192
191
188
189
189
189
188
188
186
186
185
186
185
184
184
182
181
181
181
181
181
182
181
179
182
182
184
185
183
182
184
185
187
189
189
187
188
189
191
190
191
192
194
195
193
192
190
190
192
190
189
188
189
190
190
189
190
191
191
190
189
188
189
188
189
187
186
187
188
187
187
186
186
188
189
189
191
192
193
193
192
194
194
194
198
198
195
195
194
195
194
192
192
192
193
192
194
192
190
191
192
193
192
191
191
189
190
193
192
193
193
192
193
191
191
192
192
192
192
191
192
191
192
195
195
198
198
199
196
195
192
192
191
191
191
191
192
194
192
191
191
192
194
192
190
190
190
190
189
188
188
187
187
186
188
189
189
189
189
191
191
190
190
190
190
189
190
189
188
188
188
188
187
189
187
189
188
187
186
184
184
185
186
187
188
189
190
190
191
190
190
189
191
191
190
191
191
191
190
190
192
195
193
191
191
191
191
193
192
193
193
190
190
190
189
191
192
191
190
189
187
188
188
188
188
188
189
188
188
190
190
191
190
191
192
191
190
188
190
191
191
192
192
191
189
190
192
191
191
188
188
189
188
188
190
189
189
186
186
186
186
185
185
185
186
185
187
187
188
188
187
187
186
186
188
190
192
191
190
187
187
187
187
186
187
186
188
188
188
188
186
187
186
185
185
184
185
184
184
183
185
184
183
183
183
183
182
183
186
186
187
189
189
189
192
191
190
189
189
186
186
188
186
184
183
182
183
185
185
188
190
190
190
185
185
185
187
186
187
187
187
189
188
188
188
189
190
191
193
192
191
191
190
191
192
191
191
190
187
189
190
190
189
189
190
188
189
189
186
186
187
187
187
188
187
187
186
185
185
186
186
186
185
185
186
186
185
185
184
183
183
183
184
185
182
182
181
181
180
180
181
180
180
181
182
183
182
182
182
182
182
181
181
181
181
181
182
183
185
185
185
185
184
186
185
187
188
186
187
188
189
189
189
189
189
192
192
191
190
190
189
189
187
190
189
188
188
188
187
186
186
187
189
189
189
190
189
189
188
189
190
189
190
190
189
189
188
189
189
191
191
191
192
188
188
188
190
191
189
188
190
193
193
194
194
193
190
191
191
191
191
189
187
186
187
188
190
191
192
192
192
191
191
190
190
191
191
191
189
190
190
191
192
193
193
193
192
193
192
192
193
192
190
190
190
190
190
190
190
189
187
185
187
188
189
187
186
187
185
185
186
186
187
188
188
187
187
187
188
190
190
190
192
190
188
187
185
186
186
188
188
189
189
189
189
188
187
190
190
190
188
188
187
188
188
188
187
187
188
188
187
188
190
188
189
191
192
192
193
192
192
191
191
191
190
189
186
185
185
187
189
190
191
193
193
191
191
192
190
192
192
191
192
191
189
188
187
186
185
184
185
186
186
186
187
188
188
186
185
184
184
183
183
182
181
179
180
180
179
179
178
179
180
179
180
180
182
182
182
182
182
184
185
184
183
183
183
181
182
182
181
181
183
182
182
182
183
182
182
180
181
181
180
180
179
180
182
181
182
182
183
182
182
182
182
181
181
182
183
182
182
181
178
179
180
180
178
179
179
179
180
181
179
179
179
178
179
177
177
175
177
177
177
177
178
181
178
179
177
177
176
175
177
177
179
181
180
180
182
181
182
179
179
179
179
178
178
179
180
180
182
182
181
180
182
182
181
179
181
180
181
181
181
180
183
181
179
181
181
180
181
179
180
180
179
180
175
175
174
175
176
175
176
174
174
173
175
173
174
173
170
171
171
172
171
172
173
173
173
172
174
175
176
175
174
175
173
172
173
174
174
174
173
174
174
175
175
175
174
174
175
174
176
175
177
176
178
179
179
179
178
178
182
182
181
181
182
179
178
180
180
181
182
181
180
180
181
179
179
178
180
180
179
179
180
181
182
184
184
181
180
178
180
178
179
178
178
177
177
178
175
173
175
174
173
172
174
172
175
175
174
175
176
174
175
173
174
174
174
172
172
172
173
172
174
174
175
173
172
172
172
173
174
175
174
174
174
174
174
174
175
176
175
174
173
172
169
169
170
169
167
167
166
167
167
168
169
169
169
169
167
168
169
171
171
172
171
173
173
172
171
171
170
169
167
167
166
167
168
168
168
168
168
167
167
166
166
167
165
167
168
169
169
167
164
165
164
163
164
163
164
166
165
165
164
165
167
167
166
166
167
167
167
168
167
167
167
165
164
163
163
163
162
161
161
160
161
162
162
162
163
164
164
163
163
165
164
162
162
161
163
163
164
165
167
167
166
165
165
165
161
161
161
161
161
158
158
158
156
156
158
160
160
161
161
160
160
161
161
161
161
161
161
160
159
160
160
159
159
161
160
163
163
162
163
164
164
164
164
161
162
161
161
160
159
158
158
160
161
161
161
162
162
162
165
166
168
166
166
165
167
169
170
170
168
166
164
165
164
164
163
158
158
158
162
161
161
160
161
162
161
160
162
160
157
157
156
157
158
158
160
160
159
162
162
160
161
162
162
161
160
159
159
163
163
162
159
159
161
160
159
158
158
159
159
159
161
162
161
161
157
157
158
158
157
157
158
156
157
156
157
160
161
163
164
164
161
161
164
165
164
165
164
164
163
164
164
165
166
166
167
166
163
164
163
163
162
160
160
159
157
157
157
158
158
158
159
160
160
159
159
159
161
161
161
160
156
159
158
157
158
158
158
157
156
156
157
159
159
159
159
158
158
156
159
160
162
163
162
163
161
161
161
161
162
162
164
162
162
162
162
162
163
163
163
162
162
162
162
163
164
164
164
162
162
161
159
160
158
159
160
162
162
162
160
165
165
164
164
165
166
164
164
164
165
167
166
165
164
165
166
166
164
165
165
165
165
166
165
162
160
160
160
159
159
159
159
160
160
160
161
161
161
161
162
162
162
162
162
162
162
163
165
166
166
166
165
165
165
163
165
164
165
162
162
164
164
163
163
164
163
162
160
160
160
161
161
162
161
160
160
158
158
158
158
160
160
160
161
161
160
161
162
163
161
161
162
162
163
164
164
165
164
165
166
167
168
168
167
167
163
164
165
164
163
165
164
164
162
162
162
162
163
162
160
159
159
159
159
159
160
160
159
158
159
158
159
158
159
156
158
158
157
158
159
160
159
159
158
158
158
158
158
158
158
158
158
159
159
160
160
161
162
163
163
163
165
163
162
160
159
158
158
157
157
157
158
159
160
162
161
162
160
160
162
164
163
162
161
161
161
161
161
160
162
163
162
165
166
164
165
164
162
160
160
160
162
161
163
164
163
163
163
164
164
166
165
165
167
166
164
162
163
162
161
161
161
159
158
158
158
157
156
156
156
157
157
158
158
158
159
160
161
161
161
160
161
161
162
163
165
166
163
162
163
162
161
161
161
161
160
160
160
158
158
161
161
160
161
160
162
162
162
160
160
159
158
159
160
159
159
158
157
157
158
157
158
158
158
158
159
158
160
159
159
159
160
161
161
161
161
160
159
159
160
161
161
161
161
163
162
164
165
166
168
166
167
165
163
164
164
165
166
166
167
166
167
165
165
165
164
165
164
165
165
165
165
164
165
162
160
161
161
161
161
161
159
160
160
161
163
163
164
164
161
162
163
161
161
163
163
164
164
165
165
163
164
164
165
164
165
165
166
163
161
160
161
162
161
161
163
159
158
159
158
158
158
156
158
157
158
159
157
155
155
156
156
156
157
157
159
161
162
162
163
163
164
164
163
162
163
162
162
162
162
163
164
163
163
163
161
162
162
162
164
165
165
165
166
165
164
162
163
161
161
159
160
160
159
159
160
160
161
161
162
164
162
162
160
160
161
161
161
162
162
160
160
159
158
158
158
158
159
159
159
160
160
160
160
160
158
159
160
162
161
162
161
161
160
160
157
156
156
155
155
155
155
155
158
162
160
159
159
159
160
162
161
160
160
158
157
159
159
160
160
161
160
159
157
158
158
158
159
158
157
156
156
154
154
154
154
154
154
153
152
153
154
153
153
153
153
153
155
156
157
157
159
155
154
153
154
154
155
154
154
154
155
158
159
158
159
158
159
159
159
160
159
159
159
159
161
161
161
162
163
160
160
161
161
161
159
159
159
158
158
158
158
157
157
157
156
157
154
155
155
155
153
153
152
151
152
152
151
151
151
152
152
151
154
156
156
156
157
157
157
155
154
155
156
156
158
156
156
158
158
159
159
158
158
156
155
154
156
155
154
155
154
155
156
156
157
159
159
160
162
162
162
162
163
161
161
160
159
160
159
159
159
160
161
160
162
160
159
159
160
158
157
159
160
159
158
156
158
159
161
161
159
156
156
156
158
159
158
158
158
156
157
156
157
155
155
154
157
157
156
154
154
153
153
154
154
156
155
155
155
152
151
151
153
154
155
154
154
155
155
155
154
152
151
150
150
150
151
151
152
153
152
153
155
155
154
153
152
151
151
151
151
150
151
151
151
151
152
151
151
154
153
153
155
154
155
154
153
152
151
151
152
153
152
152
153
153
153
152
151
151
152
153
152
152
152
151
152
152
152
151
151
153
152
153
155
155
154
153
153
152
153
152
152
152
153
154
155
155
156
156
158
159
155
157
156
156
156
156
157
156
155
157
158
159
158
158
158
159
156
156
159
159
159
157
157
157
156
156
154
154
155
155
153
155
156
156
155
155
156
156
157
158
158
157
157
157
159
159
159
159
161
159
159
158
160
160
160
160
160
159
161
160
158
159
159
158
157
156
157
157
155
155
156
156
155
154
153
155
155
155
153
154
155
155
155
155
153
154
157
157
158
158
159
158
157
157
158
158
158
158
159
159
158
155
155
156
155
155
156
155
154
155
156
158
157
155
155
156
153
154
157
156
156
156
155
155
156
156
156
155
157
158
160
161
161
161
161
159
158
158
158
157
156
155
154
152
154
154
154
153
153
154
154
154
153
153
154
153
153
153
153
156
154
154
155
155
156
155
151
151
153
151
151
150
149
151
151
151
152
154
154
155
155
154
155
155
157
158
155
154
155
154
152
153
153
152
152
152
153
153
154
157
157
157
156
157
159
159
156
156
157
158
156
156
154
155
154
155
155
155
155
151
151
151
152
154
154
155
155
157
158
156
155
155
155
156
157
156
156
156
158
157
155
157
155
155
153
152
152
151
152
153
155
155
154
154
153
152
153
153
153
150
150
150
150
151
153
152
153
153
153
154
152
150
149
148
148
148
148
145
145
145
147
150
152
152
155
154
155
152
151
150
149
149
149
154
153
152
151
151
150
150
150
151
150
150
149
148
150
150
151
151
151
151
147
146
146
146
145
144
144
144
144
144
144
143
143
142
142
143
142
143
143
142
144
143
144
143
145
144
144
145
144
144
145
145
145
146
146
147
147
145
144
144
144
144
144
143
144
143
142
142
141
142
141
141
144
144
141
141
141
140
141
142
143
144
144
146
145
145
145
145
144
142
141
141
142
142
141
140
140
139
139
140
139
140
140
142
142
142
142
140
140
141
142
143
142
143
142
143
143
143
143
144
144
145
146
146
147
146
146
146
147
146
146
146
145
146
146
146
145
145
144
145
146
145
143
144
145
145
145
144
144
145
145
145
145
144
144
143
143
143
143
143
144
142
142
142
141
142
141
142
145
147
147
148
147
147
148
148
148
148
148
148
149
147
147
147
146
145
143
142
142
141
142
141
140
140
140
140
139
139
141
143
145
145
144
145
146
144
144
144
146
147
147
145
146
146
145
145
146
146
146
146
145
144
142
143
143
144
144
144
144
145
145
147
147
147
146
148
147
148
148
146
148
147
147
145
146
146
144
145
144
145
144
145
147
146
146
145
148
145
145
145
145
145
145
143
143
143
144
143
143
142
142
141
140
139
139
139
139
139
138
139
140
140
140
140
140
139
138
139
141
141
140
141
139
140
139
140
140
141
142
142
142
142
143
141
141
143
140
139
137
138
138
140
139
137
137
137
138
138
137
137
137
137
137
137
137
136
137
138
139
139
138
139
139
140
140
139
139
137
137
136
136
136
137
137
137
137
137
137
139
136
135
135
136
137
137
137
137
136
137
135
135
134
134
135
135
136
136
135
136
138
140
140
141
141
141
141
142
142
141
141
142
142
142
141
140
138
139
137
137
135
135
137
137
138
138
136
137
135
136
137
137
138
139
139
139
139
140
139
139
140
140
141
142
141
142
142
142
143
143
143
142
140
140
139
140
139
140
141
140
140
138
138
141
139
139
140
140
140
139
139
140
140
139
140
140
140
141
141
142
141
138
138
138
138
137
135
136
136
137
137
138
138
137
136
135
137
136
136
137
136
136
136
136
138
139
139
140
139
139
138
138
138
137
137
140
142
141
143
143
144
142
141
141
140
138
137
134
134
134
134
135
135
135
135
134
134
136
137
136
138
138
138
138
136
137
136
137
138
138
137
138
139
138
137
136
134
134
134
134
133
133
133
132
132
132
132
133
134
134
134
136
137
137
137
137
135
135
133
132
132
131
131
131
133
134
132
131
131
131
132
133
132
132
133
132
132
132
132
132
132
132
133
133
134
135
134
135
135
134
135
135
136
137
137
139
138
138
138
136
136
136
137
139
140
140
141
142
141
141
142
143
142
139
138
139
139
138
141
140
141
142
144
144
143
143
143
143
143
140
142
138
137
135
136
136
137
138
139
137
136
135
134
134
134
135
132
134
134
134
134
135
136
136
136
136
137
138
137
137
135
136
136
135
134
133
133
135
134
134
134
134
134
133
132
134
133
130
132
131
131
131
131
132
132
132
133
134
135
134
135
135
135
135
135
138
137
138
137
137
138
138
139
139
141
140
141
141
141
139
139
139
139
140
140
139
138
137
137
138
138
138
137
137
137
139
141
141
139
141
141
140
137
137
137
137
136
136
136
136
137
136
136
136
135
135
135
135
134
133
132
133
133
133
135
136
135
136
136
137
137
135
134
134
136
136
137
137
137
139
141
141
140
140
142
141
141
141
141
141
141
140
140
138
137
137
137
137
138
138
138
137
138
136
136
137
136
136
137
138
139
140
141
140
140
138
137
138
138
138
138
138
139
139
139
138
139
141
141
139
140
140
141
141
141
141
139
139
139
139
140
139
138
140
139
139
140
142
143
143
141
140
139
139
139
139
139
140
140
140
141
141
140
140
139
141
142
142
142
141
142
144
144
143
142
142
142
140
141
139
139
139
138
138
136
136
138
137
137
137
137
136
136
136
137
139
140
142
144
142
141
137
137
137
136
136
135
136
134
135
135
134
135
135
134
134
133
134
136
133
133
133
134
133
131
131
131
131
131
132
130
130
129
130
131
132
132
132
133
134
133
134
132
132
131
131
131
132
132
131
133
133
133
132
132
131
129
129
128
129
129
130
131
129
130
131
131
130
131
128
128
129
130
131
130
130
130
132
133
134
132
131
133
133
133
132
131
132
133
132
129
130
128
132
131
132
131
133
132
131
129
129
129
130
129
129
128
128
127
128
127
127
126
126
126
126
127
128
128
129
129
128
128
128
129
129
129
129
129
128
126
127
126
125
126
126
128
129
129
129
129
128
129
130
129
129
131
131
132
134
133
135
134
133
134
133
133
133
132
134
135
135
135
135
135
131
133
132
132
132
132
134
133
131
133
133
135
135
136
137
137
135
134
135
134
134
134
135
135
134
133
133
133
133
135
136
135
137
137
135
134
134
134
136
136
135
136
135
134
135
135
135
134
134
134
133
133
133
133
133
134
134
134
134
135
135
135
135
135
137
137
135
138
139
140
139
138
138
139
139
134
134
133
132
133
133
133
133
132
132
132
131
132
132
131
131
130
130
131
131
131
130
130
130
130
130
132
132
133
135
134
135
133
132
132
132
132
131
132
132
132
132
133
132
134
134
133
133
132
131
131
131
130
130
132
133
133
133
132
131
132
131
130
130
129
130
130
129
130
131
131
131
132
133
133
132
131
132
132
131
131
131
131
129
129
130
129
130
132
133
133
132
132
133
133
133
133
133
132
133
133
133
132
132
130
131
132
133
133
132
132
130
131
131
131
132
131
129
128
128
126
125
126
126
127
126
126
125
126
126
126
125
125
126
126
126
126
124
124
124
124
126
127
126
127
127
127
128
127
127
127
126
126
127
127
127
126
127
129
131
131
132
132
133
133
130
130
128
129
129
129
128
128
128
129
128
130
130
130
130
129
131
131
128
128
128
130
128
127
127
126
125
126
127
126
125
124
124
125
127
126
126
126
125
125
126
126
126
128
128
130
130
128
129
129
129
129
130
129
129
129
129
128
129
128
125
127
127
126
126
128
128
128
129
130
130
130
131
130
127
126
125
125
124
123
123
124
124
125
124
124
126
126
127
125
126
126
126
125
126
125
124
123
123
123
124
125
124
122
122
122
123
125
126
126
126
129
127
128
129
129
129
127
130
129
129
128
127
126
127
129
129
129
130
129
130
128
126
126
125
125
125
125
124
124
124
124
124
124
124
123
122
121
121
122
121
121
122
124
123
123
124
126
125
125
123
123
124
124
124
124
122
123
121
122
122
122
122
123
122
122
121
122
123
124
123
122
123
123
123
124
122
122
122
122
122
122
123
124
124
124
125
126
126
127
130
129
131
132
132
132
130
128
128
129
128
129
128
128
127
127
127
127
128
128
128
128
130
127
127
128
127
127
129
129
129
130
129
127
128
127
127
125
125
126
127
127
126
127
128
128
128
128
126
124
125
125
125
125
126
125
125
125
125
125
126
127
129
129
129
131
130
130
130
130
132
133
130
130
131
131
130
130
131
132
133
132
133
133
131
132
130
131
132
131
131
131
131
132
133
133
133
135
133
132
131
132
132
132
132
132
133
132
135
134
134
133
134
134
135
135
135
133
132
132
130
131
131
131
130
128
125
125
127
126
126
125
124
124
125
126
126
125
125
126
126
127
127
126
125
125
126
126
124
125
125
125
125
125
125
124
126
125
125
125
126
127
126
127
126
126
126
126
126
127
125
126
126
125
126
125
125
123
122
121
122
121
122
121
121
122
121
121
121
121
121
121
123
123
123
125
125
126
126
127
126
126
127
128
129
130
129
130
130
132
131
129
128
129
129
128
128
128
127
127
127
126
