0.0006244827586206897 0.0007268965517241379
300
294
289
285
286
285
278
279
275
270
267
264
264
265
263
260
259
253
245
243
243
240
238
237
235
233
231
229
230
228
228
227
228
227
226
226
220
219
218
217
218
218
218
215
213
214
214
213
215
216
216
217
216
216
218
218
217
216
214
211
214
213
213
212
211
209
210
212
210
211
210
212
211
209
209
210
210
212
210
209
210
210
210
210
210
209
208
209
209
208
205
205
205
206
205
206
203
203
203
204
206
206
206
208
209
212
210
208
209
208
210
211
210
208
208
206
205
207
206
206
206
207
207
207
206
208
209
207
206
207
208
208
209
207
205
205
204
201
201
203
200
200
200
199
202
203
203
204
201
200
201
201
201
199
198
198
199
198
202
199
198
198
197
197
197
194
195
195
195
197
197
198
198
198
198
197
197
198
196
197
196
195
195
194
197
197
196
197
198
198
197
197
198
197
196
196
196
195
196
195
195
196
195
194
192
192
193
193
195
192
191
190
191
191
190
190
190
191
192
189
189
189
190
190
189
190
189
190
191
193
195
193
192
192
195
196
195
193
192
192
192
191
193
191
192
193
193
194
193
194
195
195
193
193
194
195
196
195
194
194
193
193
193
189
189
189
190
190
191
192
193
195
197
196
196
194
195
197
197
195
194
195
195
194
195
194
194
196
195
192
190
187
187
187
187
187
187
187
187
187
188
187
187
189
190
190
189
189
188
189
189
190
189
187
187
189
190
190
190
190
189
193
193
193
193
192
194
195
195
196
195
194
192
192
190
190
188
188
188
188
187
188
190
190
191
191
191
190
190
189
186
186
187
187
187
185
187
188
188
188
188
188
188
189
188
189
189
188
187
187
187
191
190
190
188
189
190
191
190
189
187
186
188
187
189
189
185
184
183
184
183
182
183
182
183
182
183
184
184
184
184
184
182
182
185
183
184
184
184
184
188
188
189
189
187
188
189
190
190
193
191
191
189
189
189
189
188
187
186
187
188
189
187
188
186
185
185
187
186
186
185
185
183
184
185
183
182
183
184
185
184
183
182
182
183
184
183
184
184
184
185
183
182
183
184
182
183
183
182
183
183
183
184
184
185
184
184
182
182
182
182
186
184
185
185
184
185
184
184
184
186
186
186
187
186
186
186
186
186
188
189
190
193
192
190
189
189
188
187
187
186
187
188
186
187
186
187
186
186
186
185
185
186
185
185
184
186
185
186
186
186
187
188
188
189
189
190
189
190
190
191
192
192
192
190
190
191
190
189
189
187
187
185
188
185
185
184
183
183
183
182
182
181
181
180
180
180
180
181
181
184
183
183
184
185
185
183
183
184
183
181
180
181
181
181
180
180
182
182
184
181
180
179
178
179
178
178
181
181
180
181
181
180
181
181
183
185
185
182
181
182
182
182
183
182
182
183
186
187
188
187
190
188
187
185
182
182
181
181
180
182
182
181
180
185
185
185
185
187
186
184
184
183
181
180
182
185
183
182
180
181
181
180
182
181
179
179
178
177
178
179
177
178
178
177
177
178
177
175
174
174
174
174
175
174
175
177
177
176
176
177
177
176
176
177
179
179
178
176
178
177
179
178
176
176
174
174
174
174
175
177
178
177
178
179
179
177
178
178
179
180
180
179
180
179
180
179
180
182
182
184
187
187
187
185
184
184
182
181
181
180
179
177
177
180
179
180
180
179
178
180
178
179
178
178
179
178
178
179
180
178
178
177
179
178
175
175
177
177
177
178
177
177
177
178
177
179
178
180
179
180
180
177
173
171
171
171
172
173
173
173
173
174
174
175
174
174
171
171
171
171
171
170
170
170
169
170
172
174
172
170
170
168
168
168
168
168
167
167
167
167
165
164
164
167
168
169
171
171
170
169
168
168
168
169
168
169
169
168
170
171
172
172
173
174
175
173
173
173
172
170
171
171
169
169
167
166
166
166
165
165
165
165
163
164
164
163
164
165
165
165
164
164
164
165
165
166
166
167
166
167
166
164
164
164
164
165
163
164
161
161
162
160
162
162
163
163
163
167
167
166
165
164
164
165
165
165
166
166
165
166
167
167
167
167
167
166
166
166
162
163
164
164
166
167
164
164
165
165
166
168
171
172
173
172
174
173
173
175
175
174
172
172
169
168
168
169
169
170
168
165
165
167
167
167
167
167
168
169
170
167
165
165
166
167
167
168
169
168
168
168
167
169
168
166
167
166
165
166
164
164
163
164
164
164
164
165
163
163
162
163
163
163
162
164
167
168
167
168
166
167
165
165
166
166
167
167
164
164
163
162
164
164
164
165
165
164
164
164
165
165
165
166
166
167
167
167
166
167
169
168
167
167
166
166
167
168
167
166
165
165
162
162
161
161
163
162
161
160
160
162
162
162
164
164
165
164
164
161
161
161
161
161
161
161
160
160
159
159
158
157
158
159
160
159
160
160
160
159
159
159
159
162
160
160
163
163
163
161
161
160
160
159
161
161
162
164
163
165
165
165
165
164
165
164
168
168
168
169
167
167
167
165
164
164
165
164
161
160
161
161
160
161
161
163
160
161
160
162
162
161
160
163
164
166
165
164
165
163
163
162
162
163
163
163
164
163
164
166
166
163
164
164
162
164
165
163
163
161
160
161
161
161
159
157
157
158
159
160
159
159
159
161
162
163
163
163
165
164
164
164
163
167
164
164
162
161
160
160
160
159
159
159
159
158
157
157
158
159
160
159
160
157
156
155
154
154
154
155
155
156
155
155
154
154
155
156
156
157
157
157
158
159
159
159
158
157
156
158
157
158
160
158
155
155
154
154
154
155
155
156
155
156
157
155
154
154
154
158
157
156
155
157
157
157
156
156
155
155
155
156
156
156
155
158
156
155
156
157
158
159
156
158
159
158
157
156
156
157
159
161
160
159
159
159
156
156
156
156
156
154
154
154
156
158
156
157
158
156
156
156
155
157
159
160
161
161
161
161
155
155
156
155
154
156
156
154
154
154
154
154
154
155
155
155
156
156
154
156
153
155
155
155
156
156
157
157
154
154
155
156
156
156
156
156
157
157
158
158
156
157
157
155
155
156
155
154
154
154
156
156
153
153
154
155
154
155
153
153
153
152
152
151
150
150
152
152
153
153
151
152
152
152
153
153
153
152
152
153
153
154
156
155
156
155
154
154
155
154
153
153
151
151
150
149
150
151
151
153
153
154
155
155
154
155
156
154
154
156
157
158
157
156
156
156
156
155
155
154
154
155
155
154
154
152
152
152
153
154
154
153
153
152
152
151
151
151
151
151
151
152
151
151
151
152
151
151
151
151
151
151
151
151
150
149
151
152
152
152
152
153
154
153
153
153
153
153
152
152
151
151
151
151
151
150
150
151
153
153
153
154
154
153
152
152
152
152
153
153
153
155
155
155
154
152
151
151
151
152
151
151
152
152
153
152
153
152
152
151
149
151
152
152
151
152
152
152
153
157
157
160
160
160
159
159
157
155
153
154
155
156
153
153
153
153
152
152
153
153
155
155
156
155
156
157
160
158
157
156
154
154
153
153
153
155
154
152
151
151
153
154
154
156
154
155
155
155
156
156
154
153
152
149
149
151
151
151
149
150
150
151
151
151
149
148
147
148
148
149
150
151
150
151
151
151
152
153
152
153
153
154
151
151
151
150
151
150
150
149
148
148
147
147
146
147
146
147
148
149
146
146
147
146
146
147
148
150
151
150
151
151
150
149
149
149
149
150
148
148
148
147
146
147
149
146
146
148
147
148
148
148
148
148
149
147
148
149
150
150
151
154
153
153
153
153
153
153
153
153
151
150
151
148
148
150
150
150
151
150
151
152
152
155
156
157
155
155
155
154
153
154
154
154
153
153
153
154
155
156
155
156
155
156
154
154
154
153
151
150
150
148
147
148
149
151
150
150
148
147
149
152
153
153
155
154
152
151
151
152
154
154
155
155
154
154
153
152
149
148
148
148
149
149
149
149
151
150
150
149
148
148
149
151
151
151
153
152
152
152
151
149
149
149
148
150
149
148
148
147
147
147
148
150
149
149
148
147
147
147
147
147
147
148
148
148
148
151
150
150
151
151
152
150
152
152
153
154
155
153
152
152
151
150
151
151
151
152
151
149
149
149
148
148
148
149
148
146
146
145
145
143
144
144
144
145
146
146
144
144
145
144
145
143
143
143
143
143
142
142
144
141
142
142
142
142
142
142
142
142
142
142
143
143
143
141
144
143
142
141
139
137
138
138
138
137
138
138
138
138
139
140
140
140
140
140
142
143
144
143
144
146
147
146
145
145
145
145
147
149
148
145
146
146
146
145
144
143
142
143
144
144
144
143
143
142
143
143
143
143
143
145
145
144
144
143
144
144
144
142
142
142
140
142
142
142
142
143
144
143
142
145
145
146
145
144
144
144
144
146
145
144
143
145
146
143
142
144
143
146
146
147
148
149
146
144
143
143
143
143
141
141
141
140
139
139
139
137
138
138
138
139
139
139
139
139
139
138
138
137
137
137
139
139
139
140
138
138
136
136
136
136
138
138
137
137
138
137
136
137
137
139
138
139
139
141
142
143
142
142
143
144
145
146
146
147
147
145
143
143
144
143
143
143
143
141
142
141
142
141
141
141
141
140
139
140
139
139
138
139
140
137
138
139
140
139
139
138
138
139
140
139
138
140
141
140
140
141
140
141
142
141
140
141
143
143
145
143
142
142
143
143
142
140
139
138
139
138
137
138
138
138
138
138
138
137
137
138
138
136
136
136
137
137
137
137
136
137
138
139
139
136
136
135
136
136
138
136
135
137
139
139
139
140
140
139
137
137
136
136
136
138
136
136
135
135
136
135
134
135
134
134
134
135
134
132
133
133
132
134
134
133
134
135
135
135
136
137
136
136
136
137
138
137
137
132
133
133
134
135
136
138
137
137
137
139
141
140
140
139
139
139
139
140
142
141
140
140
141
142
141
140
138
136
137
138
137
137
138
140
139
139
139
136
135
136
136
136
137
137
137
137
137
136
137
136
136
135
135
133
134
135
134
133
134
134
135
133
131
131
132
132
129
130
130
129
129
130
132
133
133
133
134
134
134
135
136
135
135
135
135
134
135
134
134
133
134
132
134
134
135
135
136
134
133
133
134
134
133
133
132
132
133
135
133
133
133
133
134
134
134
134
136
136
135
134
136
135
131
131
130
128
128
128
129
130
130
130
130
129
129
129
129
128
128
128
128
128
130
131
131
132
131
130
131
131
132
131
130
130
130
130
129
129
129
129
130
130
131
131
130
129
130
131
131
131
130
129
129
130
129
129
129
132
137
135
135
135
137
133
134
134
135
135
135
135
135
136
138
137
135
135
135
135
134
134
134
136
137
136
135
138
140
139
140
141
142
141
139
139
140
141
139
137
139
141
140
139
138
137
138
138
139
138
137
137
138
137
136
136
136
138
138
135
134
134
135
134
134
135
134
131
132
131
131
131
131
129
129
129
129
129
129
128
128
128
128
128
129
130
132
130
131
130
131
131
132
130
130
129
129
129
130
130
130
130
132
131
129
129
129
128
129
130
131
130
130
130
129
129
129
129
129
129
128
127
126
127
127
127
127
127
127
127
127
130
131
132
131
129
129
129
129
129
128
128
128
128
129
130
131
131
131
133
133
135
136
134
131
131
129
129
129
132
132
131
132
131
130
130
130
131
131
132
131
130
129
129
128
125
124
124
124
124
123
123
123
123
123
123
123
124
125
125
126
126
124
124
125
124
123
124
124
124
123
124
125
126
127
127
127
127
127
127
129
128
127
127
128
129
129
128
128
128
128
128
129
129
127
126
126
126
126
129
129
128
129
128
129
128
127
126
125
125
127
129
130
130
131
130
129
130
131
130
129
129
128
128
127
128
130
132
131
133
134
132
131
131
131
131
133
132
133
133
133
133
132
131
132
129
129
128
129
129
129
127
127
127
128
128
128
129
130
130
130
129
129
129
127
127
126
125
125
124
125
126
127
126
127
128
129
129
129
129
128
128
127
128
127
128
127
127
127
126
127
127
128
130
130
129
129
129
128
127
129
130
130
130
130
130
132
132
131
131
130
130
131
131
132
131
130
131
133
133
133
132
134
134
134
133
133
131
131
131
131
132
132
132
132
133
133
132
132
132
134
134
133
132
130
131
132
133
132
132
131
132
131
131
130
131
132
132
132
133
132
132
131
132
131
131
132
131
131
130
130
130
131
130
132
131
130
131
131
131
132
132
131
131
129
129
128
130
131
130
130
130
129
129
128
131
134
131
132
131
134
135
135
133
133
134
133
131
130
128
128
127
127
126
127
128
127
128
128
129
127
126
125
125
126
126
127
127
126
125
125
127
126
129
129
130
127
126
126
126
126
126
126
126
126
126
125
126
124
124
124
125
125
125
126
125
128
128
128
127
130
131
127
127
128
128
128
129
127
127
127
127
126
127
127
126
126
126
127
127
126
127
129
130
130
130
132
132
131
131
131
129
128
128
128
128
128
130
129
129
131
132
131
131
133
131
133
134
133
133
132
131
131
131
131
129
130
130
130
129
128
128
129
129
129
130
129
128
129
129
131
132
132
132
132
133
131
132
133
130
130
130
131
130
130
129
129
129
126
125
125
125
126
126
126
126
127
127
127
127
127
128
129
129
129
130
130
131
127
128
129
129
128
127
126
126
126
126
128
127
126
129
129
128
128
129
130
127
126
126
125
124
124
123
123
123
123
123
123
123
123
124
124
123
122
122
122
123
124
124
125
125
125
125
125
127
128
128
129
129
129
129
130
130
131
130
130
130
130
130
128
128
129
129
129
128
127
128
128
128
128
128
128
128
126
125
125
127
127
127
128
128
127
126
126
126
128
128
128
126
127
127
127
128
128
128
127
128
127
127
127
127
127
128
128
128
128
128
127
125
126
126
126
126
125
125
126
126
126
126
127
127
126
126
124
124
125
126
126
129
130
129
130
131
130
130
130
128
128
127
128
127
128
128
130
132
132
132
131
132
132
133
132
132
132
131
131
133
131
130
132
133
133
132
131
133
132
132
132
131
132
133
132
131
131
132
132
130
128
128
129
128
129
129
129
128
131
131
131
132
132
131
129
129
130
131
131
131
131
130
130
128
127
128
129
129
127
127
126
126
124
124
123
125
128
129
129
132
132
132
131
131
132
131
131
131
130
129
129
129
130
129
129
130
129
130
130
131
131
133
131
132
128
127
128
128
127
128
127
128
129
127
127
127
127
128
128
127
127
127
126
126
127
128
127
126
126
127
127
126
127
126
125
126
126
126
125
125
126
125
125
125
126
126
126
127
124
124
124
124
126
128
127
127
126
127
128
127
128
126
126
126
126
125
125
124
125
125
126
125
125
126
124
123
123
123
124
125
123
122
122
122
121
121
121
120
119
121
120
120
120
121
121
121
120
119
118
118
119
118
118
118
118
118
116
117
117
117
116
116
116
115
114
114
114
115
115
115
115
115
115
117
117
117
118
118
118
120
121
121
120
122
123
123
122
120
121
121
120
122
123
122
121
120
117
117
119
118
118
119
118
117
118
118
117
117
117
116
116
116
116
116
117
117
119
118
118
119
119
118
118
118
118
117
118
117
117
117
117
117
117
117
117
118
117
116
116
115
113
115
115
116
116
116
119
119
121
120
121
121
121
121
120
120
121
120
120
120
120
120
121
122
121
124
122
122
123
121
118
118
118
119
118
118
118
116
116
114
114
115
115
115
116
116
117
119
120
120
120
120
120
121
120
120
119
118
118
120
120
120
121
120
121
123
124
125
124
124
126
124
123
123
125
125
124
124
127
125
125
124
125
128
127
126
126
123
123
121
123
123
123
124
123
124
124
125
124
123
123
123
124
123
120
120
119
119
119
118
119
119
120
120
119
119
117
117
116
116
115
116
114
114
114
114
114
113
114
116
116
116
117
117
118
120
119
119
119
116
118
116
116
116
116
118
118
117
117
116
116
117
118
118
118
118
118
118
118
118
118
118
117
116
116
118
116
118
115
116
117
116
114
113
113
113
114
115
115
116
115
115
115
116
115
116
114
116
115
115
116
116
116
116
116
116
116
116
117
118
119
116
114
113
113
112
112
113
114
114
113
113
112
112
111
114
115
116
116
116
117
116
117
115
115
116
114
113
110
110
110
113
114
114
118
118
117
116
116
112
111
110
110
109
109
109
109
110
111
111
110
110
110
111
111
111
112
113
114
114
113
113
113
113
112
111
111
111
111
112
114
114
114
115
114
115
114
114
113
114
114
111
111
111
108
110
111
110
109
109
109
109
110
110
109
108
108
108
109
109
110
111
111
111
110
110
110
110
110
109
109
109
109
108
108
109
109
109
109
109
109
111
111
111
111
111
111
111
109
110
109
112
110
111
110
110
111
110
111
110
109
110
110
111
110
113
114
115
116
116
114
115
113
114
115
117
118
118
119
119
120
118
118
117
118
118
115
113
115
115
116
117
117
117
117
117
117
113
112
113
114
114
113
115
113
114
114
112
111
113
114
113
112
112
112
111
110
112
111
113
115
115
115
114
114
114
115
115
115
114
116
115
115
116
115
115
114
115
115
112
113
112
110
110
110
110
110
110
111
111
112
112
111
111
111
112
112
112
115
114
114
113
112
111
110
111
111
111
111
111
113
113
113
113
114
115
113
113
113
112
113
112
112
112
111
113
113
112
111
111
109
110
111
112
112
114
112
112
113
113
113
112
112
113
113
113
113
111
111
111
110
109
109
111
110
110
110
111
111
111
111
112
113
112
112
111
111
112
113
116
117
117
117
117
117
118
117
116
116
116
116
117
117
114
114
115
116
114
114
114
116
117
116
116
115
113
115
115
115
115
115
117
117
117
117
117
117
117
116
115
115
115
113
113
114
113
115
115
115
115
115
116
117
119
119
119
118
118
119
118
118
118
118
117
117
117
115
115
116
115
115
115
115
114
114
115
115
114
114
113
115
116
116
116
115
115
117
117
114
116
116
117
118
116
116
115
115
115
115
116
116
117
118
118
117
116
117
117
116
114
112
111
112
112
112
113
113
115
115
115
113
112
112
113
111
111
112
113
113
113
112
107
108
110
109
109
109
109
108
110
110
111
111
110
109
109
111
113
113
113
114
114
113
112
112
110
110
110
110
107
107
107
108
109
109
109
109
111
110
109
109
109
109
109
108
109
109
108
108
108
108
108
108
111
111
111
110
110
109
108
109
109
109
110
109
109
109
108
109
110
109
110
110
110
109
108
109
109
110
109
109
107
109
111
112
110
110
110
110
109
110
109
109
109
108
110
110
109
110
109
108
108
108
108
109
108
109
107
106
108
108
108
108
108
106
107
107
105
105
105
106
105
104
103
103
104
102
103
104
105
107
106
106
106
104
103
103
103
104
103
103
103
101
101
101
102
102
102
103
103
102
101
102
102
102
102
103
106
108
107
106
106
106
106
106
105
105
105
105
105
105
105
104
103
102
102
101
102
101
102
102
102
101
102
102
102
103
104
104
106
106
106
104
104
104
104
105
105
105
103
104
104
102
101
101
101
101
102
102
103
103
104
106
106
105
104
105
106
105
105
105
105
105
108
108
108
107
106
105
105
106
106
106
106
106
106
107
107
105
106
103
102
101
101
101
101
101
102
102
101
100
100
100
102
103
105
105
106
106
106
106
106
106
106
106
105
106
107
107
106
105
105
106
108
108
108
107
108
107
107
106
105
106
106
106
106
106
107
107
106
106
106
106
107
107
107
106
106
105
104
105
103
103
104
105
105
104
104
103
103
104
104
107
106
108
108
109
108
107
108
107
106
105
105
104
105
106
104
104
106
105
105
105
102
102
101
101
100
100
102
103
103
102
101
104
103
104
101
101
101
101
100
101
102
101
100
100
100
100
100
100
100
100
99
101
102
102
101
100
100
100
99
99
99
99
99
100
99
99
99
99
99
99
99
101
101
102
101
102
102
102
101
101
101
100
100
102
102
103
104
105
107
106
106
106
104
104
104
104
105
105
105
105
104
104
105
106
107
105
106
105
105
104
104
106
105
105
104
104
105
107
106
106
107
107
108
110
111
110
111
109
107
106
107
106
108
107
105
104
105
104
105
106
104
104
105
105
106
105
107
108
108
108
107
108
107
106
106
105
106
106
106
106
105
105
106
106
104
105
105
104
105
105
104
103
103
102
102
101
101
100
101
101
101
102
102
102
101
100
100
100
100
101
102
102
101
101
101
103
103
104
104
104
104
104
104
104
106
104
104
104
103
104
103
102
102
102
103
105
105
105
104
104
103
103
103
104
103
103
102
103
103
103
102
103
104
104
104
103
105
104
103
104
104
104
102
102
100
101
102
102
104
104
105
106
105
105
105
103
103
104
104
104
105
105
105
104
104
104
103
102
101
101
100
100
100
99
99
100
100
101
101
101
101
102
102
101
101
101
102
104
102
101
101
101
101
101
101
101
101
101
101
101
101
101
102
102
102
101
101
101
101
99
99
99
99
100
100
100
100
99
100
100
99
100
100
102
101
100
100
100
102
100
99
99
100
100
100
100
100
100
99
99
99
99
99
99
97
97
98
98
98
98
98
97
97
98
98
98
97
98
99
99
99
100
101
100
101
102
102
100
100
99
99
100
100
100
100
102
100
100
100
100
100
100
101
102
101
101
101
101
100
101
102
102
102
102
103
101
102
102
101
100
100
100
100
101
100
100
100
99
101
99
100
101
103
102
103
103
103
102
103
103
102
101
102
102
102
101
102
102
101
102
102
102
103
102
103
104
104
105
106
104
104
104
104
105
105
105
104
104
104
105
106
106
106
105
105
105
103
103
102
101
101
101
101
101
101
101
101
101
101
101
101
101
101
101
101
102
104
103
104
104
105
104
105
106
103
102
102
102
102
103
101
101
101
100
100
101
101
102
102
103
104
103
105
104
103
102
103
105
105
105
105
103
102
102
102
102
103
105
105
104
103
103
104
104
103
102
101
101
102
100
99
98
99
100
100
99
98
97
97
97
97
97
97
97
97
97
100
100
100
98
98
97
97
97
97
97
95
95
95
95
96
95
95
95
95
96
97
97
97
97
94
95
95
96
96
95
94
94
94
94
94
94
94
97
96
96
95
96
97
97
99
98
98
97
98
98
98
98
98
98
98
98
98
99
97
96
95
97
97
96
95
95
95
96
95
95
95
95
96
96
95
96
95
95
92
93
94
94
95
94
94
94
94
95
96
97
97
98
99
98
98
98
99
99
97
97
97
96
96
95
98
97
97
98
99
99
98
100
100
99
99
97
96
97
98
97
98
98
96
95
96
97
99
99
99
99
99
99
99
101
100
101
100
101
102
102
