0.00031724137931034486 0.00038551724137931035
300
292
289
285
285
281
277
276
273
270
269
269
267
265
265
265
264
266
266
265
263
263
263
263
264
263
258
257
258
261
261
262
264
262
259
259
257
258
259
259
260
257
257
256
255
256
258
257
256
256
258
258
259
256
256
255
254
256
256
253
255
254
252
251
248
248
248
249
249
248
248
249
250
251
250
250
249
250
251
253
251
252
253
251
250
251
249
250
249
249
250
248
247
249
251
252
253
252
252
251
252
253
251
250
252
251
249
249
250
250
249
246
246
247
248
247
248
249
249
246
246
247
246
248
249
252
252
249
246
245
245
246
247
249
249
248
250
249
245
246
246
246
247
245
244
245
244
244
244
244
243
241
240
240
239
239
241
242
243
243
242
241
242
241
241
240
239
239
241
242
243
243
243
241
240
239
238
238
239
242
242
240
239
237
240
241
242
242
241
240
242
241
240
238
237
237
237
237
239
238
238
240
238
237
237
239
238
238
239
240
238
240
240
239
237
235
235
235
235
235
234
238
238
239
238
237
234
234
234
234
234
233
233
233
232
232
231
231
231
230
230
231
230
232
234
234
234
233
233
232
232
233
232
232
232
231
232
232
231
232
232
232
232
233
231
233
234
236
238
235
235
234
234
233
234
235
236
238
237
237
237
237
236
236
237
235
231
231
232
234
233
233
234
235
235
236
236
235
234
234
233
233
235
234
234
234
233
229
230
230
230
232
231
231
231
228
229
229
229
228
228
228
229
232
232
233
231
234
234
234
234
233
232
230
233
234
234
233
231
231
229
228
227
227
228
228
228
227
228
228
230
230
229
229
230
228
229
229
229
228
229
229
230
231
231
231
232
232
232
233
233
231
232
229
229
228
229
231
229
228
225
226
226
227
227
226
226
226
226
226
229
230
228
229
231
231
229
230
230
228
229
228
228
229
230
233
233
235
234
235
236
235
232
230
233
234
232
230
228
228
228
228
229
229
229
230
232
232
231
232
232
229
229
228
230
230
230
230
230
229
231
230
231
232
232
233
236
234
233
231
231
234
235
235
233
233
232
230
231
228
228
226
227
225
224
225
226
228
227
227
227
229
227
225
225
224
224
223
225
226
226
224
225
226
226
224
228
230
227
226
226
228
229
230
229
227
227
227
226
225
225
225
225
225
223
224
224
223
223
223
222
223
222
223
222
221
223
226
222
222
222
224
224
227
229
229
228
229
228
227
227
227
228
225
226
223
223
222
223
222
222
224
222
222
223
226
226
225
226
228
228
228
227
227
224
223
222
222
223
224
222
223
222
222
221
220
221
221
222
222
221
222
222
220
222
223
222
222
222
223
224
224
225
225
227
226
224
225
224
222
226
225
224
224
223
226
226
223
223
224
224
228
228
229
227
226
223
225
226
225
227
226
225
224
222
222
224
223
222
222
222
222
221
220
221
223
223
224
224
222
221
221
221
220
220
221
221
218
218
216
216
216
217
216
217
217
216
216
216
216
216
216
216
216
213
212
212
213
213
213
214
215
216
216
215
215
214
213
214
213
214
212
212
214
215
214
211
211
211
212
211
211
212
214
213
215
216
215
215
213
213
214
215
214
214
212
211
212
211
211
211
213
212
211
213
213
213
212
212
212
212
212
212
213
212
212
212
212
212
213
214
214
215
214
213
212
212
211
211
212
213
212
213
215
215
212
212
212
212
212
212
215
214
213
214
215
215
215
212
212
212
211
212
212
212
212
214
213
213
214
214
215
215
214
215
215
218
218
219
216
216
216
218
217
218
217
217
218
217
219
220
219
219
218
218
220
219
219
219
219
218
217
219
218
218
218
218
217
217
218
218
215
215
216
215
214
214
215
217
218
217
218
218
216
215
217
216
219
218
218
217
216
214
214
214
216
217
216
215
214
215
217
214
215
215
214
212
212
212
212
213
215
214
215
214
216
214
213
214
215
216
216
216
215
215
215
215
214
214
212
213
212
212
213
213
216
215
214
214
214
213
211
214
214
213
213
213
214
214
214
214
215
214
215
213
214
214
215
215
212
212
212
212
212
211
211
211
213
212
212
212
211
210
210
210
210
211
210
210
211
211
213
212
212
211
211
210
209
210
210
208
208
210
211
213
216
216
216
214
214
214
214
215
214
213
212
212
212
212
211
211
212
210
211
211
213
212
211
212
212
210
210
210
210
212
211
211
213
213
215
215
216
218
217
216
217
217
217
217
217
218
219
221
220
220
220
221
222
220
220
220
218
218
218
217
216
216
218
218
218
217
217
218
215
215
215
214
211
209
208
208
208
208
208
207
207
209
211
210
211
210
212
212
212
212
210
210
210
210
211
211
211
211
212
213
213
212
216
217
215
215
215
216
217
216
217
218
216
213
211
214
215
214
217
214
215
213
214
213
214
214
215
214
216
217
218
218
217
215
216
216
217
217
216
215
216
214
215
215
215
215
213
214
213
213
212
211
213
216
215
215
214
215
217
217
214
213
210
211
209
210
210
209
210
208
208
208
209
209
210
210
208
208
207
206
205
205
207
207
209
210
205
205
204
205
206
205
204
204
205
203
203
205
205
206
206
204
204
204
205
206
206
207
207
206
208
208
207
207
206
205
204
204
203
205
204
205
205
204
204
205
204
204
205
205
204
202
203
203
204
205
204
205
204
205
203
203
203
203
205
206
207
205
205
206
207
205
207
203
204
203
203
205
205
206
206
205
204
203
203
204
205
204
205
204
204
203
203
204
205
206
205
204
201
199
201
201
199
199
202
200
200
202
202
200
201
201
202
203
202
204
203
205
207
205
204
204
205
206
204
205
204
204
206
208
207
207
209
209
208
209
208
210
210
210
209
209
209
211
211
207
208
206
206
206
206
205
203
204
204
204
203
204
206
204
205
203
202
202
203
204
202
203
204
204
206
204
204
203
203
203
203
202
202
203
202
203
203
202
201
201
201
201
202
204
204
205
205
203
204
204
202
203
203
206
202
202
202
200
200
199
198
200
202
203
203
204
202
202
204
203
204
204
205
206
205
205
206
203
203
202
201
201
202
202
201
202
201
199
198
198
196
200
198
198
197
197
197
196
196
195
195
195
195
195
196
197
199
200
200
200
201
203
202
201
199
200
199
197
195
196
198
198
195
194
194
194
194
193
193
192
192
191
191
192
193
194
194
194
194
193
193
194
196
196
195
196
195
195
196
194
194
193
196
196
195
195
194
194
192
194
195
195
194
197
197
195
195
196
196
195
195
194
193
193
193
194
194
193
193
195
196
197
195
195
195
196
196
195
197
196
194
193
194
195
193
192
191
191
190
191
190
190
192
193
196
195
192
192
191
191
190
192
193
191
190
190
189
189
188
188
188
189
191
190
189
188
189
190
189
192
193
191
189
189
189
191
190
190
190
192
190
190
193
193
193
193
191
193
191
191
191
192
191
190
192
190
188
188
187
189
189
191
189
190
190
189
187
189
189
188
189
189
190
190
190
190
191
191
187
187
186
187
186
187
188
188
188
188
188
188
187
185
185
186
185
186
186
186
185
185
185
185
184
186
186
186
187
187
185
185
185
184
184
185
186
187
187
186
187
186
186
187
187
185
186
186
186
188
188
188
188
186
186
192
192
191
189
188
188
189
189
189
188
187
186
184
184
185
187
187
188
188
189
189
188
187
186
187
188
188
188
188
187
187
188
189
188
189
189
188
187
187
186
187
184
184
183
183
184
186
187
188
188
189
188
187
188
185
185
184
184
184
185
184
184
185
185
183
181
183
183
183
184
183
183
183
183
181
182
182
185
184
183
184
182
183
182
183
181
182
180
181
182
182
182
182
183
186
184
184
185
183
183
184
184
182
182
183
181
179
179
180
180
180
181
181
184
184
183
183
183
183
183
183
181
180
179
180
179
179
180
179
178
179
179
179
180
179
181
180
179
179
180
179
179
179
179
180
180
178
179
180
180
180
179
179
179
180
179
179
179
180
182
182
184
183
182
181
182
181
183
182
182
184
184
184
182
182
180
180
182
182
181
182
182
182
181
182
182
181
184
185
185
185
183
180
180
180
181
181
181
180
180
180
180
180
181
182
183
182
185
184
184
184
181
182
184
182
183
183
182
181
181
182
182
180
181
182
182
183
182
185
187
188
187
184
184
182
182
181
181
182
181
183
181
181
182
183
182
181
179
180
179
178
177
178
178
177
177
177
176
178
176
176
179
182
182
183
182
181
183
182
181
179
178
176
178
177
179
178
178
180
180
180
178
179
178
176
174
174
173
172
172
172
174
175
174
174
175
175
175
175
175
177
177
177
178
180
181
180
180
179
179
180
177
176
177
177
177
177
177
178
178
179
181
181
179
178
179
180
182
180
180
181
180
181
181
178
176
176
175
174
175
174
172
172
172
173
173
173
173
173
175
174
174
175
175
176
176
177
176
178
178
175
175
175
177
177
174
175
175
176
177
179
179
179
181
180
178
177
174
175
175
176
176
176
174
174
174
174
173
175
174
172
172
172
170
170
171
172
174
176
176
177
176
174
174
173
172
172
172
171
170
171
170
170
171
169
169
169
170
171
172
173
171
171
171
171
171
170
170
170
171
173
171
169
169
170
169
169
169
170
172
172
170
170
170
171
172
172
171
172
170
172
173
172
173
174
177
176
176
177
176
175
176
175
176
175
173
174
172
171
173
173
173
174
172
171
170
170
171
170
167
167
166
167
167
166
168
167
167
166
168
168
168
168
169
170
170
170
169
169
170
170
170
170
170
170
169
170
168
168
169
169
170
170
167
166
165
165
167
166
166
167
168
169
170
168
167
169
169
169
168
167
168
164
164
165
165
165
165
166
166
166
167
164
164
163
164
164
165
165
166
169
168
167
165
166
165
162
161
162
162
164
164
164
162
162
161
161
159
160
161
160
158
159
160
157
157
158
158
158
158
158
157
156
156
157
157
157
157
156
156
157
156
156
156
157
157
158
156
156
156
156
156
156
156
155
156
156
157
157
157
157
158
158
157
158
158
157
156
156
156
157
157
158
158
158
158
158
159
160
161
161
159
158
158
158
158
158
156
156
157
156
156
156
156
156
156
157
157
158
158
158
157
154
154
153
154
155
157
157
157
156
156
158
159
159
160
160
159
158
158
157
155
154
155
155
155
155
154
155
155
154
154
155
156
158
159
161
161
162
158
157
156
156
156
155
155
155
155
154
154
155
155
155
156
157
155
158
157
156
156
155
155
155
158
157
155
155
156
154
154
153
154
154
154
154
154
156
156
155
156
156
154
154
155
156
155
155
155
154
155
154
154
154
155
155
154
154
152
152
152
152
153
154
153
153
152
152
154
155
155
154
155
154
154
154
155
155
154
154
153
153
153
152
153
152
152
153
153
154
154
154
153
153
152
153
154
154
154
155
155
154
153
155
154
153
153
154
154
156
156
155
156
155
154
153
154
154
155
155
155
155
155
155
157
157
157
157
157
157
158
159
158
156
156
155
156
156
158
158
159
159
158
158
156
157
157
155
155
155
156
156
156
156
155
156
155
155
155
156
156
158
158
158
158
158
157
157
157
157
156
156
156
158
159
158
158
156
155
155
154
154
154
155
155
154
154
154
154
154
156
156
154
152
152
152
154
153
153
152
152
153
153
152
153
153
153
154
154
155
155
155
156
156
156
157
159
157
158
158
158
157
158
158
158
158
157
158
158
158
157
157
157
157
156
155
155
158
157
156
158
157
155
154
155
153
154
154
155
153
154
153
153
153
153
154
153
154
154
153
153
152
152
152
151
151
151
151
151
151
151
151
151
151
152
152
152
151
151
153
153
153
153
153
152
153
153
154
154
154
154
155
154
153
153
154
154
152
152
156
157
158
159
157
156
155
157
160
159
157
159
157
156
154
153
152
153
154
156
156
155
156
154
153
154
155
154
152
150
150
152
151
152
151
153
154
153
154
155
155
154
154
154
153
152
153
154
154
153
152
153
153
154
155
156
156
156
156
157
157
157
158
158
158
156
155
154
155
155
156
156
155
155
155
155
155
155
154
154
155
155
154
154
155
154
153
153
153
153
153
153
154
154
152
153
151
151
151
151
153
153
153
154
154
153
153
153
153
153
152
152
152
150
151
149
149
150
149
149
150
151
152
152
152
151
151
151
151
151
151
151
151
151
151
150
151
151
153
153
149
148
147
147
147
146
147
147
147
147
147
147
147
146
148
148
148
147
147
147
147
149
149
148
148
149
149
149
149
149
150
150
151
152
152
151
151
150
152
152
152
152
152
152
153
154
155
155
154
153
155
155
152
150
151
151
150
148
151
152
150
148
148
148
151
150
150
149
149
150
148
147
146
147
147
147
148
149
149
151
151
153
152
153
154
154
153
151
152
151
149
150
150
150
152
152
151
151
151
150
151
149
149
148
150
149
150
150
150
149
147
147
146
146
146
146
146
147
148
148
147
150
151
151
152
149
149
150
150
149
151
150
149
149
148
148
150
149
149
150
151
151
151
152
153
153
150
150
150
151
151
150
150
148
149
148
148
148
149
151
152
152
152
153
153
154
153
155
151
153
151
150
150
149
149
150
151
151
148
150
149
149
150
151
149
148
147
147
148
148
147
147
147
147
148
148
149
148
148
149
149
149
149
150
150
151
150
150
149
149
150
150
150
151
150
150
150
150
150
148
147
147
147
148
148
148
145
145
145
145
145
145
145
146
145
145
146
146
145
145
145
147
147
148
146
146
147
145
145
146
146
146
145
144
144
143
144
144
144
144
145
144
142
142
143
143
144
143
144
145
144
144
144
145
145
145
146
146
146
147
146
145
148
148
147
148
147
145
145
146
145
145
147
145
146
144
144
144
144
144
145
146
146
145
145
146
147
147
147
146
147
146
147
148
146
144
143
142
140
140
141
140
140
140
142
143
143
143
142
142
142
142
143
143
141
141
142
142
143
142
142
142
142
141
142
142
142
143
142
143
143
142
142
143
143
143
142
142
142
142
143
143
143
143
143
144
145
147
145
144
145
143
143
142
142
142
143
143
144
144
145
146
145
148
147
147
147
147
147
147
145
147
147
148
147
147
146
145
146
146
144
145
145
145
144
144
143
144
144
144
143
144
144
144
144
144
143
144
144
145
145
145
144
143
144
145
144
144
143
145
143
143
143
142
142
142
139
140
138
138
139
139
138
138
140
138
137
137
137
137
137
135
135
136
135
135
136
136
137
137
136
136
137
138
138
138
138
138
138
137
137
137
138
138
137
135
135
134
133
134
135
134
134
135
134
135
134
135
134
133
133
135
135
135
135
135
135
136
137
136
137
138
141
142
143
141
141
141
141
141
142
144
144
143
139
137
138
139
139
139
138
138
138
137
139
140
138
140
139
137
135
135
136
136
135
135
135
135
136
137
138
137
137
136
138
137
136
135
135
134
135
135
134
134
134
134
134
134
134
134
134
134
135
136
136
136
137
137
138
136
135
136
135
135
135
135
135
134
135
134
133
132
133
132
134
134
134
135
134
133
133
135
135
135
135
134
136
135
136
134
133
133
134
133
135
136
137
137
138
139
140
139
138
138
137
137
136
135
136
136
136
136
137
135
135
135
134
135
133
133
133
133
134
135
136
137
138
138
135
135
136
134
134
133
131
131
131
131
132
132
132
132
131
133
134
136
135
135
136
134
135
135
135
135
134
135
134
134
131
131
130
130
129
129
131
130
131
131
131
130
130
129
129
129
130
128
128
129
129
129
129
129
128
129
129
129
130
129
129
130
129
129
129
129
129
129
128
129
129
129
128
128
129
129
129
130
130
130
130
132
132
132
132
131
129
127
127
128
129
130
133
132
131
130
131
131
132
132
130
127
127
128
126
127
127
128
128
132
134
134
132
130
130
131
131
132
132
132
132
131
133
133
134
135
134
134
134
136
137
137
137
137
137
138
137
137
136
134
134
135
135
136
134
134
133
134
134
133
135
133
131
131
131
130
130
130
131
132
133
133
132
130
130
130
129
129
130
129
129
127
127
127
127
127
128
128
128
128
128
128
129
129
128
128
127
127
128
128
129
131
129
128
128
129
128
128
128
128
128
129
129
129
129
130
130
131
130
130
130
126
127
128
127
125
124
125
124
124
124
124
124
124
126
126
125
125
124
124
125
126
124
122
122
122
121
121
120
121
120
120
120
120
120
121
123
122
123
123
123
123
123
123
123
125
124
124
125
125
127
126
124
124
124
125
125
126
127
124
123
123
122
122
123
124
123
124
123
121
122
122
122
121
122
122
122
122
123
122
124
124
124
123
123
123
123
122
124
126
128
127
127
125
124
123
123
123
124
123
123
122
121
120
122
124
124
123
122
123
122
123
123
125
125
125
126
126
126
127
127
127
127
127
127
125
122
122
122
122
122
122
122
123
123
124
122
122
121
121
122
122
122
124
124
125
125
125
124
127
127
126
126
125
125
125
124
124
124
122
122
122
122
122
122
122
122
122
122
122
123
123
122
121
122
121
121
121
123
122
122
122
121
120
120
120
120
120
120
120
120
120
119
119
120
122
121
120
121
123
123
123
123
123
121
122
122
121
121
121
121
121
121
120
121
121
121
122
123
122
122
122
121
120
120
122
121
122
122
122
123
125
124
123
123
124
124
124
122
124
125
126
127
129
130
128
128
125
125
125
125
124
122
121
121
121
121
120
119
119
119
119
120
119
120
120
120
119
119
119
118
118
118
118
119
119
119
119
117
117
118
120
122
122
121
122
123
121
119
117
118
119
119
119
119
120
118
118
117
117
117
117
117
117
119
119
118
118
118
119
118
118
119
120
117
119
119
117
117
117
117
117
118
117
119
119
119
118
118
118
118
118
118
119
118
116
116
117
117
116
117
118
118
118
118
118
119
120
121
120
119
120
119
120
118
118
118
116
116
116
117
117
117
117
117
116
116
116
116
117
117
118
121
120
120
119
119
120
119
117
118
117
117
117
117
117
117
118
118
117
117
117
116
117
117
116
117
117
117
117
117
117
118
118
118
118
118
119
119
117
118
118
119
119
119
119
119
118
118
117
117
117
117
117
118
119
119
118
118
120
120
121
119
119
119
119
119
118
120
121
120
120
120
120
120
119
117
117
118
118
118
118
118
117
118
120
120
122
120
121
120
119
120
120
120
120
120
119
119
118
118
118
118
119
121
121
121
120
118
119
119
118
117
117
117
117
118
117
118
118
117
117
117
117
117
115
115
115
115
115
115
115
116
117
117
117
116
117
116
116
116
116
116
117
116
116
115
116
116
117
118
115
115
115
115
115
115
116
116
117
117
117
116
115
115
116
115
115
115
117
118
117
117
118
118
118
117
117
117
118
118
118
118
118
118
118
118
118
117
117
119
118
118
118
117
118
116
115
115
115
115
116
116
116
116
116
116
117
118
119
120
118
118
118
118
115
115
115
117
118
118
117
116
116
117
117
116
116
114
113
113
113
114
116
116
116
117
118
118
116
117
117
117
117
118
116
116
115
116
117
116
117
118
118
119
118
117
117
117
117
118
116
116
115
116
116
116
116
116
116
116
115
115
116
115
116
116
114
114
116
116
115
113
114
114
113
113
113
113
113
113
113
113
114
114
114
115
116
116
116
115
115
115
116
116
116
116
117
116
117
115
115
114
114
114
114
113
113
113
114
114
114
114
114
115
114
114
114
114
114
114
114
114
114
114
113
112
112
112
112
112
112
112
112
112
112
112
112
112
113
113
113
113
113
113
114
114
117
118
118
118
118
117
118
119
118
117
116
115
116
114
115
116
115
114
115
115
115
116
116
117
116
117
117
117
118
117
117
116
117
117
117
118
117
117
119
119
117
116
116
115
115
115
115
116
116
116
115
118
118
118
117
116
116
115
116
115
115
117
117
116
117
117
116
117
117
118
117
117
117
117
117
116
116
116
117
117
118
118
117
117
117
117
118
119
119
118
118
119
119
114
113
113
113
113
115
114
115
114
115
115
115
114
115
116
117
118
120
119
118
118
117
117
117
118
117
118
116
115
115
115
116
116
116
117
116
116
116
116
118
117
117
117
117
117
117
117
117
116
115
113
114
114
113
113
113
113
113
113
113
112
112
113
113
113
114
113
112
112
112
112
110
110
110
110
110
110
110
110
111
112
113
114
114
113
112
112
113
111
111
111
112
113
114
113
112
114
115
115
116
116
115
115
115
114
114
114
114
115
113
112
113
113
112
112
113
112
113
113
113
113
114
117
117
117
117
118
117
117
117
119
119
119
121
119
118
119
119
119
117
118
119
120
119
118
117
116
116
116
118
119
119
119
118
116
116
117
117
117
117
116
116
115
115
114
115
115
115
115
115
115
114
114
116
115
116
116
116
116
116
118
118
117
117
118
118
117
115
114
115
115
115
115
115
115
115
117
116
116
117
117
118
117
116
115
115
114
114
112
112
112
112
111
111
111
111
111
112
112
111
111
111
111
112
112
111
111
111
110
111
111
110
111
113
111
112
112
112
111
111
112
112
111
111
112
112
112
113
110
111
111
111
111
111
112
112
111
111
112
112
113
113
113
113
114
114
114
112
113
113
114
114
113
112
110
110
110
110
111
111
112
112
111
112
111
110
111
111
111
113
112
112
113
113
113
113
113
112
112
112
112
111
111
112
112
111
112
112
112
110
112
111
111
111
111
111
112
112
112
110
110
110
110
111
113
112
111
112
111
111
112
112
112
113
112
113
113
112
110
110
110
110
110
110
109
110
110
110
112
112
112
113
115
114
113
113
114
112
111
111
111
112
111
111
111
111
110
109
110
110
109
109
109
110
111
111
110
110
110
109
109
109
108
109
109
110
110
110
111
111
111
111
111
111
111
111
112
113
114
115
115
116
114
113
113
113
113
111
112
113
112
112
111
111
111
111
111
111
111
110
109
109
108
108
108
108
108
108
109
107
108
109
109
110
110
109
109
109
110
110
110
110
110
110
110
110
112
112
113
114
114
113
112
112
113
113
112
109
111
110
110
108
108
108
108
109
110
110
110
110
108
109
109
109
108
110
110
109
109
108
108
107
107
106
106
106
106
106
106
106
107
107
107
106
106
106
106
105
105
106
106
106
106
106
106
106
106
106
107
107
107
106
107
107
107
108
108
107
109
107
107
105
105
105
105
105
105
105
106
106
106
107
107
107
107
107
108
108
108
108
107
106
106
107
107
107
107
108
108
109
108
108
109
109
108
108
109
109
108
108
107
107
106
106
106
106
107
108
108
108
110
109
106
107
108
108
108
109
107
107
106
107
106
104
105
105
105
105
106
107
107
107
106
106
108
108
109
109
109
107
107
106
106
106
105
105
105
103
103
104
104
104
103
103
105
107
107
105
103
103
