0.00014655172413793104 0.00031724137931034486
300
292
287
284
281
280
278
275
273
271
271
271
270
272
271
271
271
269
269
269
266
264
264
262
263
264
265
265
265
262
261
261
258
258
258
258
258
258
258
258
258
258
259
257
258
259
260
261
261
261
263
261
263
262
263
262
263
263
258
259
259
259
260
259
258
259
259
260
260
259
258
261
263
263
265
265
263
262
263
263
262
261
261
259
257
257
257
256
255
255
257
257
258
258
257
258
259
257
257
259
259
260
259
259
257
257
258
257
259
258
258
257
255
253
252
252
251
252
251
250
250
251
250
251
251
251
251
252
251
250
251
251
250
251
251
252
254
254
254
254
253
250
249
249
249
251
250
251
251
251
251
250
250
251
253
253
253
254
254
254
254
256
257
255
253
253
255
253
253
253
253
253
252
252
254
252
250
251
252
251
251
251
250
249
249
249
249
250
250
251
249
248
249
249
249
250
250
250
250
250
250
251
250
250
251
251
252
253
253
251
248
249
252
251
252
254
253
253
253
252
252
251
252
252
253
253
250
249
249
249
249
251
253
255
256
257
257
256
254
252
251
253
252
251
252
250
251
247
248
248
248
247
248
246
246
246
246
247
248
248
249
249
248
247
247
247
247
247
248
248
250
249
249
248
248
246
246
246
246
248
247
246
246
247
249
250
250
250
251
252
251
251
251
252
251
248
249
252
252
248
248
249
250
248
247
248
247
247
247
246
247
247
246
246
246
246
246
245
247
248
247
246
246
245
245
246
246
245
246
246
246
247
248
249
250
250
250
250
251
249
250
251
252
252
254
254
253
252
249
248
248
249
249
250
250
251
250
250
249
248
249
250
248
248
249
248
248
248
250
250
249
247
247
246
245
246
245
244
245
244
243
243
242
243
244
244
243
242
242
242
242
242
242
243
244
244
242
242
241
241
241
241
241
241
241
242
243
244
245
243
242
244
243
244
243
242
242
243
242
242
242
243
244
243
243
243
245
245
243
244
243
243
244
243
243
242
241
241
241
242
242
242
243
243
244
245
245
248
247
247
247
244
244
244
243
245
245
245
244
245
246
247
247
248
247
247
245
244
243
244
243
244
243
243
242
242
242
242
244
244
244
242
243
244
243
243
242
241
243
242
242
241
241
244
243
244
244
245
246
246
246
245
244
244
245
245
246
244
244
244
245
245
245
246
246
246
246
245
244
243
243
244
245
244
245
243
242
243
243
242
242
243
243
243
244
244
243
244
244
244
246
245
244
241
242
242
242
242
242
242
241
241
239
241
240
241
242
240
241
242
242
239
239
239
238
239
238
238
239
239
239
240
240
241
240
240
240
238
238
238
238
238
237
237
236
236
236
237
238
238
238
237
237
237
238
238
239
239
238
238
237
238
238
238
238
240
239
239
239
238
238
239
237
237
237
238
238
239
239
242
242
240
239
238
236
236
236
238
239
239
237
234
235
235
236
236
235
234
234
234
234
234
235
235
235
235
235
236
236
236
236
237
239
239
237
237
236
235
234
233
233
235
234
234
234
237
237
236
234
234
234
234
234
234
233
232
233
233
233
234
235
237
237
235
235
235
235
233
232
232
232
232
231
234
235
235
233
232
232
231
231
231
231
232
233
233
233
232
232
232
232
233
234
233
233
233
233
233
234
234
234
233
236
236
235
235
234
234
233
233
233
233
232
231
230
230
231
231
232
231
231
230
231
232
233
232
232
232
234
233
232
232
230
230
230
230
230
231
231
231
232
232
232
232
233
231
233
230
230
230
230
231
231
231
231
231
231
232
230
231
233
234
232
231
231
229
229
230
229
228
228
229
230
231
231
230
228
228
229
230
230
229
230
229
229
228
229
231
232
232
231
229
229
231
231
230
230
230
229
230
231
230
230
229
229
229
228
228
227
227
226
227
229
228
229
230
232
233
234
234
232
231
229
230
231
230
228
228
229
230
231
230
230
232
234
234
232
233
232
228
228
228
228
227
226
225
226
226
225
225
225
225
225
227
225
224
225
224
225
225
224
225
224
224
223
224
224
224
226
226
226
227
227
227
226
225
225
225
225
226
225
225
224
223
223
224
224
224
225
225
224
224
224
224
223
224
224
224
223
224
225
225
224
225
225
224
224
224
225
224
224
224
226
226
227
226
226
226
228
229
228
229
228
226
225
224
225
225
224
224
227
226
226
227
228
227
227
227
226
225
225
224
224
224
222
223
223
222
225
225
226
224
225
223
225
225
227
225
224
224
222
222
222
221
221
222
222
222
222
222
222
222
221
222
222
222
222
222
224
223
222
222
222
222
223
223
221
221
225
225
223
223
223
223
223
220
220
220
220
220
220
220
220
222
222
223
223
223
223
223
224
224
224
224
225
223
225
225
225
228
228
227
225
222
221
220
220
221
219
219
219
219
219
219
219
219
219
220
220
220
220
220
219
220
221
221
222
219
219
219
219
218
219
221
219
220
218
219
219
220
219
220
220
220
220
220
219
219
221
221
222
222
222
223
223
223
222
220
219
218
218
218
217
217
217
217
219
222
222
224
224
224
224
223
224
224
224
224
224
224
223
221
223
220
220
218
217
217
217
217
216
218
218
218
217
218
217
218
219
219
221
221
221
221
219
220
220
220
220
218
218
218
218
218
220
221
222
223
220
219
218
218
218
218
218
218
218
218
219
219
217
217
218
217
217
217
219
219
218
217
217
217
218
217
217
216
220
216
216
217
217
216
217
218
218
216
216
215
216
215
216
216
217
216
216
215
214
214
214
215
215
215
216
217
218
220
219
219
220
219
218
214
216
216
215
215
215
213
213
213
213
212
213
214
213
212
213
213
213
213
214
213
213
215
216
216
216
215
215
215
215
216
215
216
216
217
215
215
215
215
214
215
215
213
213
213
213
213
214
215
215
214
215
214
215
215
216
214
213
213
213
212
213
213
213
212
212
211
211
212
213
212
212
212
212
214
213
213
213
212
214
214
213
213
213
211
211
210
210
211
212
210
210
212
212
213
213
214
213
212
212
211
210
212
212
211
214
215
216
214
215
216
217
215
214
212
213
213
211
212
211
210
210
210
209
210
211
212
213
213
210
212
211
213
213
212
213
214
214
215
210
209
210
210
210
208
208
210
211
210
210
208
208
209
209
211
211
211
211
212
212
212
212
211
210
210
209
210
210
211
209
208
209
209
209
209
209
209
210
209
208
209
210
209
209
211
211
208
208
208
209
209
208
209
209
206
206
206
207
206
207
208
207
207
207
207
206
206
206
205
206
207
207
207
207
207
207
207
205
205
206
206
205
205
205
206
205
205
204
205
205
205
204
205
206
205
205
204
205
206
209
209
209
208
208
208
207
206
206
205
204
204
204
204
205
205
205
205
205
206
206
207
207
207
205
206
206
206
206
206
207
205
206
205
206
205
203
203
204
203
204
204
204
204
204
204
204
203
203
206
206
202
203
204
203
204
202
201
200
200
200
200
201
202
202
201
201
201
201
202
202
201
201
204
201
199
199
200
200
200
200
200
200
200
200
199
199
199
199
199
199
199
199
199
199
199
200
198
198
200
200
201
200
200
200
201
199
199
201
203
202
201
201
201
201
201
200
198
198
197
198
198
198
198
198
197
197
197
197
197
198
199
199
198
199
199
199
199
200
197
197
197
197
197
199
200
201
200
199
198
198
199
198
200
200
201
201
202
202
200
200
199
199
200
201
201
202
200
199
199
199
201
201
199
199
200
200
201
201
200
201
201
200
200
200
199
198
199
199
199
198
199
200
200
200
200
200
200
200
199
200
199
198
197
198
198
198
198
198
198
198
198
198
200
199
200
202
201
201
201
202
201
201
200
199
199
199
200
200
199
199
200
200
200
202
201
200
201
202
201
199
199
200
201
201
200
200
200
197
196
196
196
196
197
197
196
196
197
197
198
199
196
198
198
197
199
197
198
198
197
198
198
197
198
199
197
197
197
198
198
197
197
196
197
199
196
196
197
193
193
194
195
195
195
197
198
198
197
196
195
195
195
196
197
197
195
194
194
193
195
195
195
195
196
196
195
194
195
194
194
195
194
195
196
194
193
193
194
195
195
195
194
194
193
194
193
193
192
192
191
192
192
191
191
191
192
190
190
190
191
190
190
190
190
192
193
193
192
191
191
191
191
191
190
190
190
191
191
191
191
191
192
192
191
191
191
191
192
193
192
192
192
193
192
192
192
192
192
192
192
194
195
193
193
192
191
189
189
189
190
189
189
189
189
189
189
189
189
189
189
191
191
191
190
190
190
190
190
191
191
190
189
189
189
189
189
189
189
189
190
192
192
192
191
190
190
190
190
190
189
188
188
188
188
188
188
188
188
189
189
189
189
189
188
190
190
190
191
191
189
190
189
187
189
189
189
189
189
190
190
190
190
192
192
190
191
190
190
190
189
189
190
190
190
190
189
187
186
186
187
188
188
188
188
187
187
186
189
190
190
188
190
192
192
193
193
191
192
190
188
190
190
190
188
189
188
189
189
189
188
186
186
186
186
186
187
188
188
187
188
188
189
186
186
186
188
188
189
188
188
188
187
187
186
187
186
187
186
186
186
186
186
186
185
185
185
185
185
185
185
187
187
187
187
187
185
184
183
183
184
185
186
186
185
185
184
184
184
184
183
183
183
183
183
184
183
183
183
184
184
184
184
185
183
183
184
182
182
183
184
185
185
185
185
185
185
185
186
186
183
183
183
184
184
184
182
182
181
181
183
183
182
183
182
182
182
183
183
182
182
183
183
182
182
182
181
181
181
181
182
182
182
182
182
182
182
182
182
182
182
181
182
183
185
184
182
183
183
184
185
186
184
184
184
182
181
182
182
182
182
182
183
183
183
183
184
184
187
187
188
186
185
185
185
184
185
184
182
181
182
182
184
184
185
184
185
182
182
181
183
182
182
181
181
181
181
180
180
180
180
181
181
181
181
183
183
182
182
181
181
182
182
182
182
182
182
181
180
180
180
180
180
180
181
182
182
182
182
182
182
183
182
180
180
180
180
180
180
180
181
181
182
184
182
180
182
183
183
183
182
182
182
181
181
181
180
180
179
179
180
181
181
180
180
180
180
182
181
180
179
180
180
180
179
180
181
180
181
180
179
179
180
182
183
181
181
181
180
180
180
180
180
180
180
181
181
183
184
185
185
185
185
185
185
183
182
181
182
180
181
181
179
179
179
178
178
178
179
178
178
178
179
179
179
179
179
179
179
179
179
178
178
179
178
180
178
178
179
178
179
180
180
179
177
177
177
176
177
178
178
178
177
177
176
176
176
176
175
175
175
174
174
174
175
176
175
174
175
176
176
177
178
178
178
177
177
177
178
178
178
179
179
178
177
177
176
176
178
178
177
177
176
176
176
175
175
175
174
174
174
175
175
175
175
175
174
174
174
174
176
175
175
175
175
175
175
175
174
174
175
175
175
175
174
174
174
174
174
174
174
175
176
176
175
175
175
175
175
174
177
178
178
178
176
177
176
176
175
175
174
174
175
175
174
175
176
176
175
176
177
176
177
177
176
176
176
176
175
175
176
178
179
180
178
178
178
178
176
177
176
176
175
175
176
176
175
174
174
174
174
174
174
175
176
177
176
175
175
176
175
178
178
178
177
177
178
178
177
176
177
178
177
176
176
176
177
177
178
180
180
177
178
176
177
175
175
177
178
176
175
175
176
177
175
175
176
176
176
176
176
176
175
173
173
173
173
173
174
174
174
174
175
174
174
174
175
175
175
175
175
177
177
179
179
179
177
177
175
175
176
176
175
174
173
173
172
174
175
174
174
174
175
177
177
178
178
177
180
179
178
178
176
175
173
173
173
172
173
173
174
173
173
174
175
176
176
176
176
176
174
173
173
174
174
173
173
173
174
174
174
175
174
174
174
174
177
176
174
174
175
173
172
172
173
174
174
174
173
173
173
172
174
173
174
174
173
174
175
174
175
175
175
176
177
176
174
175
175
175
174
175
174
175
175
175
175
174
174
173
173
172
173
173
174
174
174
173
174
173
176
175
174
174
174
173
174
176
175
173
174
175
174
174
176
175
174
173
173
174
171
172
173
173
171
174
174
173
172
172
171
171
171
173
172
172
173
174
174
174
172
172
174
175
174
174
173
171
171
171
171
171
172
171
171
172
171
171
171
171
171
171
170
170
171
172
171
171
172
173
173
173
172
172
173
172
171
171
171
171
172
172
173
173
173
172
172
171
171
171
173
172
171
172
172
173
172
173
172
172
172
173
173
173
173
173
172
171
171
171
171
172
171
171
171
171
171
170
170
170
170
170
170
170
170
171
172
172
171
171
172
172
172
172
171
170
170
170
170
170
170
170
172
171
173
173
174
174
173
172
171
172
173
173
173
174
176
174
172
172
172
171
171
171
171
171
171
171
172
171
171
171
171
171
171
172
172
172
174
173
173
174
173
173
173
172
172
172
171
171
172
171
172
172
172
170
171
172
172
173
171
171
170
171
171
170
171
170
171
169
168
168
168
168
168
168
169
169
170
168
167
166
166
167
167
168
169
170
172
171
170
169
170
170
170
170
170
169
169
172
173
173
173
171
169
168
166
166
166
166
166
166
166
165
165
165
165
165
165
165
165
165
165
165
165
165
165
165
165
165
166
166
166
166
166
166
164
164
165
164
164
165
165
164
165
164
164
165
164
166
166
167
167
166
168
168
170
169
167
164
165
165
165
165
164
164
163
164
164
164
165
165
165
165
164
163
164
164
163
163
163
163
163
163
163
164
165
164
164
165
166
166
164
165
163
163
163
163
163
163
163
163
165
165
166
166
166
166
165
165
165
165
167
167
168
168
168
167
166
166
167
166
167
166
164
164
164
163
165
166
165
165
165
165
164
164
167
165
164
164
165
165
164
164
165
166
167
168
167
168
167
166
166
166
165
166
165
163
163
164
162
162
162
162
163
163
163
163
163
164
164
164
165
165
164
164
164
164
164
164
164
165
165
165
165
165
165
165
164
164
164
165
166
167
168
169
168
166
165
165
164
164
164
164
164
164
165
164
164
164
165
164
163
164
164
164
164
163
164
164
164
165
163
162
162
163
164
163
165
163
164
162
163
163
164
165
164
164
163
162
163
163
163
163
164
163
163
163
163
163
163
163
163
164
165
164
163
163
163
162
163
164
164
163
164
162
162
162
164
163
163
163
162
162
162
162
161
163
162
162
162
162
162
162
162
162
161
161
163
162
161
162
162
162
163
163
162
163
163
163
163
163
163
162
162
161
161
161
161
161
161
162
162
163
163
163
163
163
162
161
162
162
162
162
163
163
161
161
161
161
161
161
161
161
161
161
161
161
161
161
161
161
162
163
165
163
163
162
161
161
161
161
160
160
160
160
161
161
161
161
162
162
162
164
163
163
164
162
161
161
161
161
162
161
161
161
161
161
161
162
162
162
161
161
162
160
162
162
162
161
161
161
161
161
161
161
161
161
161
162
161
159
159
159
160
159
159
159
159
159
160
160
159
159
161
162
161
161
161
160
159
159
159
160
159
160
160
160
159
158
158
158
160
160
160
160
160
161
162
161
161
161
162
163
160
160
161
160
158
159
159
159
157
158
160
159
160
160
160
161
161
160
160
159
159
161
160
158
157
156
157
158
157
157
157
157
158
158
159
158
158
158
159
158
159
157
157
158
158
158
157
156
156
157
157
157
157
156
157
157
158
156
154
155
155
155
156
155
155
155
154
156
157
158
158
157
156
157
156
157
158
157
156
155
156
155
156
156
156
155
154
154
155
155
155
155
154
155
155
155
155
155
155
154
155
156
155
155
154
154
153
154
154
156
156
156
156
156
156
156
156
157
157
157
157
156
155
156
155
156
154
155
157
155
155
154
154
153
153
153
152
152
152
152
151
151
151
151
151
152
151
151
151
151
151
151
151
152
153
153
153
154
155
154
154
153
153
151
151
152
152
152
152
152
154
152
152
152
153
152
152
152
152
152
152
152
152
152
152
152
153
152
153
154
153
152
152
152
152
152
152
152
152
152
152
152
153
154
153
153
153
152
152
153
152
152
152
152
151
151
151
151
152
153
153
153
154
153
153
154
154
155
156
156
155
155
155
154
154
153
151
151
151
151
151
152
152
153
154
154
153
152
152
152
152
151
151
151
151
151
152
153
152
152
152
152
152
154
153
153
153
154
154
152
152
152
151
152
151
151
152
151
152
153
153
153
153
153
154
153
154
152
152
152
150
150
150
150
150
150
150
150
149
147
147
147
148
149
149
150
150
150
150
150
149
149
150
150
150
150
150
150
150
148
148
147
147
147
148
148
148
148
147
147
148
148
148
148
145
145
146
146
146
148
148
147
148
147
148
148
147
147
146
146
146
147
147
148
148
148
148
147
147
147
147
148
148
148
147
147
148
148
148
148
148
148
148
147
146
147
147
147
147
147
147
147
146
147
147
147
146
147
149
148
148
148
148
148
147
148
148
147
146
146
146
146
146
147
147
147
146
146
146
146
146
146
146
146
147
149
148
148
147
147
147
148
147
147
148
147
146
146
146
146
146
146
147
147
148
149
150
149
148
148
148
147
147
147
147
146
146
146
145
146
146
145
146
146
146
146
146
147
147
147
147
146
146
147
147
147
146
147
146
146
146
146
147
148
147
146
146
146
145
145
145
145
145
145
145
145
146
145
146
146
147
146
149
149
145
145
147
148
147
147
147
147
147
147
147
148
147
147
148
148
147
147
146
148
148
148
146
146
146
146
146
145
144
145
144
144
144
144
144
144
145
145
145
145
145
145
145
146
146
146
145
146
145
144
144
144
143
143
144
144
145
145
145
149
148
148
146
146
146
147
147
146
145
145
144
144
144
145
145
145
144
144
145
144
142
142
142
142
141
141
142
143
143
143
144
143
144
144
143
143
143
142
141
141
141
141
141
141
141
141
141
142
142
142
142
142
141
141
143
142
143
143
143
143
143
142
143
143
143
143
144
142
142
142
142
142
142
142
142
142
142
143
142
142
142
142
142
142
143
143
143
144
144
143
143
143
143
144
144
144
144
144
145
145
145
143
144
145
145
145
146
145
146
146
145
145
146
147
145
144
143
143
143
143
142
142
142
142
142
141
141
142
143
143
143
142
142
143
143
143
144
143
143
143
143
143
144
145
143
143
143
142
143
143
142
142
141
141
142
141
141
142
142
142
142
141
141
141
141
141
141
141
142
142
142
142
142
143
142
141
141
141
141
142
141
142
141
141
141
142
143
143
143
142
143
144
143
143
142
143
143
143
144
144
144
143
143
143
144
143
142
142
142
141
142
141
140
140
141
142
144
144
144
142
142
143
142
142
141
142
142
142
143
143
142
140
140
140
141
141
140
140
140
140
140
139
139
139
139
139
139
140
139
140
141
142
142
142
143
144
142
142
142
142
144
144
143
143
142
141
142
142
141
141
139
139
140
140
140
140
140
140
141
141
141
142
140
140
141
142
141
141
140
140
140
141
142
141
141
141
141
141
141
140
141
141
141
141
142
142
142
142
142
141
141
139
140
140
140
139
139
140
141
142
142
143
143
143
140
140
141
139
139
139
138
138
138
137
137
137
137
137
137
137
138
138
138
139
138
138
138
137
138
138
138
138
138
138
138
139
139
138
138
139
139
138
138
139
140
140
139
138
137
137
137
137
137
139
138
139
138
138
139
138
138
139
139
137
137
137
137
138
138
137
136
136
136
136
137
138
138
139
139
139
138
139
137
137
137
137
138
137
137
137
137
136
137
137
138
138
139
139
140
138
136
137
137
135
135
135
135
135
135
135
135
136
136
135
135
135
135
135
135
135
135
136
136
136
136
137
136
137
135
134
133
133
133
133
133
133
133
133
133
133
133
133
133
133
133
133
134
134
134
134
133
133
135
135
136
136
135
135
135
133
133
133
133
134
135
136
137
137
137
137
135
135
135
135
135
135
136
133
134
134
135
135
135
133
133
133
133
132
133
133
133
134
134
134
133
133
133
133
133
133
133
133
133
133
133
133
133
134
134
134
134
134
133
133
133
133
132
132
132
132
132
132
132
132
132
133
133
133
133
133
133
133
133
134
135
134
135
137
137
135
134
135
135
135
135
134
134
134
134
135
135
135
137
139
136
137
136
135
135
136
137
138
136
134
134
134
133
133
134
135
135
134
134
135
134
134
133
134
135
134
134
134
134
133
132
132
132
132
132
133
133
133
135
135
136
135
135
135
133
133
133
132
132
132
132
132
132
132
132
132
132
132
132
133
134
134
134
134
134
134
135
135
135
134
134
134
133
133
133
133
132
132
132
132
132
132
133
133
133
134
135
134
135
136
135
136
134
134
135
135
135
136
137
137
137
137
134
133
133
133
132
131
131
131
131
131
131
131
133
134
133
132
132
132
133
134
133
132
132
132
132
132
132
133
134
134
134
133
133
131
132
132
133
132
133
132
133
133
134
133
131
130
130
130
132
131
130
130
131
131
131
130
130
129
129
129
130
130
130
130
131
131
131
131
131
131
131
130
131
131
131
130
131
131
131
131
130
130
130
130
129
129
129
129
129
130
130
130
129
129
129
130
130
130
130
130
130
130
131
132
131
131
129
130
130
130
130
131
132
131
132
132
132
132
132
133
131
133
134
134
132
131
131
131
131
131
131
131
129
129
129
129
130
130
130
129
129
129
129
129
130
131
130
129
129
130
129
129
129
129
129
129
129
130
130
129
129
129
129
129
129
129
129
130
130
131
131
130
130
130
131
130
130
130
130
130
133
131
132
132
132
131
132
132
131
131
131
131
131
133
132
132
132
132
132
131
132
131
129
129
129
129
129
129
128
128
128
128
128
128
129
129
128
128
128
128
128
128
128
128
128
128
129
129
129
130
129
129
128
128
128
128
128
128
128
128
128
129
130
130
130
130
130
130
131
131
130
129
131
130
130
129
129
130
130
130
129
129
128
128
128
128
128
127
128
128
127
127
127
128
129
129
129
129
129
129
130
128
127
127
127
126
126
126
126
126
126
127
128
129
128
128
126
126
126
127
127
127
127
127
127
127
126
126
127
127
127
125
125
124
124
124
126
125
125
125
125
126
126
126
126
126
127
127
127
127
126
126
127
127
125
126
126
126
125
125
126
127
127
127
128
128
127
126
126
126
126
127
128
127
126
126
127
127
128
128
128
126
126
126
126
126
126
126
126
126
126
125
125
125
125
125
126
124
124
124
124
124
124
124
124
124
126
126
125
125
125
124
125
125
125
124
124
124
124
125
125
125
125
123
123
124
124
125
125
124
125
124
125
125
125
126
126
125
122
124
124
125
127
128
128
128
128
126
126
125
125
124
124
124
124
123
123
