0.0005562068965517242 0.0005562068965517242
300
297
292
291
286
286
282
279
275
271
272
269
270
270
266
263
263
261
258
256
257
256
255
255
250
248
247
242
242
244
244
243
242
242
241
241
243
241
240
240
239
241
238
236
237
234
233
233
232
233
233
233
232
234
234
233
235
235
234
232
233
234
233
232
230
231
230
232
232
230
230
231
236
235
236
234
235
236
236
235
232
228
223
223
223
223
221
221
222
222
224
220
220
220
219
218
220
221
221
221
219
219
221
220
220
220
222
223
224
227
227
226
224
222
222
219
219
220
219
217
216
216
217
218
217
218
217
216
214
215
215
217
217
218
218
217
216
216
215
218
217
217
217
216
217
218
217
220
220
219
217
218
217
217
218
218
219
219
221
222
221
223
226
226
227
225
224
222
221
219
219
218
218
216
216
214
214
212
213
214
214
214
215
214
215
214
213
214
215
215
215
214
214
213
217
214
212
210
208
207
208
209
210
208
209
208
209
210
212
214
215
215
214
214
214
215
216
218
215
215
210
209
207
210
209
209
208
207
209
209
207
206
207
207
209
207
207
206
206
206
206
205
204
204
205
205
206
208
207
206
204
203
203
202
202
203
203
203
206
205
204
204
207
205
206
208
205
206
206
205
206
207
208
209
209
208
208
205
206
205
204
201
198
199
201
203
203
203
202
202
203
204
204
205
205
203
203
203
202
198
199
200
201
203
201
199
201
200
202
201
200
196
196
196
196
196
195
195
195
197
199
200
202
204
206
206
207
208
207
206
205
203
203
203
205
204
207
206
205
203
203
204
203
200
200
199
199
198
199
199
197
197
197
196
196
195
195
196
196
196
194
195
197
198
202
202
202
202
202
199
199
199
199
200
202
202
202
201
200
200
199
198
200
199
196
196
199
200
201
201
200
203
200
201
199
199
200
199
198
196
196
196
196
197
196
196
196
195
195
195
194
193
192
193
195
194
197
198
198
196
196
197
195
195
195
194
192
192
191
194
196
196
196
196
196
195
195
194
194
194
193
193
194
193
192
193
193
195
196
193
195
195
194
195
196
195
195
195
194
196
195
195
195
194
195
197
196
196
196
196
198
198
199
198
198
198
198
198
198
199
201
201
201
201
198
197
197
199
200
200
200
198
198
197
198
200
201
202
201
201
200
199
199
197
194
195
195
196
198
200
200
200
200
199
199
198
196
195
195
193
195
195
195
195
196
196
197
196
197
195
196
197
196
194
197
196
196
196
194
194
194
194
194
196
198
197
196
198
198
198
197
197
196
196
197
200
199
199
200
201
204
204
206
209
206
206
204
202
201
200
198
196
197
196
194
194
195
193
191
190
191
192
192
192
190
192
191
192
192
193
193
193
193
193
193
194
194
192
191
193
192
192
193
195
194
194
193
193
192
193
193
192
194
194
192
193
191
191
191
191
194
192
192
191
191
193
193
193
193
194
194
195
194
196
196
195
193
193
193
194
194
192
194
193
193
194
195
193
193
194
192
192
191
191
191
194
193
194
197
197
197
198
197
196
196
195
193
194
192
190
191
190
191
190
191
189
188
188
187
185
186
186
187
189
188
190
188
188
188
187
188
187
188
189
189
190
188
189
189
188
189
189
189
188
191
190
189
189
188
188
187
188
187
187
187
188
189
190
190
189
190
190
191
189
190
189
190
191
190
192
192
192
193
193
193
194
192
189
188
189
189
188
187
187
189
187
188
186
186
189
188
186
185
185
184
183
184
184
185
185
184
185
187
186
183
183
184
184
185
183
184
183
184
184
183
184
183
183
185
187
183
181
183
182
180
180
182
181
181
181
182
178
176
179
178
177
177
177
178
177
176
177
175
175
174
174
171
171
170
170
170
170
170
170
170
170
170
170
170
170
171
173
174
174
174
175
176
175
173
174
175
174
175
175
175
174
175
174
176
176
177
177
177
177
178
178
179
178
179
178
178
177
174
175
175
176
176
177
179
178
176
175
175
175
174
173
173
173
173
173
174
175
175
176
176
175
173
173
173
174
175
174
173
173
175
176
177
177
176
176
177
178
178
178
179
178
179
180
180
181
182
180
181
181
184
184
186
180
179
178
178
177
178
176
176
176
177
175
174
174
173
172
173
172
173
173
173
173
174
174
174
175
175
174
174
173
172
171
174
171
171
173
173
174
173
174
174
173
174
172
170
170
171
172
173
174
175
176
177
176
176
175
175
175
178
177
179
177
176
177
175
176
175
173
174
174
174
174
175
176
176
177
177
178
177
177
176
176
176
176
175
175
176
176
175
175
175
175
175
178
177
176
177
179
179
180
179
178
176
175
176
177
178
180
179
180
179
182
181
179
178
176
176
180
182
180
182
183
183
181
181
181
182
183
183
183
183
180
179
180
181
179
179
179
176
173
173
172
173
173
172
173
172
173
173
174
174
174
174
173
174
172
172
173
173
173
175
174
173
173
175
174
175
174
175
175
174
174
174
174
177
178
178
177
177
178
177
179
179
177
176
179
178
179
178
178
177
177
177
176
176
174
173
173
173
172
171
171
173
174
174
173
173
172
172
172
173
176
175
176
176
176
177
176
178
178
179
179
179
179
178
178
178
180
179
180
178
178
179
179
178
178
179
178
177
177
176
178
178
178
174
174
173
174
174
174
173
171
173
173
174
175
175
175
176
176
173
175
174
172
173
173
174
172
174
172
172
170
169
171
171
172
171
171
171
169
170
171
170
169
168
168
169
170
170
169
169
169
169
169
169
169
169
169
169
170
170
171
173
172
173
171
171
170
169
169
168
169
171
170
170
170
172
173
173
172
171
172
174
174
175
175
175
175
175
173
169
168
167
169
172
170
171
171
171
168
168
168
165
165
166
166
164
164
164
164
165
165
169
168
170
167
166
166
165
166
165
165
165
166
167
165
165
165
164
163
163
163
165
165
166
166
166
165
164
166
164
164
164
166
166
167
168
169
171
170
169
171
171
173
172
171
173
171
171
169
169
169
169
168
170
168
168
167
168
167
168
167
167
168
168
169
169
167
167
166
167
168
169
168
168
167
166
166
168
169
169
169
172
172
175
176
172
172
171
172
171
171
173
171
169
169
169
168
168
168
171
171
170
170
172
172
172
171
173
171
173
174
172
169
168
168
169
169
168
169
170
170
169
169
168
166
167
166
167
167
166
166
169
170
169
169
170
171
171
169
167
167
166
166
167
163
163
163
164
163
163
163
162
162
163
164
164
165
165
164
163
164
167
168
167
167
168
167
165
163
164
164
165
165
166
167
167
168
166
166
166
165
166
166
169
166
166
163
163
163
163
162
164
162
162
162
163
163
161
161
160
160
160
160
160
162
162
161
161
161
161
161
163
164
165
167
169
167
166
166
166
168
168
167
166
165
165
164
165
164
163
163
163
164
164
165
166
167
166
166
165
165
164
165
164
163
163
163
164
164
165
166
165
166
165
164
165
164
164
164
165
165
164
164
163
160
162
162
163
164
164
167
168
168
167
166
168
170
170
169
170
170
171
171
170
169
168
172
171
170
168
167
169
168
167
167
166
165
165
165
166
166
165
165
163
162
164
163
161
161
161
161
161
160
160
161
161
161
162
163
163
161
162
162
162
163
163
166
166
167
167
167
167
167
167
166
165
164
166
164
166
169
169
169
171
172
171
171
170
169
169
170
169
169
169
168
168
167
168
167
167
168
169
169
168
170
170
172
173
170
170
171
171
170
169
170
168
168
167
167
166
165
165
167
166
167
167
166
166
166
164
164
164
164
164
164
164
164
165
166
165
166
166
166
168
167
168
167
167
165
164
163
163
164
163
164
163
162
162
162
161
161
163
165
165
168
167
166
165
165
168
167
166
167
168
168
168
168
168
168
167
168
169
169
168
169
168
169
169
169
171
171
170
169
169
168
167
167
165
165
165
167
169
170
171
169
168
166
166
167
169
168
168
167
167
168
167
166
166
166
165
163
162
163
164
164
166
164
163
161
162
163
162
161
159
159
159
159
160
161
160
160
159
160
160
160
159
161
161
161
160
159
160
160
160
162
161
161
161
161
162
160
160
159
159
157
156
156
156
158
158
158
158
159
158
155
155
155
156
157
158
156
156
156
156
154
154
156
156
159
160
160
160
159
161
162
162
161
163
163
161
158
159
159
161
159
158
158
158
158
159
157
156
156
156
159
159
160
162
161
164
163
164
165
164
162
160
160
159
158
159
158
160
160
160
158
157
154
156
155
157
158
160
159
157
158
159
158
157
154
152
152
152
152
152
152
152
150
150
151
152
151
151
151
151
150
150
150
150
150
150
149
149
150
151
152
153
154
156
156
158
158
158
158
160
159
161
162
161
162
160
161
162
161
163
164
163
162
160
161
161
160
158
157
156
157
156
154
154
155
153
154
155
156
156
153
154
153
153
154
152
152
152
151
153
151
154
153
153
155
157
157
158
158
156
154
155
156
155
155
155
156
155
155
153
151
152
152
152
153
153
153
153
153
155
155
154
153
153
152
151
150
150
151
152
152
153
153
156
154
152
151
149
150
150
152
152
152
152
152
151
152
152
152
154
154
153
153
152
152
150
150
150
150
149
147
147
148
147
146
145
145
145
146
145
144
144
144
144
145
145
146
145
145
145
144
144
145
145
145
145
145
146
146
146
148
148
148
148
149
147
145
145
145
146
146
147
149
150
150
148
148
146
146
146
145
147
147
148
147
147
147
147
147
146
146
147
148
148
148
147
144
144
143
143
143
143
143
143
144
144
145
146
146
145
145
146
146
146
145
145
143
143
145
146
144
143
142
141
141
141
143
144
144
144
145
147
146
146
147
147
145
146
145
144
144
145
146
147
147
149
146
144
145
143
143
143
143
144
145
147
149
148
147
147
146
147
147
147
146
148
148
148
148
147
145
146
146
146
146
149
148
147
145
144
144
146
146
146
146
146
147
148
149
149
148
146
145
146
146
145
148
148
147
148
147
147
146
145
145
147
146
146
146
149
148
149
151
147
147
147
147
148
147
147
146
142
142
142
142
140
140
140
142
142
142
144
144
143
142
141
141
141
142
141
141
141
143
144
143
143
143
143
143
141
141
141
143
143
146
146
145
146
148
149
147
146
147
146
145
144
144
143
143
143
143
143
142
143
143
144
143
144
143
144
145
144
144
145
145
143
144
145
146
145
146
146
145
145
145
147
147
148
149
149
147
146
145
145
146
146
146
147
148
147
147
146
144
143
142
142
142
143
144
145
144
144
144
143
141
142
141
140
140
141
145
145
145
145
147
146
145
143
146
146
147
147
145
146
146
145
145
146
146
147
146
146
146
147
147
148
147
148
146
145
146
147
148
146
147
147
145
145
145
146
147
149
148
148
149
149
149
149
148
150
148
147
145
142
143
145
144
143
144
144
146
148
148
147
146
146
146
147
148
147
149
149
149
148
147
146
147
147
147
147
148
149
149
149
149
148
147
148
148
148
148
147
147
148
149
148
147
146
149
146
146
144
145
145
146
148
147
147
147
147
148
147
145
146
148
148
148
149
149
148
148
148
148
149
150
150
149
148
148
147
147
146
147
146
146
146
148
148
147
147
145
147
148
149
148
148
147
147
147
146
146
148
149
150
150
149
150
148
149
148
147
147
147
147
147
147
148
147
147
147
147
149
148
147
147
148
148
146
147
148
148
147
150
150
148
148
148
148
148
148
149
150
149
149
145
146
146
147
147
148
148
149
148
149
148
149
148
144
144
145
146
146
146
148
149
147
146
147
148
148
147
146
147
147
146
146
147
149
148
149
149
148
150
149
150
148
148
149
149
147
147
146
144
143
143
144
144
144
143
142
142
143
143
144
144
146
145
143
144
144
144
145
145
146
144
145
143
143
144
145
146
146
145
145
145
144
143
143
144
144
145
145
145
144
143
145
145
145
146
146
145
144
143
143
144
145
145
146
146
146
144
144
142
144
144
143
142
142
143
143
143
142
141
140
140
142
142
142
142
142
144
147
143
143
142
143
142
140
140
140
139
139
139
140
141
141
141
141
141
140
141
142
142
142
140
141
140
140
140
141
141
142
142
141
141
141
141
142
139
141
142
142
142
142
141
139
139
139
140
139
138
139
139
139
139
139
141
140
140
140
140
142
140
141
140
140
139
139
139
141
141
141
141
141
140
140
139
139
140
139
139
139
139
140
141
142
142
141
140
141
141
142
143
142
141
143
143
143
143
141
139
138
139
138
138
138
139
140
142
140
140
141
142
142
141
142
142
143
142
143
142
142
142
140
140
138
140
141
141
140
141
139
139
140
140
140
143
143
143
145
144
142
142
141
141
140
140
139
139
139
139
138
138
138
138
139
140
140
139
140
140
140
140
140
143
143
141
142
141
140
138
138
139
139
138
138
139
139
139
141
141
141
141
141
140
138
137
138
138
139
139
141
143
145
144
143
143
144
146
146
147
147
147
146
146
145
145
145
146
146
146
145
145
143
144
142
140
139
138
138
138
138
137
137
137
137
137
138
138
137
137
138
137
138
139
139
138
138
138
138
137
137
136
136
137
136
136
137
139
139
138
138
138
138
138
138
136
137
137
137
139
139
139
138
139
140
138
138
138
138
139
139
139
140
140
140
141
141
142
140
140
139
139
138
137
137
137
136
136
136
137
139
138
140
137
138
138
139
139
139
140
139
139
139
138
138
136
136
137
136
136
139
137
138
137
136
135
136
135
134
135
134
135
135
134
138
137
141
141
141
141
139
140
139
140
138
138
138
138
140
140
140
137
137
136
136
135
137
135
135
135
136
136
137
137
135
135
135
137
134
133
133
133
133
133
133
134
135
137
137
137
140
138
138
137
136
136
136
136
136
136
136
135
136
136
138
138
137
137
138
137
137
137
138
138
137
138
137
135
134
133
130
129
130
131
131
132
132
130
130
130
131
131
131
132
133
133
134
133
133
133
132
132
131
131
131
131
131
131
131
133
134
133
133
134
135
136
136
135
134
134
135
134
134
135
133
132
130
129
128
128
129
127
127
127
127
127
127
127
127
128
130
130
131
133
134
134
134
133
131
131
131
133
134
135
135
134
134
133
133
133
131
132
132
131
131
131
132
132
132
131
132
132
132
132
131
133
134
135
135
134
135
135
135
134
135
136
138
136
136
136
136
138
137
135
135
136
139
138
138
137
135
135
134
135
135
133
133
134
134
134
135
135
134
133
133
134
136
136
136
136
136
136
135
135
136
136
136
136
135
135
133
134
134
134
133
133
134
133
133
134
134
133
134
133
135
135
136
137
136
136
136
134
133
132
132
132
132
132
133
133
132
131
131
130
130
129
132
131
130
130
130
130
131
130
130
131
131
132
131
130
130
130
132
129
130
130
130
131
131
130
130
129
130
130
131
131
130
129
132
130
129
128
127
127
128
127
127
129
129
129
129
128
127
127
127
128
128
128
128
128
128
128
129
129
129
129
129
129
129
128
128
128
127
128
129
129
128
128
128
129
128
128
129
129
129
129
130
128
126
127
125
127
127
129
131
130
130
130
129
129
129
129
130
129
128
129
128
128
132
132
133
132
129
130
131
132
132
132
132
130
131
131
129
129
131
132
130
131
132
133
134
132
133
133
133
131
130
131
132
131
131
130
129
129
129
129
129
129
129
129
129
129
129
128
128
129
129
130
130
130
130
130
129
130
130
131
131
131
132
133
133
132
133
132
132
132
132
131
131
131
131
131
131
132
131
132
130
130
133
132
132
133
134
133
134
133
132
132
132
132
132
133
132
132
133
134
133
133
131
131
132
131
131
134
136
137
137
137
138
138
137
136
134
134
133
134
135
136
136
137
138
137
138
138
137
139
139
138
138
136
135
135
135
135
133
133
133
132
133
132
133
133
133
133
133
133
134
134
134
132
132
132
131
132
133
135
135
135
134
132
132
132
133
134
134
134
134
134
135
134
134
136
134
134
133
133
133
133
133
131
130
130
130
130
131
131
133
134
135
135
134
134
134
136
138
139
138
139
138
138
137
137
136
138
137
139
138
139
139
138
137
137
137
138
137
134
133
133
133
132
133
133
135
136
135
135
136
138
139
138
138
136
136
131
131
131
131
131
132
132
134
136
135
134
136
136
136
136
135
135
135
134
135
132
132
135
135
134
134
134
133
133
133
133
133
132
131
132
132
131
131
132
132
130
129
128
127
127
126
126
126
127
126
126
128
129
128
128
127
126
128
128
128
128
128
127
128
125
125
125
127
127
127
128
129
129
130
129
130
134
135
133
132
132
133
130
130
129
130
130
130
130
130
132
131
130
130
130
130
130
129
129
130
130
130
129
129
129
131
131
132
132
132
132
131
133
129
128
128
128
129
130
130
132
132
132
131
130
129
127
129
130
130
127
127
127
126
127
126
127
128
126
127
127
127
127
127
128
128
127
127
128
129
129
127
127
127
127
128
131
131
129
132
131
132
131
132
132
129
128
128
127
126
126
126
128
128
127
127
127
128
128
128
128
127
128
129
129
129
128
126
126
126
126
126
126
127
127
127
127
128
128
129
129
130
130
129
129
129
128
128
128
126
126
125
123
124
124
124
124
124
124
124
124
121
121
122
123
126
126
126
126
126
127
127
128
127
127
126
127
127
128
129
128
128
128
129
127
126
129
127
129
130
129
128
129
129
132
129
129
130
130
130
129
128
129
127
128
129
128
128
127
127
128
128
128
128
128
129
130
130
130
129
131
131
131
131
131
131
130
130
130
130
130
130
129
126
123
122
124
124
124
124
123
123
125
125
124
123
122
122
123
121
122
122
124
124
124
124
125
122
122
122
124
124
122
124
123
123
123
121
122
121
121
121
122
123
123
123
124
124
124
124
125
124
125
125
125
125
124
122
122
122
122
122
122
123
124
122
120
120
120
121
119
117
117
116
118
118
119
119
119
119
119
121
121
120
120
119
119
119
119
121
120
120
122
123
124
122
121
120
120
119
120
120
120
121
121
121
120
120
120
121
121
121
121
122
123
124
125
125
125
125
123
123
124
124
124
124
121
121
121
122
122
121
121
122
121
121
122
122
122
122
123
122
120
122
122
122
123
122
123
124
125
122
123
121
119
119
119
119
119
118
118
120
119
119
119
119
119
120
119
119
119
119
120
120
120
121
120
120
121
120
120
121
120
120
121
121
122
122
120
118
118
119
118
118
118
118
117
117
117
116
116
116
116
118
118
118
118
119
119
120
121
120
122
123
122
121
122
122
123
122
120
118
118
119
118
118
118
118
118
117
118
119
121
121
120
119
117
117
117
118
118
117
117
117
117
117
118
118
118
118
118
119
121
121
125
124
122
121
123
122
122
121
123
123
122
121
122
125
125
123
123
124
123
122
123
124
124
123
124
125
125
125
125
125
125
124
124
122
122
122
122
123
123
123
124
122
122
123
122
121
121
122
121
120
120
120
119
118
117
118
118
117
118
117
118
117
117
116
118
118
118
118
119
119
119
118
118
116
117
118
118
118
119
118
117
117
118
118
118
119
119
119
120
120
121
121
121
122
122
122
122
122
122
121
121
120
119
119
121
121
121
123
123
121
118
117
117
115
113
113
114
115
114
115
115
114
115
114
114
114
115
115
115
116
117
116
116
116
116
116
118
118
118
117
117
116
117
118
118
117
117
116
117
117
117
116
115
116
118
117
117
117
117
117
117
116
117
118
118
118
117
116
117
118
118
118
120
119
121
120
120
120
120
120
120
119
119
119
118
116
116
113
113
112
113
114
116
117
117
117
117
117
116
116
115
115
115
115
116
117
115
115
114
115
114
115
115
116
118
118
118
119
118
118
119
119
120
121
121
121
121
123
123
122
121
122
121
120
121
122
122
122
121
121
121
121
121
121
122
121
121
122
122
122
123
124
124
122
124
124
124
122
123
122
120
120
120
120
120
121
121
121
122
123
123
124
124
124
123
123
122
122
122
121
122
122
120
121
121
121
119
119
120
120
120
118
119
119
119
119
122
120
120
119
119
117
116
116
116
117
116
114
113
114
113
113
114
113
113
113
113
113
112
112
113
113
114
115
116
115
115
115
114
115
116
117
117
116
117
115
115
113
114
116
115
114
112
112
112
112
111
112
111
112
114
114
114
114
113
112
114
114
114
114
113
112
112
111
111
110
111
112
111
110
111
112
111
112
113
113
111
112
112
113
113
115
114
116
117
116
118
119
120
118
119
120
118
118
118
119
119
120
120
118
116
117
117
117
117
118
118
118
119
119
119
118
117
117
117
116
116
115
116
114
117
117
117
117
118
119
119
118
119
119
118
120
119
119
118
119
118
117
117
117
116
116
116
116
116
117
115
115
115
115
113
114
114
115
118
117
115
112
112
112
111
111
113
113
115
115
115
115
115
114
114
114
112
112
110
110
110
110
110
111
112
113
113
114
112
111
111
112
113
113
113
113
113
113
114
116
116
118
119
119
118
118
117
116
117
117
118
116
116
116
118
118
117
118
118
117
118
119
119
118
117
117
117
118
119
119
119
119
120
120
120
120
120
119
121
119
118
117
116
116
116
116
116
114
114
114
114
116
115
114
113
113
114
115
115
115
115
112
112
112
111
111
112
113
113
114
115
115
115
117
118
118
118
118
119
118
117
117
117
117
119
119
119
120
120
119
120
119
118
118
118
117
117
118
117
118
117
117
117
116
116
117
118
116
115
116
116
113
114
115
115
116
116
116
117
119
119
117
119
117
116
117
116
115
117
117
117
116
119
120
120
120
120
118
118
118
117
118
118
118
118
116
115
116
116
117
117
116
115
115
114
113
113
113
114
113
113
113
113
113
112
113
112
112
114
114
113
112
112
112
111
111
113
111
111
111
112
112
113
115
114
113
114
113
113
113
113
113
114
112
112
112
113
114
114
115
116
117
115
115
115
114
113
112
111
111
111
112
112
113
113
115
114
115
117
117
116
116
114
113
112
112
113
113
114
113
114
112
112
112
112
112
112
112
114
114
115
115
115
117
117
118
117
116
114
115
115
117
115
114
114
115
116
115
114
115
115
114
114
115
115
114
115
117
115
115
115
115
115
115
113
113
115
115
116
117
118
118
116
117
117
116
116
116
116
117
117
116
116
116
118
117
116
115
115
116
115
115
115
114
114
114
114
112
112
113
112
112
113
112
113
114
114
113
114
114
113
113
114
112
111
111
112
110
110
111
112
112
111
112
113
112
112
111
112
113
113
112
112
112
111
111
113
113
115
117
117
117
116
116
116
115
115
113
113
114
114
114
113
114
115
115
115
115
114
113
113
113
114
116
117
116
116
115
116
116
117
117
117
118
117
117
115
116
115
114
114
115
114
114
113
113
113
113
112
111
113
113
114
113
112
