0.0007610344827586207 0.0007268965517241379
300
296
288
283
281
278
276
274
269
268
262
262
259
259
256
256
253
251
252
250
247
241
242
240
238
236
234
233
234
232
231
231
229
229
227
229
226
227
228
224
223
222
219
218
220
219
218
219
218
220
219
218
219
219
217
218
218
218
219
219
216
216
215
216
216
214
215
213
215
214
211
209
208
207
207
209
210
211
212
210
210
208
206
206
206
206
205
205
207
207
206
206
207
205
204
206
206
205
204
203
204
203
204
203
202
203
201
202
202
201
200
199
200
201
202
201
204
203
202
202
205
204
204
203
201
202
202
200
200
200
199
197
198
199
199
200
200
202
205
207
207
208
209
208
206
207
206
206
207
207
206
207
207
206
207
205
204
202
203
203
204
205
208
208
208
206
205
204
203
203
203
203
203
203
203
203
201
201
203
204
204
207
207
208
209
209
210
208
205
204
205
203
206
206
207
208
207
207
207
203
202
201
202
203
204
201
201
200
200
201
200
201
201
203
203
203
203
201
200
201
201
201
202
201
203
204
204
201
202
201
198
198
200
200
200
200
200
200
200
201
203
203
204
205
204
202
203
201
201
201
203
201
200
200
202
201
203
204
205
204
204
203
203
203
200
199
201
201
201
199
201
200
201
200
201
202
201
201
199
200
200
202
204
204
204
204
202
202
202
201
201
201
199
200
200
197
196
196
195
195
196
195
194
195
197
196
197
197
199
199
198
197
196
198
199
197
198
195
191
192
191
191
190
191
191
190
190
190
192
194
191
191
189
188
187
186
185
185
185
188
188
188
186
186
184
183
186
186
188
187
186
185
183
183
183
184
185
185
188
188
190
189
191
191
193
190
189
188
188
189
188
189
189
190
189
188
189
190
189
189
188
187
184
186
188
189
189
189
188
185
187
186
186
186
189
189
189
190
190
190
189
189
190
189
189
187
186
186
186
188
187
187
187
189
190
190
190
190
191
190
189
189
189
189
190
190
188
189
187
188
186
182
180
180
180
182
181
180
183
183
183
179
181
182
182
182
180
180
182
182
183
183
183
183
184
184
186
185
188
189
188
187
185
185
185
183
182
184
184
184
185
184
183
182
184
184
183
181
182
180
178
177
179
177
178
176
178
178
179
178
177
177
178
177
179
179
180
180
178
178
178
179
178
181
181
179
177
177
177
178
178
175
177
177
177
179
180
181
182
181
180
180
180
181
182
182
182
182
182
180
180
178
178
180
181
182
182
182
181
180
181
182
183
183
185
185
187
185
184
183
181
179
179
179
179
178
177
177
177
178
177
178
178
178
177
177
175
176
175
176
177
176
175
174
173
172
170
169
169
169
170
170
171
170
169
170
172
176
176
172
174
174
172
173
172
172
172
173
171
171
172
170
170
172
172
172
171
170
170
169
169
169
170
170
169
169
171
172
173
173
174
175
173
171
171
173
173
171
170
171
172
172
174
172
172
172
175
175
174
174
175
176
175
177
176
176
176
176
177
176
176
178
176
173
173
172
173
172
171
171
171
172
171
172
174
174
176
177
177
175
174
174
172
172
170
171
170
170
170
169
169
169
169
170
167
170
168
168
168
168
168
170
172
172
173
171
172
170
170
170
169
169
169
170
171
171
171
171
173
173
173
172
171
172
170
170
169
170
171
171
171
169
169
169
168
169
170
169
170
169
167
166
166
166
166
166
166
166
166
166
167
169
169
168
165
168
170
170
170
169
169
170
171
172
170
170
171
171
168
167
166
165
166
166
164
162
162
163
163
162
163
163
162
161
161
161
162
162
162
165
165
166
166
166
164
164
165
166
166
165
166
166
164
164
164
165
165
166
167
169
169
169
170
169
169
169
169
166
165
164
165
165
168
168
168
168
168
168
170
169
170
168
168
168
169
170
170
170
170
169
169
168
167
166
168
169
170
169
169
168
170
169
168
168
168
167
168
168
167
169
166
166
167
167
167
166
164
163
164
164
163
163
162
164
163
162
163
163
164
167
167
168
168
166
166
165
163
163
163
164
166
167
167
166
166
165
166
167
167
166
166
166
167
165
166
165
168
169
169
170
170
169
170
168
170
172
172
174
174
174
171
172
171
170
171
171
172
172
171
172
174
170
172
170
169
169
169
170
167
166
165
163
162
161
161
161
161
162
163
164
165
164
163
162
161
160
159
159
160
160
157
157
157
157
156
156
156
156
156
159
159
162
163
164
166
165
166
168
166
164
164
161
162
161
161
161
161
161
161
162
162
161
161
161
162
162
163
163
163
162
162
163
163
164
163
165
166
164
163
163
162
162
162
162
165
165
165
165
165
161
161
162
162
163
164
164
164
163
160
160
159
161
162
160
159
157
159
159
159
159
160
160
160
160
160
160
160
160
160
160
162
164
164
164
164
164
164
164
163
164
165
165
165
166
167
168
168
173
172
171
173
172
172
172
171
173
172
171
171
172
173
171
169
170
170
168
167
168
164
164
165
165
164
164
164
165
166
163
164
163
162
162
163
164
164
164
165
166
166
165
163
164
165
165
165
164
165
166
165
165
162
163
162
162
162
164
164
165
165
165
165
164
164
165
162
160
160
158
158
157
158
160
162
163
163
164
164
165
166
167
166
166
164
162
162
164
164
166
166
165
166
167
168
166
167
167
166
165
164
165
164
164
163
162
165
164
164
163
163
163
162
162
161
163
164
165
164
163
162
161
159
160
160
161
161
162
163
163
162
162
163
162
163
164
164
162
164
164
162
162
164
164
163
163
163
163
164
163
162
162
162
161
161
161
163
163
162
163
165
167
168
166
164
163
162
160
159
158
156
156
156
156
155
157
158
158
160
159
159
158
156
156
158
156
157
159
158
159
160
161
160
160
163
163
162
161
160
160
159
158
157
157
157
157
158
158
156
156
157
159
156
157
158
157
157
159
159
156
156
156
158
158
158
159
159
158
158
158
160
159
159
159
159
160
160
160
160
159
158
159
159
157
158
157
157
156
156
157
156
156
158
159
159
160
159
159
159
160
161
160
161
162
162
162
162
162
160
161
159
158
158
160
157
157
157
158
157
156
156
154
156
155
154
155
153
152
152
154
153
153
154
153
153
154
155
155
154
155
155
156
157
157
157
157
157
155
154
154
153
152
151
153
154
152
152
152
154
153
152
152
153
153
153
151
151
150
151
151
152
151
149
150
152
153
154
154
153
153
154
154
154
156
154
157
157
157
154
156
157
158
158
159
156
156
155
155
156
153
152
154
155
156
155
155
156
155
155
156
157
158
157
157
157
155
156
155
156
155
154
152
151
151
151
151
153
152
152
154
153
154
153
153
153
154
153
152
151
151
152
151
151
151
149
148
146
147
147
149
149
149
151
152
152
152
150
150
152
152
150
148
148
148
148
150
151
153
153
153
152
152
151
150
149
148
147
146
147
147
148
148
148
148
148
151
154
151
151
151
151
152
154
153
154
153
151
152
149
150
147
148
146
146
147
146
147
147
146
146
150
151
150
149
149
151
151
152
151
151
151
151
149
149
150
149
150
150
148
147
148
150
149
149
150
149
150
149
150
148
149
149
146
146
146
147
148
149
154
155
154
155
157
154
153
153
154
153
155
157
157
158
157
156
156
154
154
154
153
152
153
153
154
155
154
153
152
150
149
150
150
150
149
150
150
150
149
151
148
150
148
149
149
150
151
150
151
150
151
151
152
153
152
151
152
151
150
149
149
151
151
152
151
151
155
155
155
152
154
154
155
156
154
155
154
152
153
151
150
149
148
148
149
150
150
150
150
151
151
150
149
151
152
151
151
152
153
152
151
152
153
152
151
149
148
148
148
147
146
147
147
147
147
147
147
148
148
147
147
147
146
147
147
147
148
148
149
149
149
150
150
148
148
149
148
148
147
147
148
148
148
147
146
148
148
148
148
148
148
148
148
148
149
149
149
150
150
149
148
147
146
146
147
148
147
146
144
147
147
147
148
147
146
147
147
148
148
149
152
154
154
154
153
152
151
150
147
148
147
150
149
151
150
149
149
148
148
147
145
145
145
146
146
146
147
147
148
147
148
147
146
146
146
144
142
142
142
143
143
142
140
142
142
142
142
141
142
142
142
141
143
143
142
145
145
145
145
146
145
145
145
144
144
145
145
144
144
144
144
145
146
147
148
147
148
150
150
149
148
149
149
148
149
149
149
148
148
147
146
147
146
146
147
146
144
145
145
145
145
145
146
147
147
149
150
151
150
151
154
152
149
147
148
150
149
148
148
150
149
150
151
148
148
145
148
146
145
143
142
141
140
140
141
142
139
139
139
139
139
138
139
139
140
139
139
139
139
139
139
138
138
137
138
138
139
141
143
142
143
143
142
141
142
143
141
142
141
142
141
141
142
142
143
147
145
145
143
143
140
138
139
139
138
138
139
141
141
142
142
141
140
139
139
140
140
141
142
142
140
139
139
140
139
139
140
140
140
141
143
145
145
144
144
144
144
144
144
146
145
146
143
143
142
142
142
143
143
141
143
143
143
145
144
144
145
145
149
147
146
146
144
143
143
141
140
140
142
142
142
141
141
142
143
144
143
145
144
142
142
141
142
142
145
145
145
145
145
146
146
146
147
147
143
144
142
141
142
141
142
142
140
141
140
140
139
141
140
143
143
143
142
141
140
140
138
138
138
138
138
140
140
142
140
140
139
140
143
143
141
141
140
140
141
142
141
141
141
140
140
140
141
146
146
146
145
146
146
145
143
143
142
142
142
141
142
142
141
141
140
141
141
142
143
144
143
145
144
146
146
146
148
147
148
149
149
147
145
146
144
145
146
145
144
143
142
142
142
141
141
142
142
141
143
143
144
144
144
143
144
143
143
143
142
142
141
139
137
137
137
136
135
134
134
135
134
133
132
131
131
131
130
130
131
132
132
132
132
132
132
132
132
132
132
133
133
135
136
138
137
137
135
136
135
135
134
134
133
132
133
132
133
129
130
129
129
129
130
130
130
130
130
131
132
133
134
134
134
134
136
135
136
137
137
138
138
138
139
139
140
139
137
137
136
135
134
132
131
131
133
135
136
136
136
136
137
138
137
136
135
136
135
134
134
133
131
131
134
135
137
137
138
138
139
138
137
137
136
136
136
136
138
138
140
140
140
140
139
138
136
137
137
138
136
136
137
137
137
135
136
136
136
136
135
135
135
136
136
137
137
138
138
137
137
141
142
143
143
142
143
144
144
143
142
142
142
143
142
141
141
141
140
141
142
142
141
141
140
138
139
140
139
139
139
138
136
133
134
135
135
136
135
134
134
133
133
133
135
135
136
139
139
139
139
139
137
138
139
138
136
136
136
137
137
137
136
136
134
135
135
134
134
133
133
135
136
136
135
136
133
133
134
133
134
136
136
135
133
133
133
132
132
130
129
130
130
130
129
129
128
127
127
127
127
128
127
126
126
127
127
126
127
127
128
128
129
128
126
127
127
127
126
126
125
125
125
127
125
125
124
124
124
125
126
126
127
126
125
126
128
128
129
128
128
132
132
133
133
132
132
133
133
133
134
133
133
133
132
134
133
133
133
135
132
132
132
132
132
127
126
126
125
124
124
124
124
125
124
122
122
122
122
122
122
122
123
124
123
124
125
125
124
124
121
121
121
121
121
121
122
122
122
123
123
122
122
122
122
122
122
124
124
124
124
124
122
122
123
123
123
123
123
124
125
123
123
121
121
121
120
120
121
121
121
121
122
123
124
125
124
123
124
124
122
122
122
122
122
121
121
120
120
122
123
123
125
125
125
125
124
127
125
126
125
122
123
123
123
123
125
126
127
127
127
127
127
127
127
127
129
128
127
129
131
132
131
130
131
131
131
131
129
132
131
131
132
132
132
130
130
128
129
129
129
128
129
130
132
130
130
130
130
130
131
129
129
129
131
130
130
130
130
130
131
131
130
130
131
131
130
130
130
129
129
130
130
132
132
131
130
130
130
131
131
134
134
133
133
132
133
133
130
129
129
128
128
128
128
129
129
128
130
129
129
129
129
131
130
128
128
129
130
131
131
130
129
129
129
128
128
127
128
127
127
127
126
125
126
127
127
128
128
129
130
130
130
131
132
131
129
127
127
125
124
124
124
124
123
122
122
122
122
122
120
120
122
121
121
122
122
125
128
127
127
128
128
130
131
132
132
132
130
130
129
128
128
127
127
127
129
131
131
131
132
131
131
131
129
128
127
127
127
126
125
126
126
125
125
125
125
123
123
123
123
124
124
125
124
122
118
118
118
118
118
119
118
118
119
121
121
121
122
122
122
122
123
123
124
122
123
121
121
121
120
120
120
120
120
120
121
123
123
123
124
124
125
122
122
121
121
121
121
122
122
122
123
121
121
122
122
122
122
122
120
120
120
120
121
121
122
122
123
123
123
122
121
122
122
121
121
122
121
121
122
122
124
124
124
125
123
122
122
122
123
122
122
121
121
121
119
120
119
120
120
120
120
120
121
122
121
121
120
119
119
121
120
120
121
121
121
122
121
123
122
122
122
123
124
123
123
123
122
122
123
124
125
127
125
124
124
123
124
124
124
123
123
122
121
120
121
121
121
122
122
123
123
123
125
125
127
128
128
127
127
125
125
124
125
123
123
122
121
120
120
121
122
122
123
123
123
123
121
120
119
119
120
120
119
120
121
122
121
121
121
121
121
121
121
119
120
120
122
122
124
122
121
121
122
122
122
123
123
123
123
123
122
122
123
122
123
123
123
123
123
123
123
124
122
124
125
124
124
124
125
124
124
125
124
124
124
124
124
123
123
123
123
123
122
122
123
122
123
124
125
126
127
127
126
124
125
128
126
127
127
127
127
124
125
125
126
127
127
127
126
125
125
127
127
127
128
128
128
129
129
127
127
127
127
126
125
125
125
124
124
124
126
124
123
124
123
123
123
123
125
125
125
125
125
127
127
127
127
126
126
126
127
126
125
126
127
128
126
126
125
124
124
125
124
124
124
125
124
126
125
125
123
121
121
121
119
121
121
120
121
121
121
121
121
121
121
122
122
122
123
122
121
121
121
120
120
118
118
118
119
121
121
121
121
121
119
119
120
120
121
121
121
121
121
121
122
122
123
124
123
123
124
124
124
124
125
123
123
123
122
122
123
123
125
125
125
124
124
123
121
123
123
122
121
121
121
121
121
122
122
122
122
122
121
122
123
124
124
124
122
120
121
119
119
120
122
121
121
123
123
123
123
124
125
126
125
124
125
126
126
125
124
124
123
122
122
122
121
123
123
122
122
122
123
122
123
123
122
122
124
124
124
126
125
124
125
124
123
123
124
124
126
124
122
122
122
125
125
127
127
124
124
125
124
125
124
124
127
128
128
128
126
126
126
126
126
126
127
126
128
127
128
128
129
130
129
128
130
130
130
131
130
128
129
130
131
131
129
129
129
128
128
128
128
126
128
127
126
126
127
126
128
128
127
127
126
125
125
125
124
124
124
124
124
125
124
124
124
124
124
124
123
124
123
123
123
122
124
123
123
125
125
125
125
124
123
123
123
123
123
123
122
122
122
120
119
119
118
118
118
119
119
119
119
119
123
121
119
121
121
122
122
123
124
126
126
126
126
128
127
126
125
125
125
126
125
126
126
127
127
128
128
128
128
129
128
127
128
128
127
126
126
127
127
127
127
125
125
125
124
123
123
123
123
123
125
123
121
120
120
120
121
121
121
121
121
121
121
121
121
121
123
123
122
122
122
121
121
121
121
121
121
122
122
122
124
124
126
124
122
122
122
122
124
123
123
122
122
122
123
124
123
123
123
122
121
121
121
121
121
121
124
124
124
123
123
122
122
121
122
121
121
120
121
121
121
122
123
121
122
123
123
123
124
123
123
123
124
125
125
126
126
126
126
125
125
126
126
126
126
126
126
127
125
125
125
125
125
124
124
123
123
123
123
123
122
124
124
124
124
125
126
125
125
125
126
127
127
127
125
127
127
127
126
126
127
128
129
128
127
126
126
126
126
126
127
129
129
127
129
129
128
127
128
126
126
126
127
127
128
129
128
127
127
127
127
128
128
128
127
128
126
126
126
125
124
125
125
125
127
127
127
127
127
128
128
126
125
125
125
124
123
124
123
124
123
122
122
120
120
120
121
121
121
121
121
121
123
124
125
125
125
127
126
126
128
127
126
126
127
127
127
126
126
127
126
127
128
125
125
126
127
128
126
125
124
124
124
123
124
123
123
122
122
121
122
123
122
122
120
120
121
124
125
126
126
126
124
125
124
124
124
124
125
124
125
124
125
126
126
126
125
125
123
122
120
120
120
123
124
122
121
120
119
119
119
118
118
117
117
117
117
119
119
120
121
122
122
123
121
122
121
121
122
124
123
121
121
120
120
121
121
120
118
118
118
118
117
118
118
118
120
120
120
119
119
117
118
120
119
118
119
118
120
120
119
117
118
119
119
118
118
116
116
116
117
117
118
119
120
120
121
121
120
119
117
117
118
119
118
118
118
119
119
120
120
120
119
118
118
120
120
120
119
119
118
118
118
120
122
121
121
120
122
124
124
122
123
120
120
121
121
122
123
124
124
125
124
123
123
124
123
122
120
121
122
123
122
120
120
120
120
119
119
119
119
119
117
117
117
117
117
117
117
117
116
117
117
119
120
118
115
114
114
113
113
115
116
116
118
118
118
118
117
116
116
115
115
115
115
115
115
115
116
116
117
119
119
117
115
114
115
115
115
117
118
118
119
122
122
122
122
123
122
121
123
122
121
121
121
122
122
122
123
124
124
125
124
125
125
122
123
123
124
125
126
127
124
123
123
123
122
121
120
120
119
119
120
119
120
118
117
117
117
117
118
118
118
118
118
119
119
119
119
119
121
120
119
119
119
118
119
119
118
118
118
118
116
116
116
116
117
117
116
117
118
118
118
119
119
119
120
119
119
118
118
118
119
119
119
120
120
118
118
118
119
120
121
123
122
122
122
119
119
119
122
122
121
121
120
119
120
121
119
119
120
119
118
118
118
120
119
119
118
117
117
117
117
117
117
117
118
118
118
120
122
122
120
120
120
120
120
120
120
119
119
119
120
120
121
121
120
122
122
121
120
119
119
119
118
118
118
119
120
120
120
120
120
119
118
118
118
119
119
119
119
119
118
117
117
117
117
116
117
117
117
116
115
114
114
114
113
113
113
112
114
114
114
114
112
111
113
114
114
114
115
115
115
114
114
114
114
113
112
112
113
115
116
117
119
121
123
124
122
123
122
123
123
123
123
122
122
123
124
122
122
122
122
125
125
124
124
124
123
124
123
122
123
121
119
118
116
116
118
117
116
115
115
116
116
116
116
116
116
116
117
117
116
117
118
118
117
115
114
115
116
116
115
114
113
112
112
113
114
114
113
113
112
112
112
112
112
112
110
109
110
112
112
112
114
115
115
115
115
115
115
115
115
114
112
112
112
113
113
112
111
110
110
109
109
109
110
110
109
112
112
114
115
115
116
115
115
117
118
118
118
119
118
119
120
118
119
121
121
119
119
120
120
119
120
119
120
120
119
120
120
121
122
123
123
124
123
121
121
120
121
121
122
121
118
118
119
119
118
116
116
116
115
114
115
115
114
113
110
111
113
113
113
114
111
110
111
111
110
110
110
111
111
110
111
112
113
113
113
115
116
115
117
119
118
118
118
118
116
116
114
115
114
115
116
116
115
115
116
117
116
116
116
118
118
120
119
117
115
115
115
114
112
112
112
112
113
113
111
111
111
109
109
109
109
109
110
111
110
111
112
112
112
111
112
111
112
113
113
114
117
117
116
116
117
119
116
117
116
116
115
114
113
114
115
113
111
111
111
111
112
113
114
114
114
114
115
113
114
114
114
113
114
115
115
117
114
114
114
114
114
113
114
113
114
115
115
114
114
113
113
113
113
114
112
112
111
110
111
112
112
113
114
115
114
115
115
113
114
113
114
115
116
116
116
116
115
115
115
116
117
118
118
118
117
116
116
116
116
117
117
117
118
118
117
117
117
118
118
118
117
117
118
117
118
117
120
119
119
119
120
119
117
117
117
115
115
114
113
113
115
115
114
114
115
115
115
115
115
116
114
115
115
115
116
116
115
116
115
115
115
114
115
117
118
116
116
114
114
114
114
111
111
111
110
110
110
110
110
112
112
113
114
115
115
113
113
113
113
113
113
111
111
111
112
111
111
111
111
110
110
110
110
110
110
110
111
111
112
112
112
112
112
112
111
112
113
113
113
112
113
113
111
109
109
111
112
113
111
110
111
112
111
111
112
111
112
112
112
112
110
110
110
111
110
110
111
112
113
112
111
111
110
109
109
109
108
109
109
109
109
110
111
110
110
111
108
109
108
108
108
108
107
107
108
107
107
104
104
105
105
105
104
105
105
105
104
105
105
106
108
109
108
108
109
107
106
106
106
108
107
107
107
107
108
108
108
109
110
111
111
112
110
111
110
109
111
111
110
108
107
107
108
107
109
108
107
106
106
108
108
108
108
106
106
107
107
108
108
108
108
107
108
107
106
106
108
108
108
108
107
104
104
106
109
108
108
109
109
109
108
108
108
108
107
106
106
106
105
106
106
107
108
108
108
107
103
103
103
104
104
104
104
104
104
105
106
105
107
107
109
109
108
108
109
109
110
110
111
111
110
110
108
108
112
113
112
111
111
110
111
111
112
110
109
110
107
108
108
108
108
109
109
108
109
109
109
109
110
111
111
112
112
111
109
109
109
109
109
108
108
109
109
110
109
109
110
110
109
108
107
108
108
108
108
107
107
105
105
105
105
106
106
106
106
108
107
107
107
105
105
106
106
106
106
106
105
104
108
108
108
109
110
110
109
109
110
110
109
110
110
111
112
113
113
114
113
115
113
113
113
112
111
112
110
110
109
109
109
110
109
108
106
107
107
107
107
107
108
110
110
111
113
113
112
111
111
110
109
109
109
109
108
108
108
108
106
107
107
107
108
108
109
109
109
110
111
111
111
110
110
108
109
109
109
109
109
108
109
109
108
108
107
107
105
106
105
105
105
106
108
108
108
108
108
108
109
110
113
111
111
109
109
108
107
108
110
110
109
107
107
108
106
108
108
106
106
108
109
109
110
109
109
109
109
112
114
114
116
117
114
114
114
112
113
113
111
111
111
111
112
112
112
113
114
113
113
113
111
111
111
110
109
109
110
110
110
108
107
106
106
106
106
106
107
106
104
104
104
105
105
107
107
107
107
107
105
105
105
105
105
105
105
106
106
107
108
108
109
108
108
109
110
111
112
112
112
111
110
110
110
111
111
109
109
110
110
110
111
111
112
112
110
110
114
115
111
110
110
113
111
111
111
109
109
109
109
109
108
109
112
112
110
112
