0.00035137931034482766 0.00038551724137931035
300
296
291
287
284
283
277
273
270
271
266
265
265
265
263
264
264
261
262
261
262
264
262
262
262
260
259
258
258
255
254
254
253
255
254
253
253
254
253
257
258
256
252
251
248
249
248
248
248
248
249
251
250
249
248
248
249
247
246
247
246
247
249
247
245
246
244
244
244
243
244
242
242
244
244
244
244
242
241
241
241
240
239
239
238
237
239
238
239
240
242
239
239
239
241
239
239
239
240
240
242
241
241
240
238
240
240
238
239
238
240
239
240
238
236
237
237
237
236
234
235
235
236
236
235
237
237
235
235
235
235
237
239
240
238
238
239
240
238
241
239
238
239
238
238
239
238
236
236
237
238
239
236
238
239
237
239
240
240
241
240
238
237
236
238
237
236
234
233
233
234
232
231
232
232
233
233
234
234
234
234
234
234
235
235
234
237
238
237
232
232
231
231
231
234
235
232
233
231
233
233
232
231
230
232
232
231
231
231
233
232
233
233
232
232
234
234
235
234
232
231
228
229
230
230
231
232
230
229
229
229
229
231
230
229
229
231
229
227
227
228
229
228
228
228
227
226
227
226
228
224
225
226
226
226
228
228
227
229
232
233
231
232
230
230
231
233
232
232
231
231
231
232
230
231
233
230
231
230
231
231
231
231
231
231
231
230
232
232
231
230
230
232
231
232
231
232
233
231
233
233
234
231
233
231
229
228
225
226
226
226
225
226
225
225
224
223
224
226
226
225
223
224
224
224
223
223
224
225
225
225
226
227
227
228
228
228
229
229
229
232
229
231
229
225
221
222
222
223
225
223
222
222
221
220
222
220
219
219
218
216
217
217
217
217
218
218
219
220
220
220
219
221
221
222
220
219
219
218
219
219
221
220
220
220
219
220
219
219
221
220
220
218
219
220
219
222
220
221
219
219
219
218
219
220
220
220
221
220
219
217
220
219
219
218
219
217
218
218
217
217
217
218
217
218
217
217
219
216
216
217
220
221
220
218
217
216
218
217
219
219
221
220
222
223
222
222
220
220
221
220
219
219
218
219
218
218
219
220
222
220
220
218
218
218
217
217
219
217
217
220
219
219
217
217
217
218
217
218
218
220
220
217
217
218
218
218
218
218
220
217
216
216
215
215
213
212
214
213
213
214
216
215
215
213
214
215
214
215
215
217
216
217
217
216
216
218
217
218
217
217
218
219
222
221
220
215
216
216
215
213
213
214
213
212
212
213
212
211
212
213
213
213
213
211
209
210
212
213
213
215
215
214
212
212
213
212
212
211
210
210
210
211
212
210
218
217
215
217
217
216
214
213
209
209
209
209
209
210
209
208
209
208
207
206
205
205
207
208
209
210
211
210
208
210
210
210
211
213
213
212
214
213
214
211
210
213
214
213
212
213
212
211
211
210
211
210
212
212
212
210
212
210
207
207
209
209
209
208
208
207
207
206
207
207
207
207
205
204
205
203
203
203
202
203
203
204
206
208
208
209
209
211
211
212
213
213
211
211
207
209
208
210
210
210
211
211
210
209
207
204
205
204
204
204
204
204
205
205
204
205
204
203
204
204
202
200
202
201
201
201
201
203
203
204
204
206
205
205
207
206
206
206
206
207
207
206
203
203
201
199
200
200
202
201
200
200
198
197
197
198
198
198
198
200
200
200
200
202
202
202
202
201
200
199
197
196
197
197
197
200
200
200
200
202
203
203
202
204
202
201
201
199
199
199
201
201
199
198
199
200
200
201
204
201
200
199
197
198
199
199
200
200
200
200
199
199
201
201
203
204
207
207
206
203
203
201
201
199
202
202
202
202
204
203
203
201
203
204
204
205
204
205
205
206
206
206
208
209
207
206
206
206
205
206
208
208
208
206
205
203
202
202
202
202
201
199
200
200
200
200
200
202
200
200
200
200
200
200
199
201
201
200
200
200
200
199
200
202
202
201
199
199
199
198
198
197
201
202
201
198
197
197
197
197
196
196
196
197
199
199
198
200
199
197
196
195
195
196
195
193
193
193
192
192
193
192
194
194
195
194
194
193
194
195
196
196
196
196
195
195
195
195
197
198
197
198
199
200
198
199
198
197
197
197
197
198
200
199
199
201
200
200
201
199
197
197
198
198
198
198
197
194
193
194
196
195
196
196
196
196
196
197
197
197
199
198
200
200
200
199
199
202
201
200
200
199
200
200
201
200
199
200
198
197
195
195
195
195
196
197
197
199
196
195
194
193
193
194
194
194
195
195
195
194
194
195
195
195
196
197
197
198
197
195
197
199
197
198
199
198
199
197
197
197
195
194
194
191
190
189
188
188
188
189
190
188
188
190
189
189
188
189
189
190
190
190
191
191
191
191
191
191
191
191
192
192
191
191
190
189
190
189
190
190
189
189
188
188
187
189
189
189
190
192
191
192
192
192
191
193
194
193
193
194
192
192
189
191
190
191
191
189
188
187
188
186
185
184
186
186
185
185
185
184
184
187
186
187
187
187
187
187
186
186
185
183
182
181
180
181
182
184
184
186
187
186
186
186
186
187
188
187
185
186
186
184
185
184
184
183
182
182
184
186
184
186
186
187
187
188
189
189
188
188
189
189
188
188
191
190
191
190
189
189
188
188
189
190
191
190
190
193
193
192
193
192
192
192
191
190
190
190
188
187
186
185
188
188
189
189
191
190
187
188
187
187
184
184
184
186
185
185
181
182
181
180
181
182
183
183
182
183
183
184
181
183
183
182
182
181
181
182
181
180
179
180
181
183
182
180
182
183
184
184
184
184
184
182
183
183
182
182
180
181
181
180
178
179
177
177
177
176
176
176
175
175
174
177
177
177
177
175
174
174
175
177
177
176
176
175
175
176
176
177
176
176
177
177
179
182
183
183
180
179
180
182
179
179
179
177
176
175
175
175
175
175
176
176
175
175
176
177
176
176
173
175
176
176
173
174
174
175
177
177
175
175
175
175
175
174
175
178
178
179
181
181
181
180
179
180
178
178
176
176
177
177
175
174
173
173
173
174
174
173
173
173
173
173
173
172
172
172
172
172
171
172
174
173
173
173
176
176
176
177
175
174
174
172
173
174
172
174
174
174
174
174
173
173
172
172
171
172
172
170
170
171
171
172
173
173
174
174
176
175
175
174
175
176
174
174
174
174
175
176
176
177
177
177
175
176
175
175
174
174
175
175
173
172
172
172
172
174
175
175
176
174
173
171
171
173
172
174
175
174
172
173
172
174
175
175
175
175
172
172
173
173
177
177
176
175
175
174
174
173
173
172
173
172
171
171
171
170
170
170
172
172
171
172
172
171
171
169
172
174
173
174
172
171
172
172
172
173
173
173
173
173
173
172
171
171
169
170
171
171
170
171
171
171
171
172
171
172
173
173
173
173
172
173
171
171
173
172
173
174
175
176
172
170
171
172
172
172
171
172
172
173
174
174
173
174
172
171
171
171
171
171
172
171
171
171
172
171
172
171
171
171
171
171
172
171
172
173
173
173
172
172
171
174
174
172
172
173
175
173
174
174
172
172
172
171
171
171
171
173
174
173
173
173
174
173
174
175
173
173
174
174
176
175
176
175
176
175
176
177
176
177
175
175
176
175
175
174
174
175
174
175
175
174
173
172
172
172
172
169
169
170
170
169
169
170
171
171
171
172
172
173
173
172
172
173
173
171
172
173
175
173
172
175
173
174
174
173
173
172
172
174
173
173
173
173
174
174
174
174
175
175
173
174
173
171
173
173
173
173
172
171
172
173
173
170
170
170
170
172
173
171
172
170
170
170
169
168
168
167
169
169
171
171
170
170
170
171
172
171
170
170
170
171
172
172
172
173
173
172
171
171
171
169
168
167
166
169
168
169
168
169
168
168
166
166
165
165
165
165
164
164
165
166
166
166
167
167
167
167
167
166
168
170
169
167
166
166
167
168
167
166
166
166
167
168
171
170
170
168
168
169
171
172
171
171
170
172
173
172
170
171
170
172
172
171
172
174
174
173
175
171
170
170
170
170
171
170
169
167
167
168
168
168
168
169
169
168
168
167
168
169
169
167
165
165
164
164
164
164
163
163
164
165
165
164
164
164
165
166
166
167
167
167
168
166
166
166
167
167
168
169
169
168
168
169
169
170
169
169
170
169
169
168
169
169
169
167
168
167
168
169
169
169
167
167
166
168
168
168
166
166
167
166
167
168
169
168
168
167
162
162
164
164
165
165
166
164
164
164
164
163
162
164
165
165
164
163
164
165
165
165
165
164
164
164
164
165
164
165
165
167
167
166
165
164
165
165
167
167
166
167
167
167
166
166
166
166
166
166
166
166
165
165
167
168
168
166
165
166
166
166
166
167
166
168
167
167
167
167
167
168
166
166
166
167
167
169
169
168
169
170
171
171
171
171
173
168
169
169
169
169
169
171
171
170
170
170
171
172
171
170
169
168
169
169
168
167
167
168
168
166
165
165
166
165
168
169
169
169
169
169
168
169
169
170
169
171
172
173
171
170
169
170
171
172
172
172
171
170
171
170
168
168
167
168
169
170
170
170
171
170
171
172
171
171
172
173
173
174
174
173
168
169
169
170
170
169
167
168
169
167
168
168
169
167
167
169
168
168
168
168
166
166
168
168
166
167
168
166
166
166
169
168
168
169
168
170
172
172
171
171
172
173
173
173
171
171
171
171
172
172
172
170
169
170
167
170
171
172
171
172
173
173
171
171
170
169
169
169
167
169
170
170
169
169
168
168
168
165
164
165
165
165
166
164
165
165
166
168
168
169
169
169
168
169
168
166
166
164
164
165
164
164
164
166
166
165
165
165
167
167
167
167
168
166
167
165
165
163
163
163
163
164
164
161
161
161
161
161
160
160
160
161
162
161
162
161
161
161
163
163
162
162
162
162
163
162
163
162
162
162
161
161
162
163
163
163
163
163
163
164
163
163
163
164
164
163
164
164
163
164
163
163
163
162
163
164
164
164
161
161
161
159
159
160
161
161
161
162
162
162
162
163
163
163
163
165
165
165
164
164
164
164
165
165
166
166
165
163
162
162
161
161
161
161
164
164
166
165
165
164
165
164
164
164
164
162
162
162
164
165
163
163
161
161
159
159
160
160
161
161
161
159
160
161
161
161
161
161
161
161
161
161
161
160
160
160
161
162
164
164
165
166
166
166
166
165
167
167
167
166
168
168
168
166
166
166
164
164
165
162
163
163
163
162
163
162
161
163
162
161
160
160
161
162
161
160
162
161
160
160
159
159
158
158
158
158
157
158
159
161
157
159
158
158
161
162
162
161
161
160
160
161
162
161
160
161
161
160
158
158
158
158
157
158
157
158
157
157
158
157
157
158
158
157
157
157
158
158
158
159
159
160
159
159
158
160
160
159
158
159
159
159
164
165
165
165
164
165
163
162
162
163
162
164
163
164
163
163
162
161
161
161
163
164
163
163
160
161
160
160
162
164
165
165
167
167
167
165
163
163
164
165
163
163
161
161
161
161
160
161
160
162
164
165
164
165
162
161
160
160
160
161
160
160
162
161
161
158
158
157
158
158
161
161
161
162
164
161
160
160
160
160
159
160
159
157
157
156
156
155
155
155
155
156
157
158
158
156
156
156
154
154
155
155
155
155
155
155
156
155
155
155
156
157
157
157
158
158
159
159
159
159
160
161
159
159
158
158
158
156
156
156
156
153
153
152
152
153
155
155
155
154
155
154
154
154
155
155
156
156
157
157
157
157
157
156
157
158
159
157
158
158
158
159
159
159
158
156
155
155
156
156
155
155
158
159
158
157
155
154
153
151
151
151
151
152
152
151
153
153
154
154
154
154
154
152
152
152
152
150
150
150
150
151
152
150
148
148
148
148
147
148
148
148
147
147
147
148
148
149
149
150
152
153
152
150
149
149
149
148
146
146
146
147
148
150
149
147
147
148
149
149
150
149
150
149
151
149
145
146
146
147
148
148
148
149
149
149
149
147
146
146
146
148
148
148
148
151
151
148
147
149
149
149
150
151
150
151
151
151
152
149
150
150
150
149
147
147
148
149
149
147
147
146
146
147
147
147
147
147
146
146
146
146
147
147
146
148
147
148
149
150
150
149
148
148
148
148
150
149
150
151
151
150
153
150
147
147
147
146
144
144
145
144
145
145
145
144
144
144
145
147
146
146
145
145
145
145
144
145
145
142
141
141
140
141
141
142
143
143
145
145
145
145
145
145
144
144
144
143
144
144
144
144
144
143
143
143
143
143
143
144
143
143
142
141
141
140
140
141
140
139
141
139
139
139
140
140
142
142
141
140
139
139
140
141
142
143
143
143
144
145
145
145
144
146
145
144
143
142
144
144
144
143
143
143
144
144
145
145
145
145
146
146
146
147
147
145
142
141
140
139
138
138
138
140
139
142
140
139
140
140
141
141
140
140
139
141
141
140
139
140
140
140
141
142
141
141
142
143
144
144
144
144
145
145
145
145
147
144
142
140
140
140
140
138
137
136
137
137
137
138
138
141
142
141
140
138
138
139
139
139
139
138
140
138
136
137
137
137
137
137
136
136
136
137
137
135
135
135
136
136
135
136
136
136
136
136
135
135
135
136
136
135
135
135
136
137
137
137
137
137
137
138
138
139
140
141
141
141
140
140
138
140
140
138
137
136
136
136
137
137
137
138
138
138
138
137
138
136
135
135
135
134
135
136
136
137
137
137
136
136
136
137
136
137
136
136
136
135
135
135
136
136
137
137
137
138
137
138
137
138
136
134
137
137
139
139
139
141
141
137
137
137
138
139
138
137
136
137
136
136
137
137
137
136
137
139
139
139
140
138
138
137
137
137
138
138
138
138
138
138
138
138
136
137
136
137
137
138
138
138
139
139
137
136
137
136
137
136
136
135
135
136
135
136
137
135
134
133
133
134
135
135
134
134
135
135
135
135
135
136
137
138
137
139
140
139
138
138
140
140
139
139
137
136
136
137
137
138
138
138
138
138
138
138
138
138
138
139
139
138
138
137
137
137
137
136
136
135
135
135
136
136
136
136
135
136
137
137
137
137
137
137
136
137
137
137
136
136
136
136
136
135
134
135
137
138
138
138
138
139
138
136
135
135
136
137
137
138
139
139
141
137
137
136
136
136
135
136
136
137
137
135
134
135
136
136
136
137
137
137
138
136
135
135
135
135
135
135
135
136
135
135
135
135
136
137
137
136
135
135
136
135
137
138
135
134
134
135
135
135
135
136
136
135
135
134
135
135
136
135
134
134
134
134
134
134
133
135
134
134
134
135
135
135
136
135
134
132
132
131
131
131
131
132
132
134
133
134
135
135
136
137
137
137
137
138
137
137
138
136
137
136
137
137
137
137
139
140
141
139
139
140
139
139
140
140
141
141
139
138
138
137
137
139
138
139
138
137
137
136
135
134
134
134
133
133
133
133
133
132
132
132
132
132
132
132
132
133
133
135
138
136
135
136
137
136
134
134
133
133
133
135
136
138
138
138
137
140
141
140
141
138
137
135
135
136
136
137
137
137
137
137
136
135
135
135
136
135
135
135
135
135
135
135
136
136
136
135
135
135
134
134
135
136
137
136
137
134
134
135
136
138
138
137
138
137
136
137
138
138
136
137
137
137
137
138
138
139
138
138
138
136
137
138
137
135
133
134
135
135
135
134
134
135
139
139
138
138
138
140
139
138
137
137
137
137
137
137
138
137
137
137
136
137
136
136
140
139
138
137
137
136
135
136
135
135
134
134
134
134
134
133
133
133
132
132
132
132
132
131
131
131
130
131
131
131
130
130
131
131
131
132
132
131
130
131
131
132
133
132
133
134
133
133
134
132
132
132
131
134
135
134
135
135
137
136
135
135
134
135
136
136
136
137
138
139
138
138
138
138
138
140
138
137
136
137
136
135
135
136
134
134
132
133
132
132
130
131
132
132
132
132
134
133
131
131
131
131
131
131
132
132
132
133
133
134
133
132
132
133
132
131
130
130
129
129
129
130
130
130
128
128
128
128
128
128
129
128
130
129
129
131
132
133
134
135
134
134
135
134
132
132
133
132
132
131
132
132
131
131
132
131
132
133
133
133
134
135
135
135
134
133
133
133
134
134
134
133
134
134
131
131
131
130
130
131
130
130
130
131
132
132
131
131
129
129
129
129
129
130
130
130
130
131
130
130
130
131
131
130
130
130
130
131
132
131
131
132
131
131
132
132
131
131
131
132
133
132
131
130
128
128
127
128
130
130
130
128
127
127
128
128
128
129
129
127
126
126
126
124
122
123
124
124
125
124
125
125
125
126
125
124
124
125
126
126
126
126
127
125
126
126
126
125
124
125
126
126
126
126
125
124
124
124
123
123
123
123
124
125
124
123
126
125
125
125
124
123
123
123
123
123
123
124
125
125
125
125
127
127
127
126
126
127
126
125
125
125
126
125
124
125
125
124
124
127
127
128
127
126
126
126
126
127
127
127
127
129
130
129
128
128
128
128
127
127
128
128
128
127
128
128
127
128
127
127
127
127
125
127
125
126
127
126
126
126
127
127
126
126
127
126
126
127
128
128
126
125
125
124
124
123
124
123
124
125
124
124
123
122
122
124
124
125
125
125
125
125
124
124
123
123
123
123
126
125
125
125
125
125
124
123
123
124
126
125
124
124
126
126
126
123
122
123
122
123
123
124
125
126
127
125
124
124
124
124
124
124
124
124
123
124
124
125
125
125
125
126
125
126
125
126
127
125
125
127
126
125
123
123
124
124
124
123
123
123
125
124
123
123
123
122
122
123
124
124
125
122
121
120
121
121
121
121
121
121
121
123
122
121
122
122
122
121
122
122
122
123
125
126
125
126
127
128
127
128
128
127
126
128
128
129
128
129
127
128
128
128
129
130
131
130
129
129
129
127
127
126
128
125
125
125
125
126
126
126
126
126
126
125
126
126
123
123
122
123
123
119
119
119
119
120
120
120
121
121
122
121
121
121
121
121
121
120
121
118
118
118
118
120
120
121
121
121
121
121
120
120
123
124
124
124
121
120
119
119
120
119
121
122
122
123
121
120
120
119
119
119
119
119
120
119
120
120
120
119
120
119
120
120
120
120
121
122
122
122
122
120
120
120
122
122
122
124
124
125
124
126
127
122
121
120
120
119
120
120
122
122
119
121
120
119
120
119
119
119
119
118
117
118
119
118
117
118
118
117
118
117
117
117
117
118
118
117
117
117
116
117
117
117
116
115
116
116
116
118
119
118
118
117
117
117
115
115
115
115
115
115
115
117
115
115
115
114
115
116
116
116
116
116
116
118
118
118
118
119
120
120
119
119
118
118
118
120
120
121
121
123
123
122
121
120
118
116
116
117
117
116
117
116
116
116
116
117
116
117
117
120
120
121
121
118
118
116
117
118
118
119
118
118
117
117
116
116
116
116
116
116
116
117
116
116
114
114
115
115
115
115
115
115
114
115
116
116
118
118
118
119
120
121
119
119
119
119
118
121
120
120
119
120
121
122
121
121
121
121
120
121
122
120
120
120
119
118
119
119
118
117
117
118
118
118
118
117
117
118
117
117
116
116
114
114
114
114
116
116
118
119
119
118
120
120
120
121
123
122
120
121
120
122
121
121
121
120
120
119
119
118
120
119
119
119
120
118
118
119
119
117
117
116
116
116
118
116
117
117
115
115
114
114
115
115
115
116
115
116
114
114
113
113
114
114
115
116
115
116
117
116
116
117
116
116
116
117
117
118
117
116
117
117
117
117
117
115
116
114
115
116
116
116
116
116
116
117
117
116
117
117
119
120
121
121
119
118
118
119
119
118
118
117
115
116
116
117
118
116
116
116
116
116
117
118
119
118
118
116
117
117
119
119
118
118
113
112
112
112
112
112
112
112
113
113
113
113
114
114
114
114
115
115
116
116
116
117
117
116
115
115
115
115
115
115
116
114
115
115
116
114
114
114
114
114
116
115
115
116
116
116
115
115
116
115
115
116
114
116
115
115
116
116
116
116
116
116
115
115
115
115
114
114
114
114
115
116
117
116
117
115
114
114
115
115
114
114
114
113
111
112
113
115
116
115
114
113
114
116
117
115
115
115
115
115
114
113
111
110
111
111
110
110
110
110
111
111
112
113
114
116
116
116
116
116
116
115
115
114
114
115
116
114
113
114
115
113
112
112
112
113
114
114
114
114
113
114
114
114
114
115
116
114
114
114
113
113
113
112
112
113
115
113
113
113
111
111
111
111
111
111
112
113
114
115
115
116
115
116
116
117
117
116
115
115
114
114
113
114
117
117
117
116
115
117
117
114
112
112
112
114
114
114
114
113
113
114
115
114
113
113
113
113
112
111
111
112
112
111
110
109
110
110
110
109
108
107
107
108
108
109
109
109
110
110
109
110
110
110
109
108
108
109
110
110
113
112
112
114
113
115
113
113
111
111
112
112
112
113
109
107
109
109
109
110
109
108
108
109
110
109
109
110
109
112
113
113
114
113
111
111
111
111
110
110
110
109
109
108
109
110
111
110
109
109
109
110
110
108
109
108
108
110
111
111
111
112
111
111
111
110
109
111
111
112
112
112
111
111
109
110
109
108
109
109
109
109
109
109
109
109
109
110
109
110
110
110
109
110
111
112
110
108
108
109
109
110
111
109
109
110
112
111
108
107
107
107
106
108
108
107
107
106
106
106
107
107
108
107
107
106
106
106
106
106
106
106
105
106
106
106
105
105
104
104
104
104
104
104
104
104
104
105
105
105
105
104
104
104
103
104
104
104
105
103
104
104
104
104
104
104
104
104
104
104
104
104
105
105
105
105
105
106
105
105
105
106
106
103
101
101
101
101
101
101
101
101
102
102
102
102
102
103
103
105
105
106
105
106
106
106
103
103
103
103
102
102
101
101
101
102
101
101
101
101
101
102
101
102
103
103
104
104
103
103
102
104
105
105
105
106
105
105
105
104
104
104
104
103
103
104
104
104
105
105
105
106
106
105
106
106
107
107
107
107
106
107
106
106
107
106
106
105
105
104
103
103
103
104
104
104
104
104
104
104
104
104
103
103
103
103
104
104
104
104
105
104
105
105
104
105
106
107
106
107
107
108
108
109
109
111
111
114
114
113
115
114
112
112
113
113
112
111
110
109
109
109
108
107
107
106
106
106
107
107
107
108
108
108
109
109
111
110
110
108
108
107
107
108
109
110
110
109
108
109
109
109
108
108
108
108
108
108
108
108
107
107
108
110
109
109
109
109
108
108
109
109
109
109
108
108
108
108
108
107
107
107
107
107
108
109
110
110
110
110
109
110
109
108
107
107
107
108
108
108
109
110
110
110
110
114
112
113
115
115
113
111
111
111
110
111
111
111
108
