0.0007268965517241379 0.00024896551724137937
300
297
296
295
294
290
293
292
294
293
293
293
291
290
291
292
291
289
290
290
290
293
293
294
292
293
296
297
296
296
296
297
297
297
297
296
295
297
299
297
299
303
301
300
300
300
304
308
309
310
308
310
310
310
310
310
310
310
311
309
308
309
309
305
306
304
306
306
308
308
309
310
308
308
309
309
309
307
310
310
309
310
312
312
313
314
314
311
311
313
316
318
318
318
321
320
321
322
320
320
320
319
319
320
319
319
319
320
321
321
321
321
323
324
324
326
325
325
326
326
326
327
326
327
328
326
326
328
332
332
333
333
338
338
338
338
337
335
337
337
331
327
326
324
322
322
324
324
322
321
317
315
315
317
318
320
319
319
320
321
321
319
318
318
317
318
318
319
319
321
322
323
323
323
324
325
324
325
325
325
325
327
329
330
330
328
329
329
329
328
329
328
331
332
332
332
331
331
334
333
335
336
336
336
337
338
339
338
337
338
339
340
339
335
338
335
335
338
337
340
339
337
337
336
331
331
333
331
331
330
330
330
332
333
333
334
332
333
333
333
332
332
330
329
329
328
328
328
331
328
329
331
332
332
332
333
335
332
335
336
335
335
334
336
337
340
340
340
339
339
338
337
339
339
336
337
338
338
341
342
341
342
342
345
346
344
346
342
343
343
343
345
346
346
345
346
349
350
349
348
348
348
350
349
349
350
352
350
353
354
355
355
355
357
356
354
356
354
355
355
356
355
356
360
358
357
357
354
354
353
354
355
353
356
354
353
353
356
359
358
360
363
363
362
358
360
359
360
360
361
362
365
366
366
366
365
362
357
359
361
362
359
360
359
356
359
357
357
357
359
355
355
357
358
361
360
356
358
357
358
357
358
358
357
359
360
360
362
364
362
363
365
366
368
368
369
371
373
374
374
371
369
367
367
363
364
363
361
361
359
356
356
356
358
360
359
361
364
363
362
359
360
359
357
356
359
360
360
358
359
360
361
362
363
362
364
366
367
367
368
367
367
367
365
365
366
364
367
368
367
368
370
370
365
367
366
369
370
368
370
371
368
371
371
371
370
371
372
374
374
373
376
378
375
376
375
369
369
371
370
370
370
370
368
372
372
373
371
372
374
372
372
371
374
376
375
374
374
374
372
373
373
373
372
368
369
371
374
374
377
377
378
377
380
380
376
372
371
373
374
376
377
376
377
375
372
373
372
373
372
374
376
375
375
378
377
378
382
383
384
385
387
387
389
390
391
388
388
388
386
386
387
388
387
390
391
391
393
393
396
397
398
397
397
397
398
397
398
400
402
405
402
404
403
404
403
403
399
397
399
393
392
393
392
394
395
398
397
398
397
397
396
397
399
398
400
401
403
404
405
405
403
404
405
402
401
398
400
399
398
398
398
399
401
403
407
405
404
400
400
400
402
401
404
405
405
401
400
401
400
401
401
401
402
402
403
403
405
407
402
403
405
406
405
402
400
400
399
402
400
401
401
400
403
403
402
400
401
404
402
403
402
401
401
402
400
402
404
402
401
403
400
400
401
405
405
404
404
404
404
405
406
405
409
411
412
413
417
417
416
418
420
420
420
418
418
417
420
421
426
425
426
429
428
432
431
427
429
428
429
428
424
425
424
429
427
426
424
423
426
423
423
424
424
425
425
424
425
425
425
424
425
425
425
425
422
422
424
426
427
428
429
431
431
432
428
428
426
426
426
426
426
427
422
427
428
427
428
428
429
432
431
433
432
429
428
430
432
431
433
432
430
425
427
428
430
425
427
425
426
424
426
425
425
423
425
424
421
426
426
425
426
423
426
427
427
428
428
428
426
431
429
429
429
428
430
430
432
432
430
426
426
428
430
432
433
431
433
432
433
436
436
435
436
437
435
433
432
432
433
432
432
433
438
438
435
435
437
436
437
436
435
434
432
432
430
434
433
432
435
434
433
435
433
432
431
431
431
431
428
426
426
426
425
423
426
424
424
424
426
425
428
431
431
431
433
437
441
442
435
433
429
426
426
429
431
431
428
429
430
432
431
432
431
432
431
430
430
431
429
427
427
427
426
424
425
426
426
427
428
426
427
429
432
431
430
431
428
430
428
428
427
426
426
425
427
427
428
427
428
428
429
428
430
431
430
426
426
425
429
430
431
431
429
431
427
433
429
425
423
420
422
425
425
422
427
430
434
431
431
432
431
429
431
430
429
429
427
434
434
436
437
436
435
432
432
432
430
430
434
435
433
434
437
438
441
442
440
437
438
439
440
441
443
442
442
442
439
440
440
442
444
442
445
444
444
445
446
445
446
449
445
445
445
445
447
449
449
450
452
453
454
452
451
451
449
452
454
455
451
455
454
455
454
456
456
451
451
449
451
451
451
450
450
449
450
450
450
451
451
453
455
456
455
453
455
455
456
457
454
452
451
449
449
449
450
451
451
450
453
454
455
458
456
454
456
460
460
462
464
464
464
462
463
461
462
459
460
458
459
458
459
458
457
457
458
458
456
456
455
454
455
453
453
448
450
449
451
453
454
456
452
448
449
450
452
452
452
453
453
452
451
451
449
449
449
453
449
447
448
447
449
453
451
452
451
452
453
452
449
453
455
454
455
456
455
457
457
455
457
456
458
455
457
458
454
455
457
455
456
456
456
459
460
456
457
457
456
456
460
461
463
463
463
465
465
465
465
466
466
468
469
474
476
477
474
474
471
476
478
475
475
474
474
472
473
478
476
476
475
477
474
476
477
480
478
479
482
481
479
476
477
478
478
480
480
482
485
487
485
480
480
479
480
482
483
480
479
480
481
482
481
481
477
480
478
478
477
476
477
480
480
482
481
482
483
481
479
480
481
481
482
483
481
482
480
484
482
484
486
481
484
485
485
486
488
484
483
478
475
478
477
476
474
474
473
475
478
476
477
481
478
478
479
478
476
478
478
477
477
477
479
477
477
479
479
478
477
478
478
479
484
485
484
485
483
480
481
479
479
478
480
479
483
482
481
482
480
483
485
486
487
488
487
483
486
488
489
490
491
492
493
491
489
488
489
490
493
492
495
496
496
494
495
494
494
496
498
497
496
496
498
497
496
496
496
494
495
499
496
494
492
494
496
497
498
500
503
505
505
509
504
507
504
504
507
504
506
508
506
502
506
507
503
506
504
505
505
507
509
510
507
509
510
508
502
500
497
494
496
496
497
498
497
501
501
496
495
499
500
497
494
494
494
495
495
497
500
502
501
503
506
507
504
505
506
509
506
504
505
502
505
506
504
504
503
502
503
506
506
509
509
504
499
500
495
497
497
497
498
498
498
500
499
497
496
494
495
498
498
500
501
500
496
497
498
500
501
501
503
502
506
504
507
504
506
505
507
507
508
507
506
508
507
509
507
506
507
509
507
509
511
516
516
515
521
522
522
524
523
523
521
521
520
517
519
518
522
521
520
520
523
521
521
521
523
520
522
519
516
517
516
516
516
516
515
516
513
513
515
518
517
519
517
519
521
525
526
528
528
527
528
528
528
527
527
529
529
530
529
531
530
531
531
533
535
533
533
531
528
526
526
525
524
526
525
527
527
527
527
532
531
531
532
529
527
525
526
527
525
525
526
529
533
534
533
532
532
534
533
535
537
535
534
534
535
534
536
533
532
533
531
534
535
535
536
534
534
533
532
532
533
536
536
532
533
533
534
534
535
537
535
533
529
526
525
527
526
524
522
527
524
522
520
520
519
519
517
518
520
522
524
523
525
527
526
524
526
527
525
521
523
523
525
525
524
524
524
527
522
521
520
523
526
526
523
524
525
524
525
523
522
522
520
520
521
521
523
522
523
525
523
521
521
522
522
523
523
525
526
526
526
529
530
530
531
534
530
530
533
535
531
532
528
528
531
526
527
528
529
528
529
528
528
526
528
528
529
528
523
521
520
518
518
521
521
523
522
526
529
529
528
528
529
532
530
530
530
531
532
536
539
539
539
539
538
535
534
534
535
537
537
538
537
536
537
540
544
542
541
542
539
541
544
539
539
540
540
537
537
536
534
535
535
537
542
543
543
543
543
541
547
546
545
547
545
546
547
546
547
547
548
547
547
547
546
547
548
545
549
552
551
549
551
550
551
551
557
553
551
552
553
550
548
552
553
552
556
551
552
552
553
554
551
551
552
553
550
553
551
556
555
556
558
560
559
560
559
558
556
558
557
557
556
556
556
553
555
553
550
550
551
554
555
555
560
554
554
556
557
555
559
559
557
557
554
552
553
550
550
553
554
551
552
550
552
553
552
553
552
550
550
548
548
549
548
550
551
551
552
550
549
548
547
545
546
544
546
546
545
545
545
547
550
549
546
547
546
548
545
547
545
545
543
545
545
544
548
548
549
548
546
549
548
547
546
548
548
550
552
555
551
550
551
551
552
550
551
551
549
547
550
549
550
550
548
548
550
551
547
549
548
551
553
551
554
554
553
551
550
550
551
553
552
553
554
553
557
556
557
557
559
558
558
562
565
566
563
566
566
565
564
564
561
558
561
560
560
559
562
564
563
561
560
558
556
559
558
560
563
561
557
557
551
549
550
550
548
548
551
552
552
553
555
552
552
555
557
554
553
554
554
553
551
552
555
555
552
556
552
553
552
550
549
550
550
551
551
552
553
558
560
562
560
564
566
563
561
560
560
560
557
560
559
561
558
556
555
556
556
555
552
553
554
556
555
555
553
555
556
559
556
557
560
556
558
557
560
558
557
556
554
554
550
550
550
552
553
553
554
554
555
553
554
557
556
557
555
556
558
555
557
559
561
564
564
565
562
566
565
561
561
563
560
557
557
557
558
556
557
556
555
553
555
554
552
555
552
551
551
551
552
553
553
554
553
554
554
549
548
548
547
550
554
553
554
555
554
557
555
554
555
556
557
558
559
560
560
563
566
567
567
567
567
564
563
564
564
563
562
561
558
560
562
561
562
561
563
566
566
564
562
562
562
561
561
562
560
558
560
558
558
558
564
565
565
564
568
566
566
565
572
569
570
568
571
571
571
570
567
567
565
564
564
563
564
565
566
568
568
565
564
567
567
564
561
562
560
567
566
570
569
569
570
569
569
566
568
563
566
567
569
567
564
566
565
568
562
565
563
565
568
567
567
568
570
568
569
569
569
568
568
569
572
575
573
574
575
578
576
574
568
570
566
568
567
568
572
573
573
574
576
574
570
573
575
577
575
579
577
576
581
579
578
577
575
575
573
571
568
566
569
568
567
568
567
565
566
564
564
566
567
568
570
573
574
574
571
570
569
569
568
566
566
567
571
569
570
567
569
565
564
566
565
564
566
565
568
566
564
569
570
566
566
565
561
560
560
563
563
566
568
568
568
569
568
569
571
574
578
577
577
575
575
580
587
586
584
583
582
582
585
582
582
583
582
578
577
579
577
575
578
577
577
577
578
580
579
581
583
581
582
586
589
592
588
587
590
585
585
589
588
587
587
588
587
589
588
591
590
587
588
586
583
576
575
574
575
577
580
579
578
581
580
579
579
583
585
584
584
583
584
582
581
580
578
578
579
579
583
582
581
579
580
579
576
577
576
576
575
578
579
582
583
583
582
585
584
582
584
588
587
588
587
585
582
580
582
582
579
576
577
577
575
577
580
581
583
584
581
582
579
583
578
578
576
580
578
580
579
578
581
579
578
577
575
576
582
582
587
587
588
588
589
590
587
584
588
588
586
588
586
589
590
591
590
595
595
597
596
599
602
604
601
601
595
596
600
601
602
599
598
597
598
596
600
600
601
600
593
593
591
590
588
589
591
596
593
598
598
600
600
599
602
599
598
597
596
595
595
594
597
602
602
604
604
604
605
604
605
603
604
600
599
596
597
598
602
603
605
604
604
607
609
606
608
610
612
610
610
611
613
611
614
617
614
617
618
621
620
621
620
620
618
615
618
616
616
619
619
615
614
613
610
610
610
609
610
610
609
610
610
609
613
614
613
612
612
616
616
617
616
620
623
625
624
623
623
620
618
621
621
622
625
623
623
620
621
623
621
620
622
624
621
621
623
621
622
618
620
622
618
617
623
626
620
624
622
624
623
622
624
619
616
619
617
621
618
617
620
623
624
625
631
632
629
629
628
627
626
628
629
628
627
626
627
626
622
621
623
621
620
615
617
616
614
618
617
616
614
612
611
610
612
616
618
619
618
615
613
613
610
611
607
609
609
608
607
608
607
609
611
612
607
607
606
610
609
609
614
617
616
613
614
612
610
615
615
612
612
614
615
613
612
614
616
616
615
616
617
619
616
616
619
621
620
620
623
622
622
620
620
623
625
622
615
616
616
619
621
618
622
621
620
619
617
615
614
612
611
611
611
614
613
617
615
615
617
618
617
616
614
619
619
617
615
614
614
613
610
611
610
610
610
609
609
610
606
607
610
612
613
612
613
614
614
616
616
617
616
617
621
623
624
624
623
620
621
620
618
620
621
624
623
628
627
623
622
621
626
624
622
622
623
623
626
627
627
629
628
629
632
631
631
631
626
631
636
634
635
633
630
630
628
624
624
622
623
624
622
624
623
623
626
626
622
621
622
622
626
627
631
627
631
636
640
641
641
639
639
641
643
647
642
644
648
650
641
641
640
636
637
635
636
636
638
634
632
634
633
637
636
641
638
638
637
637
638
638
636
636
634
633
633
628
630
629
630
629
629
633
633
634
633
634
636
632
632
634
632
630
632
628
627
627
625
626
625
628
627
625
625
626
630
630
636
635
634
638
636
634
636
634
637
637
634
637
635
635
640
645
641
644
637
638
633
634
635
637
638
639
641
642
643
646
644
642
639
642
643
641
638
638
637
632
632
633
633
632
634
635
633
631
633
636
638
639
639
640
640
642
638
641
643
641
640
644
642
641
645
644
648
648
653
651
655
654
656
656
655
657
659
659
655
655
647
647
644
648
648
646
645
646
645
644
648
647
646
644
639
645
644
644
650
646
646
647
653
655
658
654
657
656
660
659
658
660
660
657
657
652
651
648
649
648
650
650
650
648
650
649
649
649
646
646
647
647
649
650
651
650
651
647
649
648
652
654
656
654
656
658
657
656
656
658
659
659
658
659
662
666
666
662
665
665
664
667
668
665
665
667
668
666
666
664
661
655
655
657
661
659
657
655
656
652
651
650
652
653
651
650
648
647
646
646
648
652
654
659
657
655
658
660
660
661
658
658
661
665
663
666
671
668
666
664
666
663
661
661
658
659
663
661
660
660
661
660
660
660
658
657
661
659
662
666
666
666
667
662
663
663
663
663
664
662
661
661
659
657
657
655
656
659
660
665
660
660
665
668
667
668
668
668
672
671
669
666
670
666
666
668
668
667
665
664
662
661
660
661
660
657
657
661
663
664
663
666
668
666
660
663
659
660
660
657
660
656
657
663
660
657
655
654
656
655
655
655
657
657
657
655
656
655
655
657
656
652
650
650
649
654
652
653
655
654
653
654
658
658
658
659
661
664
663
665
661
662
661
660
662
661
661
660
662
663
663
660
662
661
665
661
659
660
659
656
655
652
655
655
655
655
657
657
656
654
654
652
656
659
656
656
655
655
661
659
657
661
658
655
655
655
652
651
653
651
652
653
649
652
644
645
649
650
645
644
642
641
645
646
641
643
640
644
644
643
647
648
648
649
648
648
648
649
648
650
649
653
652
656
654
655
655
654
655
661
657
656
657
661
658
656
651
645
640
640
638
637
637
637
638
640
638
641
641
641
639
639
640
639
638
635
636
637
635
635
628
624
625
626
624
627
627
626
627
631
631
629
625
624
628
626
622
620
621
624
628
631
629
630
632
628
627
626
629
630
628
628
628
628
627
629
630
630
629
629
629
629
634
633
628
626
625
627
634
635
632
630
629
630
628
627
628
628
627
626
633
635
637
639
637
638
637
640
637
639
636
632
633
636
630
628
629
629
627
628
631
633
631
631
633
633
636
637
637
638
638
639
640
638
637
634
633
633
633
633
634
639
638
638
634
634
635
637
636
637
637
637
636
637
637
641
644
644
642
641
643
643
643
644
641
638
640
641
640
640
640
643
643
641
645
641
638
638
639
641
640
641
641
640
640
639
640
640
639
639
643
642
646
646
648
649
652
651
652
650
650
650
652
650
657
656
653
653
656
656
655
658
660
662
666
668
669
668
670
663
662
656
654
657
658
658
654
655
656
658
658
658
656
661
662
664
662
667
669
674
675
674
675
672
673
674
674
673
673
672
671
672
670
673
677
677
676
678
679
679
677
679
679
682
678
674
672
677
677
674
670
671
671
676
672
671
670
670
674
673
675
676
675
673
676
676
672
667
664
665
664
668
668
672
671
671
672
671
673
674
672
674
670
670
672
670
669
671
674
677
675
675
676
676
675
675
679
675
677
675
679
677
674
673
676
678
679
677
679
679
679
678
679
679
679
679
681
681
683
684
686
684
687
684
683
687
683
684
684
681
681
683
681
679
680
685
685
682
679
678
676
673
672
670
670
674
679
675
676
675
672
673
677
676
678
676
675
673
675
674
676
681
686
688
684
682
678
673
670
675
672
671
677
677
679
679
676
676
678
678
678
679
676
676
676
681
679
679
681
679
678
679
678
678
676
677
680
678
680
678
675
672
673
671
672
676
678
678
678
677
680
681
684
688
686
690
693
686
689
689
684
687
689
686
684
681
679
680
682
683
683
681
682
684
684
688
690
687
687
687
688
690
687
686
683
681
679
683
682
681
682
684
681
678
678
679
680
675
674
677
679
680
681
681
680
682
686
683
683
683
688
688
688
684
682
684
685
685
680
682
683
685
688
687
684
686
686
685
684
681
679
678
682
682
686
686
684
680
681
681
683
682
684
688
686
689
686
687
687
692
691
695
696
698
697
696
693
690
692
693
692
691
687
687
687
687
686
686
689
686
688
688
689
690
697
694
691
691
691
688
687
688
685
686
687
691
692
691
696
691
689
689
689
688
688
686
692
690
693
697
694
692
690
689
688
688
688
691
690
697
696
694
695
696
696
697
694
690
694
692
688
689
690
692
692
688
685
686
685
686
686
686
687
689
692
693
693
691
689
688
688
686
685
685
685
686
684
689
689
690
686
686
687
693
691
689
684
683
684
681
681
683
685
683
682
679
680
680
682
682
682
682
684
685
686
684
680
679
678
676
672
672
672
670
669
669
667
666
667
666
667
672
673
672
673
673
671
671
673
675
669
663
659
661
666
665
667
665
667
662
667
661
661
664
665
662
659
663
660
659
659
659
661
662
658
656
654
656
657
663
665
667
667
664
661
657
656
657
658
665
667
664
665
664
664
665
666
667
670
674
671
666
662
662
663
662
662
659
661
658
660
664
659
661
657
658
659
656
656
657
658
658
654
653
654
654
655
655
655
653
654
652
654
656
658
667
664
664
661
663
662
663
658
655
660
655
656
657
655
653
655
656
656
654
655
653
654
654
654
654
654
655
657
657
655
658
659
658
661
660
660
667
664
663
663
661
660
665
666
667
667
671
673
673
671
667
669
673
671
671
670
668
666
670
670
668
670
670
670
672
672
678
673
669
672
674
672
674
675
677
675
672
671
669
671
672
674
673
673
679
680
678
677
677
678
676
679
679
675
676
679
676
673
673
671
672
676
674
675
673
673
673
675
675
676
675
677
681
675
673
671
670
668
669
668
670
669
672
674
672
669
669
672
665
670
667
668
663
665
660
660
659
661
662
663
663
661
666
670
669
669
667
668
669
669
668
676
678
675
673
670
669
669
671
672
674
673
671
672
675
672
673
670
668
667
665
665
665
664
668
669
669
672
672
672
671
669
667
667
668
666
667
667
667
666
669
674
674
673
677
672
672
668
667
670
670
675
675
668
663
669
671
675
670
674
674
672
673
675
672
668
667
671
670
670
671
671
670
673
671
674
673
674
673
670
668
667
669
669
672
675
677
678
678
676
677
675
678
678
679
682
682
679
684
684
683
682
678
680
683
683
680
679
677
674
674
677
675
673
672
674
673
676
677
674
680
682
680
683
689
687
690
686
690
689
687
686
687
688
686
683
682
680
678
678
676
676
673
670
673
676
675
676
674
673
675
675
674
675
672
674
675
678
681
678
674
677
681
678
680
681
680
683
680
678
677
674
674
673
676
675
674
675
674
673
673
675
680
681
677
674
675
676
676
674
672
676
676
676
675
675
678
679
680
677
677
675
673
668
668
668
667
667
669
672
672
672
669
669
669
671
667
667
672
675
674
671
674
676
674
675
677
678
678
682
682
679
678
677
677
676
676
677
681
677
676
680
680
682
685
688
686
678
679
673
669
672
674
670
669
671
673
673
672
668
665
667
668
672
671
670
672
673
672
674
674
674
673
672
674
675
676
673
675
674
679
677
681
680
685
688
688
690
690
691
696
693
689
691
690
687
686
681
678
681
678
678
679
678
675
676
676
674
675
671
671
668
667
666
668
668
669
670
671
670
671
672
671
672
670
669
670
671
670
668
671
668
668
665
668
668
665
668
670
672
672
671
667
670
669
668
669
673
678
674
670
668
668
669
669
670
672
670
672
674
675
675
678
673
676
675
675
675
673
674
673
675
677
679
676
679
676
678
680
678
679
684
685
685
684
683
683
680
684
689
690
691
688
683
684
685
681
681
683
683
683
679
677
676
680
680
679
679
676
678
677
675
676
679
680
677
677
676
681
685
687
686
686
687
684
681
685
689
690
690
693
694
693
693
692
691
694
691
691
691
687
684
684
681
681
684
684
683
684
685
678
678
677
676
677
678
683
685
687
686
685
681
684
684
684
687
686
684
682
685
688
686
691
691
687
687
686
685
684
686
687
687
684
688
691
691
688
686
684
687
687
690
692
693
688
689
688
685
686
685
686
686
686
681
682
681
681
680
682
681
681
681
683
684
683
684
688
688
688
692
695
692
693
697
693
692
693
697
697
694
693
686
688
698
696
697
692
694
689
690
689
690
691
691
694
694
695
693
693
698
696
694
693
694
696
700
701
706
707
706
707
705
707
706
705
701
703
701
698
704
703
703
703
704
707
705
707
710
707
712
709
711
710
710
707
706
704
704
708
713
710
707
709
708
704
706
702
703
705
701
699
701
696
700
699
699
698
699
700
698
698
697
699
702
704
703
700
698
702
703
699
696
696
694
696
701
701
701
704
703
704
707
706
704
702
706
703
706
702
701
701
705
701
701
702
705
705
704
702
702
702
705
707
707
705
708
709
713
704
704
702
699
700
697
693
693
693
691
690
695
697
697
694
694
700
701
697
696
701
699
697
698
694
697
701
700
699
702
699
702
703
705
707
707
705
705
706
707
705
706
702
703
701
701
708
704
703
704
701
705
