0.0008975862068965518 0.00035137931034482766
300
293
291
289
288
284
282
281
282
278
277
275
275
276
277
276
280
282
284
283
279
280
279
279
279
278
277
276
276
276
277
274
276
280
278
279
280
279
276
279
279
277
278
278
280
278
275
276
278
276
273
274
274
274
273
273
274
276
275
275
276
275
277
277
277
276
274
273
273
272
274
274
274
274
274
273
272
275
274
275
275
277
276
274
274
275
275
275
275
275
276
275
275
275
276
275
276
276
273
276
275
275
277
278
277
277
277
279
278
277
278
278
281
280
281
281
284
282
283
283
283
282
283
284
285
287
287
284
286
287
287
284
285
286
285
285
283
284
285
285
282
284
283
286
286
283
282
282
281
280
281
281
277
280
281
280
278
279
282
280
280
282
280
281
280
280
282
281
280
280
280
280
280
282
280
280
279
279
278
280
281
282
281
281
278
281
281
281
282
283
284
285
286
287
286
287
288
287
287
287
290
291
290
290
293
294
293
294
291
291
293
295
295
293
294
294
294
291
291
293
294
294
293
291
292
291
290
293
291
290
289
289
290
289
288
291
288
288
288
289
290
290
290
290
291
291
293
296
295
296
296
293
291
293
292
291
289
289
291
293
293
294
296
295
296
296
297
298
297
296
298
300
304
301
302
300
300
299
298
299
300
304
301
303
300
302
299
299
300
300
300
301
303
305
304
300
298
299
297
298
299
298
299
301
299
304
304
306
304
304
304
306
306
304
304
305
306
308
307
307
310
309
308
310
311
310
310
313
314
317
309
309
309
309
310
309
308
307
310
311
312
316
318
318
320
323
321
321
322
323
321
318
319
319
318
314
316
321
317
316
316
315
312
310
310
310
310
306
307
309
307
307
309
308
307
308
310
312
310
309
309
307
305
306
307
308
308
307
309
307
306
306
308
309
308
310
311
313
317
319
317
317
316
316
315
313
315
315
317
318
318
320
318
317
317
318
320
326
326
325
319
319
319
319
317
317
317
317
317
321
320
322
318
320
319
317
321
323
323
326
323
323
324
323
320
321
320
319
318
317
316
315
314
313
315
318
319
317
317
317
317
316
319
321
318
316
315
316
313
316
315
317
322
321
318
319
321
321
322
323
324
323
321
320
322
321
320
319
320
319
317
320
319
319
318
318
320
318
317
315
314
315
318
319
319
320
320
321
322
323
323
325
326
325
325
321
320
322
323
321
323
321
322
321
320
320
322
322
322
322
321
322
321
322
322
323
324
325
327
330
327
329
329
329
327
326
325
324
325
323
321
321
320
319
319
320
319
320
319
319
319
317
318
319
317
320
318
322
322
323
322
327
327
329
329
332
331
328
327
329
330
329
327
326
323
325
324
323
324
324
323
322
321
321
321
321
325
323
323
320
322
322
325
325
326
328
329
328
327
325
325
326
325
325
328
327
328
328
332
331
332
333
333
332
332
331
331
333
333
335
336
334
335
334
333
333
334
334
333
332
330
330
333
334
333
332
334
338
338
337
335
333
335
334
332
331
333
333
334
333
330
328
327
327
326
327
328
330
330
330
329
332
333
336
335
335
332
331
331
332
333
331
334
334
334
336
332
332
331
329
329
329
330
332
333
331
332
333
332
331
333
328
325
325
323
323
324
326
325
326
328
329
326
327
328
328
328
329
330
331
331
330
329
327
325
323
323
325
326
326
326
325
328
326
325
324
324
323
326
329
326
326
326
327
329
328
328
328
330
330
332
336
340
341
342
340
342
344
343
343
339
337
341
342
342
344
343
340
342
339
344
345
342
343
342
341
341
337
339
338
338
338
336
335
336
334
336
335
334
332
333
331
331
330
330
329
331
332
332
332
334
332
332
330
330
332
333
333
333
335
337
338
335
335
335
336
337
334
333
332
333
331
331
332
334
335
335
336
337
338
336
336
336
336
336
335
335
336
336
338
339
337
337
337
335
336
337
338
337
339
339
338
339
336
334
331
330
327
327
326
328
329
331
334
332
330
331
330
332
334
337
336
335
335
333
334
331
329
327
328
329
328
327
327
325
326
327
327
327
328
329
330
331
333
336
335
336
338
337
339
338
337
335
334
333
335
331
331
330
331
329
330
331
334
334
334
333
332
334
338
337
338
336
337
335
339
341
343
343
343
347
348
347
343
337
339
337
336
337
335
335
336
337
338
339
336
336
334
334
335
338
338
337
335
337
334
336
335
335
338
337
340
340
341
342
344
347
347
347
345
343
341
340
338
338
341
339
339
339
337
336
335
336
338
336
336
335
334
333
332
332
335
335
333
333
333
335
336
337
336
336
337
338
338
339
340
340
339
338
339
338
337
339
340
341
341
341
338
338
338
338
339
342
341
345
345
346
347
343
343
344
345
346
347
348
349
347
348
349
350
351
352
350
349
346
346
347
347
346
349
349
347
346
346
348
350
349
347
349
347
346
346
349
349
348
348
351
349
351
353
353
354
357
359
359
362
361
362
360
358
359
360
363
362
362
362
361
360
358
362
360
360
361
361
362
359
358
354
353
352
351
351
353
351
347
350
352
350
350
351
349
351
350
353
352
352
351
351
348
346
344
344
345
346
346
347
347
345
346
346
345
342
342
343
344
343
342
346
347
346
349
347
350
350
349
349
348
350
348
350
349
347
349
351
351
348
347
350
348
346
347
347
346
346
347
351
353
353
352
351
353
352
351
352
354
354
353
354
353
352
354
355
351
353
353
352
349
348
347
349
348
350
352
352
354
356
355
358
361
360
359
358
357
356
356
353
353
356
357
358
358
357
356
355
354
354
353
356
354
356
355
356
357
356
359
359
358
356
360
359
357
356
357
358
357
357
354
353
354
356
355
354
353
353
354
350
351
352
356
355
357
356
357
355
357
356
358
356
356
357
355
357
357
361
360
360
361
363
361
359
360
361
362
360
359
360
358
357
359
358
360
360
360
362
362
361
362
366
365
366
366
364
364
364
362
361
361
361
365
365
368
367
367
366
368
362
362
364
366
365
367
364
364
363
363
363
361
360
361
362
365
369
367
367
363
366
366
367
367
366
366
364
366
365
366
364
364
365
366
368
368
365
364
364
363
363
364
363
362
359
360
363
360
359
360
362
364
361
360
362
361
362
362
361
363
364
365
362
362
359
362
364
362
360
361
360
361
360
362
362
364
361
361
361
359
358
360
357
362
365
366
366
364
368
369
368
369
367
366
369
369
368
370
369
367
366
363
363
361
361
361
360
365
366
363
364
364
366
368
367
367
368
371
370
369
370
369
370
367
370
370
368
366
367
367
366
366
366
366
365
364
364
366
367
364
365
364
365
365
363
363
365
366
366
363
360
359
358
359
360
359
357
356
357
360
360
359
361
359
363
364
366
365
364
361
361
358
360
360
361
360
362
363
366
368
372
370
370
370
369
371
374
372
371
369
367
371
371
369
371
370
370
374
372
375
375
376
372
372
373
371
370
370
370
371
372
372
375
376
376
379
380
380
382
379
380
379
378
376
374
375
375
375
375
369
371
370
370
372
375
376
376
380
380
382
383
379
380
378
377
378
380
379
378
380
380
378
376
380
377
376
376
376
375
378
381
378
377
375
375
374
373
375
377
376
375
371
373
372
370
371
374
371
369
368
368
370
366
365
366
367
365
364
364
366
367
368
369
370
370
366
367
367
370
370
369
369
370
370
371
374
375
379
379
374
373
374
372
371
369
368
369
370
372
373
374
374
374
374
375
375
376
378
378
379
379
375
375
373
374
375
376
377
379
380
380
377
378
380
381
377
376
376
378
379
378
379
379
376
376
374
373
375
374
371
371
372
375
373
372
370
368
367
369
371
369
368
369
367
367
368
366
365
367
369
370
368
369
370
370
370
369
370
366
367
364
364
366
365
367
365
365
366
365
365
369
365
365
365
367
371
370
370
372
372
369
368
369
370
370
369
367
365
367
367
364
365
364
361
361
359
363
362
359
360
358
359
359
361
361
361
361
363
363
361
360
359
360
358
357
355
357
354
355
354
355
357
358
361
363
365
366
364
361
365
367
366
366
366
366
365
361
364
361
357
359
359
362
363
366
365
362
361
361
359
356
358
359
359
361
360
359
358
362
364
365
364
365
359
360
361
359
356
359
359
361
361
359
359
360
359
359
361
361
360
359
360
360
360
361
360
361
361
357
355
356
356
357
356
357
354
355
354
355
356
358
360
361
362
365
362
360
362
363
363
363
361
360
360
359
360
359
358
358
358
356
356
356
358
357
356
355
355
355
357
356
358
360
359
360
361
361
362
360
359
361
362
363
359
359
357
357
356
356
361
359
358
358
360
357
355
353
353
352
351
348
346
348
351
351
351
354
351
352
352
351
351
349
346
345
343
341
342
342
343
343
344
346
347
347
347
344
344
342
343
344
343
342
344
347
348
350
349
349
350
350
351
352
355
355
356
353
348
346
346
347
347
345
345
345
345
344
343
345
347
346
343
344
343
344
345
345
345
346
343
344
345
344
345
343
345
344
345
345
350
349
348
347
350
348
349
349
349
349
349
350
351
351
353
352
352
355
355
354
354
353
354
354
356
354
352
352
351
353
354
354
353
357
358
361
361
359
359
359
360
359
359
362
364
361
361
360
358
362
359
360
359
360
361
363
360
360
359
358
357
361
362
366
367
365
366
367
366
366
365
365
365
362
362
362
359
360
361
363
365
365
365
365
366
365
368
370
371
370
369
369
369
370
373
374
373
370
370
370
371
375
375
373
376
375
376
376
373
373
374
372
370
371
374
375
371
371
367
369
369
369
368
368
366
365
365
364
367
367
369
369
368
370
371
369
369
369
369
368
367
367
365
363
367
367
370
369
371
370
372
374
373
370
368
368
369
368
370
367
366
366
367
367
369
367
368
372
372
374
372
371
373
370
372
371
370
373
373
374
374
373
375
374
372
369
368
367
369
368
368
367
367
370
371
374
372
372
371
372
370
373
373
377
379
379
378
380
381
380
381
383
381
380
381
380
381
382
381
376
376
377
377
378
380
380
380
381
379
380
379
383
383
387
382
380
381
383
384
383
383
385
386
388
389
387
388
387
386
382
384
384
385
387
386
385
387
389
386
382
385
390
388
390
390
389
390
388
390
389
386
387
387
387
389
390
386
388
389
388
389
389
392
393
391
393
393
391
389
390
395
395
397
394
395
393
392
390
389
386
386
385
385
384
382
385
386
385
388
388
388
389
389
392
390
390
392
392
391
390
392
392
393
394
394
393
392
389
390
392
390
390
389
386
390
390
390
389
387
389
393
394
394
397
397
396
398
405
403
402
404
402
402
402
400
401
398
397
397
396
394
395
397
394
397
395
394
393
394
395
395
394
391
391
389
392
393
393
392
391
391
393
396
396
394
396
398
398
399
399
397
397
401
401
401
400
401
400
402
399
403
402
405
405
405
402
403
401
399
401
401
401
401
401
403
402
401
401
399
397
399
399
401
404
405
404
400
402
403
401
402
402
399
402
401
400
399
400
399
397
397
396
397
394
393
394
397
401
401
401
403
400
401
403
397
398
396
395
395
394
392
392
394
395
396
396
394
394
395
394
394
394
394
393
394
395
395
393
394
392
391
388
390
395
393
390
391
393
397
398
396
396
393
396
396
395
395
395
393
393
396
394
392
393
393
395
395
394
396
393
394
395
391
392
396
394
394
391
391
394
393
394
394
391
391
392
391
392
390
390
392
393
395
392
393
392
392
390
393
393
392
392
395
393
391
390
387
388
388
388
390
390
391
394
395
394
392
392
395
393
392
393
391
393
391
391
393
392
393
389
391
392
394
395
394
393
392
393
393
394
394
391
393
392
391
394
393
393
394
392
389
387
385
383
383
385
384
384
386
387
385
384
383
381
384
385
385
386
387
384
385
386
388
390
394
396
399
399
399
396
394
392
392
390
391
393
395
393
393
397
399
395
394
393
395
395
397
399
400
398
397
396
398
397
397
398
399
398
400
400
396
396
396
395
393
392
394
395
395
394
392
391
392
390
390
393
390
391
389
390
393
395
395
395
396
399
401
400
401
402
405
406
405
404
407
406
408
407
403
404
404
408
403
404
405
404
403
400
400
406
409
409
405
407
407
410
407
408
405
404
403
402
399
398
400
402
403
404
403
402
404
401
401
402
401
397
397
397
399
399
400
401
401
400
397
395
398
398
396
396
398
398
400
399
402
400
402
401
402
401
401
402
401
402
404
405
403
401
402
401
402
401
402
402
400
401
400
401
401
399
400
402
400
404
405
400
398
398
394
395
396
396
395
393
398
399
402
404
403
408
407
408
409
409
410
407
406
406
409
407
407
405
403
404
404
404
400
403
403
402
401
399
402
404
403
403
404
405
403
402
404
403
407
408
407
404
403
406
405
405
405
405
403
402
404
403
408
409
412
412
409
408
406
403
404
404
404
403
403
403
405
405
407
406
406
406
406
407
405
404
403
405
407
409
409
406
405
405
406
403
404
404
406
404
404
402
402
401
401
400
399
397
398
400
395
398
399
401
402
403
402
402
403
401
400
399
400
400
399
401
401
401
402
405
404
406
404
402
400
403
403
406
405
405
403
404
405
405
408
408
407
406
400
399
400
405
403
405
406
406
406
406
406
404
405
409
408
406
406
409
407
406
406
403
405
404
404
403
402
400
399
398
396
395
398
399
396
395
392
392
392
391
389
393
394
394
396
395
392
391
392
391
391
390
390
392
391
392
392
393
393
392
386
386
386
385
384
387
387
388
388
391
386
386
389
389
390
391
390
391
392
398
397
399
399
395
396
394
396
397
398
397
397
395
397
394
393
394
392
391
389
392
388
390
389
387
385
388
389
388
386
386
385
387
388
388
387
389
392
392
392
392
392
390
393
392
393
394
392
392
391
392
394
394
394
393
394
396
396
393
393
394
395
396
400
398
399
402
402
399
398
398
397
392
391
392
390
389
388
392
392
392
393
392
391
392
393
392
391
385
386
388
388
389
387
386
385
388
386
386
386
385
386
386
388
387
388
391
388
389
387
383
381
384
385
386
387
385
387
385
385
388
389
388
392
391
390
390
389
390
389
391
391
392
391
391
392
392
392
393
394
392
392
393
392
390
389
392
392
391
388
388
390
392
391
391
393
390
389
391
391
393
394
394
392
392
393
394
392
395
395
393
392
390
391
393
394
394
393
391
393
396
394
394
391
392
392
392
394
394
394
399
399
399
398
396
396
395
394
395
392
391
393
394
393
393
393
394
396
395
397
400
401
405
403
401
401
400
403
405
404
404
407
405
407
406
408
410
405
404
403
403
401
402
404
402
402
401
400
400
398
397
397
399
398
400
401
406
406
405
406
407
410
411
412
410
405
405
406
404
403
402
401
404
403
403
402
404
406
405
406
409
411
410
408
408
409
408
407
408
411
411
410
410
411
412
409
409
410
412
414
412
412
414
412
412
408
407
406
405
404
406
407
407
409
410
408
409
409
409
409
408
410
412
411
412
415
413
414
416
418
417
417
419
422
422
422
423
422
419
419
418
416
418
420
421
420
417
417
417
415
412
411
411
411
412
413
416
417
416
416
415
415
414
410
408
407
410
409
409
408
411
410
410
410
409
409
410
410
412
412
414
414
414
411
409
406
408
406
404
404
404
406
407
406
405
403
403
403
404
403
401
401
401
402
400
401
399
398
397
397
398
397
397
396
400
403
401
402
404
405
406
405
408
408
405
407
408
409
408
408
410
409
408
409
410
410
408
410
410
408
408
406
405
406
404
406
406
403
404
407
412
413
409
409
409
411
414
417
417
415
413
412
413
412
413
412
412
412
414
419
421
424
424
420
422
422
421
419
420
423
425
422
421
421
423
424
424
425
422
422
421
422
422
422
421
422
425
425
425
426
426
427
427
426
425
418
421
420
420
419
418
417
422
424
421
424
423
422
424
421
423
426
427
425
426
423
422
423
424
422
420
419
421
421
421
417
417
419
417
416
416
409
410
413
415
414
413
416
414
414
414
413
415
414
415
419
420
419
417
418
419
420
418
418
418
418
419
420
418
417
416
417
415
415
413
416
418
415
415
416
414
418
423
426
426
425
424
424
424
425
425
425
424
425
421
421
422
420
419
420
417
417
420
422
422
425
426
426
426
422
422
424
424
424
424
421
420
423
421
421
421
421
420
419
420
422
422
423
422
423
422
421
421
421
424
427
425
424
423
424
423
423
423
430
430
427
428
427
425
427
423
421
424
426
428
426
426
425
427
426
427
429
428
427
429
429
430
428
428
429
429
431
432
434
434
432
433
433
431
431
428
429
428
427
427
430
431
432
430
432
433
435
438
438
438
439
438
436
442
439
440
440
440
439
434
432
435
435
438
437
437
434
434
432
434
436
434
434
428
427
429
430
429
431
428
428
428
427
426
423
423
422
420
418
422
422
424
425
428
432
427
425
428
427
429
427
427
425
425
421
420
421
423
424
423
424
425
425
425
429
429
428
426
425
425
425
427
424
424
424
426
427
425
422
423
423
422
423
422
420
420
424
425
422
422
421
423
421
422
424
423
424
423
423
425
426
427
425
425
426
425
424
424
425
427
429
424
422
421
420
421
423
422
422
424
424
423
422
423
422
420
421
420
419
418
419
420
419
419
421
418
420
421
421
422
423
425
424
425
422
421
418
420
417
417
416
415
416
415
415
418
417
419
419
419
418
420
422
422
424
422
424
426
423
423
422
419
423
422
426
427
428
424
425
426
424
426
426
426
426
422
424
425
427
428
427
423
421
424
422
424
422
420
420
421
424
427
425
426
425
425
423
423
424
422
421
421
424
426
429
427
429
431
431
428
426
424
424
423
423
425
426
426
426
429
430
431
427
428
427
425
423
422
423
423
425
425
427
427
426
428
429
428
427
428
427
424
426
426
427
426
428
426
424
427
423
424
424
426
422
421
422
421
421
420
421
423
427
423
426
428
428
428
428
426
426
424
422
421
422
423
421
419
417
419
420
422
422
420
423
425
427
427
427
428
425
424
423
422
427
429
427
427
430
431
431
430
429
431
430
427
429
425
424
422
422
421
422
425
422
425
424
425
425
427
425
422
422
421
421
421
424
424
422
420
421
424
424
421
421
419
418
418
414
417
416
417
418
419
415
416
417
419
415
414
414
413
412
416
420
422
424
424
424
423
423
423
424
420
425
426
420
420
420
417
420
421
423
423
419
418
419
420
419
417
415
414
416
414
414
411
412
413
413
417
416
415
415
413
412
413
412
409
411
411
416
419
419
415
414
413
413
416
413
409
408
409
411
409
409
411
409
410
408
409
413
411
410
410
411
412
411
409
409
410
409
407
410
408
409
408
410
410
407
407
409
412
412
414
412
415
418
418
414
413
413
412
413
411
409
412
414
416
415
417
417
420
418
414
413
416
416
416
417
418
420
421
421
420
419
420
423
424
426
430
431
425
425
425
428
427
425
425
427
427
426
426
426
427
423
423
423
424
428
429
431
430
433
428
431
432
434
434
432
431
429
430
429
430
431
431
431
431
431
431
429
431
430
428
431
433
433
434
434
437
437
434
435
433
431
431
430
433
436
436
437
436
434
434
431
429
425
426
427
430
431
429
427
426
422
426
426
426
426
426
427
428
431
427
427
424
425
425
425
423
427
425
426
424
426
428
427
425
427
429
430
429
427
427
427
430
431
430
431
431
432
431
431
433
435
436
436
433
434
434
435
433
431
431
431
433
431
431
435
440
441
438
433
435
438
440
438
436
432
430
431
432
431
430
430
434
434
431
428
428
427
427
427
429
428
427
427
427
431
431
430
431
431
432
436
435
433
437
435
431
432
432
431
433
435
433
431
429
431
432
435
434
433
438
437
435
436
436
438
440
439
436
439
439
441
437
439
439
437
436
434
435
437
438
437
440
439
440
437
431
430
431
433
431
430
430
429
430
426
427
429
427
426
425
428
426
428
428
430
431
431
430
430
430
430
430
431
433
430
427
430
427
426
429
429
428
429
426
429
427
426
426
425
426
423
424
424
424
423
423
423
423
421
421
419
419
420
418
418
417
419
423
422
422
421
422
424
424
423
423
425
424
424
425
423
420
419
417
416
416
416
416
417
416
419
423
419
419
418
418
418
417
416
415
416
415
417
423
419
419
419
417
417
417
420
419
419
419
418
417
415
418
418
420
419
420
421
422
423
421
417
418
420
419
418
420
423
422
421
417
413
413
414
415
417
417
418
418
415
417
416
414
417
417
415
414
413
415
415
417
417
414
415
417
415
415
416
417
415
416
416
417
416
418
416
415
414
415
416
416
414
414
411
414
414
413
415
418
419
420
420
420
418
421
420
421
420
420
419
420
420
424
423
420
418
416
417
418
417
415
413
413
412
412
416
417
423
423
423
421
418
421
419
422
422
420
421
424
427
428
428
427
425
423
423
425
426
425
421
422
423
428
428
426
422
424
424
425
421
421
421
418
418
419
420
421
419
418
422
422
422
425
427
429
429
429
428
425
426
422
421
422
423
422
423
427
430
432
434
434
434
432
430
432
429
430
426
422
424
425
426
425
426
426
430
429
430
429
427
429
429
427
429
427
426
426
427
429
430
429
432
432
432
437
436
440
438
434
436
439
437
433
429
431
428
426
428
427
429
428
425
426
426
426
427
429
430
432
434
433
431
430
433
434
434
433
437
437
433
434
432
432
432
432
431
433
433
432
434
434
433
436
436
435
435
435
434
434
430
431
426
428
425
426
425
421
421
421
422
421
420
423
423
424
423
425
425
427
425
426
431
432
432
433
431
428
426
428
429
430
431
432
429
426
425
424
422
420
420
418
417
417
416
418
417
418
420
417
415
416
421
421
420
417
415
413
419
420
418
419
417
419
422
419
419
419
422
419
418
421
420
420
420
418
417
416
419
419
418
419
417
414
416
415
415
418
420
422
420
423
424
424
421
421
422
424
427
424
422
423
423
422
421
419
420
421
424
424
423
421
419
419
416
416
416
420
421
418
418
419
421
421
422
424
427
428
426
424
424
424
423
422
422
422
424
428
428
427
428
425
428
431
430
430
431
431
430
427
427
426
426
423
423
425
428
425
426
427
426
428
434
433
430
430
431
433
426
425
426
426
423
422
423
421
423
421
421
422
421
417
414
415
415
419
420
423
424
423
424
426
428
422
422
421
418
420
423
425
428
426
428
428
428
432
433
432
432
433
432
432
433
432
433
434
432
434
431
427
430
429
429
428
424
423
423
421
422
420
423
422
422
421
421
423
429
427
427
425
426
426
421
421
419
419
418
414
414
414
414
414
416
416
416
415
414
413
412
415
414
415
417
418
418
420
418
420
423
417
418
415
413
412
408
410
409
408
411
413
414
417
