0.001 0.00031724137931034486
300
297
295
293
291
286
281
280
276
275
273
267
269
269
266
265
266
264
265
264
265
265
265
264
264
263
262
261
261
262
261
262
260
260
259
259
259
262
261
263
264
260
261
259
259
260
260
260
260
261
261
261
263
263
261
262
261
261
260
260
260
263
262
262
263
263
264
265
265
266
266
265
265
264
266
264
264
264
265
265
264
264
265
264
265
266
267
268
265
268
271
270
272
272
271
273
273
275
274
275
274
272
275
276
277
278
278
278
277
278
279
279
276
275
275
280
280
279
281
280
281
281
282
285
283
283
283
284
285
284
283
283
282
285
284
285
288
289
290
289
290
292
293
294
295
295
298
297
298
294
294
295
295
295
294
294
295
295
296
297
297
298
300
300
298
299
299
299
298
300
300
300
299
298
302
303
303
302
303
302
300
298
296
300
302
304
304
303
303
303
304
304
305
303
303
304
304
305
305
306
310
313
320
317
314
315
317
317
315
314
313
314
315
313
317
316
314
314
314
312
313
313
313
310
309
309
310
309
312
316
317
320
320
319
318
318
315
316
316
317
321
320
316
315
316
317
318
318
320
319
316
317
320
321
322
321
321
322
325
327
328
329
332
330
330
332
333
333
332
332
333
334
334
334
335
334
333
332
333
334
332
334
338
339
339
341
339
337
337
339
339
336
336
336
339
342
342
342
340
339
340
342
343
342
345
343
345
345
345
346
347
346
347
349
348
346
345
345
345
344
346
349
349
353
353
352
354
351
350
349
348
345
346
345
349
348
348
347
347
348
349
352
353
353
351
351
352
353
355
354
352
354
353
355
356
357
357
352
353
353
354
355
357
356
355
355
355
357
358
361
359
360
360
365
365
364
362
361
361
361
361
357
357
353
351
350
347
345
343
342
341
342
340
341
344
344
346
347
346
346
346
346
346
348
344
345
344
345
344
346
346
343
342
345
344
343
343
342
341
338
339
337
339
337
340
340
339
338
333
335
334
334
336
337
339
339
341
341
343
343
344
344
345
344
344
343
344
345
345
344
343
343
345
344
343
345
348
349
348
348
348
348
350
349
350
350
350
353
354
356
353
353
351
350
350
348
347
346
348
350
350
350
349
349
347
345
342
342
345
346
349
349
349
347
351
350
348
349
347
348
350
350
351
350
350
348
347
348
344
343
344
345
345
345
345
346
346
346
346
348
349
349
348
348
349
349
349
349
349
348
347
347
348
348
349
352
355
355
355
355
354
356
356
356
356
355
355
354
355
354
354
354
355
356
355
353
352
357
356
356
358
358
360
361
362
362
362
362
361
364
364
363
362
363
368
367
368
365
367
368
370
370
367
367
368
368
369
370
371
371
371
372
369
371
373
374
372
372
372
372
372
373
372
371
369
370
373
372
373
375
370
370
369
371
371
371
370
369
370
368
368
366
369
371
369
370
369
371
368
368
369
369
372
371
372
373
371
372
372
371
372
372
371
371
373
374
374
374
372
371
370
370
371
371
375
374
375
376
377
378
380
379
379
379
379
378
376
382
379
380
380
381
381
379
380
380
380
379
378
378
379
380
383
386
387
387
384
381
379
382
381
381
382
380
381
380
381
382
383
387
389
388
388
389
388
386
386
386
384
384
386
385
384
385
382
382
382
381
380
382
381
383
381
381
382
384
386
385
385
384
383
382
384
383
384
385
388
390
388
389
389
386
387
391
391
388
389
387
388
387
388
391
391
390
390
391
390
388
388
391
392
389
385
385
386
388
389
390
390
392
393
394
394
391
392
391
392
393
394
393
395
396
395
396
393
391
388
392
392
393
394
394
395
400
399
399
399
401
404
403
404
401
401
398
397
396
395
391
394
394
395
398
397
397
396
396
399
401
400
396
398
401
403
403
404
397
396
393
394
394
396
400
398
399
400
398
399
400
400
402
403
402
399
399
397
399
402
403
404
403
403
403
405
406
406
406
403
405
406
406
406
405
410
408
408
406
403
403
403
403
401
398
398
396
395
397
397
397
398
401
403
406
408
404
403
408
406
404
404
406
407
405
400
399
398
400
400
398
397
399
400
398
399
401
403
404
402
403
403
400
399
399
397
397
396
396
396
397
397
394
395
396
400
401
401
398
396
394
393
393
389
390
390
393
393
394
395
392
394
394
399
397
400
399
399
401
402
401
401
404
407
405
405
402
405
408
412
410
412
413
411
409
411
410
410
410
410
408
408
408
407
408
412
411
413
412
413
414
414
412
410
413
411
412
413
413
415
416
420
420
420
423
420
420
422
420
420
421
423
423
424
423
421
419
420
424
427
430
427
426
426
431
426
426
425
424
416
419
417
420
416
417
420
419
415
416
414
413
411
411
410
412
413
413
412
410
411
410
409
415
414
414
413
415
413
412
413
412
413
408
406
409
408
408
406
406
402
402
400
398
398
397
396
394
395
396
396
396
396
396
398
398
399
401
405
405
401
398
397
398
399
400
401
402
399
399
401
402
402
404
404
406
407
406
407
409
410
407
408
408
407
406
406
405
408
409
407
409
407
411
411
413
412
417
421
421
420
416
415
413
415
416
416
417
418
420
420
421
418
419
417
417
419
418
417
418
419
422
420
422
425
426
430
430
429
430
429
428
428
427
422
421
420
421
424
422
418
417
417
418
420
419
422
421
421
421
420
420
420
423
425
427
426
426
428
428
431
429
429
429
431
428
426
424
423
423
424
427
427
429
427
426
426
425
431
432
430
433
433
432
433
432
435
435
434
437
436
437
441
444
445
442
440
439
440
436
441
443
443
442
442
440
440
441
442
444
447
443
439
438
438
436
437
436
438
437
438
437
436
432
429
430
430
431
429
428
430
430
427
429
429
429
430
433
435
436
434
435
435
438
437
436
438
437
441
441
444
447
447
448
446
446
444
444
442
440
438
439
438
437
433
434
433
432
436
438
436
434
431
430
430
432
432
435
438
439
439
439
439
440
437
434
433
435
436
435
434
434
432
434
433
432
433
430
431
433
430
429
430
431
432
433
432
431
430
430
431
433
435
437
434
438
439
443
442
441
443
443
443
443
445
445
446
446
443
441
442
448
448
446
444
444
443
443
442
440
442
442
443
442
442
442
448
447
444
444
443
446
447
450
449
449
444
445
443
441
441
437
437
437
434
435
435
438
436
436
436
436
436
438
438
439
437
439
437
435
435
435
436
439
436
437
436
436
439
438
439
442
441
443
442
442
444
447
446
448
450
449
450
450
450
448
447
450
448
448
448
448
445
449
451
450
450
452
452
453
450
451
447
449
449
449
447
454
453
454
454
450
450
450
451
453
453
455
453
455
455
457
460
459
458
458
457
458
460
457
459
459
461
466
466
465
466
459
459
462
461
460
463
464
465
462
461
461
462
461
461
458
459
463
463
462
458
461
459
455
453
454
454
456
455
457
462
458
462
463
465
465
468
464
464
462
463
468
469
468
465
463
463
466
466
466
465
468
467
465
464
463
462
465
464
465
465
469
469
466
463
464
465
465
463
461
462
464
465
463
466
467
468
462
463
463
467
467
466
464
464
465
463
460
462
462
460
461
461
463
463
464
466
466
466
467
465
464
466
467
468
470
468
471
472
471
472
470
471
472
472
469
468
470
471
470
473
473
470
470
471
469
468
467
467
469
467
464
466
466
464
466
465
465
463
468
465
462
463
462
462
460
462
462
461
458
459
458
461
463
464
465
464
467
468
468
465
465
464
464
462
465
466
466
469
471
470
469
472
474
474
476
475
473
477
478
476
477
477
479
480
480
481
480
481
480
478
479
482
483
481
480
480
478
481
480
479
479
479
482
483
483
486
485
488
490
490
491
494
496
496
495
497
498
495
491
494
493
496
497
500
497
493
491
489
492
494
492
493
495
493
492
494
492
491
491
489
492
490
491
491
493
490
488
489
488
488
489
490
492
493
493
492
494
495
494
493
491
491
489
493
492
494
495
495
497
500
504
504
506
502
504
502
500
496
494
494
494
495
495
492
495
497
498
494
491
490
486
490
490
489
486
486
487
488
486
486
488
487
485
488
489
490
493
493
492
492
487
488
485
487
486
485
486
485
485
487
488
485
486
492
490
488
489
488
486
483
479
477
476
479
476
479
475
476
477
479
478
478
478
482
484
482
483
481
481
482
480
476
480
481
485
485
486
485
486
488
491
492
492
490
488
488
485
483
485
486
485
486
484
483
482
484
486
490
495
496
493
493
494
496
499
498
499
498
497
496
493
489
487
489
489
491
488
488
487
485
482
483
484
486
488
489
486
488
491
489
489
489
489
486
493
492
492
489
488
489
487
486
488
490
491
492
492
492
492
495
493
492
493
498
497
497
500
497
495
494
494
492
491
486
487
486
486
486
487
486
488
489
491
488
486
484
484
486
484
484
489
489
490
487
487
483
485
483
484
487
485
486
484
486
484
484
485
488
490
487
488
486
490
493
491
490
488
490
490
486
486
488
486
486
483
484
485
485
486
488
490
490
492
489
490
491
494
493
494
491
488
489
490
490
491
490
491
493
497
500
501
504
503
501
499
504
505
504
502
501
503
498
500
501
502
506
506
508
510
509
510
507
505
505
508
508
507
512
511
509
512
512
514
513
513
510
512
512
510
511
508
508
507
507
511
510
511
513
512
511
510
513
512
512
514
511
511
508
507
507
506
504
508
503
506
510
507
506
506
508
510
510
509
507
507
507
507
505
506
506
505
504
507
507
508
507
508
510
512
510
511
509
505
508
507
509
508
506
509
510
508
507
506
509
508
509
510
510
510
512
512
511
510
510
511
510
508
508
510
508
503
504
504
503
507
507
505
506
503
504
503
503
507
510
510
508
508
508
507
513
511
511
511
513
515
515
513
514
511
510
510
505
507
507
507
507
505
508
508
509
509
509
507
502
502
502
506
502
503
505
507
505
505
504
508
504
505
506
504
505
503
505
504
504
506
506
507
506
504
501
501
504
505
506
505
507
504
502
503
503
504
506
504
504
505
501
501
498
502
503
499
498
499
501
502
502
507
505
506
503
504
504
506
506
504
507
509
506
508
509
511
513
516
517
513
512
511
511
510
514
517
516
518
518
518
517
517
518
517
519
520
520
519
521
522
521
520
520
517
517
518
520
519
516
515
516
517
513
512
512
512
513
514
521
522
523
522
524
524
526
524
523
524
521
523
522
520
522
524
525
526
526
527
522
521
526
526
526
529
528
526
525
524
524
526
528
528
528
532
531
531
531
533
534
532
533
532
533
532
525
527
525
527
526
524
525
525
521
524
522
526
523
524
525
528
529
528
530
531
528
529
527
527
524
525
524
521
519
516
516
514
516
518
517
520
513
511
509
509
511
513
510
512
510
512
514
515
518
519
520
523
523
521
523
521
521
521
521
523
523
521
524
520
520
520
520
514
517
514
513
513
518
517
518
519
519
520
521
520
519
520
519
522
521
519
524
523
525
525
526
526
526
526
527
527
526
527
528
524
526
529
528
527
528
527
525
524
522
522
523
524
523
523
524
524
523
523
522
520
520
521
524
521
516
519
522
523
521
521
523
524
519
518
521
523
525
522
525
522
526
520
518
523
524
525
526
530
529
530
529
528
529
526
528
528
528
527
528
526
529
531
532
533
533
532
531
529
530
528
531
531
537
536
535
537
536
535
534
533
535
536
538
538
543
543
543
542
544
545
546
547
548
547
549
547
546
546
547
546
546
548
549
548
545
548
552
550
550
552
554
552
549
549
554
558
558
558
559
558
557
560
558
556
553
551
553
550
546
549
550
550
554
554
550
552
554
554
559
555
552
552
549
549
548
549
549
549
551
554
554
552
552
549
550
551
551
551
553
552
550
549
546
546
545
546
545
545
545
546
546
548
548
552
551
552
552
553
551
554
555
556
558
557
559
557
558
558
558
558
557
560
559
557
557
556
557
555
562
565
564
566
563
563
563
558
558
559
559
561
562
561
563
565
566
568
567
568
570
569
568
570
570
572
574
571
572
570
567
566
565
565
567
567
569
564
565
564
562
561
561
559
554
553
554
552
546
543
542
542
545
544
545
546
541
541
540
544
543
545
545
546
548
549
551
549
550
545
545
542
541
543
543
541
541
543
542
544
547
547
546
546
549
550
552
554
553
552
553
559
558
555
552
551
554
555
554
552
549
550
550
550
552
549
546
547
550
552
550
550
550
551
551
556
553
554
556
554
553
556
554
551
548
544
541
541
544
546
549
545
546
548
549
549
549
544
543
544
542
542
544
543
541
543
542
541
542
543
541
542
543
544
545
548
545
547
550
551
554
556
553
551
556
555
553
553
555
555
555
555
557
553
550
554
556
554
549
548
547
547
548
546
543
542
545
544
543
546
548
550
550
549
551
553
556
553
555
556
553
554
552
550
551
551
551
549
550
550
551
551
548
548
549
549
550
551
551
552
552
551
553
556
557
556
552
550
547
549
549
550
551
550
549
551
554
551
551
550
551
548
548
551
553
553
560
563
560
560
559
555
554
552
553
549
547
548
545
546
549
548
547
548
548
546
548
544
544
543
542
544
542
545
544
547
546
545
544
547
547
547
548
548
548
545
545
546
546
546
549
546
548
551
552
550
551
552
554
554
552
553
556
555
550
549
550
549
546
545
544
543
543
542
542
547
550
552
545
545
546
545
545
547
545
546
544
545
548
544
543
545
546
546
548
546
550
554
556
558
555
559
561
561
563
561
557
561
560
558
556
554
552
552
550
549
550
552
552
550
548
546
546
547
548
548
547
544
543
546
545
542
543
546
551
550
549
549
552
550
549
547
549
549
551
553
552
551
549
548
546
544
543
541
538
538
539
541
542
546
545
545
545
546
547
550
548
548
544
546
546
545
543
547
549
548
547
548
552
551
557
553
556
563
564
563
564
565
565
562
563
565
566
569
564
564
563
562
562
555
558
560
560
562
559
559
556
552
548
550
553
556
558
558
557
554
553
553
551
552
558
559
558
561
560
561
563
560
556
557
554
556
559
564
566
567
566
561
559
552
551
552
548
549
549
552
553
553
553
553
550
548
547
546
543
545
545
547
547
544
541
540
543
546
547
547
545
544
543
542
540
541
536
537
537
540
539
540
541
539
538
537
536
538
539
535
533
534
535
537
540
541
545
545
544
543
540
541
541
539
537
538
539
538
537
538
537
535
534
534
533
537
537
537
536
538
535
536
535
538
541
544
542
541
539
544
540
542
546
546
548
549
548
549
548
548
549
544
544
542
543
544
543
545
548
548
547
549
548
546
546
546
545
547
547
543
546
545
544
547
547
546
546
546
546
549
549
548
550
549
546
544
544
546
544
547
548
548
549
548
549
550
552
551
548
549
551
552
552
554
554
554
551
555
555
556
555
554
556
556
556
552
550
549
547
546
546
543
545
548
548
549
546
545
545
543
545
546
543
545
548
550
548
542
542
543
544
545
545
543
542
545
544
546
544
543
542
543
542
546
548
550
551
549
547
547
549
546
547
547
550
551
550
557
556
554
555
554
557
561
563
562
560
561
562
560
560
565
563
559
558
554
555
555
557
556
556
555
557
558
561
561
559
560
560
559
561
561
558
557
556
554
554
556
555
556
554
554
557
559
560
558
558
556
555
555
559
558
560
562
560
560
556
556
557
559
558
561
561
560
564
564
565
561
558
554
556
555
555
555
558
558
557
559
554
555
557
560
559
560
564
562
556
549
550
547
548
550
549
551
552
551
557
557
557
553
555
552
552
554
554
552
547
544
545
541
544
550
549
550
551
549
547
549
547
549
550
550
551
553
554
548
545
545
545
542
544
545
542
541
543
542
544
544
540
539
542
545
546
548
546
544
551
552
551
552
553
552
553
552
552
548
547
546
547
546
545
546
552
551
554
552
547
547
547
549
550
550
555
553
551
546
546
548
547
551
552
549
549
549
548
552
552
553
550
550
548
550
549
550
546
546
545
548
547
546
548
547
547
546
542
541
538
539
541
540
540
540
539
538
538
535
538
542
543
542
542
545
544
545
545
545
544
544
547
550
551
551
555
550
549
548
548
549
546
546
545
546
547
551
548
545
549
549
553
555
557
552
552
552
552
550
549
551
551
550
550
551
548
547
545
543
540
542
541
542
544
545
546
545
546
544
549
544
548
549
549
548
552
551
553
551
551
550
550
548
549
547
545
547
548
550
550
548
550
552
556
554
556
555
557
560
562
567
562
559
562
562
561
565
563
558
559
559
559
562
563
565
568
572
567
562
562
564
566
567
563
563
560
555
554
553
555
556
561
564
560
561
565
566
568
567
568
567
569
570
572
567
567
568
566
569
566
568
565
565
564
568
567
567
567
568
571
571
570
570
571
570
565
565
566
564
568
568
571
569
571
572
572
573
572
570
574
572
571
568
567
571
569
569
573
575
577
576
574
574
571
573
573
573
571
569
570
572
572
569
567
569
567
568
568
566
565
565
568
567
567
567
569
569
569
576
574
571
571
571
571
575
576
576
572
572
572
575
576
577
577
573
574
573
569
572
569
569
570
570
571
575
575
577
574
571
574
575
575
573
575
576
578
578
581
581
582
580
582
580
582
582
585
585
587
590
586
581
581
586
584
584
589
592
593
591
589
588
584
585
586
590
593
590
590
587
586
585
585
586
588
589
589
587
587
583
583
581
579
580
579
580
581
582
583
583
582
584
582
583
583
588
588
587
591
594
591
593
594
590
588
585
584
587
587
584
589
593
592
590
590
592
590
589
590
587
585
584
583
581
578
578
576
574
573
574
576
579
576
579
580
579
576
576
577
576
575
573
572
570
574
575
576
578
573
574
576
574
574
573
573
575
580
579
581
578
580
582
579
579
575
575
578
578
577
577
575
572
573
574
575
579
578
578
582
582
583
587
587
586
590
591
590
592
591
594
591
589
589
586
588
590
590
590
593
590
591
592
588
587
588
586
587
586
583
582
586
585
587
590
591
587
586
587
585
584
582
581
581
580
576
579
577
577
577
580
580
580
581
578
581
582
586
585
586
586
590
591
591
592
598
597
598
598
600
598
597
594
597
593
593
592
587
583
586
583
582
578
581
579
579
579
582
584
581
580
579
579
577
574
574
574
576
581
581
586
585
585
584
583
583
581
582
585
585
583
586
585
580
581
580
580
582
578
579
579
581
580
580
578
578
576
577
578
575
575
576
579
580
581
580
581
582
577
581
582
581
584
585
587
587
586
587
579
581
583
582
580
582
580
583
581
583
584
586
585
583
581
583
584
585
582
585
588
588
588
590
591
592
593
592
589
588
592
596
594
596
595
598
598
598
597
596
594
595
595
593
593
594
596
598
600
603
602
602
600
601
603
602
603
603
603
608
609
608
608
610
611
607
608
607
606
608
606
605
603
600
603
602
598
598
596
595
598
600
603
603
605
609
609
607
607
603
602
604
604
603
605
607
608
598
600
603
608
612
606
602
603
602
602
605
603
605
604
602
601
598
596
601
601
602
604
603
602
601
600
598
599
598
600
598
602
601
602
598
602
602
605
608
612
605
609
610
606
610
606
605
604
606
603
603
605
606
605
604
605
604
605
603
602
603
602
600
602
601
600
600
602
600
600
601
604
604
605
605
606
607
608
610
606
610
610
610
612
614
612
612
615
611
609
609
608
608
609
610
608
611
608
609
608
608
609
611
610
609
607
604
608
606
606
610
612
611
615
613
614
613
611
608
605
607
603
606
607
605
602
599
596
598
600
598
597
595
593
591
593
589
591
592
592
593
599
597
598
600
601
600
599
602
605
613
614
614
609
608
608
611
611
613
613
616
616
613
613
611
606
605
605
602
603
603
606
604
605
609
612
615
613
613
613
614
616
615
615
613
612
612
610
612
614
612
612
615
616
620
618
616
619
621
624
621
619
618
619
615
616
618
616
615
618
621
618
623
620
623
623
622
616
618
620
619
614
613
616
620
617
620
619
615
616
616
615
618
618
615
618
615
615
618
617
621
621
621
620
621
622
616
618
622
616
613
614
612
608
608
606
607
608
609
607
609
609
609
608
608
611
611
609
607
607
604
606
608
614
614
612
611
612
610
610
610
610
610
613
611
616
615
618
617
615
614
614
613
615
612
611
610
612
613
616
619
619
618
614
614
613
612
610
612
614
616
619
617
619
623
625
626
618
618
619
614
616
616
615
617
621
618
613
613
615
611
608
608
605
608
611
611
614
614
615
616
617
616
618
612
613
612
616
617
616
617
613
613
612
612
611
612
614
614
614
614
613
614
611
612
613
614
615
615
617
613
610
611
609
612
609
612
614
617
620
619
615
615
615
617
615
610
611
610
611
611
613
614
612
609
610
611
613
610
609
609
612
610
609
609
610
606
607
601
597
595
591
596
596
595
594
588
587
587
591
590
588
591
588
590
590
592
592
590
592
592
590
595
596
592
593
594
593
595
592
595
594
593
592
592
592
584
585
587
588
587
589
591
591
589
588
590
589
587
590
586
588
586
590
587
588
589
587
589
589
587
582
580
581
582
586
587
587
585
585
590
593
591
595
596
598
602
602
601
598
595
594
591
589
588
588
587
592
587
586
581
580
577
573
573
575
575
576
575
576
575
578
580
580
584
586
588
585
582
582
583
587
586
590
589
589
590
589
591
589
594
594
593
588
590
590
587
582
585
581
583
585
580
581
584
586
588
587
586
584
586
589
591
591
593
592
588
591
593
592
593
593
598
596
591
594
591
591
591
591
591
592
593
593
592
590
588
588
589
588
588
591
587
584
582
585
584
583
583
582
582
581
580
581
582
586
587
586
586
585
585
588
587
586
583
582
584
585
583
583
585
588
587
584
586
587
591
588
593
589
587
585
586
592
595
595
595
593
595
594
592
591
588
590
588
588
587
587
586
587
585
588
587
590
591
591
591
593
596
598
599
601
598
598
596
597
595
597
598
600
606
602
607
606
606
605
605
604
603
603
601
604
602
604
603
604
604
606
604
604
601
603
600
599
601
599
600
600
598
602
606
606
610
606
607
610
610
605
602
601
603
601
600
601
600
597
598
596
597
596
597
591
592
593
594
592
597
598
595
591
593
596
592
594
592
593
595
593
593
594
595
597
599
600
600
600
600
604
605
604
602
604
604
608
606
608
609
607
610
612
609
607
605
613
614
613
610
608
606
605
607
611
612
607
608
607
607
605
603
603
604
605
602
602
602
600
600
600
595
596
600
601
602
599
597
602
601
603
603
605
601
601
604
608
608
604
604
607
610
607
608
607
609
606
609
613
617
618
615
614
616
618
616
617
617
618
619
623
624
627
628
626
628
626
627
626
624
628
627
624
626
625
620
620
620
616
613
614
612
613
617
617
616
617
