0.0001124137931034483 0.00035137931034482766
300
294
292
286
287
288
284
282
280
279
278
275
276
275
274
274
274
272
271
272
272
272
273
271
271
271
270
270
273
272
271
271
271
271
270
270
270
272
273
272
274
273
273
274
274
270
269
268
269
269
269
269
269
269
268
270
271
270
269
271
270
269
268
268
268
268
268
268
268
268
269
269
270
271
271
270
272
270
269
268
268
269
270
270
271
271
271
270
269
270
270
271
270
269
269
267
266
267
264
264
264
264
264
264
264
264
265
265
265
266
266
266
267
266
266
266
264
265
266
267
266
266
268
269
267
267
264
263
264
265
265
265
265
265
265
267
268
265
265
264
265
265
265
266
264
263
264
264
264
264
264
262
263
263
264
265
265
264
265
264
263
263
264
265
263
262
260
259
259
259
259
259
259
259
259
259
259
260
259
259
260
260
260
260
260
260
260
260
261
262
262
261
261
261
261
262
261
262
262
262
261
262
262
262
263
263
263
263
262
262
261
261
261
262
261
262
261
260
260
258
258
260
259
258
257
258
259
258
259
257
257
257
257
257
257
258
258
258
258
258
258
258
260
258
258
258
258
259
259
260
260
259
259
258
258
258
257
258
259
259
259
259
260
260
260
260
259
258
258
258
258
258
258
259
261
261
260
257
256
256
256
259
258
257
256
256
258
258
257
258
260
259
260
259
259
258
257
258
258
258
258
259
259
259
258
258
258
259
259
260
259
259
259
258
258
257
257
258
258
257
256
256
256
256
256
256
256
257
255
254
254
255
254
253
255
256
256
255
254
254
255
255
255
256
256
255
255
255
255
256
256
256
257
257
255
253
254
254
254
255
256
256
257
254
253
254
255
255
254
252
252
252
253
252
252
251
251
251
251
251
252
253
253
253
253
253
253
253
253
254
254
254
252
252
252
252
252
253
253
254
255
254
254
255
254
254
253
253
253
252
252
252
253
254
253
253
253
253
252
252
253
252
251
251
251
251
251
252
253
253
253
252
252
252
253
252
251
252
251
252
252
252
251
251
252
252
252
253
253
251
251
251
251
251
252
251
251
250
251
252
252
252
252
251
251
252
252
251
251
251
251
252
253
253
253
253
253
253
251
252
252
252
251
251
251
251
251
251
251
251
252
251
251
252
253
253
252
253
253
252
253
253
253
251
251
252
254
253
252
252
252
252
253
252
252
252
252
251
249
249
249
249
250
251
250
250
250
251
251
251
251
252
252
253
253
253
253
253
252
250
251
252
252
252
252
250
250
251
251
251
252
251
250
250
250
250
250
250
251
252
251
251
249
250
252
252
250
251
251
251
252
249
249
250
250
249
249
249
249
249
248
250
250
251
251
251
249
248
247
248
248
248
248
248
248
248
248
247
247
247
247
249
249
249
250
251
250
251
249
249
249
249
249
248
247
247
248
248
248
246
247
245
245
245
245
245
245
247
246
246
247
245
245
246
246
246
247
248
250
250
251
251
250
249
249
249
248
250
249
248
248
248
249
249
250
249
249
249
249
248
248
249
249
247
248
248
247
247
249
248
247
247
247
248
248
249
249
249
249
249
247
250
249
248
247
248
248
247
246
244
244
245
245
246
245
245
245
245
246
246
247
247
246
245
244
244
244
245
245
245
245
245
246
247
246
246
246
248
248
247
247
245
245
246
246
246
247
248
247
248
248
248
247
248
249
250
250
248
249
247
248
248
246
246
246
246
245
245
245
245
246
247
246
246
246
246
246
246
247
246
247
246
247
247
245
245
245
246
245
246
245
245
245
246
246
245
245
245
245
246
245
245
245
246
245
245
244
246
247
248
249
249
247
248
247
247
247
247
246
246
245
245
244
244
244
245
245
245
245
245
245
244
244
244
244
244
244
244
243
243
245
245
244
245
244
244
243
241
241
242
242
242
243
243
243
243
243
244
244
244
245
245
243
242
242
243
243
241
242
243
243
242
243
241
240
240
239
239
239
239
239
239
239
239
240
240
239
239
240
240
241
241
241
241
240
240
241
241
240
240
239
239
240
242
242
242
242
240
239
240
239
239
239
239
239
239
239
239
239
239
240
240
240
239
239
240
239
241
242
241
242
242
241
241
242
241
242
242
242
243
243
244
244
241
240
240
240
241
240
240
240
241
241
241
241
241
240
241
242
242
243
240
240
240
237
236
236
236
235
235
235
235
235
236
236
236
236
237
237
236
236
236
237
238
237
237
236
236
236
235
236
236
236
235
235
235
236
236
234
234
234
236
236
236
236
236
235
236
236
235
235
235
235
235
235
235
235
236
238
238
239
239
239
238
238
239
238
238
239
239
239
237
237
237
238
237
237
238
235
235
236
236
234
234
234
234
234
235
235
235
235
234
235
236
236
236
235
235
234
235
235
237
237
238
237
235
235
234
233
234
234
235
232
232
232
232
232
232
232
232
232
233
235
234
235
234
234
233
233
233
232
233
234
234
234
234
234
234
233
233
233
234
234
233
234
235
235
235
233
232
233
233
233
233
234
235
235
235
234
234
234
234
234
234
234
233
233
233
233
233
233
233
233
236
235
234
235
234
235
234
234
234
233
233
233
234
233
234
232
232
231
231
231
231
231
231
233
232
232
232
232
232
233
233
232
231
231
231
231
231
232
232
232
232
231
231
232
232
233
232
232
231
231
233
233
232
232
232
232
232
232
231
232
233
233
233
233
232
231
231
231
232
232
232
232
232
233
233
231
231
231
232
233
232
231
231
231
232
232
233
235
234
234
232
231
231
231
232
232
233
232
231
231
231
231
231
230
229
229
229
229
229
229
229
229
230
230
229
229
231
231
230
230
230
231
230
231
231
230
229
230
230
229
230
230
230
230
232
230
230
229
229
229
229
230
229
228
228
228
227
228
228
229
229
229
228
228
227
227
228
227
230
230
229
228
227
228
229
230
229
229
230
230
230
229
229
228
227
226
226
226
226
227
226
226
226
226
227
227
227
225
225
225
227
228
227
227
227
226
227
226
226
226
227
227
226
226
226
226
225
226
227
227
226
228
226
226
227
227
228
226
226
227
227
226
226
226
226
226
225
225
226
226
228
227
227
226
225
225
225
226
226
225
225
225
226
225
225
225
225
225
224
224
224
224
225
225
224
225
225
225
225
225
225
225
226
225
225
225
225
224
225
225
225
225
225
225
224
224
224
224
224
224
224
224
224
224
224
224
224
225
226
226
227
227
228
227
226
226
226
225
225
225
225
225
225
225
225
225
225
225
225
224
224
225
225
226
225
224
224
224
224
224
225
225
225
225
225
226
226
226
227
224
225
226
226
226
224
225
224
224
224
225
224
224
224
224
224
225
224
224
224
224
224
224
224
223
222
223
224
224
224
224
223
223
222
223
223
223
223
223
223
223
224
225
224
224
224
224
224
224
224
224
224
224
223
224
224
224
223
223
223
224
225
225
226
225
228
229
228
227
227
227
226
226
226
226
226
225
224
224
223
223
223
223
222
222
223
223
223
222
224
224
224
224
224
225
225
224
224
224
222
223
223
224
224
227
226
223
223
223
223
224
222
222
222
222
223
222
222
223
223
222
223
223
222
222
222
222
222
222
222
222
223
224
222
222
221
222
225
224
223
223
222
221
221
221
222
223
223
221
222
222
222
222
223
222
222
222
222
221
221
221
222
223
223
223
224
223
222
223
222
222
221
221
221
222
222
222
222
220
220
220
220
220
220
220
220
221
221
221
221
221
221
221
221
221
222
221
221
221
223
222
222
223
223
222
222
221
222
223
223
221
221
221
221
222
222
223
222
223
223
222
223
223
224
222
222
222
221
222
223
222
221
221
221
220
220
219
219
221
220
221
221
220
221
219
220
222
222
223
222
222
221
221
221
221
220
220
220
221
220
221
221
220
220
220
220
220
220
220
221
221
220
220
220
220
220
221
221
222
220
219
219
220
221
221
222
221
220
221
220
219
221
219
219
219
219
219
219
220
220
220
220
219
220
219
219
219
219
220
220
220
220
220
219
218
218
218
218
217
218
218
217
217
217
217
217
217
217
219
219
219
219
220
218
218
218
218
218
219
219
219
219
218
219
219
219
220
219
219
220
220
218
218
217
217
216
216
216
216
216
216
216
218
218
217
217
216
216
217
217
219
219
219
219
219
218
218
218
217
217
217
219
217
217
217
217
217
217
217
217
217
217
218
218
218
218
218
218
217
218
217
218
217
216
217
216
216
216
216
217
217
217
220
220
219
218
216
216
216
216
216
217
217
217
217
217
217
217
217
218
219
219
218
217
216
216
217
217
216
215
215
216
216
217
217
217
218
216
216
216
216
215
215
215
216
215
215
214
215
216
216
216
216
215
215
215
215
216
216
217
217
217
217
217
217
216
216
216
215
214
213
213
213
213
213
213
215
215
217
217
215
216
216
216
216
216
216
217
218
218
218
217
217
217
217
217
216
214
214
215
214
214
215
215
213
212
212
212
213
212
212
212
212
214
212
213
214
212
212
212
212
212
213
212
212
212
213
213
213
212
211
211
210
210
212
212
211
211
211
211
211
211
211
210
210
210
211
212
212
212
212
211
211
211
211
211
211
211
212
212
212
212
212
212
211
212
210
209
209
209
209
209
209
210
210
210
210
210
211
210
209
209
210
210
211
209
209
209
209
209
209
209
210
210
211
210
211
211
211
211
212
210
210
210
210
209
209
210
209
210
210
209
209
209
209
209
209
209
209
209
208
208
209
209
210
208
207
207
208
208
207
207
207
207
208
208
209
210
210
210
209
208
208
207
207
207
207
207
207
207
207
207
207
208
208
208
208
208
207
207
209
209
208
208
208
208
209
208
208
208
209
209
210
210
210
210
209
209
209
207
207
208
208
209
209
209
209
209
209
209
208
208
207
207
208
208
208
209
209
209
208
209
209
209
210
210
211
211
210
211
212
211
211
210
210
210
209
209
209
209
209
210
210
210
212
213
213
212
212
211
211
210
210
210
210
210
209
211
210
210
210
212
213
213
212
213
212
212
212
212
212
210
208
208
208
208
209
208
208
209
209
208
208
209
209
208
208
208
208
208
208
208
208
207
207
208
208
209
207
208
208
208
208
208
208
207
207
208
209
209
209
209
209
209
210
209
209
210
208
208
208
208
208
208
208
209
208
208
207
208
208
208
208
209
208
208
207
207
207
208
207
207
207
207
208
208
208
208
208
207
207
209
208
208
208
211
211
211
210
210
210
210
208
209
209
207
207
207
207
209
208
208
209
209
209
209
208
208
207
207
207
207
208
208
207
207
207
207
207
207
208
208
206
206
206
207
207
207
207
207
205
205
206
206
207
206
206
205
205
205
207
208
207
206
207
207
207
207
206
206
205
206
206
206
206
207
207
208
208
208
207
206
206
206
206
207
206
206
206
207
206
207
208
207
206
206
207
207
207
206
207
208
208
208
208
209
208
206
207
207
206
206
206
206
206
207
205
205
205
205
205
206
206
207
207
207
207
207
208
208
208
210
209
208
207
207
206
206
205
205
206
206
205
205
205
205
206
206
206
206
205
205
205
205
206
206
206
206
206
207
208
209
208
208
208
206
205
205
205
205
206
205
205
205
205
207
207
207
205
205
205
205
205
205
205
206
207
208
208
206
207
206
206
208
207
207
207
208
206
206
205
205
205
206
206
205
205
204
204
203
203
203
203
205
204
205
205
205
206
207
205
206
206
205
206
203
203
204
204
203
203
203
204
202
202
202
202
202
202
202
204
204
203
204
204
204
206
205
205
203
203
203
203
203
203
203
203
204
203
203
203
204
204
203
203
204
204
202
203
204
205
205
204
203
203
204
204
203
204
204
205
205
205
206
206
204
202
201
201
201
201
201
201
201
201
201
201
201
201
202
203
203
203
203
203
203
202
201
201
202
202
202
201
201
202
202
202
201
201
201
202
203
204
204
204
202
203
203
203
203
203
203
200
200
200
199
200
201
202
203
201
201
201
201
200
200
200
200
200
200
199
199
199
199
200
201
201
201
200
200
200
200
200
200
201
201
200
200
200
200
200
201
201
200
198
198
199
201
200
199
200
200
200
201
201
200
200
200
199
199
198
198
198
198
198
199
199
199
199
199
198
198
198
199
200
200
199
199
198
198
198
197
197
198
199
198
198
197
198
198
197
197
197
197
200
200
200
200
200
200
200
199
198
197
197
198
198
197
197
197
197
197
197
197
197
197
197
197
198
199
200
200
199
199
198
198
198
197
198
198
198
198
196
195
195
195
195
195
195
195
196
196
195
195
195
195
196
196
196
196
196
196
197
197
198
198
197
197
197
197
196
195
195
195
195
195
195
195
196
196
196
196
196
196
195
195
195
195
195
195
195
195
195
195
195
195
195
195
195
196
195
195
195
195
195
195
195
195
195
195
195
195
195
195
195
195
195
195
196
196
196
196
196
196
195
195
195
195
195
195
195
195
195
195
195
196
197
197
197
197
197
197
197
198
198
197
196
197
197
197
197
197
197
197
197
197
198
199
198
196
197
197
198
196
196
196
196
196
197
197
197
197
197
197
197
195
195
195
195
195
195
195
195
195
195
195
195
196
196
196
196
196
196
196
195
196
196
196
195
195
195
195
195
195
196
195
195
195
195
196
196
196
196
197
197
197
196
196
197
197
196
196
195
195
196
196
197
197
197
200
199
199
198
199
199
199
200
199
198
197
198
197
197
197
196
196
196
196
196
198
198
197
197
196
196
197
197
196
196
196
196
195
195
195
195
195
195
195
195
195
195
195
195
195
195
196
195
195
195
195
196
196
196
196
196
196
196
196
195
195
196
196
197
196
196
196
196
196
196
198
197
197
198
198
198
197
196
196
196
196
196
196
197
196
197
197
198
198
199
199
199
198
197
195
196
197
199
199
199
198
199
199
199
199
199
199
199
198
198
198
198
198
198
197
197
197
198
194
194
194
193
193
193
193
193
193
194
194
193
193
193
193
194
194
194
194
194
195
196
195
196
196
196
196
197
197
198
198
196
193
193
193
193
193
193
193
193
194
193
193
193
194
194
194
195
193
193
193
193
193
193
191
191
191
191
192
192
192
193
193
193
193
193
193
191
191
191
191
191
191
191
191
191
191
191
191
191
191
192
193
194
192
192
191
191
190
191
191
191
193
192
192
193
192
192
191
190
190
190
192
191
191
192
192
190
190
191
190
190
190
190
190
190
190
191
192
192
192
192
191
191
191
191
191
192
193
192
190
192
193
191
191
191
191
191
192
192
192
189
189
190
190
190
191
189
190
191
191
191
191
191
190
189
189
189
189
189
189
189
189
189
189
189
190
190
189
189
189
190
191
191
191
189
191
192
191
190
190
191
191
191
191
188
188
188
188
187
186
186
187
187
187
187
187
187
187
186
186
186
186
186
186
186
187
187
188
188
188
188
188
189
189
187
187
187
187
187
187
187
187
187
187
187
187
187
187
187
188
189
190
188
188
188
188
188
187
187
186
186
186
187
185
185
185
185
185
185
185
186
186
187
187
189
188
188
188
188
188
188
189
188
188
188
186
187
185
186
187
187
187
187
188
188
188
186
186
186
186
187
187
186
186
186
186
185
184
184
184
184
184
184
184
184
185
185
185
185
184
184
184
184
184
184
184
184
185
185
186
186
188
188
186
186
187
186
186
185
185
184
184
184
184
184
184
184
184
184
185
187
186
187
188
188
187
187
186
185
184
184
184
184
184
183
183
183
184
184
184
184
184
183
183
183
183
183
182
182
183
183
183
182
183
183
183
183
184
185
183
183
183
183
183
183
184
184
185
185
183
182
183
183
183
182
182
182
182
182
183
183
183
183
184
185
184
184
184
184
184
184
184
184
184
185
185
184
186
186
187
188
186
185
185
184
185
185
183
183
183
183
183
183
183
182
182
181
181
181
181
181
182
183
183
183
183
186
185
185
186
187
185
184
184
183
184
183
183
182
181
181
181
181
181
181
181
181
181
181
181
181
181
181
181
181
181
182
181
183
183
183
183
182
181
183
183
182
182
181
181
181
181
181
181
181
181
181
181
181
181
181
182
183
183
183
182
182
183
183
183
182
182
182
181
181
181
182
183
184
183
183
182
182
183
183
183
182
181
181
181
181
181
181
181
181
181
182
182
182
182
183
182
182
182
181
181
183
182
182
182
182
182
181
181
181
181
181
181
181
182
182
181
181
181
182
182
182
182
182
183
183
183
183
183
184
183
183
182
183
182
181
181
183
182
182
182
182
183
184
183
183
182
183
182
184
183
184
184
184
184
183
181
180
180
180
180
180
180
180
180
181
181
181
181
182
182
183
183
182
181
181
180
181
182
182
182
182
182
182
181
183
181
180
181
181
180
180
179
179
180
181
181
181
181
181
181
182
181
181
181
180
180
180
180
180
180
182
181
181
180
180
180
180
181
181
181
181
180
180
181
181
181
180
180
180
180
180
180
182
182
182
182
182
180
180
180
179
179
178
178
178
178
178
179
179
179
179
179
179
179
179
181
180
179
179
181
180
181
181
181
179
180
180
182
182
182
181
181
179
180
180
180
180
179
179
179
181
181
181
181
181
181
179
178
178
178
178
178
178
178
178
178
178
178
179
179
179
178
178
179
180
181
180
180
180
180
181
182
184
181
181
178
178
179
180
180
179
179
179
179
179
179
179
178
178
178
178
179
179
181
181
180
180
179
179
178
178
179
179
179
180
180
179
178
177
177
177
178
179
179
178
177
177
177
177
177
177
177
177
177
177
178
177
177
177
176
176
176
176
176
176
177
178
178
178
178
178
178
178
179
176
176
175
176
176
177
177
177
178
178
178
175
175
175
175
175
176
176
177
177
177
177
177
177
177
177
175
176
176
176
176
176
176
176
176
175
175
174
174
174
174
174
174
174
175
175
174
174
174
174
174
174
174
174
175
174
175
175
175
176
176
175
175
176
176
176
177
177
176
177
177
177
177
176
176
177
176
176
177
176
177
176
177
177
178
177
177
177
176
176
176
176
177
176
177
179
178
179
177
177
177
177
178
176
176
176
176
176
175
175
175
175
175
175
175
175
175
174
174
174
174
174
174
174
175
175
175
176
176
177
177
176
176
176
177
176
176
175
176
176
175
176
177
176
176
176
175
175
175
175
177
176
176
176
174
175
176
176
176
176
177
174
174
174
174
174
174
174
174
175
175
175
175
174
174
174
174
174
175
175
175
175
175
176
175
175
175
175
177
175
175
176
175
175
175
175
175
174
174
174
174
174
174
174
175
175
175
177
176
176
176
175
175
175
175
175
175
176
176
176
176
176
176
176
176
177
178
177
177
175
175
175
175
174
174
174
176
175
175
176
176
176
176
174
174
174
174
174
174
174
174
175
175
175
175
175
175
176
176
176
175
175
174
174
175
175
176
176
176
177
178
178
178
178
176
176
176
176
176
175
175
176
174
174
174
174
174
174
174
175
174
174
174
174
174
174
175
175
175
175
175
176
176
175
176
176
176
176
176
176
176
177
176
176
175
175
175
174
174
174
174
174
174
175
176
177
177
177
177
177
177
177
176
176
176
176
175
175
174
174
174
174
174
175
175
174
174
174
174
174
174
174
174
174
174
174
174
174
174
174
175
175
175
176
176
175
175
175
176
175
175
175
175
175
175
175
176
176
177
177
176
176
176
176
175
175
175
175
175
175
175
175
174
174
174
174
175
175
175
176
176
176
175
175
175
175
175
175
175
175
174
174
174
174
176
176
176
176
176
176
176
175
174
174
174
175
175
175
175
174
174
174
174
174
174
174
174
174
174
174
175
175
175
176
176
173
173
173
173
173
174
174
174
174
174
176
175
174
174
174
174
174
174
174
174
175
174
174
175
175
174
174
174
173
173
174
173
173
174
174
176
176
178
177
176
175
175
175
176
175
174
174
174
174
173
173
173
173
174
173
173
173
173
173
173
173
173
173
173
174
173
173
173
173
174
174
174
174
174
174
174
174
176
175
175
175
175
173
174
175
176
173
172
171
172
172
172
172
173
173
173
174
174
173
173
173
173
173
172
172
172
172
172
171
171
171
171
171
171
171
171
171
171
171
172
172
172
172
172
172
172
174
174
173
171
170
170
170
170
170
170
171
172
172
172
170
170
170
170
170
170
171
171
173
173
173
174
174
171
171
170
170
170
170
170
170
170
170
171
171
171
171
171
171
170
170
170
172
173
172
172
172
172
172
173
171
171
172
171
171
170
170
169
169
170
170
170
170
171
170
170
170
170
171
170
170
170
170
170
170
170
168
168
169
169
169
168
168
168
168
168
168
168
168
169
170
170
169
169
169
169
169
169
168
168
169
170
170
170
170
170
170
170
170
170
169
169
168
168
168
168
168
168
168
168
168
169
169
170
170
170
170
170
170
170
170
170
171
171
171
169
169
169
169
168
168
168
168
168
168
168
168
168
169
170
170
170
170
170
170
170
170
170
169
169
169
170
170
170
170
170
171
171
170
170
170
170
170
169
169
169
169
169
169
169
169
169
169
169
169
169
169
169
169
169
169
170
171
172
172
172
173
172
171
171
171
173
173
173
173
173
172
173
173
173
173
174
174
173
173
172
173
173
173
173
173
171
172
173
173
171
169
169
169
169
169
169
170
171
170
170
171
172
175
175
173
172
172
171
171
170
170
170
170
170
169
169
169
170
169
169
170
172
172
171
171
171
171
171
169
169
169
171
170
169
169
170
170
170
169
169
169
168
168
168
168
168
168
168
168
168
168
169
169
169
168
168
168
169
170
169
169
170
170
169
168
168
168
168
168
168
168
168
169
169
169
170
169
169
169
169
169
170
170
170
169
171
171
171
170
170
170
169
169
169
169
169
169
170
171
171
170
171
172
171
171
171
171
171
171
170
169
169
169
171
171
171
171
170
169
169
169
170
172
171
169
170
169
168
171
171
172
173
173
171
171
171
171
171
171
170
169
169
168
167
167
167
167
168
168
168
168
168
169
169
169
168
168
168
168
167
167
167
167
167
168
168
167
167
167
167
167
167
167
167
167
168
168
168
168
169
169
170
170
170
170
170
170
169
169
168
168
168
168
168
168
170
168
167
167
167
167
168
168
168
168
168
169
170
169
167
167
167
167
167
167
168
168
168
168
168
168
168
168
169
170
169
169
169
168
169
169
169
168
168
169
170
170
170
169
169
169
169
170
170
168
168
167
169
168
167
167
167
167
167
167
169
169
171
171
170
170
169
168
168
165
165
165
165
165
165
165
165
166
166
166
166
166
165
166
165
165
166
166
166
166
166
167
166
165
165
165
166
166
166
166
167
166
167
166
166
166
166
166
165
165
165
166
167
167
166
165
165
165
165
165
166
166
166
165
