0.00031724137931034486 0.00031724137931034486
300
293
288
281
279
276
274
271
270
271
269
271
271
273
273
273
273
273
270
270
270
269
268
267
262
260
259
259
257
257
257
257
258
259
260
260
261
262
259
259
260
259
260
259
260
259
258
259
256
254
254
255
256
253
253
255
254
256
257
258
255
254
254
254
256
258
257
257
257
255
254
255
256
253
252
253
253
257
257
256
256
255
255
257
256
254
256
255
256
255
256
256
256
254
254
252
251
252
252
251
250
250
251
251
248
249
249
250
250
248
250
251
251
250
250
253
251
250
249
248
247
247
247
247
247
246
245
245
245
245
246
245
246
245
243
243
244
244
243
244
245
246
246
247
246
244
243
246
248
255
252
249
248
248
248
247
247
246
245
246
243
245
246
244
242
241
242
242
242
243
242
242
243
243
242
244
242
241
239
239
240
240
241
241
241
241
240
240
240
241
243
244
244
243
242
241
243
243
243
243
243
242
244
247
246
243
241
241
241
244
242
242
242
241
242
245
245
242
242
242
241
241
241
240
241
243
243
244
243
243
244
244
243
241
241
244
243
242
241
241
239
243
241
241
241
242
243
243
243
244
240
241
240
240
240
241
241
243
245
243
244
242
240
243
244
244
243
242
244
243
242
240
240
240
238
236
237
236
235
234
233
232
232
233
235
235
231
231
232
231
233
233
235
234
235
236
234
232
233
233
231
229
229
229
227
230
230
230
230
230
231
230
228
231
232
233
235
236
233
233
234
236
236
232
231
233
230
231
229
228
226
226
226
226
228
228
230
228
228
228
230
228
228
230
228
228
228
228
229
229
231
232
230
230
227
226
226
225
225
226
227
226
227
226
225
226
224
224
222
221
221
221
221
221
221
223
223
224
224
223
222
222
223
224
224
223
223
223
221
220
220
221
219
219
218
219
219
221
222
223
223
223
222
224
223
224
223
223
225
224
223
223
224
225
226
227
227
226
227
227
229
231
229
229
229
230
227
226
226
225
224
224
222
222
222
221
222
221
222
222
222
222
221
222
222
220
221
223
224
221
220
220
220
223
220
223
225
226
226
225
225
224
223
224
222
222
221
221
222
222
223
221
221
220
219
222
222
222
224
226
224
219
221
222
223
224
225
223
223
222
217
220
219
220
218
217
218
220
220
220
218
219
219
219
218
218
218
217
218
217
217
215
216
216
216
217
217
215
215
214
215
213
214
214
215
216
216
214
215
215
215
215
214
214
216
216
215
216
216
216
217
217
218
219
219
221
223
223
221
219
219
219
221
221
221
222
221
221
222
221
219
220
220
220
220
224
223
224
221
220
221
223
221
221
221
222
222
223
224
224
221
218
218
219
219
219
219
217
219
218
219
220
218
219
219
220
222
223
221
221
220
218
218
217
219
217
217
216
215
215
216
214
214
214
215
215
214
213
215
215
216
214
214
216
215
215
215
215
215
216
216
217
218
218
218
217
217
219
218
218
220
221
218
217
216
216
214
213
215
216
216
214
214
215
215
215
213
214
214
214
213
213
213
213
214
216
216
217
214
217
219
220
220
218
218
219
218
216
216
217
218
217
217
217
218
217
217
213
216
214
212
213
213
211
212
212
214
214
215
214
214
215
216
215
216
216
218
219
217
218
217
218
217
219
222
221
219
218
216
217
219
215
213
212
212
210
211
211
209
210
210
210
209
209
209
210
211
212
213
213
212
213
213
213
213
211
211
211
212
212
211
211
214
212
211
212
214
213
213
212
211
209
208
209
209
210
209
211
212
213
212
211
211
213
214
215
214
214
213
212
214
212
213
210
208
208
208
207
207
207
206
206
208
206
207
209
210
209
209
211
211
212
211
209
209
210
209
209
208
207
207
207
208
208
209
210
210
210
209
209
212
210
210
209
208
209
209
207
208
206
209
210
209
209
209
210
209
211
209
209
207
211
211
210
210
211
210
210
210
208
208
210
209
208
208
208
208
208
208
208
205
205
206
207
205
206
206
207
209
210
210
209
212
213
214
213
211
211
212
212
211
211
212
211
210
210
211
210
210
207
207
208
205
205
203
204
205
204
204
205
206
205
205
205
205
205
205
206
204
203
203
202
203
204
204
203
203
203
204
204
204
204
204
204
205
206
205
206
206
207
210
207
206
206
205
204
204
205
206
204
204
202
203
204
206
208
205
202
202
201
201
201
202
201
201
200
199
199
197
199
199
204
203
202
201
201
201
201
202
203
202
201
203
203
201
202
203
202
203
204
203
202
201
202
202
202
203
203
202
203
202
202
203
202
204
203
202
202
202
205
205
204
205
206
206
207
207
207
206
206
204
203
203
203
202
203
203
204
207
207
204
204
203
202
202
203
204
204
205
204
205
204
205
205
206
207
206
206
204
204
204
205
207
209
208
206
206
207
205
205
207
207
207
208
207
208
208
205
204
203
203
201
202
201
202
202
201
201
199
200
200
199
199
199
199
199
200
199
197
197
197
196
196
197
196
197
198
199
199
199
199
196
197
198
199
199
200
197
198
196
195
194
193
193
193
193
194
194
194
194
195
196
195
195
194
194
194
194
192
193
191
191
191
192
191
189
189
190
189
190
192
191
192
193
192
193
193
194
194
194
194
194
193
193
192
194
192
192
192
193
194
196
196
197
197
195
195
196
196
195
195
194
196
197
197
197
198
196
198
199
197
197
197
197
195
196
197
197
198
199
200
198
198
199
199
199
199
201
201
200
201
201
199
199
197
197
195
198
196
196
196
194
195
194
193
194
194
195
195
194
194
194
193
192
192
192
196
195
194
194
193
193
194
194
195
194
194
195
193
191
191
191
191
194
195
194
193
194
194
195
195
195
193
193
193
192
193
192
195
196
196
196
197
194
193
194
191
190
191
192
192
191
192
191
191
192
193
196
196
195
194
194
195
192
192
189
191
194
192
194
194
194
194
193
194
192
191
189
188
190
189
188
189
189
192
191
190
192
191
191
191
191
192
193
191
190
190
190
190
190
190
193
194
192
190
192
192
191
189
190
187
186
185
184
184
186
186
184
184
183
184
184
184
182
183
182
182
183
182
183
182
183
182
183
183
186
187
185
184
185
185
184
183
184
183
182
182
183
183
186
186
186
189
188
188
188
187
187
187
188
187
185
184
184
183
182
181
182
182
182
183
184
184
183
184
184
187
186
186
185
185
186
186
184
185
183
181
183
181
181
182
182
182
182
182
182
183
182
183
183
185
187
187
187
187
187
186
188
188
187
188
187
186
186
186
185
185
186
184
183
182
183
185
184
183
183
183
183
185
184
183
183
182
183
183
182
182
183
184
183
183
185
184
183
183
183
185
184
184
183
182
184
183
184
184
186
186
185
185
185
185
186
187
186
187
185
185
186
188
190
188
187
187
186
186
185
185
185
185
185
186
187
186
185
185
183
182
183
182
183
185
185
186
186
186
187
187
187
186
186
186
184
184
185
182
182
183
182
182
183
183
183
184
184
184
186
186
185
184
184
183
183
183
180
180
181
180
179
180
182
182
182
181
182
183
186
185
184
184
184
185
186
185
184
185
185
185
188
188
187
187
185
185
186
185
185
185
184
185
185
186
186
188
185
185
187
186
188
186
187
189
189
190
190
191
191
190
187
187
187
187
186
186
185
186
185
185
185
186
186
185
184
186
186
185
185
184
186
184
184
185
185
185
188
188
187
187
187
187
186
187
187
187
186
187
186
187
188
186
186
186
188
186
185
186
184
187
185
183
184
186
186
186
184
184
183
183
183
184
184
184
183
184
183
183
183
183
183
184
185
185
184
182
181
181
181
182
180
180
180
179
179
180
180
180
181
182
182
185
185
185
185
186
187
185
185
184
185
185
185
184
185
184
184
185
183
183
184
184
185
184
183
185
182
179
179
179
179
182
180
182
182
181
180
181
180
180
180
181
181
181
181
181
182
182
181
181
181
179
178
177
178
178
180
182
183
184
183
183
182
181
179
179
181
180
180
180
181
181
181
179
177
177
176
177
176
176
176
177
177
176
176
177
178
178
180
178
179
178
178
178
175
176
178
178
178
178
177
179
179
179
180
180
181
182
180
179
178
178
179
180
179
179
178
177
178
178
180
180
179
180
178
177
177
178
177
178
176
177
175
176
175
175
174
175
175
175
174
175
171
171
171
171
173
173
175
175
175
178
176
173
174
173
173
173
173
173
172
170
171
172
172
171
171
171
172
173
174
175
174
175
175
174
174
173
173
172
174
174
175
175
174
174
174
174
174
172
173
173
173
173
173
173
173
173
172
171
172
172
174
174
173
173
173
174
173
174
173
172
172
172
172
172
171
171
171
171
172
172
173
176
177
178
178
179
178
177
179
179
180
178
175
174
175
174
173
173
175
175
175
175
174
177
176
175
173
174
174
176
173
171
170
171
171
171
170
170
170
171
172
174
174
172
172
172
173
174
174
175
174
175
176
174
175
174
173
172
171
171
173
174
174
173
173
173
171
171
172
172
173
172
171
171
170
167
167
169
171
173
172
171
171
171
173
169
168
169
170
167
167
170
169
170
170
171
174
177
176
176
176
177
173
177
175
176
173
172
171
173
173
173
171
174
174
173
174
174
172
171
171
171
170
171
172
172
172
173
173
173
172
170
170
170
172
170
170
168
169
169
167
167
169
170
171
170
170
172
172
175
175
173
175
176
176
177
176
174
174
174
174
173
176
175
175
175
175
177
178
177
172
170
168
165
165
165
167
166
165
164
164
164
166
166
165
164
165
164
164
167
163
162
162
161
163
164
163
160
159
159
160
159
159
159
159
160
161
162
160
161
161
162
161
161
163
163
163
162
162
162
163
160
160
159
159
159
160
160
161
161
162
162
161
161
164
165
164
164
166
165
164
163
163
163
161
160
160
161
163
164
165
162
158
160
161
161
162
162
164
164
166
166
166
167
167
167
165
165
166
167
167
169
169
167
167
165
167
168
168
166
164
163
163
163
163
163
163
164
164
163
164
164
164
164
165
165
165
166
166
165
166
163
163
163
165
165
166
166
168
165
164
166
165
165
165
168
168
168
165
166
166
162
163
165
164
164
164
161
161
160
160
159
160
159
158
158
160
159
160
162
162
161
162
161
162
163
162
162
162
160
161
160
160
160
161
161
160
160
159
159
159
159
161
162
160
161
161
163
163
164
164
164
162
161
162
161
161
161
161
163
163
164
164
162
162
161
161
162
161
160
159
160
161
160
160
160
160
161
160
160
160
160
158
159
159
159
161
161
161
160
160
160
160
160
158
159
160
159
158
157
157
156
156
155
155
155
156
156
156
156
156
155
155
155
155
156
156
156
157
157
157
157
157
158
159
157
157
158
159
158
155
156
159
159
157
157
158
158
157
157
159
156
156
156
156
155
155
155
155
154
156
157
159
158
159
158
157
156
157
157
157
157
158
158
156
156
157
158
156
156
156
153
153
153
154
153
153
153
153
153
153
153
153
152
153
154
153
154
155
158
158
157
159
155
155
154
154
154
154
154
155
155
156
155
154
154
154
154
155
156
155
155
154
153
154
154
154
154
153
155
156
155
157
159
158
157
156
155
154
152
152
152
152
152
152
150
151
150
150
149
149
149
150
151
151
152
152
153
153
153
153
155
155
153
155
156
157
157
157
156
154
152
151
150
152
152
152
150
150
150
150
150
150
150
148
148
148
149
150
150
150
151
152
149
150
150
150
150
150
149
150
152
153
154
154
154
152
151
152
152
148
148
146
146
145
145
145
145
146
146
146
146
146
146
146
147
148
149
148
148
150
151
150
150
152
152
151
152
151
150
150
150
150
150
151
150
151
151
151
151
148
148
146
146
146
145
144
145
148
147
146
147
147
148
148
147
147
148
147
147
148
148
148
147
147
147
148
149
149
150
151
151
150
147
148
149
148
148
149
149
148
149
151
150
152
149
148
150
152
151
150
151
151
151
152
153
153
153
152
150
147
144
144
143
144
144
143
143
142
142
142
145
144
147
147
148
146
146
145
143
143
143
143
142
142
142
142
143
143
142
142
143
144
144
144
143
143
143
142
143
144
144
145
146
147
147
147
148
148
148
148
147
145
144
145
144
146
145
144
144
144
144
145
143
144
145
147
147
146
146
146
146
146
145
147
147
147
146
147
148
148
149
148
148
148
150
151
151
153
154
155
152
154
155
151
152
151
149
146
146
149
148
150
150
151
150
149
149
147
146
146
146
148
148
149
147
148
149
147
148
150
148
147
148
148
147
147
148
148
148
149
149
151
153
154
153
151
151
152
150
151
148
147
148
147
146
147
148
148
148
147
148
148
150
147
145
146
147
147
145
143
143
143
144
145
146
144
143
144
144
143
143
143
143
142
143
143
143
142
142
141
142
143
143
142
143
143
143
143
144
145
144
144
145
146
146
146
148
146
146
143
144
145
145
144
144
144
145
144
145
147
146
146
145
145
146
147
147
145
146
144
145
145
146
145
146
146
145
144
145
145
144
143
144
143
143
143
144
146
145
145
145
146
146
147
146
148
148
148
149
149
146
146
145
143
143
144
144
143
143
143
143
143
143
144
145
146
145
145
145
146
147
149
149
148
147
146
146
146
147
145
147
144
144
144
144
143
143
142
142
141
140
141
141
143
143
143
145
145
143
143
144
145
144
145
145
144
145
146
146
147
146
145
145
144
144
143
143
143
144
140
140
140
139
139
138
138
137
138
140
141
139
138
137
137
138
138
140
141
139
139
139
138
140
140
141
140
141
140
140
140
140
140
140
142
144
143
142
142
143
142
142
143
144
144
142
142
141
141
140
139
140
141
138
138
138
138
140
138
137
136
137
138
138
138
136
136
136
138
138
139
141
140
140
140
139
139
138
138
138
138
137
137
138
137
136
136
136
136
136
136
137
137
139
138
138
138
138
137
136
136
136
137
137
138
138
139
138
139
138
137
138
138
139
139
138
139
139
140
140
139
140
140
142
142
142
141
141
141
141
144
143
145
143
142
144
145
143
141
141
141
141
142
142
141
141
142
142
142
142
142
143
143
143
143
144
144
143
143
142
140
140
141
141
141
141
141
142
141
141
141
143
140
140
139
138
138
140
138
140
141
140
140
140
141
143
143
143
144
145
143
144
142
140
139
139
140
141
141
141
141
140
138
137
138
138
138
138
137
136
135
135
135
137
139
139
138
138
135
135
136
134
135
135
135
135
135
136
137
137
136
136
136
136
136
138
139
136
135
135
135
135
135
135
135
136
136
136
137
137
136
135
134
134
135
134
134
134
134
134
134
134
135
136
135
136
136
136
137
136
138
138
138
139
139
141
142
139
138
137
137
136
138
135
133
133
133
133
134
133
133
134
134
135
134
134
134
133
133
134
135
136
135
135
135
137
137
138
138
139
139
139
136
135
134
134
134
134
134
134
135
137
138
137
135
134
134
134
133
133
135
136
137
136
136
136
137
137
138
138
137
137
137
137
136
138
139
139
137
134
135
135
134
134
135
135
134
136
134
134
134
134
136
136
135
133
135
136
135
135
135
135
133
133
133
133
133
134
134
135
135
135
136
137
138
136
135
134
134
134
134
134
134
134
134
136
138
138
137
136
136
136
136
136
136
136
137
136
135
137
137
136
137
137
137
137
137
138
137
137
138
138
138
136
136
135
135
134
133
132
133
134
133
133
132
133
133
133
133
134
134
133
133
131
132
133
133
132
134
133
131
132
132
130
131
131
131
132
132
135
134
135
135
136
137
136
136
135
134
135
134
134
135
136
137
137
137
136
136
139
138
138
138
139
137
137
136
134
134
134
134
133
132
132
132
132
132
134
135
135
135
135
135
134
134
134
134
134
135
133
133
133
133
135
137
137
136
136
136
135
135
135
135
134
134
136
135
134
136
136
136
135
134
131
131
135
137
136
135
135
132
133
131
131
132
131
131
132
131
131
131
131
132
133
131
131
130
130
130
130
130
130
130
130
130
132
132
132
132
131
131
131
131
131
130
130
131
131
130
131
131
130
131
129
129
129
129
130
130
130
131
133
134
134
134
134
133
133
133
134
133
133
133
132
133
133
133
134
134
133
133
133
132
132
133
135
134
134
135
133
132
132
132
134
134
133
134
134
134
135
135
135
135
135
136
137
137
135
136
137
136
136
134
133
134
131
132
132
133
133
131
132
132
133
132
135
135
135
133
133
133
131
132
134
133
134
135
136
135
134
134
134
134
134
136
135
134
134
133
132
133
134
134
134
135
135
136
136
134
134
135
136
136
138
139
139
136
136
136
137
135
135
135
135
136
136
135
134
133
134
134
135
133
134
135
133
132
133
133
133
131
132
132
132
131
131
130
130
130
131
132
132
132
133
134
134
134
134
134
133
135
134
133
133
131
133
132
133
133
133
131
132
133
135
132
132
132
133
134
132
133
134
134
134
134
133
133
133
134
134
133
133
133
132
134
135
134
134
136
135
134
133
132
131
131
130
130
130
129
129
130
131
131
131
131
131
129
129
128
128
128
128
128
128
128
128
128
129
130
130
132
132
132
132
130
130
129
130
130
129
129
129
130
129
131
131
131
132
131
130
129
130
131
130
130
130
130
130
130
132
131
130
130
131
131
131
131
127
127
127
129
128
129
129
129
130
129
129
130
129
129
129
129
132
133
133
132
131
131
131
131
131
132
132
133
132
131
129
132
133
132
132
128
129
128
126
126
127
127
128
128
129
128
129
129
129
132
133
133
132
132
133
133
133
133
132
131
131
131
131
131
130
129
130
131
130
131
133
130
129
129
128
129
128
128
126
126
126
126
127
128
128
129
128
128
128
127
130
129
129
128
127
128
128
128
128
128
128
128
128
128
129
128
128
130
128
129
129
128
128
127
127
128
128
128
128
128
127
127
127
128
128
126
127
128
129
130
128
127
128
126
126
125
126
129
128
126
125
124
123
123
124
124
124
123
123
123
124
124
124
124
125
124
126
125
123
123
123
123
124
124
124
124
125
126
125
125
124
124
124
125
126
125
125
127
126
125
125
125
125
124
123
123
123
124
123
123
123
124
125
125
124
125
125
125
127
126
125
125
125
125
124
125
124
124
124
125
125
125
125
126
126
126
127
127
127
127
127
127
128
127
127
127
127
127
126
127
127
127
128
129
129
129
127
127
127
127
127
127
127
127
125
125
125
125
126
128
128
128
128
128
129
129
130
131
129
130
131
131
131
128
128
128
127
127
125
124
125
125
126
127
127
127
127
126
126
126
125
125
125
125
125
125
126
126
125
125
125
124
124
125
127
126
127
125
125
124
124
124
123
122
122
122
122
123
123
122
122
122
122
122
125
123
123
123
123
124
123
124
123
123
123
124
125
125
123
123
124
124
124
125
124
126
126
126
126
126
126
127
125
127
126
126
127
127
127
127
127
127
125
126
126
126
125
125
125
125
125
125
125
125
125
125
125
128
128
128
128
128
125
125
123
124
121
120
120
120
121
121
121
122
121
121
122
121
121
121
121
121
121
120
120
120
120
120
120
120
120
120
121
122
121
120
120
120
120
120
121
123
123
124
123
123
124
124
123
123
122
122
121
121
120
120
120
121
121
120
120
120
120
121
120
120
120
120
120
120
120
121
122
121
120
120
120
120
121
121
121
121
121
121
120
120
121
121
122
123
123
122
125
125
125
123
123
124
125
125
124
123
121
121
121
122
125
125
127
127
125
126
122
122
121
120
120
120
119
119
120
120
120
119
119
120
120
120
120
120
121
121
121
122
122
122
123
121
122
122
122
120
119
121
121
121
121
120
120
118
118
118
118
118
118
119
119
118
121
120
120
120
120
120
121
119
117
118
118
119
117
117
117
118
119
120
120
120
120
120
119
120
120
119
119
120
120
121
122
122
123
121
121
121
122
122
121
122
122
121
121
122
123
123
123
124
122
121
119
119
119
119
119
120
120
120
121
121
120
120
121
119
118
121
121
121
119
118
119
119
120
118
118
118
118
118
116
116
116
117
118
118
118
118
119
120
119
118
118
118
116
117
117
117
116
115
116
115
115
115
115
116
116
117
117
115
115
116
115
115
115
115
115
114
114
114
114
114
114
114
114
115
115
115
115
115
115
114
114
115
116
116
116
115
114
114
114
115
115
115
118
118
118
117
117
118
117
117
117
117
117
117
117
115
114
114
114
114
113
113
113
113
113
114
114
114
114
115
115
116
116
114
114
114
114
114
115
116
115
115
116
114
114
115
116
116
116
116
117
116
116
116
116
115
115
115
115
114
114
114
114
115
114
115
114
116
113
113
113
114
114
114
114
113
112
112
112
112
113
113
114
115
114
114
115
114
114
116
117
115
116
116
116
117
117
116
117
117
116
117
117
117
116
117
115
115
115
116
115
116
116
116
114
114
114
115
114
114
114
113
112
112
113
115
114
114
114
114
113
114
114
113
114
115
116
117
116
116
117
116
115
115
116
116
117
117
116
116
117
116
116
116
118
118
119
119
117
117
116
115
114
115
115
112
113
113
113
115
115
116
115
114
114
115
115
114
113
113
113
113
113
115
115
114
114
114
114
114
114
113
113
113
112
113
116
116
116
116
116
116
116
116
116
117
117
118
119
117
115
114
114
115
115
114
114
114
114
114
114
114
113
113
113
113
112
113
113
112
112
112
112
112
112
112
110
110
111
112
110
110
110
110
109
109
109
109
109
108
109
108
109
108
107
107
107
109
110
112
110
109
108
107
108
108
107
107
107
108
107
107
107
107
107
108
109
111
108
109
109
109
108
107
108
108
108
108
110
110
110
111
112
110
109
109
109
110
110
110
110
110
110
110
110
109
109
111
110
110
109
109
112
110
110
110
111
112
112
111
112
112
112
112
111
111
111
110
112
111
111
111
111
110
111
109
109
108
108
109
109
108
108
108
108
108
108
110
111
111
110
107
107
107
107
108
109
109
109
108
108
109
109
108
108
108
108
108
111
109
108
108
108
109
109
110
110
110
110
112
111
111
112
111
110
110
110
110
109
110
110
110
110
110
110
112
112
111
111
111
111
110
112
111
112
112
111
108
108
108
109
108
108
109
108
109
110
108
108
108
109
108
107
107
107
107
107
108
108
109
109
109
109
107
108
107
108
107
108
108
108
108
109
109
108
107
108
107
106
106
106
107
107
107
108
107
107
107
107
108
109
108
108
107
105
105
105
106
105
104
104
105
105
106
106
106
107
107
106
106
106
106
105
106
106
107
107
107
106
106
105
105
106
106
106
106
107
107
108
108
109
109
108
108
108
109
109
108
107
106
107
106
105
106
105
104
105
106
106
106
106
106
106
106
106
105
105
104
104
105
104
103
103
104
104
105
104
104
103
102
102
102
102
102
102
102
