0.00024896551724137937 0.00031724137931034486
300
300
296
291
291
285
285
283
279
277
277
270
270
270
265
262
261
258
258
259
255
254
254
254
253
255
254
256
254
253
254
253
253
255
257
256
255
256
255
253
255
256
258
256
256
254
255
252
252
252
250
252
252
253
254
253
252
251
251
250
250
249
250
251
248
246
246
246
246
247
247
247
247
246
247
247
249
250
250
251
251
250
250
247
247
246
245
247
248
246
247
245
245
244
243
245
244
242
242
241
243
244
243
244
245
244
241
240
240
242
243
241
240
239
240
239
239
238
240
241
243
243
243
239
238
239
237
237
237
239
239
237
236
235
236
236
237
237
237
236
236
238
237
237
237
238
236
236
236
238
238
239
238
237
236
237
236
236
235
236
237
236
235
236
236
236
236
235
235
238
237
239
237
237
237
236
235
235
235
235
237
237
235
234
235
236
240
239
238
238
238
237
237
235
235
235
235
236
234
235
234
234
233
234
234
233
232
233
233
236
235
233
232
233
232
233
233
233
234
233
231
230
231
232
232
233
235
235
235
234
232
230
229
228
229
230
230
232
234
231
230
229
231
229
229
230
229
230
231
232
231
230
232
232
233
231
232
231
229
228
229
229
230
228
229
229
229
229
229
229
229
231
231
231
230
228
229
228
227
227
226
227
227
227
225
225
225
226
225
225
226
228
228
231
229
228
228
227
225
225
224
226
226
226
223
223
223
222
222
222
222
223
223
225
225
225
225
224
226
226
226
225
226
226
226
226
227
228
226
225
226
228
230
232
231
233
233
232
231
231
231
231
229
228
226
224
226
226
225
223
223
223
223
222
222
223
225
225
226
224
225
226
226
224
224
224
223
222
221
223
225
225
226
228
227
227
228
229
228
227
227
226
227
226
226
226
225
223
223
224
224
226
227
227
227
229
228
227
226
226
227
226
227
227
227
224
225
225
229
227
228
227
225
226
224
224
223
223
223
222
222
223
224
224
222
223
224
225
227
226
226
226
228
226
225
226
226
226
227
225
226
227
226
228
227
227
226
225
226
223
224
224
225
223
223
224
223
225
226
226
225
226
227
227
228
227
227
227
223
223
222
221
221
223
220
220
221
223
224
224
224
224
224
225
226
225
226
226
225
225
224
223
223
223
223
224
225
224
223
223
223
223
222
221
221
221
220
221
220
220
220
221
220
220
221
221
221
220
218
218
218
217
219
219
220
222
222
223
226
221
219
218
218
217
217
216
216
216
216
217
218
218
218
219
216
215
214
215
214
213
214
214
215
216
218
219
220
222
222
224
222
222
223
220
223
220
220
220
220
218
219
220
220
221
222
221
220
221
220
222
224
221
222
220
219
220
220
217
213
215
215
215
216
215
216
217
216
216
215
217
217
218
222
223
222
222
224
223
222
222
220
221
223
221
221
220
217
214
213
214
214
214
217
217
215
215
215
215
215
215
215
214
215
214
214
214
213
214
213
214
210
209
209
209
210
210
210
210
209
209
209
209
208
208
211
210
210
209
209
210
210
210
209
208
208
208
208
208
209
208
209
210
211
210
208
208
208
209
211
211
211
212
213
213
214
212
210
211
211
212
211
209
209
210
209
210
208
208
209
210
207
207
206
208
208
206
206
206
208
208
208
208
209
210
210
209
209
209
206
206
206
204
204
207
206
206
205
205
205
203
204
202
204
203
203
203
202
202
202
203
202
201
201
202
202
203
204
204
203
204
203
202
205
205
205
204
204
203
204
204
203
202
202
203
200
200
200
201
202
202
202
204
204
205
204
206
206
207
207
206
207
207
208
209
209
207
207
205
203
200
199
200
198
199
199
200
201
203
204
203
204
202
203
204
203
203
204
204
204
204
202
201
200
200
198
200
200
200
198
199
198
196
199
200
200
199
198
198
196
196
196
196
197
195
198
198
198
198
197
196
196
196
196
197
197
197
197
198
200
201
200
198
198
198
199
199
199
199
198
198
199
199
198
198
198
199
198
197
197
198
198
197
196
199
199
198
200
198
195
193
192
192
192
191
191
192
192
193
193
193
196
196
195
195
195
194
194
193
192
191
190
190
192
192
191
191
191
191
190
191
191
190
191
191
193
192
192
192
194
193
194
193
193
193
191
191
191
192
192
192
195
195
192
192
193
191
191
189
189
189
190
189
189
190
190
190
193
192
192
194
196
193
193
194
194
194
194
194
195
195
192
192
193
192
192
196
194
193
193
191
192
192
192
192
191
191
191
192
192
190
191
190
190
190
190
190
191
190
189
187
189
189
191
191
191
190
190
190
190
189
190
190
189
190
190
192
194
195
193
193
191
190
191
189
189
189
188
188
188
187
187
187
188
188
189
190
190
190
190
190
188
187
188
187
185
187
187
187
186
186
186
186
185
185
186
185
186
185
184
183
182
182
182
182
184
186
186
184
186
187
187
186
187
188
189
188
187
187
185
185
184
185
184
186
186
185
184
184
183
183
183
183
183
184
184
185
186
186
186
186
183
183
183
184
185
185
186
187
188
187
188
188
186
183
183
183
183
183
183
184
183
182
183
182
181
183
183
183
184
183
182
182
183
183
184
183
182
183
184
184
184
184
186
186
188
190
188
187
185
185
185
184
183
183
182
181
181
179
179
180
184
183
183
184
184
183
182
184
182
181
182
182
181
182
182
181
181
181
181
180
180
180
182
184
183
183
183
182
183
182
182
182
181
182
182
181
182
182
183
182
183
183
182
183
183
185
185
185
186
185
183
184
184
180
179
179
181
181
182
182
182
182
182
182
182
181
181
184
185
186
182
179
180
178
177
177
179
178
178
177
177
177
177
178
180
178
179
178
178
178
177
177
177
177
178
178
177
176
177
176
176
177
176
176
177
178
178
178
178
180
180
181
181
181
180
179
179
181
181
181
181
180
179
179
179
177
176
178
178
178
179
179
179
180
178
178
178
178
178
178
178
180
180
179
180
182
181
180
179
180
179
179
178
179
178
177
177
177
177
177
179
182
181
181
181
180
181
181
182
182
184
183
183
183
183
183
181
180
181
183
183
182
181
180
180
181
181
180
180
179
179
177
177
177
177
177
177
178
178
177
177
179
179
178
177
177
177
179
178
179
178
177
177
177
177
176
177
178
177
176
177
177
178
178
178
178
177
177
176
176
178
177
178
178
178
178
177
176
176
177
177
179
179
178
175
173
175
176
176
177
177
177
177
178
178
179
181
179
177
176
178
176
175
174
175
179
177
177
177
176
175
175
175
175
174
175
173
172
172
172
174
175
176
176
178
178
178
174
174
174
174
175
174
175
176
176
174
173
171
171
172
174
173
173
174
174
175
174
175
174
176
176
175
174
174
177
177
178
178
178
177
175
175
176
177
176
176
175
175
175
175
176
177
176
176
176
178
174
174
175
174
172
173
174
174
174
175
175
173
174
174
172
171
171
171
173
171
173
173
173
173
171
171
171
170
169
169
170
171
172
173
173
172
172
172
170
170
171
170
171
171
169
170
171
170
172
171
170
170
171
172
170
169
169
169
169
169
169
170
168
170
172
172
174
173
173
173
173
172
172
173
173
173
175
176
176
175
175
175
173
173
171
168
168
168
168
168
169
169
170
170
170
171
171
171
172
173
174
172
173
171
170
173
173
173
172
174
172
170
170
169
170
172
173
172
171
171
173
175
174
173
172
170
169
170
169
169
169
168
168
170
170
169
168
168
169
167
166
167
165
166
167
167
168
170
171
169
170
168
168
168
171
171
168
168
167
167
168
170
168
168
168
167
168
168
167
168
169
169
168
168
167
167
168
167
167
166
165
166
165
165
166
167
167
166
166
166
165
165
164
164
164
165
166
166
166
165
165
165
165
165
165
165
165
166
166
165
166
168
168
166
167
166
166
165
166
164
164
164
164
164
163
165
167
167
168
168
168
167
168
168
167
166
166
164
165
166
167
167
167
167
167
166
166
163
163
163
162
162
162
164
165
165
166
166
166
168
167
168
167
167
165
164
163
164
164
164
164
164
164
164
165
167
172
167
169
168
166
166
167
168
168
169
168
168
167
167
167
166
165
165
165
168
169
166
166
166
167
167
167
167
167
167
166
167
166
165
166
166
166
166
165
165
165
165
165
166
168
168
167
166
165
164
164
165
166
164
164
163
164
164
165
165
165
166
166
167
167
168
166
169
166
162
162
161
162
162
162
162
162
162
163
163
162
163
163
163
164
165
166
166
165
164
165
165
165
163
164
163
161
161
161
162
162
162
162
161
162
164
164
163
163
166
165
164
164
164
164
164
165
164
163
163
163
163
163
164
165
164
163
165
163
163
164
164
164
162
162
162
160
159
161
161
161
161
162
160
160
161
162
162
161
161
162
161
161
163
164
167
165
164
162
162
163
162
162
161
159
160
160
161
161
162
162
163
162
161
161
159
160
159
159
159
158
158
157
159
159
159
159
158
158
158
158
158
158
161
159
158
158
158
157
156
156
156
156
156
156
158
159
158
160
160
161
160
160
157
158
159
159
160
160
161
159
158
157
157
156
156
157
156
156
156
156
156
156
156
155
156
155
155
156
157
157
157
156
156
156
155
156
156
158
158
159
159
160
163
160
160
160
158
158
156
156
156
157
157
159
156
157
157
157
156
157
157
157
156
157
158
157
156
157
157
156
156
156
156
156
157
158
158
157
156
156
156
154
154
154
154
154
154
154
155
157
157
158
156
154
155
156
156
156
157
158
160
159
160
157
157
158
160
161
159
158
160
162
161
162
158
159
155
156
156
156
156
155
153
153
153
154
154
154
155
154
154
154
155
155
155
155
155
156
155
154
153
154
154
153
154
154
154
153
154
155
155
154
153
153
153
152
152
152
153
152
152
152
153
153
153
152
151
153
153
154
154
154
153
153
153
153
153
153
153
154
155
155
154
153
153
153
153
154
153
154
154
154
154
155
154
154
154
154
154
154
156
157
158
158
159
159
158
157
159
159
159
159
158
158
156
155
155
157
157
157
157
156
157
157
159
157
157
157
157
156
155
155
154
155
155
155
155
154
154
154
154
154
156
155
156
156
154
155
154
155
157
154
153
153
153
154
154
154
154
153
152
154
154
153
153
152
152
154
155
156
156
158
159
158
157
157
156
159
159
157
157
160
158
158
159
160
159
161
158
157
158
157
156
156
156
157
158
155
153
154
154
152
151
151
153
153
152
152
153
152
152
153
153
153
153
154
153
153
152
151
151
151
151
151
151
151
151
151
151
151
151
151
151
151
150
150
150
151
153
152
154
155
154
154
154
152
152
151
150
151
151
152
152
152
151
151
151
150
150
150
150
150
150
150
151
152
150
150
150
149
150
150
150
151
152
152
150
150
151
152
151
151
151
151
151
150
150
150
151
150
151
153
155
154
154
153
152
152
154
153
154
154
153
152
149
151
150
150
150
149
149
150
150
149
149
148
149
149
149
149
150
151
151
149
149
149
150
150
149
148
148
149
151
149
149
149
148
150
152
151
151
153
152
153
152
150
150
150
151
150
150
150
149
149
149
151
151
149
149
151
152
151
151
150
149
150
150
149
149
149
149
149
148
149
148
149
149
148
146
146
146
145
146
146
146
146
146
146
146
146
146
147
147
146
146
146
146
147
148
150
151
150
151
149
149
151
151
150
148
147
148
148
147
147
147
148
148
147
147
147
147
147
145
146
147
147
147
146
146
146
146
148
147
147
146
146
145
146
146
146
146
146
147
146
146
146
147
146
147
146
146
147
146
145
146
145
146
146
146
145
144
146
146
145
146
146
145
146
145
145
145
148
149
149
149
149
149
149
147
146
146
146
146
146
147
148
147
147
146
147
148
149
149
149
149
149
148
148
148
149
148
149
149
150
152
150
151
153
153
151
152
152
150
150
150
150
152
151
150
150
150
150
151
151
148
146
146
146
146
146
146
147
147
147
147
147
148
148
148
149
148
148
148
149
148
149
149
152
151
152
155
154
150
150
150
148
149
149
146
147
147
147
147
148
148
147
146
146
147
148
147
148
148
148
147
147
150
149
148
148
148
147
147
148
148
147
147
148
148
148
150
150
151
150
150
151
150
150
151
152
152
149
147
147
149
149
149
149
149
149
150
150
149
150
148
145
147
146
144
144
144
144
144
144
144
145
145
145
146
146
147
147
148
146
147
149
149
149
148
149
151
150
151
150
148
148
148
149
150
151
148
149
145
145
145
145
145
145
144
145
145
145
146
146
146
146
147
146
146
147
147
144
144
144
143
143
143
143
143
143
143
144
144
144
144
145
146
148
147
146
146
146
146
146
146
148
148
148
148
149
149
149
150
149
148
147
147
147
146
147
148
149
149
148
147
147
147
147
144
144
144
144
144
144
143
145
144
143
143
144
145
144
144
144
145
146
147
147
147
147
148
145
145
146
146
147
146
144
145
145
145
145
145
146
144
143
142
142
141
142
142
144
145
146
145
142
144
144
144
144
144
146
144
143
145
146
147
146
145
143
142
142
143
144
144
143
143
143
143
144
142
144
145
145
144
145
143
143
144
143
143
147
146
145
143
143
142
141
142
143
142
142
142
143
143
142
142
142
141
140
140
140
141
141
140
142
142
141
142
142
142
141
142
144
144
142
142
141
141
142
142
142
143
143
143
142
142
142
141
142
142
142
143
144
144
144
145
143
145
145
145
146
147
144
141
140
140
143
144
145
146
145
145
147
144
144
143
144
144
144
143
141
142
145
143
143
141
141
143
142
142
142
143
141
141
139
139
138
138
140
141
142
143
141
140
140
141
141
140
139
138
139
139
139
141
141
143
143
143
143
143
143
144
143
144
142
141
141
138
139
140
139
138
138
138
137
137
138
138
138
138
137
138
139
137
137
137
137
136
137
137
139
139
138
139
140
141
138
137
137
137
137
137
136
135
135
136
135
134
135
134
134
135
135
135
135
135
135
135
137
137
136
133
134
134
135
135
133
132
132
132
132
132
132
132
132
133
133
133
133
133
133
135
136
136
135
135
135
135
135
135
134
135
135
135
135
134
135
135
134
135
135
135
136
136
136
135
134
133
135
135
135
133
133
133
133
134
134
135
133
134
135
134
133
133
132
132
132
132
132
132
132
132
132
133
135
135
134
134
133
132
134
133
133
133
133
132
133
133
131
131
131
131
131
132
132
132
133
132
132
132
132
131
131
132
133
132
132
131
131
131
131
132
133
134
136
135
135
135
135
134
134
135
135
136
136
136
136
137
137
135
136
137
136
137
136
136
136
135
134
132
132
131
131
131
132
132
133
134
133
133
134
134
134
135
137
137
138
135
134
132
132
132
132
133
133
135
136
134
133
134
134
134
134
135
134
133
132
132
133
132
133
133
133
133
133
134
133
134
134
133
130
128
128
128
129
128
128
128
128
128
128
129
130
130
131
132
132
132
133
136
137
137
135
133
132
132
132
134
132
132
133
132
132
131
131
131
132
132
132
132
131
132
130
130
131
133
132
132
132
131
131
131
130
130
130
130
130
129
129
129
131
131
130
130
129
129
130
130
130
131
130
131
131
131
131
129
128
130
129
129
129
130
130
130
130
129
130
130
130
130
130
132
132
132
133
131
131
130
131
130
134
135
134
134
134
133
132
133
133
133
133
132
133
132
131
131
131
130
132
131
130
131
131
130
130
130
132
131
131
129
130
129
128
129
130
131
131
131
131
131
130
128
128
128
129
129
128
129
128
128
128
128
127
127
127
128
129
129
129
129
130
131
131
129
129
129
129
130
130
130
129
129
129
128
130
132
132
132
130
130
132
130
129
132
131
132
131
131
130
131
133
134
131
132
132
134
136
135
134
135
135
132
131
132
131
132
132
132
133
132
132
132
132
131
130
130
129
130
129
129
130
130
130
129
129
130
130
130
130
130
131
131
131
131
131
130
132
133
131
130
131
131
131
131
131
131
132
132
131
130
130
130
130
130
128
128
128
130
131
131
130
129
130
131
131
132
131
130
130
131
130
130
130
129
128
129
129
129
129
128
128
130
130
130
131
128
128
128
130
129
129
129
128
128
128
129
129
128
127
128
129
129
127
127
127
127
127
128
128
127
127
127
129
129
129
129
130
129
130
131
130
128
128
129
132
131
131
131
129
128
128
127
125
126
126
126
126
127
127
127
127
126
126
125
126
128
128
128
128
129
130
128
128
128
128
129
130
128
126
125
125
126
129
130
130
129
128
128
129
130
130
128
129
130
128
127
127
127
128
126
126
126
127
126
128
126
126
126
127
126
127
126
124
124
123
121
121
121
121
122
123
123
123
123
124
125
124
123
122
122
124
124
124
125
125
126
126
128
129
129
126
126
127
127
125
125
126
125
125
124
124
125
125
123
122
124
124
124
123
123
123
121
121
121
120
120
122
123
122
122
122
122
122
122
122
122
122
123
123
123
124
123
124
124
123
124
125
124
123
123
123
124
124
123
123
123
123
122
122
123
123
122
122
122
122
122
121
122
122
121
120
120
120
120
120
120
121
121
122
122
121
121
121
121
121
121
121
122
122
121
122
122
120
120
121
121
121
120
120
119
119
119
120
121
122
121
121
122
120
121
122
120
121
122
122
122
121
122
122
121
120
119
120
120
120
119
120
119
119
119
119
118
118
118
118
119
120
120
120
120
119
121
121
121
120
120
120
119
120
121
122
122
122
121
120
120
120
121
120
120
119
120
120
121
121
119
120
120
120
120
121
121
122
122
121
120
120
119
119
119
118
118
118
119
120
120
119
120
120
118
117
117
117
118
117
118
118
118
118
118
119
118
118
118
118
118
118
119
119
119
120
120
121
120
120
119
119
119
120
120
120
121
121
121
119
120
120
119
119
119
118
117
117
117
117
117
117
117
117
117
117
117
117
118
118
119
121
120
119
119
119
120
122
121
122
121
119
120
120
121
121
121
120
120
120
121
121
120
120
121
121
121
120
120
120
120
119
120
121
120
120
120
120
120
119
118
119
119
119
118
118
119
121
121
121
118
118
119
119
119
120
120
120
119
119
118
117
118
119
119
119
119
120
119
119
119
119
119
119
119
120
121
117
117
117
119
118
118
118
118
120
120
120
120
121
121
121
120
119
120
120
119
117
118
118
118
115
115
115
116
116
117
116
116
116
116
115
115
116
116
117
116
117
114
114
114
114
114
112
112
112
112
112
111
111
112
112
112
113
113
114
114
114
114
114
114
114
114
114
115
115
114
113
115
115
114
114
114
114
114
115
115
114
113
112
113
113
113
111
111
111
110
110
110
111
111
112
112
112
112
114
115
113
113
112
113
113
114
113
113
112
111
110
111
111
111
110
111
112
113
112
112
113
112
112
112
114
112
112
113
112
112
111
111
111
110
110
110
111
111
111
112
112
113
112
112
114
112
111
111
111
111
111
111
111
111
112
111
110
110
110
110
111
111
111
110
110
110
111
111
111
111
112
112
112
112
112
112
112
110
110
110
110
109
110
110
110
111
110
110
111
109
109
109
109
109
109
111
110
110
113
113
113
113
112
112
111
112
112
112
112
111
112
111
112
111
110
110
110
110
110
109
110
110
110
110
110
112
112
112
112
112
110
109
109
110
110
110
110
110
109
109
110
109
109
109
109
111
111
111
111
112
111
108
108
109
107
107
107
107
107
108
109
109
109
111
111
111
109
109
109
109
109
111
109
107
107
108
108
108
108
108
108
108
108
109
110
111
110
110
111
111
111
111
111
112
112
112
112
112
112
111
111
111
109
109
109
109
109
109
110
109
110
110
111
110
111
110
110
111
110
110
110
111
111
109
108
108
109
108
107
107
107
107
107
107
108
108
109
108
109
108
108
108
108
108
108
109
109
108
108
110
109
108
108
108
109
109
110
110
110
110
110
110
111
111
111
111
111
111
110
111
110
110
110
110
111
111
110
109
109
109
109
109
110
109
109
108
108
108
109
109
109
109
109
108
108
109
110
112
110
109
108
108
111
110
110
110
110
109
109
109
109
110
110
110
109
109
109
109
108
108
108
110
110
110
109
110
110
109
109
109
109
107
107
107
107
107
107
107
107
107
107
107
108
109
109
109
110
110
109
110
110
111
111
110
110
110
110
109
109
110
108
109
109
108
107
107
107
108
108
108
109
107
107
106
108
107
107
108
108
108
108
108
107
106
106
106
107
107
106
107
107
107
107
108
108
108
107
107
107
107
107
108
107
107
106
108
107
108
108
108
105
105
105
106
105
105
105
105
105
106
105
105
105
105
105
105
105
105
105
105
104
104
104
104
105
105
105
105
105
105
104
105
105
106
106
107
109
109
111
110
110
109
109
111
108
107
108
107
107
107
107
106
106
107
107
107
105
105
106
106
106
106
107
108
108
106
107
106
106
105
104
104
104
104
104
105
104
104
104
106
104
105
104
104
103
104
105
105
105
105
105
105
106
106
106
107
107
109
109
108
107
106
106
107
107
106
106
105
104
103
104
104
104
104
103
103
103
103
103
105
106
106
106
106
106
105
105
105
105
105
105
105
104
103
104
104
104
104
106
105
104
104
107
107
107
108
107
107
107
107
106
105
105
103
103
104
104
104
103
105
105
104
105
104
104
104
104
103
103
102
102
103
103
103
103
105
104
104
104
104
104
104
105
105
104
104
104
102
102
102
102
102
102
103
103
103
102
99
101
100
100
100
101
102
103
103
102
101
100
100
101
100
100
99
99
100
100
100
100
100
100
100
100
100
100
101
100
100
101
101
101
101
101
101
103
103
100
100
99
98
98
99
100
100
100
100
99
99
98
98
98
99
99
100
99
99
99
100
100
99
98
98
98
98
98
99
100
100
100
101
101
100
100
98
99
99
99
99
99
99
100
98
100
100
100
101
100
102
101
101
100
101
101
102
102
101
100
100
100
100
100
100
100
98
98
99
100
100
98
98
97
97
98
97
98
100
100
99
97
97
97
97
96
96
96
96
97
97
97
97
97
97
97
98
98
99
98
98
99
99
100
99
99
98
98
99
99
98
98
99
99
98
98
98
97
97
97
97
97
96
97
96
96
97
97
97
96
95
95
95
95
95
94
94
94
95
96
96
95
95
94
94
94
94
95
96
95
95
94
94
94
94
96
96
98
98
97
97
97
97
97
98
97
98
97
97
96
96
97
97
96
96
96
95
94
94
95
95
97
97
97
95
93
93
92
93
93
93
93
93
93
94
94
95
97
96
95
96
96
96
98
96
96
97
97
97
96
94
94
94
94
94
95
95
95
95
96
97
97
95
94
96
94
94
94
94
94
91
91
91
91
91
91
92
92
92
92
91
91
93
93
93
91
91
91
91
91
92
91
91
91
91
92
91
92
92
92
91
91
92
91
90
90
