0.00035137931034482766 0.00031724137931034486
300
294
287
284
280
276
275
271
269
269
269
270
270
267
265
266
264
265
263
262
257
255
255
254
253
253
254
257
255
255
254
252
250
249
249
250
248
249
249
249
249
250
250
250
248
249
247
249
254
254
255
259
259
258
259
255
255
253
253
249
250
252
253
252
251
248
246
246
244
244
247
248
247
246
247
249
251
251
252
253
253
254
253
253
254
251
251
251
250
250
250
249
249
249
248
246
247
246
247
243
244
244
245
244
244
244
245
245
244
244
245
245
245
245
246
244
244
245
243
246
246
246
246
246
246
245
245
244
245
245
243
244
242
242
241
242
241
243
241
243
242
242
241
243
241
243
241
246
244
244
244
243
243
246
245
244
242
243
244
245
243
244
242
241
241
241
241
242
244
243
242
244
244
244
243
243
241
241
242
242
239
239
238
240
240
240
241
241
239
240
241
242
240
239
239
237
236
237
239
239
238
240
239
238
239
240
240
239
238
236
235
235
236
236
232
234
234
235
235
234
234
234
234
235
235
237
238
236
237
240
239
239
240
239
241
240
240
240
238
235
234
235
234
234
233
234
234
236
237
237
235
233
233
234
233
232
233
234
234
233
234
235
234
232
231
232
233
234
234
232
232
232
233
230
230
233
232
232
232
231
231
231
232
231
231
231
230
235
235
236
235
234
235
233
233
232
231
231
231
231
232
232
231
231
230
231
229
230
232
232
234
232
234
234
232
234
234
234
233
232
231
231
230
232
232
232
236
235
235
235
235
235
235
234
233
232
232
233
235
235
232
232
232
232
232
233
235
237
236
237
238
238
237
237
238
237
236
237
237
237
236
236
238
239
239
237
237
236
235
235
233
234
235
235
235
236
235
234
237
237
236
235
235
234
234
234
233
234
232
230
229
228
230
230
229
230
231
231
232
232
231
231
230
231
233
234
235
236
238
238
233
232
232
232
231
231
229
227
231
232
231
230
227
227
227
226
223
223
223
223
221
221
220
221
222
223
222
221
220
219
219
220
222
222
222
222
223
225
223
221
222
220
221
220
221
220
220
220
223
222
221
218
219
218
219
219
218
215
214
216
219
219
220
219
218
219
218
220
220
220
219
218
219
219
221
222
220
220
220
219
221
222
222
223
222
222
221
222
224
224
227
224
223
223
222
223
221
222
223
224
223
224
223
223
225
223
225
224
222
222
221
220
221
223
224
223
222
222
222
222
224
223
223
222
221
221
217
218
219
219
218
218
216
217
218
222
220
217
216
217
218
218
218
218
219
220
220
220
220
218
217
219
218
220
221
224
223
223
223
225
226
226
222
221
221
221
218
218
218
216
216
216
216
216
215
215
214
214
215
216
218
219
220
219
218
220
221
219
219
222
219
219
218
216
217
217
216
215
215
215
215
216
216
214
213
214
218
219
219
218
217
217
217
217
218
218
218
219
220
219
221
222
225
226
224
222
219
219
219
218
219
218
218
217
217
217
217
216
216
216
218
214
215
215
215
215
214
218
219
219
218
218
218
215
215
214
213
214
214
213
213
213
215
213
214
214
214
214
214
214
214
214
214
214
214
214
213
212
212
213
213
214
215
215
217
220
221
220
219
220
221
221
221
221
220
221
221
221
219
218
218
220
217
216
215
215
215
214
215
215
214
214
215
216
217
216
216
217
218
220
219
219
220
218
217
218
217
217
216
215
215
218
218
218
218
217
215
213
213
214
215
212
215
214
213
214
213
214
216
216
214
214
216
217
215
212
214
213
214
216
217
216
215
214
213
213
213
213
213
213
213
212
214
215
214
215
214
214
216
215
216
216
217
217
216
217
217
218
217
218
217
217
216
217
217
216
216
214
214
214
213
212
215
215
215
215
215
215
214
215
216
217
216
216
215
215
216
217
217
217
217
217
216
218
217
215
215
213
213
213
214
215
214
217
217
217
218
217
218
217
218
219
220
216
218
217
214
212
212
212
212
211
211
212
212
212
212
213
214
214
214
214
211
212
212
213
214
215
216
216
216
216
215
214
215
214
215
215
215
216
217
216
212
211
210
210
209
210
210
211
211
209
209
209
210
210
208
210
209
208
206
207
209
209
208
208
209
209
209
210
210
208
207
207
208
209
209
206
205
206
207
208
206
206
207
208
208
206
207
206
208
209
209
210
209
209
209
209
208
208
209
209
213
212
212
211
209
209
210
210
211
212
211
211
212
211
211
214
210
210
211
210
210
210
210
210
210
210
209
209
210
210
210
210
209
211
211
213
214
215
214
215
215
215
215
214
215
215
213
212
210
210
209
208
208
209
211
211
210
211
211
211
209
208
209
209
209
208
209
210
210
210
209
209
208
209
208
209
210
210
209
209
209
211
211
209
209
206
205
206
205
205
205
206
205
206
206
206
206
206
206
208
207
208
209
208
207
210
207
208
208
206
208
210
211
210
207
208
209
210
210
211
212
212
212
210
209
207
206
206
205
205
205
206
206
205
204
204
203
206
209
210
210
209
209
209
207
209
209
207
209
207
207
207
207
207
207
208
208
206
206
205
205
205
206
204
204
204
201
202
203
204
204
204
204
203
202
202
201
201
203
203
202
201
202
201
200
200
201
202
203
201
200
200
201
201
202
202
202
203
202
203
202
202
202
203
203
202
202
205
205
203
206
206
205
204
204
202
205
205
204
203
205
206
207
207
207
207
207
207
207
207
208
209
207
206
204
204
204
205
205
204
203
202
203
204
204
205
206
205
204
205
205
205
203
203
203
204
204
203
204
204
203
203
204
204
204
204
203
203
204
205
204
201
200
202
203
204
205
207
205
205
204
204
204
203
204
202
201
201
200
203
200
199
198
200
199
198
196
196
196
196
196
196
201
201
201
200
199
200
200
200
201
200
199
197
198
198
198
198
198
198
197
198
199
198
198
197
198
199
198
195
196
198
199
198
198
199
197
198
196
196
198
198
200
199
199
198
198
197
197
195
194
196
195
195
196
196
197
196
198
198
197
196
196
196
195
195
195
197
198
197
197
198
197
195
197
197
197
199
196
196
197
197
198
198
198
196
194
194
194
194
194
194
193
193
192
194
195
193
194
193
193
194
192
194
194
193
194
196
196
195
195
195
192
193
193
194
194
194
195
195
196
196
196
195
195
195
196
195
193
193
194
194
195
193
192
191
192
192
193
195
192
192
193
193
196
196
195
193
194
193
194
193
192
192
192
192
192
192
192
194
195
195
196
198
200
197
198
197
195
196
196
197
197
200
198
196
196
196
195
196
195
195
194
193
193
192
191
190
191
188
188
189
188
190
188
190
188
188
188
189
188
188
188
189
188
188
191
191
191
190
189
188
187
187
187
187
189
190
190
190
191
190
189
189
189
188
187
186
187
189
190
191
191
188
187
187
189
189
190
189
188
187
188
185
186
187
185
184
184
186
190
188
186
186
188
188
188
187
186
187
185
185
186
185
183
183
183
183
183
184
184
183
184
183
184
184
184
183
184
183
182
183
185
184
185
185
184
185
185
186
188
187
187
187
190
189
189
190
188
187
187
187
186
186
186
185
185
184
183
184
185
185
186
185
183
183
184
184
185
184
184
184
182
183
183
183
184
184
184
183
182
183
183
184
185
187
186
188
186
186
187
189
188
186
189
188
188
190
186
186
187
185
186
183
183
184
183
182
182
183
184
184
183
183
183
182
183
183
184
183
184
184
186
185
184
184
182
182
181
181
181
181
182
181
180
180
180
180
180
180
180
182
181
182
182
184
185
182
182
183
183
182
183
182
183
182
181
183
183
185
184
184
184
183
182
182
182
182
182
182
183
184
186
185
184
185
187
190
190
191
187
186
184
184
183
184
184
186
184
183
184
185
188
186
186
188
188
186
186
186
185
184
182
181
181
181
183
183
183
185
185
186
184
185
184
186
184
185
182
183
183
183
185
183
182
182
181
181
182
183
184
186
186
185
186
185
184
184
183
181
182
181
182
182
180
178
178
179
180
179
179
179
178
177
178
178
178
178
178
178
179
178
179
179
180
180
180
181
182
183
183
183
186
186
186
185
183
184
182
184
184
185
186
186
186
186
188
188
189
189
188
186
186
186
186
185
184
184
183
182
182
181
182
181
181
180
181
181
180
179
179
179
179
178
178
178
178
180
179
179
177
177
177
177
177
177
177
178
177
177
177
177
178
178
178
179
178
179
178
181
180
179
180
182
180
181
181
180
180
180
179
179
179
179
182
181
183
183
182
182
181
182
180
180
179
181
183
182
181
182
182
180
180
180
179
179
179
181
182
183
182
183
184
188
188
187
186
186
185
185
185
183
182
182
182
183
182
182
181
180
178
178
179
178
179
180
179
179
179
180
180
180
180
180
180
180
181
181
180
179
181
183
183
184
183
185
186
186
185
185
186
185
186
185
185
187
185
185
183
182
181
181
184
184
186
188
187
186
184
184
183
183
183
183
185
186
185
184
185
187
186
186
185
184
183
183
183
183
183
183
184
183
181
180
180
180
177
176
177
178
177
176
176
175
175
175
175
176
179
178
178
179
179
179
179
180
180
180
181
181
181
179
178
179
179
179
180
182
182
181
180
180
180
179
177
176
177
178
176
176
176
177
179
180
180
182
179
179
180
180
181
183
181
182
182
182
181
181
180
180
181
179
181
183
180
179
180
179
178
180
180
180
180
179
179
181
182
182
183
183
182
183
184
184
186
185
184
184
184
184
184
185
187
186
184
184
183
184
181
181
181
180
180
180
179
180
182
181
181
181
181
181
182
181
179
180
178
179
183
182
181
180
179
179
179
181
182
181
180
178
178
177
177
178
178
176
175
175
176
178
177
176
176
175
174
175
176
177
175
174
174
174
174
174
175
175
176
176
174
174
173
171
174
173
175
172
173
174
174
175
176
174
177
177
177
176
174
174
175
175
175
175
176
174
175
175
176
177
175
175
177
177
177
178
178
178
178
177
177
176
176
173
173
172
172
171
172
174
175
175
175
174
175
176
176
176
177
178
177
177
173
172
173
173
173
172
172
175
174
174
174
173
173
173
175
175
176
175
175
175
174
174
172
172
172
172
172
171
173
174
175
174
174
174
173
173
173
172
173
175
175
174
173
173
175
174
173
175
174
175
174
175
172
171
171
171
172
172
173
174
175
174
174
174
174
174
174
174
173
172
171
171
171
173
173
174
173
173
174
174
174
175
175
175
173
173
175
176
177
174
174
173
174
173
172
174
173
173
174
172
171
172
173
174
174
174
174
174
174
173
173
174
175
176
174
173
172
172
172
173
173
173
171
171
168
168
168
166
166
166
166
166
166
166
165
166
166
166
166
166
168
166
167
168
168
168
168
167
169
170
170
170
171
170
167
166
166
169
169
169
170
170
170
170
170
170
170
170
169
166
168
168
166
165
167
167
168
169
169
169
168
168
169
169
169
167
167
168
168
169
168
169
167
167
167
167
167
168
169
168
168
169
170
166
166
167
168
169
169
169
170
169
171
172
173
173
171
171
173
173
173
173
170
170
169
169
171
172
173
172
172
171
171
171
169
167
168
169
167
166
168
169
171
171
169
167
166
166
167
167
168
168
167
166
167
167
167
168
167
168
167
168
168
168
169
167
169
169
169
168
166
166
166
168
166
166
167
167
166
165
165
165
165
165
165
166
167
166
166
165
165
165
166
166
167
165
165
164
165
164
164
165
165
164
165
167
167
167
167
167
168
167
166
165
165
164
165
165
163
164
164
163
163
163
163
163
164
164
165
165
165
165
164
165
164
163
163
163
164
163
163
165
166
167
168
167
167
167
167
165
164
163
163
164
163
163
164
165
165
167
166
164
164
165
166
165
165
166
165
164
163
162
162
163
161
161
161
164
164
165
165
165
164
164
163
166
165
165
166
165
165
165
165
166
165
165
165
165
166
164
164
164
165
166
166
166
168
166
166
166
166
165
164
164
164
165
165
165
164
165
165
166
166
165
163
163
164
164
164
163
162
162
161
160
159
162
162
163
162
162
162
163
164
163
163
163
162
161
161
162
165
164
163
163
163
163
163
164
164
166
164
165
164
164
164
165
167
166
166
164
165
164
164
165
164
163
162
161
162
163
164
165
165
165
165
164
163
164
164
162
162
162
162
164
165
165
166
168
169
168
168
168
167
168
168
167
168
169
166
166
165
165
165
167
167
169
169
168
169
168
168
167
167
168
169
170
169
167
168
166
166
166
166
166
166
166
168
169
169
169
167
167
168
168
167
168
168
168
170
171
171
169
167
168
167
168
168
166
165
165
167
167
166
166
164
164
165
165
164
164
164
167
166
166
166
166
165
166
165
165
164
163
163
163
162
162
161
161
161
161
160
160
161
160
161
161
162
162
162
161
161
161
161
161
161
161
162
160
160
160
162
162
165
165
165
164
163
163
163
160
160
160
159
159
159
160
160
159
159
159
159
158
158
158
158
157
157
158
156
156
155
156
156
156
156
156
156
157
162
163
162
160
160
162
163
164
160
160
161
160
161
161
161
161
161
164
167
166
166
165
166
166
167
168
169
167
169
169
168
167
167
165
165
166
166
167
168
168
166
166
167
167
167
167
166
166
165
165
166
166
168
167
167
166
166
166
168
167
167
167
165
167
168
167
166
166
166
166
168
169
169
168
167
166
165
165
164
164
164
164
165
169
168
169
167
166
167
169
168
167
167
167
167
166
165
165
165
164
164
165
165
165
166
167
167
166
165
164
164
162
161
161
162
163
164
163
164
165
165
165
167
166
165
165
166
166
166
165
165
163
163
162
160
163
163
162
160
160
160
162
163
162
161
161
161
161
161
162
161
162
162
161
161
162
162
163
164
162
160
160
161
163
164
162
161
159
157
157
157
157
157
157
158
157
158
160
159
161
162
163
164
162
164
163
163
162
162
159
158
158
158
158
158
160
159
159
158
159
159
159
158
159
158
158
157
158
157
158
158
158
159
159
158
159
159
160
161
159
159
160
159
161
160
160
161
158
157
157
158
157
156
157
156
156
155
155
156
154
154
155
155
156
154
153
153
153
152
154
153
155
154
154
154
153
154
154
154
153
154
154
154
154
154
153
152
153
154
155
153
155
155
154
154
154
154
154
154
154
154
154
154
153
155
156
156
157
156
154
154
154
153
153
153
153
153
150
150
151
153
153
154
151
150
151
152
151
151
151
154
151
152
154
155
155
156
155
154
152
152
152
152
152
154
154
155
156
155
155
157
154
152
152
153
152
151
151
152
152
152
151
152
151
150
151
151
151
151
151
152
152
150
150
150
150
151
151
151
151
151
151
152
152
152
153
152
152
153
152
151
152
152
152
153
153
154
153
151
151
152
152
152
152
153
153
152
153
154
154
153
152
152
152
151
151
151
151
152
152
153
151
151
151
150
151
153
153
153
152
151
149
150
150
150
150
149
148
148
148
148
151
151
154
153
152
152
153
153
153
156
155
152
149
151
151
151
151
151
151
150
150
150
150
150
151
151
150
150
151
154
152
149
148
148
149
148
147
147
148
147
148
149
149
150
148
150
150
149
149
148
148
147
145
145
145
146
146
147
148
149
151
151
150
150
150
149
150
150
150
150
151
149
149
149
149
150
150
151
151
149
150
151
151
151
152
151
151
151
151
152
153
155
155
154
155
155
153
151
151
152
153
154
155
155
155
154
154
154
155
152
153
153
151
152
150
149
149
150
149
149
149
149
149
150
150
150
148
148
148
148
149
150
149
148
149
148
149
148
148
148
149
149
147
145
147
146
147
146
147
147
148
149
148
148
148
150
148
149
147
146
147
147
147
147
149
149
149
149
149
150
150
148
146
146
147
147
148
148
146
146
146
144
146
146
146
146
147
148
146
148
149
149
149
149
150
150
150
150
148
148
148
148
151
153
150
151
152
151
150
150
149
149
150
149
149
149
150
148
145
145
145
145
145
146
146
148
148
149
149
148
150
150
150
149
151
152
151
151
149
149
149
149
148
149
149
150
148
148
148
148
149
150
149
150
150
151
149
149
148
147
148
148
147
146
146
146
146
146
147
147
148
149
148
148
149
147
146
146
146
148
148
148
148
148
147
149
149
148
148
147
146
145
146
146
146
145
145
145
146
145
145
145
146
146
147
147
146
146
146
146
145
145
146
146
146
144
144
145
146
146
146
146
147
147
146
146
147
148
149
148
148
149
149
149
149
148
148
149
149
150
151
149
149
149
149
148
148
148
147
147
147
147
145
145
146
146
146
145
145
147
148
147
148
148
148
146
146
146
146
147
148
148
146
146
145
146
146
147
147
147
147
145
145
144
145
145
145
145
142
143
145
144
143
143
145
145
146
148
149
149
146
146
148
150
149
149
148
148
150
150
148
147
147
147
148
148
148
148
149
150
150
149
150
149
149
148
147
148
146
145
145
145
146
147
147
146
146
147
148
149
148
148
147
147
147
146
146
146
145
146
146
148
145
144
144
144
144
142
144
144
145
147
145
144
144
144
143
144
145
146
146
145
145
146
147
146
146
147
148
148
145
145
145
144
144
141
140
140
140
140
141
141
140
140
142
144
144
144
144
143
143
142
142
141
142
142
143
143
144
144
144
147
149
151
149
148
148
146
146
147
147
146
145
144
143
144
145
146
146
143
142
143
143
142
142
143
143
143
143
143
144
144
145
146
145
146
145
144
144
143
144
145
145
145
144
145
146
146
147
145
146
145
144
146
146
147
144
145
144
144
144
142
142
143
141
141
141
141
143
142
144
144
144
146
145
143
145
144
145
147
145
143
144
141
141
141
142
141
141
144
143
143
144
142
141
141
141
140
139
139
139
139
139
139
139
139
139
139
139
139
140
141
142
143
144
144
145
144
142
142
142
142
142
141
141
141
140
140
139
139
139
139
138
138
139
139
139
139
137
137
137
137
137
137
137
137
137
137
137
138
139
139
140
140
141
141
143
143
144
143
143
145
144
143
144
144
144
142
140
139
139
139
140
141
140
140
140
140
139
139
140
140
140
140
138
138
139
140
141
141
141
141
142
140
140
140
141
141
144
144
144
143
143
142
141
142
142
141
140
141
141
141
141
142
145
143
142
143
144
144
144
144
144
144
144
143
143
143
142
142
142
142
141
142
142
142
143
142
141
144
145
142
144
145
145
143
140
141
140
140
140
141
141
141
142
142
141
142
143
141
142
143
143
143
143
144
144
145
144
145
144
144
145
146
146
145
145
145
145
147
147
147
146
148
147
149
146
145
146
146
147
147
148
148
149
149
150
147
148
148
146
147
147
146
148
148
148
148
149
150
151
150
150
150
150
149
146
146
147
147
147
148
149
151
151
151
151
150
151
152
155
154
154
154
154
155
155
153
154
156
155
156
156
155
154
152
151
149
149
150
149
150
147
146
147
148
148
147
147
148
148
149
148
147
147
147
147
145
147
149
148
150
151
149
149
148
149
148
147
147
145
144
144
143
143
141
141
142
143
143
142
142
141
140
141
141
141
142
143
143
143
142
142
142
142
141
142
142
144
144
146
145
145
146
145
146
148
145
143
143
144
146
147
144
143
143
142
142
141
141
142
142
142
140
141
142
142
141
141
142
141
140
140
139
139
139
139
139
139
140
141
141
140
138
137
137
138
138
140
141
142
144
144
143
141
140
140
141
142
141
141
141
143
140
140
140
142
143
144
141
140
139
139
140
140
139
139
139
139
140
140
140
140
140
141
143
143
140
140
140
141
142
142
142
142
142
142
142
144
145
144
145
145
145
143
143
142
143
143
143
144
143
143
144
144
144
143
143
144
146
147
146
144
144
144
144
145
142
142
144
144
145
145
145
145
144
144
144
144
146
148
148
148
147
147
144
144
144
146
146
145
146
146
145
144
144
144
144
142
144
143
143
143
144
144
146
144
144
141
140
140
140
140
139
140
139
139
138
140
139
139
139
139
139
140
140
141
141
142
139
138
137
137
139
139
138
138
137
138
138
138
138
138
141
139
140
141
142
143
143
143
142
142
142
142
142
143
140
141
140
138
138
138
138
138
138
139
138
138
139
137
136
136
136
136
136
137
139
139
141
142
141
140
139
139
138
140
141
141
141
143
143
144
143
143
140
140
140
139
139
140
141
142
142
142
143
143
143
144
144
142
144
142
142
141
141
141
139
139
139
138
138
137
136
138
139
137
136
137
137
139
139
139
139
138
138
139
138
138
138
138
137
137
137
137
137
138
139
139
139
139
139
140
140
140
139
139
139
139
139
139
138
138
138
139
137
138
138
139
137
135
134
133
134
135
139
138
138
137
137
137
136
135
135
135
135
135
135
136
134
134
135
137
136
136
137
136
135
135
136
136
136
136
137
138
140
139
137
137
137
137
137
137
138
137
138
137
137
137
137
137
137
136
135
135
135
138
137
137
139
138
138
138
138
137
137
137
136
136
136
136
134
136
135
134
134
135
135
135
135
135
135
136
136
136
138
137
136
136
137
138
139
139
138
138
137
136
137
135
136
136
135
135
135
135
135
133
133
133
133
133
133
133
133
133
133
133
132
133
134
134
134
133
133
133
131
131
131
132
133
133
135
136
136
137
135
135
137
137
136
138
138
137
136
136
135
134
134
134
135
133
132
132
132
131
133
134
135
133
133
133
131
131
132
132
132
132
134
134
134
134
132
130
130
131
131
130
131
131
130
131
132
132
132
133
132
134
131
131
131
131
131
130
131
132
133
132
133
130
130
130
130
131
130
130
130
133
132
130
130
130
130
132
131
131
134
132
132
132
131
132
132
131
133
132
131
132
132
133
136
134
134
134
132
133
132
130
132
131
129
129
129
132
132
131
130
128
128
128
128
128
127
127
127
127
127
127
127
127
128
128
128
129
129
129
128
128
129
130
131
132
130
131
132
130
132
134
134
134
132
133
133
133
130
129
130
129
130
131
131
131
129
127
127
129
129
129
129
129
129
129
130
130
130
130
132
132
132
131
132
131
131
130
131
129
129
129
129
129
129
131
131
129
128
129
128
127
127
127
128
128
129
131
131
131
130
132
131
131
131
131
129
129
127
127
129
132
129
128
128
129
132
132
131
130
130
128
128
128
128
128
127
126
125
126
127
127
128
128
127
127
127
127
127
126
127
127
128
129
127
127
128
127
127
127
128
128
128
126
126
126
126
127
128
128
128
128
127
126
126
126
125
129
129
126
127
129
127
126
125
125
128
130
130
130
131
130
128
128
127
127
127
128
126
127
127
128
126
126
126
126
126
125
125
125
128
128
129
129
130
130
130
127
126
127
127
127
125
125
125
125
123
123
123
126
126
124
123
123
124
125
124
124
124
124
124
125
124
124
123
122
123
123
122
123
123
123
123
124
