0.0005562068965517242 0.0009658620689655174
300
296
289
283
277
277
274
272
273
268
264
260
259
255
253
251
249
249
248
246
248
248
248
246
244
246
243
238
237
237
237
237
237
237
229
227
227
229
228
228
229
229
229
229
229
227
226
224
222
222
223
222
222
221
224
222
221
221
221
221
221
220
217
215
211
208
207
205
203
203
202
202
203
205
207
208
208
210
210
210
207
205
205
204
206
204
202
201
202
202
201
200
200
198
198
198
198
199
198
198
197
195
193
192
192
190
193
194
196
200
199
198
201
200
199
199
198
197
195
192
191
191
191
190
190
190
189
189
189
190
191
191
192
191
192
191
191
189
189
190
191
191
191
190
189
190
190
191
190
190
190
189
190
191
191
191
191
192
194
195
195
194
196
194
195
193
190
190
189
189
189
192
192
192
191
190
191
191
191
192
193
193
192
192
193
189
188
190
192
190
190
192
192
188
188
188
187
188
189
190
193
193
191
191
188
189
190
188
190
190
191
191
191
192
192
192
191
191
190
189
191
190
190
187
187
188
189
192
192
192
190
190
191
191
191
191
191
191
193
193
192
189
189
189
191
190
190
191
189
189
188
188
188
186
186
186
185
186
186
186
188
190
191
191
189
189
189
187
189
189
189
186
186
186
186
187
185
188
186
187
185
183
183
184
184
182
182
183
183
182
181
181
183
182
182
183
182
183
182
181
181
183
182
181
182
183
185
185
186
184
182
183
182
182
184
182
182
183
183
183
184
184
184
184
181
180
181
182
182
180
180
180
180
181
181
181
181
181
180
180
181
180
181
178
179
179
178
178
177
178
179
177
177
177
177
176
176
177
178
179
181
182
181
182
182
182
182
183
181
182
181
181
182
182
182
181
181
180
182
182
184
185
185
181
181
182
183
184
183
185
181
182
183
183
183
181
182
183
182
182
184
183
181
180
178
177
178
177
178
178
178
176
177
178
178
178
178
178
177
177
177
177
179
179
178
178
179
179
179
178
178
177
178
178
179
181
181
182
182
183
181
180
179
179
178
178
180
181
179
178
177
178
178
179
177
177
177
175
175
176
177
176
176
176
177
176
176
177
178
179
178
178
178
178
180
179
178
176
176
176
176
175
173
173
175
175
174
176
178
177
180
180
179
178
177
177
179
179
179
178
179
177
177
177
178
177
175
175
178
178
179
179
180
181
181
178
178
177
179
178
178
178
178
178
179
177
177
176
177
177
176
177
177
177
179
179
178
178
178
181
180
180
180
178
178
178
179
179
180
180
178
178
176
177
177
179
175
175
174
174
174
174
174
174
175
175
175
173
172
172
172
173
173
174
175
173
172
171
173
173
173
172
171
169
169
170
171
171
172
172
172
172
174
175
175
176
176
177
176
176
175
174
176
177
176
175
173
173
173
171
173
173
174
174
175
174
176
175
176
176
175
176
176
174
175
178
178
180
179
180
178
177
175
174
174
175
174
170
171
172
172
172
175
173
172
171
169
169
169
167
166
167
166
168
167
168
165
165
167
167
168
168
168
168
168
168
170
170
169
168
167
167
167
168
168
168
169
170
170
171
171
173
174
175
177
176
175
172
172
176
175
177
176
175
175
176
175
174
173
170
172
172
172
173
175
174
175
175
175
174
172
173
172
172
172
172
173
173
173
174
173
174
174
173
173
171
170
168
169
169
171
172
172
171
172
170
169
169
170
169
168
167
166
166
166
167
168
166
167
167
166
165
165
165
164
162
162
162
163
165
165
165
163
162
163
163
163
163
165
166
166
165
164
164
163
165
168
168
168
166
167
165
163
163
162
162
164
164
165
167
166
167
166
167
168
168
169
168
170
170
168
167
165
166
167
167
167
167
166
165
162
163
163
161
162
161
162
164
163
163
162
161
162
161
161
161
161
160
160
159
157
158
161
160
161
160
159
159
156
156
156
154
154
154
155
156
156
156
156
156
157
156
155
155
155
155
156
156
157
158
160
160
159
159
159
161
161
161
161
161
163
165
164
165
163
164
165
165
163
163
161
161
161
161
162
160
160
160
161
161
161
162
163
160
159
158
159
160
160
160
158
159
158
159
158
158
157
155
155
156
156
157
158
158
158
159
158
156
157
157
158
157
158
156
157
157
157
157
156
156
156
156
157
157
157
157
154
155
154
155
157
158
161
161
160
161
163
162
161
160
159
159
159
159
159
160
160
159
158
157
160
160
161
161
158
156
157
159
159
158
157
158
157
157
155
155
156
156
154
154
156
156
155
156
159
158
159
157
157
157
158
157
157
156
156
156
156
154
154
154
154
154
157
158
157
158
157
157
156
154
154
154
156
155
155
155
155
154
156
156
157
158
158
158
158
157
158
159
158
157
157
157
155
155
155
155
154
156
157
158
158
156
155
157
156
156
154
153
153
153
154
153
155
156
157
156
155
156
157
159
161
160
161
161
159
161
161
161
161
161
160
160
160
160
157
161
161
163
161
160
160
159
158
157
157
158
158
158
159
160
162
162
162
162
162
162
164
165
164
162
160
159
158
157
155
155
154
155
153
153
153
152
151
150
149
148
149
152
153
153
155
156
157
154
153
153
152
151
153
153
154
155
154
153
152
153
154
154
155
154
154
156
154
155
155
155
154
155
155
155
155
155
155
155
156
157
159
157
155
155
149
149
150
151
152
152
151
150
149
149
149
149
150
150
150
150
150
151
152
150
151
152
152
151
152
150
151
151
153
153
154
155
155
155
155
154
152
152
154
153
151
151
151
151
153
152
152
151
151
151
153
154
154
153
150
151
149
150
150
152
153
155
155
156
156
155
155
154
154
153
154
152
150
154
155
155
154
153
151
150
150
151
152
153
150
150
149
149
149
149
149
149
149
149
149
149
149
151
151
152
152
152
152
152
152
151
150
149
146
146
146
145
144
145
145
146
146
148
148
149
148
147
146
143
143
143
145
145
146
146
145
146
143
143
145
145
146
146
146
146
145
143
144
144
144
144
145
145
143
141
141
141
141
143
143
143
144
146
146
145
147
147
147
148
147
147
147
146
146
146
143
144
144
143
143
143
143
142
144
145
145
146
145
145
145
145
145
145
145
145
145
146
147
148
148
150
148
149
148
147
148
147
145
147
147
147
145
144
144
144
145
145
145
145
146
145
145
145
145
143
143
143
144
143
144
144
144
144
146
144
145
144
144
144
144
144
143
143
142
142
141
140
141
141
141
142
141
142
143
142
142
141
141
141
142
142
142
143
143
143
144
143
144
144
144
147
145
146
146
146
148
147
147
147
146
144
144
144
144
144
144
143
143
145
144
143
146
146
146
145
145
145
145
145
144
143
143
144
146
146
147
148
146
144
143
143
143
144
145
145
146
145
144
143
143
142
142
142
144
145
147
146
147
148
148
149
148
147
143
141
141
141
141
140
140
140
141
144
143
143
142
142
142
142
142
142
143
143
143
142
141
141
143
143
144
148
148
147
148
147
147
148
149
148
148
148
147
148
145
145
146
146
146
145
144
144
144
145
144
144
144
144
142
142
141
142
142
144
143
144
145
144
140
141
141
140
141
141
142
142
142
141
142
141
141
140
141
143
143
144
144
145
143
144
144
140
140
139
139
139
139
139
140
141
141
140
140
141
143
144
144
145
144
144
145
146
146
144
144
145
145
145
145
145
143
143
143
144
144
143
144
142
143
144
144
144
145
145
144
146
145
144
145
144
144
143
143
142
143
143
143
142
141
143
143
144
144
144
144
144
142
142
143
142
141
141
140
140
142
143
144
145
145
144
143
142
140
142
142
142
143
143
143
144
145
146
144
145
144
144
144
146
146
146
146
146
145
146
146
146
145
145
145
143
142
142
143
142
142
140
140
140
141
141
143
143
141
141
141
141
142
143
143
144
146
144
144
143
144
142
144
144
144
143
145
145
145
145
145
143
142
141
142
142
142
144
146
147
145
143
143
142
142
143
144
144
145
145
145
146
147
148
152
153
151
151
150
149
149
150
148
147
146
144
145
145
144
143
144
145
147
146
145
143
143
142
142
144
143
144
146
147
146
145
144
143
144
147
146
145
145
141
141
141
141
144
143
146
146
146
145
147
145
142
142
142
143
141
141
139
139
140
141
141
140
140
141
139
137
136
137
137
137
135
135
136
136
135
136
137
135
136
136
139
139
139
139
139
140
141
138
140
140
140
139
139
139
138
139
139
140
140
138
138
138
137
137
137
136
138
138
139
139
139
137
136
136
135
135
136
137
137
137
136
138
138
138
137
138
138
138
137
136
138
139
138
138
138
138
137
138
140
140
139
139
139
137
139
139
142
142
139
138
138
139
139
139
141
141
140
138
138
139
139
139
140
140
140
141
141
138
138
137
137
137
138
139
140
140
140
140
140
140
141
139
140
139
139
140
140
141
141
141
140
139
139
140
138
137
136
136
136
136
136
140
140
138
140
140
138
137
135
135
134
132
132
132
132
132
132
133
133
135
134
134
135
135
135
134
133
132
131
132
132
132
132
132
133
133
135
135
135
134
132
132
133
134
135
136
137
136
136
137
136
137
136
139
139
138
139
139
139
139
139
139
138
139
139
140
140
139
137
136
138
137
137
137
136
137
137
137
135
134
134
132
132
133
133
136
136
136
135
134
134
135
135
133
133
133
133
132
132
132
131
131
129
131
131
131
132
132
133
134
134
132
132
133
133
132
133
135
135
134
134
136
136
136
135
135
132
130
130
131
132
132
132
134
134
135
132
134
134
135
134
134
134
133
133
134
135
137
136
136
135
135
134
131
130
131
131
132
131
134
135
136
135
133
134
135
136
136
136
134
132
133
132
131
132
132
131
130
131
132
132
131
133
134
135
135
136
134
134
133
134
135
134
134
135
135
135
134
133
131
132
133
133
134
134
135
134
134
134
134
135
134
134
132
134
133
133
135
135
135
135
135
134
134
135
135
135
137
138
136
134
133
134
133
133
133
135
133
132
132
131
130
131
131
127
127
127
127
129
130
129
129
129
129
128
129
130
130
130
131
131
132
132
132
132
133
133
133
135
131
130
131
131
132
132
131
131
130
130
130
130
131
132
133
131
131
130
130
130
130
130
130
131
131
131
132
132
132
133
133
133
133
132
131
132
131
131
132
132
130
130
131
131
130
128
128
129
131
131
132
133
133
133
131
131
132
134
134
134
135
135
135
137
138
141
141
141
140
140
140
140
140
139
140
138
139
138
137
137
137
135
135
135
135
135
135
135
136
137
140
140
140
135
134
133
133
134
132
131
131
131
131
131
132
132
132
132
132
132
132
132
131
131
133
134
134
131
130
128
128
128
128
129
129
129
129
130
131
134
132
132
133
133
133
135
135
133
134
134
136
138
139
139
139
136
136
136
137
135
135
135
135
133
133
133
132
133
132
132
132
132
132
132
132
133
133
134
134
136
135
134
133
130
130
130
130
129
127
128
128
128
129
127
129
130
130
130
132
131
132
132
133
133
134
134
134
135
133
132
130
131
130
130
128
128
128
128
129
129
130
129
129
130
129
128
127
126
127
125
125
127
126
126
126
127
127
125
125
124
124
124
124
125
126
125
124
124
126
122
122
123
123
124
125
126
126
127
126
127
126
125
127
127
126
125
126
126
127
128
128
129
129
129
129
130
130
130
131
134
134
133
134
133
135
132
134
134
134
134
134
132
131
132
132
131
130
130
129
129
127
127
126
125
125
125
125
124
123
124
124
123
123
124
125
124
126
127
126
127
127
127
127
125
123
124
123
123
123
123
123
123
123
122
122
122
124
125
125
124
123
125
125
126
125
127
126
125
125
125
126
127
127
127
127
128
127
127
128
127
126
126
126
126
126
125
126
124
124
124
123
125
124
124
126
126
127
127
125
124
123
122
122
122
123
123
123
124
125
124
123
123
123
123
122
123
124
123
123
124
123
123
123
124
121
122
121
122
124
122
121
123
122
122
123
122
122
122
121
121
121
120
119
119
119
119
120
119
119
121
121
120
120
122
123
123
123
121
119
119
120
120
121
122
121
121
122
121
121
120
119
121
122
121
121
122
121
120
120
120
120
120
121
121
121
123
123
124
125
124
125
125
124
124
124
125
126
124
123
123
122
121
121
122
122
122
122
123
123
123
122
121
123
126
127
127
128
128
127
127
127
126
126
126
126
126
126
126
126
126
124
124
124
125
125
128
127
126
127
124
123
122
123
123
123
123
121
119
118
118
119
119
119
119
119
119
119
119
120
120
121
121
120
121
121
121
121
122
121
120
119
119
119
119
118
118
118
117
118
118
118
117
117
116
117
120
123
123
125
128
129
128
128
130
129
125
125
125
124
125
127
128
127
127
128
128
128
127
127
125
125
124
123
124
126
125
128
128
126
127
127
126
123
124
125
125
126
127
125
125
124
123
122
122
122
121
121
121
122
126
125
126
127
128
129
128
126
126
125
124
123
123
122
123
123
124
124
122
121
121
122
122
122
123
122
123
123
123
122
125
124
125
124
125
125
124
125
125
124
124
125
126
125
124
123
123
124
124
124
123
123
124
125
124
124
124
123
123
124
125
123
121
122
122
121
121
120
120
120
120
120
120
121
120
120
120
119
121
122
122
123
123
123
123
124
124
121
120
120
120
121
120
119
119
119
119
119
119
119
120
120
120
119
120
120
119
119
120
120
121
119
120
122
121
122
122
123
122
122
123
122
123
123
122
122
121
121
123
124
124
122
123
123
123
122
122
122
124
123
121
120
121
121
121
121
122
122
121
120
121
120
119
118
120
122
122
123
124
125
125
124
124
125
125
125
124
123
124
124
124
125
125
125
125
125
126
125
124
123
121
120
119
119
120
121
119
119
120
121
121
120
120
120
119
119
119
123
124
124
124
124
122
122
120
120
119
120
121
120
120
121
123
124
121
122
122
122
122
122
122
122
121
121
122
122
123
123
120
120
120
118
118
118
118
120
119
122
123
121
121
118
119
119
118
119
116
116
116
116
117
116
117
116
116
116
117
117
116
114
114
115
117
117
119
119
119
120
119
118
118
118
119
118
119
119
120
119
116
118
115
116
116
115
114
115
116
116
117
117
116
116
116
115
114
113
112
112
111
112
112
113
112
113
113
113
111
111
111
111
111
111
111
111
112
112
112
112
112
111
112
113
112
112
112
114
113
113
112
113
113
113
113
115
115
116
114
115
115
114
114
115
113
113
112
114
114
112
112
112
112
112
112
112
112
112
112
111
113
112
113
113
113
114
114
114
113
113
113
113
113
113
113
113
113
113
113
113
113
112
112
112
111
110
110
110
111
111
110
111
112
112
113
113
113
114
114
115
114
115
115
114
113
113
113
114
114
116
116
118
119
119
119
118
117
117
118
118
119
118
119
119
119
118
118
118
117
117
116
115
115
116
114
114
114
115
114
114
113
113
114
112
113
114
114
114
115
115
116
116
116
116
116
116
116
116
116
115
115
115
115
115
115
114
115
116
116
115
117
118
120
121
121
121
121
121
121
120
120
120
120
120
120
120
120
121
123
123
123
124
122
122
120
120
119
119
118
118
118
117
115
115
114
114
114
114
114
114
113
115
115
117
118
119
119
119
118
118
119
117
116
116
115
114
116
116
116
116
116
114
115
115
111
112
112
111
112
112
113
114
112
111
111
112
111
111
112
113
112
113
113
113
113
114
114
114
115
114
115
115
115
114
113
113
114
113
113
112
113
116
115
115
116
115
115
115
116
115
115
115
117
116
116
114
113
114
115
115
115
115
115
115
115
115
115
114
113
111
113
113
113
113
114
113
114
114
114
115
116
116
116
115
114
115
115
115
115
116
115
115
114
113
114
113
112
114
114
113
113
115
115
117
118
119
119
118
118
118
118
117
117
117
117
117
117
116
115
115
116
117
117
119
120
119
119
119
119
118
117
117
116
117
117
118
117
118
118
117
117
118
117
117
119
119
119
118
116
116
116
116
115
118
119
119
119
118
117
116
116
117
116
116
116
114
114
114
114
115
116
116
117
116
115
115
115
114
114
114
115
113
113
114
114
115
112
112
112
111
111
111
111
111
111
112
112
113
113
112
113
114
114
115
115
115
113
114
113
113
113
115
115
114
114
114
115
115
115
114
114
114
114
113
113
112
113
113
113
113
114
114
114
111
110
110
109
109
109
109
109
110
110
109
110
110
111
111
110
110
109
109
111
112
112
111
113
114
112
112
112
112
111
111
111
111
112
112
113
113
113
113
115
115
115
115
116
116
117
117
117
117
117
117
117
118
120
121
122
121
118
118
119
118
119
120
120
118
118
118
117
118
115
116
115
115
118
118
118
118
117
117
117
116
115
114
113
112
112
113
113
112
112
112
113
113
115
115
115
116
117
112
112
112
114
114
113
113
112
110
110
111
113
113
113
113
114
115
113
113
113
111
112
112
112
113
114
114
113
114
112
112
112
113
111
111
111
112
110
110
110
110
109
109
110
108
109
110
109
108
107
107
107
107
108
107
108
108
109
109
109
109
109
109
108
109
109
108
107
107
107
107
107
108
109
108
108
109
109
107
106
106
106
107
109
108
109
109
109
109
109
108
109
111
111
111
109
109
109
110
112
112
112
113
114
115
113
115
114
113
111
111
111
111
110
109
108
108
107
107
107
107
107
107
107
107
106
106
107
108
108
109
109
109
108
108
110
111
110
111
110
109
109
111
113
113
114
115
116
115
114
115
115
116
117
114
112
112
111
110
110
108
108
108
107
108
108
107
106
108
109
109
109
111
111
112
112
111
111
111
110
109
108
108
109
109
110
111
112
112
112
111
111
111
110
109
109
109
108
107
107
107
107
107
108
108
108
108
108
107
108
109
110
109
109
110
110
112
112
111
112
113
113
115
115
115
115
116
115
115
114
113
111
109
110
110
110
111
110
110
112
113
112
112
112
111
111
108
108
108
109
108
107
108
107
107
106
106
106
106
106
107
107
108
108
109
110
109
109
110
109
110
110
108
108
107
108
108
109
110
111
110
110
110
110
109
108
107
107
107
108
107
109
109
111
110
109
109
108
110
110
111
110
110
110
111
112
112
113
113
112
112
112
110
109
109
108
109
110
110
109
109
108
107
106
106
107
106
105
104
105
106
107
107
108
108
108
107
105
105
106
107
107
107
106
106
103
103
103
103
103
102
102
102
103
104
104
103
103
102
103
102
103
103
103
103
103
103
103
103
104
105
105
106
108
108
108
108
107
108
108
109
108
109
109
109
109
109
109
108
107
107
107
107
104
104
104
105
106
107
106
107
107
108
107
107
106
107
105
104
105
106
106
108
108
108
108
108
107
107
107
107
107
107
107
106
105
106
107
107
107
107
108
109
110
110
109
110
112
112
112
111
109
109
109
108
108
107
107
106
106
105
105
105
105
104
104
105
105
104
103
103
106
106
107
106
106
107
107
107
106
106
105
105
105
105
103
104
104
107
105
105
106
106
104
107
107
107
106
108
108
107
107
107
109
108
108
108
107
105
104
104
104
106
106
106
105
104
104
104
104
104
104
104
104
104
104
104
104
104
104
105
105
106
107
107
107
107
107
108
106
106
106
106
106
106
107
108
106
106
107
108
108
107
109
106
107
108
107
106
107
106
106
107
109
110
110
111
110
109
110
110
110
110
109
109
110
108
109
109
109
109
108
108
108
108
109
108
105
105
105
105
105
105
106
107
108
107
109
109
107
107
108
108
109
108
108
109
109
108
108
108
108
106
106
107
108
108
107
107
106
106
107
107
108
109
108
107
107
107
108
108
108
109
109
109
107
107
108
106
107
106
106
108
109
109
108
107
106
107
108
108
108
108
108
108
108
109
108
106
107
106
106
106
106
107
106
104
104
104
104
106
107
107
106
106
104
104
104
104
105
106
106
106
105
105
105
105
106
105
104
104
104
105
103
103
103
104
104
103
104
103
103
103
104
103
104
104
105
106
105
105
106
106
105
106
105
106
106
106
107
109
110
110
108
108
108
103
104
104
103
105
105
105
106
107
108
107
105
104
104
104
104
103
103
103
103
103
103
103
103
102
103
102
103
103
105
107
107
108
106
107
106
106
105
106
105
104
104
104
105
105
107
107
106
106
105
104
104
104
104
104
104
103
104
105
106
105
105
105
106
106
106
106
107
107
106
105
107
107
107
107
108
109
109
109
109
109
108
107
107
106
106
108
108
108
107
106
107
108
108
108
108
109
110
111
111
111
111
112
113
111
110
110
111
113
110
111
110
109
109
109
109
108
108
106
106
106
106
105
106
106
107
107
107
107
106
106
105
106
106
106
105
104
104
105
105
105
105
105
104
105
104
104
104
105
104
103
105
107
106
106
106
104
103
104
104
104
104
104
104
104
104
104
104
103
103
102
102
103
103
103
103
103
103
103
104
103
103
102
102
102
101
102
102
102
100
101
102
101
103
103
104
103
102
102
102
102
101
101
102
102
103
102
102
102
102
102
101
100
101
101
103
103
103
104
103
102
102
103
100
101
101
101
100
101
102
102
102
102
101
101
101
101
102
102
101
101
102
102
102
102
103
103
102
102
103
103
103
103
105
105
105
105
105
103
102
103
102
103
104
105
105
105
105
105
105
105
105
107
108
109
108
110
110
111
108
109
109
108
107
106
103
103
103
104
103
103
104
104
104
105
105
104
103
103
104
104
105
104
104
103
103
104
102
101
102
102
103
104
103
103
102
103
101
101
100
101
103
103
103
105
104
104
103
104
101
103
103
103
104
104
103
102
102
102
103
103
102
101
101
101
100
101
100
100
101
102
102
102
101
101
101
101
100
100
100
99
101
100
99
99
99
99
99
100
99
99
99
98
99
99
100
101
101
101
101
101
100
101
101
101
101
102
103
104
104
104
102
102
104
102
102
102
102
102
102
102
103
103
103
102
102
101
102
100
100
99
99
99
99
100
100
100
100
99
97
98
98
98
98
99
99
98
99
98
98
99
99
99
100
98
98
98
97
98
98
100
98
98
98
96
95
95
96
96
96
96
96
96
96
97
97
97
97
97
98
100
100
99
99
99
101
101
102
102
102
102
102
101
101
100
100
100
98
99
99
99
100
98
98
99
102
103
101
102
102
101
101
101
100
100
100
101
101
101
101
102
102
103
101
101
101
101
101
101
102
102
101
101
102
101
97
98
98
100
100
100
100
101
101
101
101
100
98
98
100
99
100
101
100
100
100
99
98
99
99
97
96
96
96
96
97
97
97
97
98
98
100
100
100
100
100
99
100
101
102
101
101
102
101
101
102
102
102
102
101
101
101
99
99
99
99
99
100
100
100
100
101
101
101
101
101
101
100
99
99
99
99
98
98
97
97
97
96
96
95
97
97
96
96
