0.00024896551724137937 0.0007951724137931035
300
296
291
288
284
283
281
280
280
280
280
278
275
272
271
269
269
268
267
268
270
267
267
267
264
262
262
260
261
261
260
258
259
259
259
262
261
263
262
262
261
262
261
263
263
264
262
262
264
264
261
258
257
258
256
255
255
256
258
257
258
259
255
256
255
254
254
254
254
256
257
257
257
255
255
254
253
253
251
252
252
251
251
250
250
251
250
251
252
253
253
253
252
253
253
252
255
254
250
249
249
249
250
252
251
251
250
250
251
249
250
252
252
252
252
250
249
249
248
248
248
249
248
249
250
249
248
248
249
249
251
252
250
249
248
251
250
252
253
253
252
252
251
250
251
249
250
249
247
246
246
246
242
242
243
244
245
244
243
244
244
243
240
239
240
239
242
241
242
242
241
242
243
243
244
240
240
240
240
241
240
238
238
237
237
235
235
235
237
239
239
241
239
241
239
241
241
244
243
244
245
242
244
244
242
244
243
242
241
242
243
242
242
242
240
238
237
237
238
238
239
239
241
241
241
242
241
242
241
239
237
236
235
235
235
234
235
236
236
235
234
234
234
237
236
237
237
236
237
237
236
235
234
233
232
232
232
233
233
233
233
232
231
231
231
233
236
236
238
239
239
239
237
236
235
234
235
236
233
234
237
236
238
241
240
241
240
238
239
239
239
239
240
239
239
237
235
236
236
239
240
240
238
240
242
242
241
241
238
241
241
240
239
238
238
238
239
241
241
240
242
241
241
242
242
240
239
240
240
242
242
242
239
239
238
237
237
238
239
239
238
238
238
239
240
240
239
238
238
238
238
238
237
233
233
232
232
231
231
231
235
234
234
235
236
236
237
238
239
235
235
234
232
231
233
232
232
232
233
234
237
235
234
233
232
232
232
231
235
233
232
233
234
234
235
239
237
237
238
240
239
238
237
237
236
236
237
234
233
234
235
237
237
237
237
237
237
235
236
235
234
235
235
236
236
237
236
236
236
235
235
235
236
238
238
238
237
236
236
235
237
237
236
234
234
232
233
236
236
234
236
239
238
239
237
236
237
235
235
235
233
232
229
231
232
232
232
232
232
232
231
229
233
233
233
232
232
231
231
232
234
234
233
232
233
230
229
228
228
228
231
233
235
235
234
234
235
234
235
236
234
233
234
234
233
234
236
236
235
234
232
233
232
231
232
229
230
230
231
232
233
235
233
231
232
232
232
232
231
231
231
231
231
232
232
233
234
234
237
235
235
235
234
231
229
228
230
231
230
229
229
228
228
228
226
226
226
227
226
227
227
226
226
226
226
225
225
227
227
227
227
228
229
230
230
229
229
228
229
229
228
227
227
228
228
229
228
228
227
227
229
228
227
228
229
230
229
228
228
227
227
228
230
232
232
233
232
230
230
229
228
227
227
228
229
229
230
231
229
229
229
230
231
229
228
227
228
228
229
230
232
232
232
231
230
229
228
227
228
227
227
227
227
226
228
229
229
229
228
227
226
226
226
226
228
229
230
230
230
228
228
227
227
227
227
226
227
227
227
227
229
229
229
230
231
230
231
231
232
231
232
230
230
228
226
224
224
225
225
224
224
225
227
227
229
230
230
229
228
228
228
229
231
230
229
229
230
233
233
232
231
231
230
232
230
231
230
230
231
231
231
232
233
232
231
231
232
234
231
230
231
232
232
230
231
230
230
232
232
232
230
229
228
228
229
228
227
227
227
227
227
226
227
227
229
228
229
228
230
228
228
225
227
226
227
226
223
223
224
225
225
225
227
228
228
230
229
229
232
230
229
229
226
228
230
229
228
230
232
231
230
227
225
224
225
225
222
221
220
220
220
221
221
220
218
216
216
216
216
215
215
215
215
216
217
219
217
221
220
220
220
222
222
223
222
221
222
222
221
221
222
222
223
223
221
220
218
217
216
216
217
217
218
219
220
220
220
221
221
220
220
219
218
218
219
217
220
220
218
220
217
217
217
218
218
218
222
222
222
223
222
221
222
221
217
218
215
213
212
214
214
214
216
216
216
216
214
215
217
219
220
219
217
217
215
216
217
220
219
218
217
217
217
217
216
218
219
216
216
216
216
216
215
215
213
214
214
212
212
212
213
212
212
211
211
212
213
214
212
211
211
213
212
211
211
211
211
210
210
209
210
210
211
211
212
212
214
214
213
214
213
210
210
210
210
209
211
212
213
212
212
212
212
212
212
211
212
212
213
212
214
214
214
212
213
214
212
213
214
213
212
212
216
215
216
216
216
216
213
213
209
210
211
211
213
212
214
215
213
214
216
216
214
215
216
217
215
214
212
213
214
214
216
215
215
213
214
216
215
215
214
216
214
214
214
213
212
213
213
215
213
213
213
212
210
209
210
210
211
210
210
212
212
211
210
211
213
214
214
215
214
214
214
213
213
210
210
210
210
209
209
210
212
213
213
213
214
216
215
216
217
218
217
217
214
214
212
211
211
213
214
214
213
213
213
210
211
211
211
213
210
209
210
210
209
210
210
212
213
214
214
212
210
210
209
208
208
209
210
211
211
212
212
211
212
213
212
212
211
208
209
207
207
209
210
210
212
213
213
212
212
212
212
213
214
215
215
215
214
214
214
214
214
211
210
211
211
209
209
209
208
208
209
209
212
212
212
213
214
214
215
215
213
213
209
209
208
209
208
209
209
210
211
209
208
209
209
211
211
212
210
209
211
211
211
213
213
212
211
208
209
209
209
209
210
211
211
212
213
212
210
208
208
209
207
206
207
206
206
206
206
206
206
208
208
209
209
210
211
211
211
213
216
215
215
217
216
214
213
214
212
213
212
212
212
211
210
209
209
208
208
207
208
208
210
211
210
211
213
211
210
208
207
203
203
203
204
204
205
205
205
206
206
208
209
210
212
212
212
213
210
207
206
208
206
205
204
205
206
206
205
206
206
205
205
206
205
205
205
205
206
206
205
205
204
204
205
205
205
205
207
207
208
206
208
209
209
207
207
208
208
207
209
209
209
209
207
207
208
205
204
203
204
207
207
209
210
209
209
210
208
207
206
209
208
208
207
206
205
205
205
206
209
209
210
211
210
210
209
209
208
209
209
207
206
206
206
206
206
207
207
206
205
205
205
205
206
207
207
206
208
206
206
205
204
204
205
207
208
208
208
208
208
208
208
207
208
208
208
210
211
211
210
212
213
212
214
213
210
207
207
207
208
208
210
208
208
209
209
206
206
206
206
207
208
208
209
208
208
208
209
210
210
209
209
210
209
208
208
205
204
203
204
203
203
204
203
204
204
202
202
203
204
203
202
202
202
202
202
205
204
201
201
202
202
203
203
201
201
201
201
200
201
202
202
202
202
202
201
203
204
205
204
204
203
203
203
204
204
205
205
205
206
206
204
205
204
204
205
204
203
204
203
203
202
203
205
205
206
206
205
206
205
204
204
205
206
206
206
208
206
205
203
205
206
206
207
206
209
206
206
207
209
208
207
205
205
206
206
205
206
204
203
204
204
204
203
201
203
200
199
198
197
200
201
203
203
203
204
204
203
203
204
203
204
205
207
208
206
206
207
207
208
206
205
208
208
208
204
203
203
201
201
200
201
201
200
202
202
201
202
201
201
201
201
200
199
200
202
202
201
199
201
202
201
200
198
198
198
199
199
198
198
198
198
200
200
199
200
200
199
199
199
199
200
200
200
201
201
201
200
202
202
201
201
201
201
200
200
200
200
199
199
199
199
199
200
200
198
202
202
203
202
203
204
203
203
202
201
202
203
202
203
204
204
202
202
203
204
205
203
204
204
203
201
202
202
201
203
205
205
204
204
204
205
208
207
206
203
204
204
205
206
205
205
203
203
203
205
204
203
202
203
203
204
205
206
207
208
210
210
209
208
205
205
206
203
203
204
203
202
202
205
207
208
208
208
208
207
207
209
212
210
210
206
206
206
206
205
204
204
204
206
208
206
207
202
204
204
206
207
209
208
206
206
208
206
207
206
206
206
205
204
204
205
206
205
206
208
206
204
204
204
206
207
207
207
208
209
207
207
205
204
202
202
199
200
200
199
201
201
201
201
202
202
202
202
200
199
199
201
204
203
202
203
199
202
201
201
201
200
200
200
200
198
197
199
198
199
198
198
198
199
199
199
198
197
197
197
196
195
195
194
193
193
192
193
194
194
194
195
195
195
194
195
195
195
196
197
197
197
197
198
199
199
198
197
197
196
196
197
196
196
193
194
197
197
198
198
198
198
198
198
197
197
196
196
194
194
195
196
196
194
192
192
192
190
190
189
192
192
191
191
191
190
190
191
191
192
191
191
190
189
188
188
189
189
188
189
190
190
190
189
188
191
188
189
190
189
189
190
189
189
189
189
191
191
191
192
195
195
195
194
193
193
192
193
192
193
192
193
195
196
197
196
196
195
195
197
198
197
197
197
198
200
200
197
196
197
196
195
196
195
196
196
196
196
197
194
191
189
188
188
189
189
189
189
189
189
189
190
190
189
189
188
190
190
190
190
191
191
191
192
192
191
191
191
191
192
192
192
192
191
192
194
191
191
192
191
191
192
191
190
188
189
190
190
191
190
190
191
191
191
190
190
191
191
192
191
193
191
192
191
190
188
186
188
190
189
188
186
188
188
188
190
190
189
189
190
192
190
189
189
188
186
186
186
185
185
186
186
186
187
188
187
186
185
186
186
186
186
184
184
184
183
180
179
178
178
177
177
178
178
179
181
181
180
181
180
181
181
179
180
181
181
182
182
181
182
183
183
183
182
181
182
181
181
184
184
184
184
183
183
182
183
184
183
182
182
181
182
182
181
182
181
181
182
182
182
182
180
180
181
181
180
181
182
183
185
183
183
184
184
187
187
188
187
184
184
184
182
183
184
183
183
183
184
185
185
186
187
186
185
184
183
185
184
185
186
186
186
187
187
187
186
185
186
183
181
181
180
180
180
180
180
180
179
179
178
178
176
176
176
177
178
179
180
181
182
182
182
179
181
182
184
184
181
181
182
181
184
184
185
185
184
184
181
182
182
182
183
184
183
183
182
181
181
181
181
181
178
178
178
178
178
178
179
179
179
179
180
182
182
182
182
182
181
182
181
181
182
182
182
181
179
181
183
184
183
182
181
181
182
181
181
183
184
184
185
183
181
178
178
178
179
179
180
179
181
180
180
180
181
180
180
179
180
179
179
178
179
179
181
180
180
181
178
179
178
178
178
176
175
174
173
174
174
174
174
175
175
176
175
176
176
177
177
177
178
178
179
179
177
177
177
176
176
177
179
178
178
179
178
176
177
177
176
175
175
175
175
174
175
175
174
174
174
175
177
177
176
176
175
175
177
178
178
178
178
178
178
179
181
182
182
181
180
182
182
183
183
182
180
181
181
180
182
182
182
183
183
181
181
182
180
181
181
180
180
181
183
182
180
181
181
180
181
181
180
181
181
182
181
180
181
183
183
184
184
181
183
183
183
184
185
184
185
184
186
186
187
186
185
185
185
186
185
183
183
183
183
185
185
186
184
182
181
182
180
181
181
181
180
180
179
179
178
177
178
177
176
177
178
179
180
181
181
181
181
182
182
182
179
179
177
177
177
175
177
177
176
177
177
177
176
175
176
176
176
180
179
179
180
179
181
183
184
183
182
183
183
182
180
178
179
178
178
175
176
175
176
175
175
174
176
176
175
175
175
174
175
175
174
174
173
174
175
175
175
175
176
175
175
176
175
175
175
174
174
174
175
175
174
175
175
174
174
174
172
171
170
171
171
172
172
172
172
171
171
171
169
172
172
172
173
173
175
174
174
174
173
173
176
176
175
176
177
179
177
176
177
177
175
175
176
176
175
173
173
174
174
175
175
175
173
175
174
175
174
174
173
175
174
171
171
171
171
172
172
172
172
172
172
174
173
172
173
173
173
174
175
176
175
175
175
175
175
176
176
176
175
175
175
174
176
175
176
178
178
177
176
176
177
176
178
176
173
173
174
173
175
175
177
177
178
178
177
176
178
177
177
175
176
175
176
177
177
176
177
177
177
176
177
176
176
176
177
176
177
177
177
177
176
176
178
178
179
179
179
178
178
175
174
172
171
171
170
171
172
172
172
171
170
169
170
170
168
168
168
168
167
167
167
167
168
169
170
169
170
170
171
170
170
169
168
170
169
170
170
170
169
167
167
167
168
169
170
171
171
171
173
172
170
169
169
169
169
169
169
170
170
170
170
170
173
172
171
171
173
172
172
175
175
175
174
174
174
175
174
172
172
171
171
170
168
168
166
166
166
166
167
167
166
166
166
167
168
168
168
170
169
169
171
171
171
169
167
165
165
165
165
165
166
166
167
167
168
167
168
167
168
169
169
168
168
168
170
172
173
174
173
173
173
173
177
176
174
175
174
175
175
174
172
172
171
172
173
172
172
170
170
170
169
170
170
170
169
169
169
169
169
170
170
169
169
168
168
168
168
169
169
169
169
169
169
169
169
170
171
171
173
173
173
173
173
172
170
169
169
169
169
169
169
168
168
171
170
170
169
168
168
170
171
168
168
168
168
169
170
171
171
168
170
169
170
168
168
168
168
165
166
166
165
165
165
165
167
167
167
168
166
166
166
166
167
167
167
167
165
164
166
166
165
164
168
168
168
167
167
168
168
168
169
169
169
170
168
168
167
167
167
167
166
167
167
167
166
166
167
168
168
169
167
167
168
169
168
168
168
168
169
170
169
169
169
171
170
170
171
169
169
169
170
169
168
167
169
169
168
167
168
168
167
167
167
168
166
165
165
164
165
166
166
166
166
166
166
166
165
165
166
166
166
165
165
167
167
167
165
165
165
164
164
163
163
163
164
165
166
164
164
165
165
163
163
164
165
166
166
167
168
166
167
167
165
163
165
165
165
165
164
164
164
165
166
166
163
163
163
163
163
162
161
162
162
163
163
165
164
163
164
163
163
163
165
164
164
164
163
163
164
164
163
163
164
163
164
164
167
164
165
165
165
165
164
163
163
162
163
164
164
164
165
164
164
165
166
166
165
165
165
165
165
167
167
165
165
164
163
163
162
162
162
161
162
162
163
163
164
162
162
162
160
162
161
163
162
162
164
164
165
166
166
164
165
165
165
164
166
165
165
165
163
165
164
163
163
163
163
164
164
164
165
166
167
168
166
166
168
166
164
162
162
163
163
163
164
163
163
162
162
161
160
160
161
160
161
160
160
160
160
160
159
159
159
162
162
162
162
161
161
161
161
161
162
163
163
162
162
162
163
166
168
167
169
167
166
166
168
171
170
169
169
168
167
168
167
167
165
163
163
163
163
161
162
163
164
162
161
161
161
162
163
163
164
164
164
165
166
166
164
163
160
161
160
160
161
160
159
159
159
159
159
160
160
160
160
163
164
165
165
165
166
165
165
165
165
163
163
164
163
163
163
162
162
162
161
162
160
160
159
159
159
160
160
160
160
160
161
160
160
160
159
160
160
159
159
159
159
160
162
163
162
163
163
163
164
164
164
166
166
168
168
169
169
168
167
167
166
166
170
169
167
167
165
165
165
163
164
163
164
164
163
164
165
165
166
163
163
163
163
163
163
162
162
160
160
159
159
160
160
160
159
161
161
161
161
161
162
164
162
161
162
161
160
160
160
161
161
161
161
161
161
159
160
159
160
160
161
161
161
161
163
163
158
158
158
158
158
159
159
160
160
160
160
160
161
160
159
159
160
160
162
163
161
161
161
160
160
160
160
160
162
160
161
164
164
165
165
163
163
163
163
162
162
162
164
164
164
163
162
162
162
164
164
165
165
164
166
165
164
162
163
163
164
163
162
161
161
161
162
160
160
159
160
160
161
161
163
163
163
163
163
163
163
163
163
164
164
165
163
164
164
164
164
163
163
159
159
159
160
160
161
161
162
161
161
162
162
161
159
159
158
159
159
158
157
158
158
158
158
159
158
158
158
158
157
158
158
158
159
157
157
156
156
157
157
158
158
158
159
159
159
160
163
163
164
163
160
160
161
160
161
161
162
162
163
163
162
162
162
161
161
161
162
164
163
163
162
161
161
161
161
161
160
161
161
161
161
161
161
161
160
160
161
160
161
160
161
161
158
158
158
157
157
157
157
157
156
155
156
156
156
156
157
157
157
158
157
156
156
156
156
155
156
156
156
156
156
157
156
156
156
156
156
156
157
157
158
159
161
162
162
163
162
162
161
161
161
160
158
158
159
159
159
159
157
157
158
160
161
159
159
159
159
160
159
158
158
158
160
159
158
158
158
160
158
160
160
161
161
161
161
159
159
159
159
158
158
158
158
159
160
160
159
157
159
159
158
159
159
159
161
159
160
161
161
161
161
160
160
160
159
157
157
158
158
159
158
158
158
159
154
154
154
154
155
155
155
155
156
156
156
156
155
154
155
156
155
155
155
155
156
156
156
157
157
158
159
157
156
156
157
157
159
158
159
160
160
160
157
157
157
156
158
159
159
156
156
158
157
156
157
158
155
156
157
157
157
157
157
158
157
158
157
157
156
154
154
154
154
155
155
155
154
154
154
154
153
152
152
152
151
151
151
151
152
154
154
154
155
156
156
155
157
156
157
157
158
156
155
155
156
156
156
157
156
155
155
155
155
155
154
153
153
152
152
152
153
152
150
150
151
150
150
150
151
151
151
151
152
152
152
151
151
153
152
150
151
152
151
151
151
152
153
153
152
151
151
150
151
151
151
153
153
152
152
152
151
149
150
150
151
151
151
150
151
150
150
150
150
150
150
150
150
150
151
152
153
153
152
152
153
153
154
151
152
152
151
153
151
152
152
154
155
154
155
158
158
156
155
156
156
156
156
156
157
155
157
155
155
155
155
157
156
155
157
156
155
155
153
152
151
150
150
149
149
149
149
148
148
147
148
147
147
147
148
146
146
145
145
145
145
145
146
147
147
146
146
147
148
148
148
148
148
148
148
148
149
149
148
149
149
149
149
147
148
149
146
146
148
148
148
148
149
149
150
149
149
149
149
151
152
152
150
151
152
152
151
151
151
151
151
150
150
151
150
149
149
148
149
150
151
151
152
151
152
153
151
152
154
154
156
158
157
158
156
156
155
156
156
154
154
152
152
153
152
152
152
151
150
152
154
155
155
154
152
154
153
153
151
151
150
150
150
150
150
149
150
150
150
150
151
151
150
149
149
149
148
148
148
148
149
147
148
148
149
149
148
147
148
148
148
148
148
148
147
148
147
147
147
147
147
148
148
148
147
147
147
149
148
150
150
150
149
150
150
150
150
150
150
150
149
149
149
149
149
151
151
151
152
151
149
149
149
149
150
150
148
149
149
148
150
149
149
149
149
149
150
148
147
146
147
147
147
148
149
148
148
149
149
149
150
150
151
151
150
150
150
150
151
151
152
152
152
154
155
154
153
153
151
151
149
146
148
146
146
146
147
147
147
147
146
146
146
146
146
148
147
146
147
147
147
145
145
145
145
146
147
147
147
148
148
149
149
149
149
150
149
148
148
152
153
151
150
148
149
149
149
147
149
149
150
151
152
151
149
149
150
151
151
150
151
151
151
150
151
152
154
156
155
152
152
152
152
151
153
153
153
151
151
153
152
151
150
151
151
153
152
151
151
151
151
150
149
147
147
148
149
149
149
151
149
148
146
146
145
147
148
148
147
147
147
147
148
148
148
148
148
147
148
149
149
150
150
149
148
147
146
145
145
145
145
145
144
145
144
145
145
145
146
146
146
146
147
148
148
148
148
147
147
147
147
147
149
150
146
146
146
145
145
144
144
143
144
146
146
145
146
144
144
145
145
145
145
146
147
147
146
146
144
144
144
144
144
144
143
143
141
141
141
141
141
141
141
141
141
141
141
141
142
145
144
148
148
150
151
149
149
149
149
150
150
149
150
149
147
145
145
145
146
146
145
145
147
147
146
146
146
145
144
146
146
146
146
145
145
143
143
142
142
142
142
142
142
142
143
143
145
145
145
145
145
145
146
145
145
145
144
146
145
147
147
147
148
148
149
148
148
148
146
146
145
145
146
146
147
148
148
148
148
149
149
147
148
148
147
148
149
148
147
146
145
145
145
144
145
145
144
146
146
147
146
146
147
146
146
148
148
148
148
149
148
148
151
151
151
149
149
149
150
149
148
150
149
146
145
145
145
145
146
146
147
147
147
145
146
148
147
147
146
147
148
148
149
148
147
146
145
144
145
145
145
145
145
145
146
146
146
143
144
143
143
142
140
140
140
141
142
144
143
142
141
140
140
140
141
141
140
142
142
141
142
141
141
142
143
143
143
142
141
141
141
142
140
140
142
143
144
145
145
145
146
147
147
148
147
146
144
146
146
143
143
143
143
143
143
143
144
144
144
146
144
143
143
143
143
142
140
139
140
140
139
139
139
140
140
140
140
141
141
141
141
141
142
141
139
139
140
138
139
139
138
139
141
142
143
144
146
145
145
144
142
142
142
143
143
143
142
142
143
143
143
144
143
143
143
142
142
142
141
141
142
142
141
141
141
141
140
139
139
139
139
140
139
140
141
139
140
140
141
141
143
142
143
143
143
145
145
143
145
145
145
145
146
146
145
147
146
146
144
140
140
140
139
140
138
139
140
141
142
142
141
141
142
143
144
144
145
147
146
146
145
143
145
144
143
143
145
145
145
146
144
144
143
142
142
141
141
142
142
142
142
141
141
140
140
140
140
140
140
142
142
141
141
141
141
139
139
140
141
139
139
139
140
141
141
141
141
140
140
140
138
139
139
139
140
140
141
141
141
141
140
140
141
141
141
141
141
141
140
140
138
139
139
138
138
137
138
139
139
138
140
140
139
141
141
140
140
140
139
139
138
138
138
138
140
140
140
140
140
140
140
140
139
139
141
141
140
140
139
139
139
137
138
138
138
136
136
137
137
139
137
136
136
138
138
136
136
136
138
140
140
140
141
140
141
142
142
141
142
142
141
141
141
141
142
142
141
142
142
144
143
143
142
140
140
141
140
140
139
139
139
140
140
141
142
147
146
146
146
145
143
143
143
143
142
142
141
141
143
143
141
139
139
141
141
141
141
141
142
141
141
141
141
141
141
143
142
146
147
146
145
143
143
144
145
145
145
144
142
142
142
142
141
139
138
138
139
138
138
138
140
141
140
139
138
138
138
138
138
138
139
138
138
138
139
138
138
137
136
137
137
137
138
138
138
139
138
137
138
139
138
138
139
140
138
138
138
137
139
137
137
137
137
137
137
138
138
140
142
141
141
140
142
142
142
142
143
141
142
139
139
139
138
140
139
139
139
139
138
138
138
138
138
138
139
139
138
139
138
138
138
141
140
140
140
140
140
139
140
141
141
140
139
139
136
136
137
138
