0.0006927586206896553 0.0005220689655172415
300
289
285
282
279
277
271
267
266
262
262
258
256
253
249
245
243
238
238
235
235
234
235
233
229
228
229
228
232
234
232
233
230
230
230
231
230
228
228
229
232
229
229
231
230
231
232
233
231
228
228
229
229
228
228
228
230
230
231
230
230
230
229
228
225
227
226
227
226
227
227
228
228
229
227
227
224
225
226
224
224
225
225
225
224
225
224
223
222
221
222
222
223
221
221
221
223
222
222
222
222
224
224
224
226
226
221
222
223
222
221
223
223
222
221
222
221
220
220
220
222
222
220
220
220
219
222
223
225
224
223
222
223
222
222
222
221
221
220
219
221
221
220
219
217
219
221
219
218
217
216
216
219
218
217
218
219
219
218
217
217
216
214
212
212
212
213
212
212
213
214
216
216
217
218
216
216
216
216
215
215
214
215
217
217
215
216
216
217
216
217
217
218
218
217
216
217
217
218
219
216
215
214
217
216
216
216
217
219
220
220
220
221
220
219
219
218
217
221
221
221
222
220
221
223
221
221
223
223
222
222
223
223
221
221
222
222
227
222
221
221
224
225
221
220
218
220
220
219
219
218
218
218
219
220
218
218
217
216
217
218
218
217
216
217
218
217
216
215
216
217
217
217
218
218
218
216
217
216
215
214
216
214
213
214
213
214
214
216
213
210
210
209
209
208
208
208
209
209
209
209
214
217
220
222
219
219
220
220
219
219
221
219
216
215
217
214
213
214
215
215
216
217
216
217
215
215
216
216
217
217
216
215
215
214
212
211
210
209
210
212
212
212
212
212
212
213
216
215
217
219
219
219
221
219
218
216
216
216
217
216
216
216
217
216
215
213
212
213
211
211
212
214
215
215
215
216
214
213
212
213
214
215
214
215
214
215
215
215
215
216
214
215
216
214
216
214
215
215
212
212
210
211
212
213
214
214
214
213
213
213
214
214
214
215
216
217
216
214
215
215
214
215
215
212
212
211
208
207
207
208
209
209
209
209
209
210
210
210
210
213
212
211
212
212
211
211
211
210
211
211
211
213
213
214
215
217
218
217
216
218
213
215
214
217
217
218
216
217
216
217
214
213
211
212
212
213
214
216
215
219
218
219
219
219
220
219
223
224
224
221
222
221
220
218
218
219
216
216
212
212
210
210
211
212
213
210
210
209
210
217
215
215
215
215
212
210
211
208
209
205
207
207
208
207
208
208
209
209
208
207
207
207
207
207
207
207
207
206
205
206
208
209
209
208
209
209
209
209
207
206
207
206
207
207
207
208
208
207
207
208
208
208
206
206
206
206
205
205
205
205
203
204
204
205
206
206
206
204
201
203
202
202
204
202
203
204
205
204
203
203
202
203
204
205
204
201
201
203
204
203
203
202
201
203
205
207
208
210
211
212
211
208
207
207
206
207
206
204
204
205
203
203
204
202
201
200
202
199
198
198
199
201
200
199
201
202
204
205
204
205
200
201
202
199
197
197
197
198
197
197
198
199
200
199
199
199
198
198
199
198
199
198
198
199
201
201
200
201
202
201
198
197
199
200
201
201
202
200
199
199
199
197
195
196
197
198
198
197
196
195
196
196
197
197
196
196
196
197
196
195
196
198
199
197
196
194
194
194
195
195
195
197
197
199
198
198
200
200
200
199
198
198
198
197
200
200
203
202
202
203
204
203
201
201
201
200
198
198
199
201
201
199
200
199
199
200
201
198
200
201
201
201
200
200
200
197
197
197
198
198
197
197
199
198
200
200
200
202
204
205
206
207
208
209
208
207
206
206
209
210
209
209
209
208
207
206
208
207
207
209
211
211
208
208
207
205
207
208
209
208
206
207
207
210
211
210
209
211
212
211
209
208
209
211
211
213
214
212
213
212
212
211
211
211
214
214
213
213
214
214
214
216
212
211
208
208
208
207
206
205
205
205
205
207
210
207
206
206
206
207
206
209
208
207
209
211
211
214
216
217
217
215
214
212
210
210
208
207
208
208
209
209
209
209
207
205
205
204
206
207
205
205
205
205
205
206
205
208
208
207
205
205
203
204
203
204
204
205
203
202
202
202
201
201
201
201
200
201
201
201
203
203
204
204
203
203
203
203
204
204
204
205
204
206
204
204
204
206
207
206
206
207
207
208
207
210
210
208
206
207
207
207
208
209
207
206
204
205
206
205
205
204
206
206
206
203
205
206
205
203
203
204
201
201
203
201
202
202
203
204
203
206
205
203
204
205
206
206
208
205
205
204
204
204
204
204
205
203
204
203
201
203
201
200
200
200
201
200
200
201
202
204
202
201
202
203
201
202
202
200
199
200
200
200
200
201
197
196
197
198
198
198
197
197
198
200
199
198
199
200
199
199
200
198
200
201
205
203
202
201
200
200
200
201
201
199
197
197
195
197
200
201
201
200
202
203
201
201
200
201
203
203
205
206
206
204
204
204
203
202
201
200
200
198
198
198
197
195
195
195
198
198
202
201
201
203
201
200
202
200
200
200
200
198
194
193
194
194
194
193
195
195
196
196
196
197
197
197
197
197
197
199
196
200
200
199
199
198
199
199
200
195
195
195
195
194
194
194
192
193
194
194
195
199
200
198
201
202
204
202
200
200
200
200
199
198
196
194
193
194
196
197
197
196
197
198
200
200
200
199
199
199
198
198
200
200
200
200
199
198
199
200
201
201
202
201
204
202
201
201
203
202
203
202
201
201
202
202
202
202
199
200
200
199
200
200
203
201
201
200
202
202
201
202
201
202
201
200
200
198
199
200
201
201
201
201
200
201
201
200
198
197
199
199
195
195
195
194
194
195
194
193
191
191
191
190
191
192
193
192
193
193
194
194
196
195
194
194
195
196
196
196
194
194
193
193
192
192
193
193
192
194
193
194
193
194
193
193
192
192
192
192
192
193
193
197
198
198
199
200
200
198
200
200
198
199
197
196
196
195
196
195
196
195
196
197
198
197
196
196
197
194
195
196
195
196
196
196
197
196
195
196
196
195
193
194
194
194
194
195
195
196
196
196
196
194
194
195
194
195
197
197
197
198
199
196
195
195
195
195
194
194
195
195
194
194
195
195
194
194
194
194
193
192
191
191
192
191
191
192
192
193
193
192
190
188
188
189
188
189
188
189
189
190
190
191
191
190
190
190
190
190
191
190
190
190
189
188
189
188
188
187
187
187
187
185
183
183
183
184
185
185
186
186
187
188
189
188
189
188
185
185
186
187
189
190
192
194
193
193
193
193
196
197
194
193
191
191
193
193
192
190
190
190
191
192
193
193
195
194
194
193
194
194
193
192
192
192
194
193
192
193
193
193
191
191
190
191
192
192
192
193
194
194
195
195
195
193
191
195
194
193
193
193
192
194
194
191
191
192
192
192
192
193
192
191
191
193
193
193
193
195
193
195
196
197
199
200
200
200
199
195
197
196
195
195
196
195
195
196
197
195
196
196
195
196
195
196
197
198
198
199
200
200
199
198
195
196
198
198
197
198
197
198
200
200
199
199
200
201
202
204
205
205
203
204
204
203
202
202
200
201
202
201
201
202
202
205
200
198
198
200
200
199
200
202
199
199
200
202
200
199
202
202
202
203
202
199
198
199
195
196
195
195
194
195
193
194
194
194
194
194
193
194
194
194
196
196
195
196
196
197
199
197
198
197
195
194
192
193
194
194
195
194
195
195
198
196
196
199
198
198
198
199
200
203
202
202
204
203
204
204
205
205
203
203
203
203
201
202
201
202
202
203
203
206
205
202
204
203
203
203
200
199
200
200
200
199
199
199
199
198
198
198
197
196
197
196
198
199
199
199
203
203
201
201
201
201
203
203
202
199
198
198
198
197
197
198
197
195
193
193
191
192
190
190
192
191
192
191
191
193
193
193
196
194
196
193
194
193
193
192
194
196
195
194
194
195
195
195
194
193
193
193
193
190
191
192
192
191
192
195
195
195
194
195
195
195
196
199
197
196
196
195
195
195
194
195
195
196
197
200
201
199
198
200
200
202
202
203
205
203
203
202
201
201
199
198
199
200
199
203
203
202
201
200
201
201
200
204
206
206
204
204
202
203
202
205
205
208
210
211
209
208
208
206
205
206
206
205
205
205
206
207
207
205
206
204
205
206
205
205
203
204
202
202
204
204
204
203
202
200
198
199
195
194
195
195
195
195
196
197
198
199
201
201
201
199
201
200
198
198
196
196
196
196
193
195
198
198
197
197
196
196
196
197
196
195
195
194
194
193
194
194
193
194
194
195
195
195
195
195
196
197
197
197
197
197
198
198
199
196
196
198
198
197
194
195
195
196
196
196
197
198
198
198
198
199
201
202
202
204
202
204
202
203
201
201
203
201
201
200
198
197
196
197
196
197
196
199
198
198
200
200
199
199
197
197
197
197
195
195
194
196
196
196
197
195
195
196
196
195
196
196
194
194
194
194
194
194
193
193
193
193
193
194
192
193
193
194
195
197
194
195
193
192
194
194
195
194
196
194
194
195
194
194
193
195
194
192
193
194
196
197
198
197
198
197
196
196
196
197
195
194
193
194
193
193
192
192
192
195
196
195
194
195
196
194
193
193
193
194
194
191
191
192
194
195
196
197
195
195
192
192
193
190
190
191
193
194
193
193
192
193
191
192
192
193
193
192
192
191
192
192
192
191
191
192
191
191
192
192
192
190
190
190
191
190
190
189
191
193
191
192
192
192
192
189
189
189
191
192
191
191
191
191
191
192
192
191
190
189
189
194
194
195
195
196
198
198
197
199
195
195
195
193
193
190
191
190
189
190
189
189
189
187
189
189
188
188
189
189
191
190
190
192
192
193
190
191
190
189
189
188
187
187
188
188
189
189
189
189
190
190
192
190
189
188
188
186
186
187
187
186
186
186
182
184
184
184
185
185
187
189
190
189
189
188
190
190
190
191
191
192
192
192
193
194
193
195
195
195
194
194
194
195
192
193
193
192
193
192
190
189
185
184
184
184
183
183
184
184
184
186
184
188
188
188
188
189
187
188
187
185
185
183
183
182
182
182
182
180
182
183
182
183
183
184
183
185
186
186
187
183
183
182
182
182
182
183
181
182
182
181
181
182
184
183
185
186
184
184
183
182
182
181
180
181
181
181
181
183
180
181
182
182
181
180
177
177
176
176
177
177
177
178
178
178
178
177
176
176
177
177
177
177
177
177
178
178
179
179
178
177
177
176
177
175
176
176
176
177
178
178
180
181
180
180
179
183
184
183
184
184
184
183
184
186
187
187
187
187
189
190
189
190
190
190
191
190
191
191
195
195
195
194
191
191
189
189
188
188
188
188
188
189
189
189
189
189
191
190
191
191
191
189
192
191
190
189
189
189
189
189
189
191
188
190
189
189
187
187
189
189
185
184
182
184
186
183
183
184
184
182
184
185
185
186
184
183
183
183
181
183
183
183
182
182
182
181
183
183
183
184
185
186
184
184
187
185
184
183
183
182
180
180
181
182
184
184
186
187
186
185
187
185
186
185
189
190
190
190
189
189
188
189
189
190
188
187
187
188
183
183
184
183
185
186
188
188
188
188
189
189
191
189
187
188
186
185
184
185
182
184
184
183
184
185
184
184
185
185
186
186
188
188
188
186
185
182
184
185
186
183
178
179
180
180
179
181
181
182
183
182
181
182
182
180
180
179
177
178
180
180
180
180
180
180
180
181
181
181
182
183
183
183
182
182
181
181
182
182
182
183
183
182
182
182
181
181
178
179
179
181
181
179
179
180
180
180
179
179
179
182
184
186
187
186
186
187
185
186
187
186
184
188
186
184
185
183
182
182
182
182
184
184
185
185
187
188
187
188
185
184
183
181
179
179
179
180
179
180
179
179
180
180
181
181
180
178
179
179
179
180
179
179
180
178
178
178
178
178
178
176
174
174
173
174
175
174
173
175
176
174
173
174
174
173
173
173
174
174
174
174
173
174
176
176
175
176
176
175
176
181
180
181
179
181
181
180
180
178
178
178
176
177
176
176
177
177
178
180
181
182
181
178
178
178
177
179
178
178
178
178
176
176
176
176
175
177
176
176
177
178
178
178
177
176
177
175
175
177
174
174
175
174
173
174
174
175
175
175
176
176
177
177
177
177
173
172
172
172
170
171
171
172
175
176
176
174
174
173
174
172
173
172
172
171
172
172
171
170
169
169
170
171
172
172
174
174
174
173
175
175
175
175
177
176
173
170
170
171
171
171
173
175
176
177
178
181
180
181
181
181
182
182
180
182
184
185
184
185
182
180
179
179
178
178
178
177
178
180
181
181
183
183
182
181
181
184
182
180
179
179
181
181
179
180
179
178
179
178
179
178
177
176
178
177
177
176
174
173
174
173
173
173
173
173
174
174
174
174
175
175
176
174
175
175
176
177
176
177
179
179
179
178
177
179
181
181
183
181
180
182
182
183
183
183
183
181
180
180
179
178
178
176
175
176
178
180
180
178
177
179
179
180
181
180
178
178
179
179
178
179
180
179
177
176
176
177
178
177
176
177
176
177
178
177
177
177
178
178
178
176
176
175
175
175
173
173
172
172
172
172
170
172
169
171
172
172
172
172
172
171
171
171
170
169
170
172
173
170
168
169
169
169
168
167
166
167
169
166
168
168
170
169
170
170
169
168
168
168
168
171
174
174
173
172
171
171
172
171
169
169
170
170
169
167
167
167
168
168
170
171
170
171
171
171
170
170
170
168
167
167
166
166
166
167
167
168
169
169
168
169
169
168
169
169
169
169
169
167
167
167
167
167
167
168
169
168
167
167
168
168
169
170
171
170
169
167
167
167
166
167
167
167
168
169
169
169
169
170
170
168
168
168
168
169
169
169
171
171
170
170
170
173
173
174
171
170
169
168
167
166
166
166
168
167
167
166
168
168
171
172
172
173
174
175
174
174
173
171
172
172
174
173
171
170
172
172
169
167
167
165
164
164
163
164
163
161
160
162
162
162
164
164
162
162
161
161
160
161
162
162
163
163
163
163
163
163
163
163
163
163
162
164
163
163
162
163
165
165
166
164
163
163
163
165
164
167
167
166
165
165
165
165
166
167
166
166
166
165
164
164
164
166
165
166
166
165
165
165
163
162
163
164
162
162
162
161
160
159
161
162
160
160
161
161
162
162
160
161
161
160
159
159
160
159
159
159
161
157
158
158
159
159
157
157
158
158
157
158
158
158
159
159
160
162
162
163
165
166
165
167
168
168
168
166
166
165
165
164
165
166
165
165
165
165
165
166
163
161
161
162
162
162
163
162
162
165
163
163
164
165
168
167
166
165
167
170
170
172
172
172
173
171
169
168
168
166
165
165
165
163
164
162
159
160
161
161
160
160
159
161
159
158
158
158
158
158
157
157
158
158
157
157
158
157
159
159
158
157
157
158
158
160
159
159
158
159
160
160
158
158
158
158
157
157
158
159
157
158
157
157
156
156
158
158
157
155
157
155
155
157
155
155
156
155
154
153
153
155
156
157
160
162
161
159
160
160
160
160
158
158
158
158
160
162
162
161
161
161
161
162
161
161
159
161
159
159
159
158
157
157
158
159
161
160
161
162
161
161
161
162
162
162
162
161
162
162
162
161
160
160
159
159
159
162
160
161
160
161
158
155
157
157
157
157
157
155
157
156
157
156
155
155
156
154
153
153
153
152
152
152
152
151
150
150
151
151
152
151
153
154
155
158
157
156
155
157
158
157
158
157
157
157
156
154
154
155
154
153
152
153
153
153
152
153
154
154
155
156
156
156
155
156
156
157
156
156
156
155
155
154
155
154
155
153
153
154
155
155
157
157
156
156
156
156
157
156
156
156
155
155
156
156
156
157
156
155
158
159
158
156
157
159
159
159
159
159
162
159
156
155
154
154
155
156
157
155
154
155
155
152
152
151
152
151
151
151
150
150
149
149
150
150
148
146
148
147
147
148
147
146
146
145
145
146
147
147
147
150
151
151
152
153
153
153
155
152
150
149
149
149
148
149
148
148
149
149
149
149
151
148
149
149
149
151
151
150
149
148
148
150
152
152
151
150
149
149
149
149
151
152
151
153
155
155
156
155
155
154
154
154
152
153
152
153
152
152
151
148
151
152
148
147
148
148
149
151
151
150
149
149
148
149
149
149
149
149
147
147
148
149
150
149
150
150
151
149
150
151
152
151
151
150
151
151
151
151
149
147
148
148
147
148
148
147
147
146
146
149
150
149
151
151
148
148
148
149
149
149
149
150
150
149
151
150
152
153
153
152
153
153
153
152
152
151
151
152
151
150
151
151
151
151
152
150
150
152
154
154
155
154
154
152
154
153
152
153
152
151
153
153
152
151
151
150
150
149
149
151
151
151
149
149
150
149
150
149
149
151
151
151
149
149
148
148
149
150
151
153
153
151
151
151
151
152
151
150
150
150
150
149
150
149
149
149
148
146
146
146
145
145
146
146
145
145
146
146
146
145
145
145
143
144
144
145
147
146
146
145
146
146
147
148
148
149
150
150
151
152
153
152
151
152
153
153
153
152
149
149
149
150
150
150
150
150
151
150
151
151
150
150
150
150
150
150
152
152
151
152
149
149
150
148
148
147
147
148
148
150
150
150
151
151
152
151
149
148
147
150
149
149
150
150
149
149
150
150
149
148
150
150
149
149
150
150
152
153
153
154
156
153
153
154
154
155
156
156
156
154
153
155
154
154
155
155
156
156
155
156
158
159
159
160
160
160
158
158
156
156
156
156
156
157
157
157
157
157
157
156
159
159
156
156
158
158
157
157
157
156
156
156
157
157
158
153
154
154
154
153
153
153
154
153
153
153
153
153
154
155
154
151
151
154
155
155
154
155
154
153
151
151
151
151
151
151
153
154
155
156
156
156
156
156
156
155
155
155
154
154
153
153
155
156
155
154
153
153
152
153
154
154
154
156
155
154
156
158
157
157
157
159
158
158
157
157
156
156
157
157
159
155
155
155
153
154
153
154
155
155
152
153
154
154
151
151
150
152
153
153
153
153
154
154
152
153
153
153
153
153
153
153
154
153
153
152
153
154
154
154
154
155
155
154
155
152
152
153
152
151
150
150
147
148
148
147
145
146
146
146
146
144
143
146
145
145
147
146
145
146
144
144
145
145
145
144
144
144
144
146
147
149
148
147
147
147
147
148
147
148
148
149
150
151
153
153
150
147
148
147
147
147
147
146
146
146
150
149
149
146
148
146
146
144
145
146
145
143
142
141
142
142
142
142
143
143
143
142
143
142
140
139
139
139
140
139
138
137
139
138
138
138
138
138
139
142
141
140
140
139
139
141
141
141
144
145
144
144
144
144
147
148
148
147
147
147
145
144
144
145
141
141
141
141
141
141
142
142
142
141
141
140
141
140
140
140
141
140
142
143
147
147
148
149
149
150
149
150
147
146
146
143
142
140
141
142
141
140
140
141
141
142
141
140
140
140
142
142
143
143
142
142
141
140
143
145
146
146
147
145
145
147
146
147
148
147
147
147
150
148
147
148
148
149
152
152
152
153
152
153
152
149
148
147
148
149
148
147
145
143
143
143
143
145
145
145
144
143
143
143
144
143
142
142
142
142
142
142
144
145
145
146
145
145
145
148
149
149
150
151
153
150
150
149
149
148
147
150
150
149
149
148
149
150
150
150
149
148
147
148
149
150
147
147
148
147
147
147
148
145
145
146
147
147
146
145
144
143
144
144
146
143
143
144
142
142
142
141
141
141
140
140
140
140
141
141
142
144
146
146
146
146
145
146
146
145
145
146
147
147
145
144
145
146
145
145
145
144
144
143
144
143
141
141
142
141
140
139
138
138
139
139
139
140
140
140
140
138
139
140
141
141
141
141
143
143
143
142
142
143
143
143
144
143
142
141
140
140
142
142
144
145
145
147
146
147
147
147
146
147
145
145
146
145
145
145
143
143
144
145
144
148
150
149
149
150
149
148
148
148
147
149
148
147
147
150
150
148
152
152
150
148
148
147
146
147
148
148
147
146
147
147
146
145
144
145
145
144
143
143
144
145
145
147
147
146
144
144
144
144
143
144
144
145
145
145
146
147
146
146
147
147
146
146
146
147
148
145
144
148
147
146
147
149
148
148
148
148
150
152
152
152
150
150
148
147
148
147
148
147
147
146
146
146
146
145
145
145
147
147
147
145
146
146
147
145
145
147
146
145
146
146
145
146
149
150
150
149
149
150
151
150
149
149
148
148
148
146
146
144
143
142
144
145
146
146
147
146
146
145
145
145
145
146
145
144
144
143
143
142
144
145
144
142
144
144
145
144
145
147
147
147
147
146
145
145
145
146
146
145
144
146
146
145
146
145
144
144
143
144
143
142
141
142
145
145
145
145
145
146
148
148
146
147
146
146
143
144
146
146
145
146
145
145
144
144
143
143
143
146
147
147
147
148
151
152
155
154
155
156
154
154
155
152
151
151
150
153
151
152
151
151
151
147
145
146
145
143
143
145
144
144
143
143
143
143
144
144
144
142
141
141
141
141
142
142
141
141
142
143
143
144
144
144
147
147
147
148
148
148
149
149
151
152
153
149
151
151
151
150
150
148
147
145
146
147
147
146
147
149
149
149
149
148
147
146
145
145
145
145
145
145
146
146
146
146
146
146
147
147
147
145
145
145
144
140
140
140
140
140
140
138
138
139
138
140
140
140
140
140
140
140
139
140
141
141
141
143
142
142
142
142
141
140
139
138
139
139
140
140
139
139
140
140
139
142
142
143
144
143
143
143
144
146
147
145
146
148
148
147
147
148
148
146
145
145
145
148
147
146
146
143
143
145
145
145
144
146
145
145
144
143
146
144
144
144
143
144
143
145
145
145
144
143
143
142
143
144
141
141
141
141
141
142
142
143
143
144
142
143
143
141
142
143
145
145
145
145
145
146
147
146
146
146
145
146
147
149
148
145
145
145
145
146
146
145
144
144
147
147
149
150
150
153
152
152
150
151
150
150
151
150
150
150
152
153
152
150
151
149
151
151
152
151
153
154
155
155
155
153
151
149
148
146
147
147
147
147
150
150
150
150
150
149
149
149
148
148
149
151
150
150
150
150
149
149
149
148
149
149
149
150
150
151
152
151
150
147
147
147
148
149
150
151
150
150
151
149
149
148
148
151
151
151
148
151
150
148
148
147
148
147
147
148
148
148
149
147
147
147
145
145
146
145
146
145
147
146
145
145
145
143
142
141
141
141
142
142
140
140
144
144
145
145
145
146
147
146
145
146
146
145
147
148
147
147
145
145
146
145
145
145
144
144
143
142
143
143
142
142
143
144
145
145
146
146
146
146
148
147
148
151
151
151
151
151
151
149
149
150
150
151
150
149
150
149
149
