0.00024896551724137937 0.0009317241379310344
300
300
295
298
295
292
290
288
286
283
281
276
274
271
270
269
270
269
268
268
266
266
266
264
265
263
261
261
260
260
260
257
257
256
255
256
256
255
255
254
253
252
254
259
262
262
258
261
261
260
261
258
260
261
258
258
257
256
257
256
256
255
256
257
256
254
256
254
253
254
256
255
254
253
251
251
252
251
251
250
250
251
250
251
252
254
254
254
254
255
255
254
252
250
252
253
253
255
256
256
257
257
256
254
254
250
252
252
253
254
255
254
253
253
252
253
251
251
251
250
253
252
252
253
254
255
257
256
254
254
254
256
254
254
254
254
255
252
252
253
253
255
254
253
252
254
254
254
256
255
252
253
253
254
254
254
254
256
253
250
247
248
247
244
244
245
246
246
246
245
246
246
247
247
246
245
246
246
248
248
248
249
248
247
248
249
251
250
251
253
252
252
252
252
253
253
253
251
252
250
249
249
249
249
251
250
250
248
250
252
252
252
253
254
253
254
254
253
254
253
253
253
253
253
252
251
249
247
249
248
246
245
244
244
242
242
243
243
241
244
245
246
247
247
249
249
250
249
248
247
248
250
251
249
246
249
252
252
249
249
250
251
250
249
248
247
246
245
245
247
245
244
244
244
244
244
247
247
248
249
250
250
251
249
250
247
249
253
252
251
248
249
246
245
245
245
244
245
245
243
245
243
243
245
246
248
248
251
248
248
246
247
247
246
249
250
249
246
243
243
243
243
243
243
242
242
244
243
244
243
244
244
246
244
245
245
244
244
243
245
246
246
246
245
246
246
246
246
247
246
245
246
248
250
248
247
246
247
247
247
246
245
244
244
243
244
244
246
248
247
247
246
246
244
244
240
240
240
240
239
240
241
239
239
240
240
241
242
240
241
237
236
236
235
236
236
236
238
239
242
241
240
241
242
240
241
241
240
239
240
238
237
237
235
236
236
236
235
235
233
233
234
235
237
237
236
234
235
236
237
236
238
238
240
239
237
237
235
236
235
234
232
232
232
234
232
234
236
238
239
239
239
237
237
234
233
233
232
231
232
233
233
233
232
233
233
234
233
233
234
234
234
237
238
239
240
241
240
242
241
239
238
234
233
232
230
231
231
233
232
232
232
231
234
234
232
231
230
232
232
231
231
230
229
233
233
232
234
234
234
234
233
234
234
233
232
231
232
231
231
230
230
231
231
228
227
226
225
226
228
228
228
229
229
228
228
228
228
229
226
226
225
224
223
224
224
224
225
225
225
226
225
224
224
223
223
224
226
228
230
229
231
231
231
231
233
235
236
236
237
236
236
235
232
231
230
231
230
231
230
231
231
230
230
228
228
227
227
227
227
227
225
227
227
227
225
225
224
224
227
230
231
230
229
230
230
230
228
228
228
228
227
227
227
228
230
231
232
233
232
231
231
230
228
228
229
226
227
229
227
227
228
227
227
227
227
225
226
227
229
227
227
227
227
227
226
225
227
228
228
227
227
226
226
224
224
223
223
225
224
223
223
223
222
222
223
225
225
224
224
223
224
225
225
224
227
227
226
226
225
227
227
230
230
230
230
228
228
228
229
230
231
230
230
230
229
228
227
227
228
227
227
227
228
230
230
229
229
228
228
228
229
229
228
228
228
225
225
224
223
223
227
226
229
228
228
228
230
228
226
224
223
224
224
225
224
225
226
224
223
224
224
222
222
223
223
222
224
225
224
225
226
226
227
226
226
225
226
226
226
226
227
227
230
229
229
230
228
230
232
232
231
231
229
229
230
232
232
232
229
230
230
231
231
232
231
232
233
232
236
238
236
235
236
235
233
234
234
234
231
233
235
235
236
235
231
231
230
230
227
228
229
229
230
230
232
232
233
233
232
232
233
233
233
235
235
233
233
233
233
231
231
232
232
231
231
231
233
230
231
229
228
227
228
228
227
227
226
225
226
226
227
226
227
226
224
224
224
224
222
222
222
222
223
222
226
226
224
223
222
221
221
219
220
220
221
221
222
222
223
223
226
228
226
227
229
229
228
229
230
229
229
229
228
228
228
230
232
231
229
231
230
230
228
228
228
228
227
228
228
229
229
228
225
226
225
225
226
227
225
225
226
224
223
223
225
229
231
226
224
223
223
222
223
223
222
223
222
220
220
220
220
223
222
222
221
221
222
222
222
224
223
220
219
219
218
217
219
218
218
219
220
220
221
222
222
221
220
220
222
220
223
223
225
227
227
226
226
225
223
224
223
225
224
224
223
223
223
223
223
223
222
221
221
224
227
229
228
229
230
231
228
228
229
225
224
225
224
224
222
221
223
225
223
223
224
225
224
225
225
224
223
221
222
220
221
226
225
224
222
222
222
224
225
224
223
223
223
224
225
222
221
221
219
219
219
220
222
224
224
224
223
224
225
226
227
227
227
226
226
226
227
228
228
229
229
227
228
224
224
224
223
223
223
223
224
223
222
223
224
223
223
223
222
224
224
224
225
226
224
223
222
221
222
221
219
219
219
219
218
218
218
218
219
219
219
219
219
220
220
221
220
219
220
219
219
220
221
221
221
222
225
225
227
227
226
226
227
228
228
227
226
227
223
222
222
222
221
221
220
215
215
215
215
215
217
218
220
220
220
221
220
220
220
222
223
223
223
224
224
222
223
224
224
223
221
222
222
221
222
223
221
221
221
222
221
220
216
216
218
217
218
217
217
218
219
219
217
217
217
217
217
217
216
215
216
216
216
217
217
219
219
219
220
220
221
220
221
219
217
220
224
224
225
226
227
226
224
221
222
220
220
219
220
220
222
222
222
222
221
220
220
217
214
214
215
215
215
214
214
215
214
214
213
212
211
211
212
210
211
211
210
209
210
211
211
211
213
213
213
213
214
214
215
215
212
212
212
212
211
213
213
212
212
212
211
212
213
215
215
216
217
217
214
214
215
215
216
218
219
219
219
219
218
215
213
213
213
212
213
213
213
213
214
212
212
213
213
213
216
215
215
215
216
217
217
217
217
216
216
218
216
215
215
215
216
216
215
215
214
215
215
217
217
216
217
217
220
221
220
221
221
220
220
221
220
220
219
218
217
217
217
216
219
219
220
220
219
221
220
219
218
219
221
220
218
219
219
219
218
219
220
218
217
218
217
218
218
220
219
217
217
215
215
213
214
214
214
215
216
217
216
217
217
217
217
218
219
221
221
221
219
220
220
219
219
218
217
216
217
216
216
217
218
220
221
219
217
218
218
219
219
219
218
218
216
220
220
220
221
220
219
219
217
217
218
219
217
218
218
217
216
216
216
218
218
218
218
216
216
217
215
219
219
217
216
216
218
218
218
217
216
217
218
218
219
220
219
218
217
217
218
218
218
218
218
219
217
215
215
215
215
216
216
218
218
217
218
220
220
219
218
219
219
219
218
217
216
216
215
216
218
216
216
216
219
218
218
220
221
219
217
217
219
218
216
216
216
217
220
219
219
220
220
220
219
220
219
216
215
216
215
214
213
213
215
215
214
214
214
213
214
215
217
217
218
217
217
220
220
220
220
221
221
222
220
221
219
218
217
216
215
217
218
220
219
218
216
216
216
218
218
216
216
216
216
217
218
217
218
219
219
218
215
216
215
214
215
215
215
216
216
215
217
216
214
217
218
218
218
217
216
215
214
213
213
213
214
212
213
213
216
216
216
217
216
215
213
214
213
215
214
214
211
210
210
211
211
211
213
214
216
216
213
213
215
215
216
216
218
218
220
219
216
215
215
216
219
219
220
218
217
217
216
217
220
219
220
219
217
217
217
217
218
218
215
215
216
214
215
216
216
216
214
212
212
213
212
212
215
215
213
213
215
216
215
215
217
217
218
219
219
218
217
217
217
217
217
217
216
216
217
216
216
212
211
213
214
214
215
215
213
214
216
215
215
215
215
215
215
216
216
215
215
216
215
215
214
215
216
217
217
217
217
217
217
216
216
214
213
214
213
213
213
212
212
213
213
215
218
216
213
214
211
210
211
210
209
209
209
208
208
208
208
208
209
210
211
210
213
212
214
213
213
214
214
215
215
215
215
215
217
213
212
214
216
216
215
213
214
213
212
211
212
212
211
211
212
211
211
211
211
209
210
211
210
211
210
211
214
213
213
213
214
213
213
213
212
210
211
212
211
212
210
210
210
211
212
212
212
212
212
211
211
211
212
211
211
212
213
213
212
213
215
217
216
215
215
215
213
211
213
212
213
213
212
211
211
210
210
210
209
211
210
210
210
210
211
210
210
212
212
211
211
209
208
209
212
214
214
214
213
213
213
214
214
213
213
211
210
210
211
211
208
208
209
212
212
211
213
214
214
213
211
211
212
212
211
208
208
208
208
208
208
208
209
210
212
213
215
215
215
212
212
213
215
212
211
211
210
213
213
214
216
216
214
212
211
210
210
212
212
213
212
213
211
209
209
210
210
210
210
210
212
213
211
211
210
212
212
211
212
211
212
211
211
212
211
211
212
212
212
211
212
213
212
213
213
214
214
212
211
210
210
212
212
212
212
212
211
211
210
209
210
209
210
212
212
212
211
209
208
208
207
207
207
206
208
209
208
209
209
210
209
210
210
211
211
212
213
213
210
207
207
209
208
207
205
206
207
206
206
205
204
205
207
207
206
203
204
205
207
208
208
208
207
209
209
208
209
209
209
208
208
208
207
209
211
211
211
210
208
207
207
205
205
206
207
207
206
206
205
205
205
204
205
204
205
208
208
208
207
207
207
206
205
205
205
207
205
205
206
207
209
209
211
209
209
210
212
210
212
212
213
212
212
212
211
211
212
211
209
209
209
209
208
208
209
209
210
209
210
210
211
210
209
209
209
209
208
208
209
207
208
210
211
211
210
210
209
207
208
210
209
208
207
206
210
211
211
209
209
207
207
206
207
207
206
207
206
205
205
206
207
207
211
211
211
211
211
212
211
212
211
211
208
208
211
212
212
211
211
212
210
211
212
211
210
210
209
207
209
210
210
209
209
208
207
207
208
209
208
209
209
210
210
209
211
212
213
212
214
214
213
212
212
212
211
211
211
212
213
214
213
212
210
209
210
210
211
212
212
213
214
214
214
211
208
210
210
210
209
210
210
211
212
213
212
211
210
211
211
212
210
208
210
212
210
208
207
207
207
207
208
208
208
208
208
208
206
207
207
206
205
205
206
204
204
204
204
204
204
205
205
206
206
208
208
211
211
211
210
209
207
208
206
205
205
204
206
205
205
205
205
206
207
206
206
206
206
206
205
206
206
206
205
204
204
203
204
205
207
206
208
209
209
207
207
207
209
209
210
210
210
210
211
209
207
207
208
206
206
206
208
207
208
209
209
209
208
209
206
206
206
207
207
207
208
206
207
206
206
205
205
206
208
208
207
208
208
209
208
210
211
212
212
210
208
207
208
208
207
206
205
205
205
206
206
206
210
209
210
210
210
210
210
211
212
212
213
213
213
212
214
215
213
211
210
208
208
208
207
207
207
209
209
208
208
210
209
205
205
205
205
204
206
207
208
208
209
207
209
212
213
214
215
215
215
214
214
214
215
210
212
212
213
213
215
214
212
212
209
210
210
208
208
206
207
207
209
211
210
208
207
207
209
207
206
206
206
206
207
206
205
206
206
207
210
211
211
211
207
206
205
205
206
207
207
207
206
206
206
207
209
209
207
206
206
205
205
205
207
207
206
207
208
208
208
208
205
206
207
207
209
211
209
210
208
207
205
203
202
203
203
203
203
203
202
202
202
206
208
207
209
207
207
206
205
203
203
201
202
203
203
204
206
206
207
208
207
208
207
208
208
206
207
209
208
207
207
205
205
206
206
208
207
205
203
201
198
199
199
198
198
197
197
199
200
199
199
199
198
201
201
202
202
201
199
199
199
198
197
197
197
197
197
197
196
195
196
195
195
196
196
196
195
194
194
194
197
198
198
197
197
197
198
197
196
198
199
200
199
200
200
199
198
196
195
195
195
195
194
194
194
193
193
193
194
194
194
194
194
194
196
195
194
194
195
194
194
194
196
196
197
199
200
201
201
199
199
199
197
197
198
200
198
198
199
199
199
200
200
199
199
199
199
199
198
196
196
196
197
201
201
202
202
202
201
200
200
198
198
195
197
197
195
195
195
196
196
196
195
195
194
194
193
193
192
193
193
193
194
194
195
195
195
196
196
197
197
198
199
201
199
198
197
196
196
194
192
192
192
192
190
192
191
190
189
189
191
191
191
195
194
193
194
194
194
195
194
195
195
195
194
192
193
195
196
196
195
196
196
194
193
194
194
194
195
196
197
195
193
193
194
193
192
192
193
194
195
196
196
195
193
193
192
192
192
192
192
192
193
193
194
195
194
195
193
194
194
195
196
197
196
195
193
193
193
193
192
192
193
193
195
195
193
193
194
196
196
196
196
197
196
196
195
195
195
196
196
196
195
192
189
189
189
189
189
188
188
187
187
187
187
188
188
188
188
188
188
188
188
188
190
189
190
192
192
191
191
192
189
190
190
191
191
192
192
194
193
193
192
192
192
194
194
195
194
195
196
197
197
197
197
197
197
196
198
199
198
198
198
197
197
195
194
192
190
190
191
191
191
190
190
190
190
191
191
191
193
192
191
192
191
191
191
192
193
192
192
192
193
193
192
194
195
194
194
195
194
196
196
195
195
196
195
195
193
192
193
192
193
193
192
192
192
191
192
192
191
190
190
191
192
193
194
194
192
191
190
191
192
195
196
199
199
198
196
195
196
195
194
193
193
191
191
193
192
190
189
190
192
192
193
192
192
192
191
189
190
189
188
189
189
188
188
188
190
188
188
189
189
190
190
191
191
191
188
187
189
190
190
191
192
192
192
191
192
191
191
192
192
193
193
193
193
194
193
192
193
190
191
191
192
192
192
190
189
192
191
192
194
194
194
191
189
189
189
190
187
185
185
185
186
186
186
187
185
186
187
186
187
187
188
186
185
185
189
189
188
187
188
188
188
188
188
187
189
189
190
190
190
191
189
189
190
191
189
188
189
189
189
189
189
192
189
189
189
192
191
189
189
189
190
190
188
187
186
186
185
185
184
183
184
184
184
185
185
186
185
185
184
184
183
183
183
183
184
183
182
182
182
183
183
183
183
185
183
183
182
181
182
183
184
185
184
185
185
185
185
187
187
188
186
185
186
185
184
184
186
185
187
186
187
188
188
186
188
187
187
187
189
189
190
190
191
190
191
192
192
192
193
196
197
196
194
193
192
193
189
188
187
187
187
186
185
185
185
187
187
187
186
185
184
185
185
185
183
183
182
181
182
182
181
181
182
182
182
182
182
183
182
182
182
182
182
184
184
186
186
186
186
188
186
186
187
187
187
188
188
187
185
184
186
186
186
186
185
183
183
183
185
184
186
185
185
183
181
184
183
183
180
181
183
183
182
183
183
181
179
179
179
179
179
179
178
178
179
179
179
179
180
180
180
180
181
180
180
180
181
181
181
180
179
181
181
180
180
179
179
182
182
184
184
183
183
182
181
181
181
181
183
183
184
183
181
180
180
180
181
181
182
180
181
182
184
186
185
187
189
189
190
189
188
187
187
187
187
185
185
185
185
187
186
185
185
185
185
186
187
187
187
186
186
186
186
185
183
183
183
184
183
184
184
184
185
184
183
182
182
182
184
185
185
185
185
185
184
185
186
188
186
185
184
185
186
187
187
189
190
192
194
194
193
191
189
189
189
191
189
188
188
187
187
185
185
185
184
184
184
185
184
183
184
184
184
183
182
183
184
184
183
183
183
182
182
182
182
182
181
182
183
184
183
184
184
184
185
184
185
185
187
189
189
188
188
187
184
184
183
183
183
182
184
185
184
182
183
183
182
182
181
182
181
179
179
178
178
178
178
178
178
178
178
178
178
178
179
179
180
181
181
182
183
183
182
182
179
179
180
181
181
181
182
182
182
183
184
183
181
183
184
184
183
183
182
182
182
180
179
178
179
180
180
180
179
179
180
180
180
180
180
180
182
184
185
184
185
185
185
183
182
182
181
181
180
179
177
179
180
179
178
178
178
177
177
177
179
179
184
183
181
182
182
182
183
183
183
182
181
181
180
180
179
178
177
177
177
175
177
177
177
180
180
179
179
179
179
178
179
182
179
179
179
180
179
180
182
181
182
183
182
183
182
184
183
183
181
183
182
180
180
180
183
182
182
179
179
180
180
181
180
179
179
176
177
177
177
177
177
179
179
179
180
178
178
178
178
178
177
178
178
178
176
176
176
176
176
177
177
179
179
179
180
181
179
178
178
177
177
178
179
179
180
180
180
182
183
182
181
182
182
182
183
183
183
184
184
184
184
184
183
183
182
181
182
183
182
183
182
181
181
181
181
180
177
176
176
176
176
176
177
177
177
178
179
180
180
179
179
179
180
180
181
182
182
182
182
182
183
183
182
184
183
183
182
180
180
180
180
180
182
181
181
179
178
178
180
180
180
180
179
179
179
179
179
179
178
181
180
180
182
183
184
184
185
184
183
182
183
181
180
180
181
181
180
180
180
180
181
181
181
182
180
178
180
182
184
184
185
185
185
185
186
184
184
182
182
182
182
182
184
184
183
183
183
183
183
183
183
182
184
184
183
182
182
182
182
182
182
184
184
184
184
181
178
178
179
179
179
179
179
178
179
180
179
180
180
180
181
180
179
179
181
184
181
182
181
179
179
178
178
179
177
178
179
179
178
179
180
180
180
180
180
179
179
179
177
176
175
175
176
176
176
177
178
178
178
176
176
176
176
177
177
176
174
173
174
175
174
174
174
173
172
170
170
170
170
172
172
174
173
174
174
174
174
172
171
172
172
174
174
173
173
173
172
172
173
174
174
174
174
176
177
176
177
173
172
174
174
174
175
176
176
177
176
176
176
173
173
172
173
172
174
173
174
176
177
179
179
178
178
179
178
177
177
176
175
175
175
173
173
172
170
171
172
173
174
174
175
175
174
173
173
173
172
171
170
171
171
171
172
172
171
171
173
173
172
173
173
173
174
172
171
173
174
172
171
171
171
170
169
169
169
169
169
168
168
168
168
168
168
168
168
168
168
168
168
168
169
169
168
168
167
168
169
166
166
168
168
165
166
166
167
167
168
166
165
166
167
167
167
166
166
166
168
168
167
167
167
168
168
168
168
168
169
170
171
171
172
172
171
172
172
172
172
171
170
169
167
167
166
166
166
165
165
166
166
166
166
167
167
167
167
168
169
168
169
166
166
167
167
167
168
168
169
169
169
169
169
168
168
168
169
168
167
168
168
168
171
170
170
169
167
165
164
165
165
166
167
168
168
168
166
165
165
165
165
165
165
166
166
166
167
167
167
165
164
165
165
165
165
165
165
164
164
165
166
168
167
167
166
168
168
167
168
168
167
168
167
166
167
167
165
166
166
166
166
166
165
165
165
164
165
163
165
164
164
164
165
165
165
166
166
166
166
165
167
167
169
169
170
169
169
170
170
169
168
169
168
168
168
169
169
169
171
171
171
171
170
170
172
173
172
172
170
170
169
169
168
167
167
167
167
169
169
168
165
164
165
167
167
166
166
166
166
168
169
168
168
169
168
168
168
168
168
168
167
167
169
169
170
169
167
168
168
169
168
168
166
166
166
166
167
167
168
168
168
170
170
170
170
171
171
170
170
171
169
168
168
170
168
168
168
169
170
170
172
172
172
172
172
171
171
170
169
170
168
169
168
169
167
167
168
168
168
166
166
166
166
166
166
166
165
165
163
165
165
164
163
164
164
164
164
164
165
164
164
165
165
164
164
164
165
165
165
165
165
164
164
164
166
165
165
165
165
166
166
166
167
169
170
170
169
169
169
168
168
168
170
170
172
171
172
174
175
174
173
172
171
171
169
168
168
168
169
168
166
166
166
169
171
171
172
171
169
169
166
166
166
167
167
166
166
165
165
166
167
167
167
168
168
167
170
172
172
173
173
174
174
174
173
172
171
172
170
171
170
170
171
169
166
166
166
165
166
166
166
165
166
165
164
164
164
164
165
165
164
164
164
164
164
162
163
164
164
165
166
165
166
165
166
165
168
168
167
167
167
165
162
162
162
161
162
162
163
163
164
165
167
167
163
163
161
163
165
165
166
165
166
166
164
164
164
163
164
163
161
161
160
159
159
160
161
161
160
161
162
162
163
163
162
163
163
163
163
163
164
164
163
163
163
164
165
164
164
164
163
163
163
163
162
163
163
163
163
164
163
163
162
162
163
163
163
162
163
161
162
162
164
164
163
165
165
167
166
166
164
164
165
163
163
163
164
163
163
163
162
162
162
163
164
162
161
160
160
159
159
159
160
160
160
160
160
160
158
158
158
160
161
161
162
162
161
163
165
166
167
167
165
164
164
163
163
164
164
164
163
163
163
162
161
160
161
161
163
161
162
160
159
159
160
160
160
161
163
163
163
165
164
164
164
164
163
163
163
164
166
165
163
162
161
161
161
163
162
161
161
162
161
161
160
162
162
162
162
162
164
164
165
166
165
165
166
165
164
164
164
163
162
163
163
165
165
165
165
163
163
163
162
162
162
162
163
164
163
163
163
163
162
162
161
161
161
162
161
161
160
161
162
162
162
162
161
161
163
162
161
161
160
160
161
162
162
162
162
162
162
163
163
164
163
162
163
164
164
163
163
163
163
163
164
166
166
166
166
166
165
166
165
163
163
165
164
164
163
164
163
167
167
165
165
165
165
164
164
164
164
163
162
161
162
163
163
163
161
160
159
159
159
159
159
158
159
160
159
160
159
159
160
160
160
160
160
160
160
161
160
159
160
160
161
160
160
159
159
160
161
160
160
160
160
159
160
160
161
162
163
164
164
164
164
164
164
163
164
165
165
164
166
165
163
163
163
163
162
162
161
159
159
161
161
161
161
161
161
160
158
158
159
158
159
159
161
163
164
163
163
163
163
162
161
159
159
159
161
161
161
161
161
161
159
159
160
160
162
162
162
162
163
163
163
161
160
159
159
160
160
161
161
160
160
163
163
163
162
162
162
162
162
161
161
161
161
160
162
164
164
163
164
165
162
163
163
163
163
162
162
163
164
166
165
164
164
164
164
165
166
167
167
166
166
165
166
167
167
166
166
166
166
166
165
163
163
165
165
165
165
165
163
162
163
163
163
163
162
162
163
164
164
165
164
165
165
165
165
164
162
162
161
161
160
161
161
161
160
160
160
160
161
162
162
162
162
162
161
160
160
160
159
159
159
159
159
159
159
158
158
158
158
160
160
160
159
160
161
162
160
160
160
162
160
160
159
158
159
161
161
161
161
160
158
159
158
158
158
158
159
159
159
159
160
160
160
161
161
160
161
161
161
