0.0007610344827586207 0.0007610344827586207
300
291
289
286
282
274
266
261
257
251
250
247
247
244
242
240
239
236
229
227
225
225
225
226
227
226
224
224
224
225
226
225
223
223
226
227
227
227
225
222
221
219
219
216
219
220
221
219
218
217
216
216
217
216
215
216
215
214
213
211
209
208
210
207
207
207
208
208
209
209
208
204
204
204
205
205
203
204
203
204
203
203
204
204
204
203
202
203
206
204
206
205
205
204
204
204
205
204
204
203
202
202
204
203
204
204
205
202
201
200
200
198
198
198
198
198
199
199
199
199
199
199
199
202
202
203
204
206
206
211
210
211
210
210
209
207
206
205
205
206
205
205
206
205
205
207
203
203
203
202
201
198
197
196
197
196
196
197
196
198
198
200
198
198
198
199
199
197
198
198
198
200
201
200
201
198
197
195
195
196
193
198
199
197
195
196
196
194
194
193
193
193
192
194
194
196
195
198
199
198
197
197
198
197
197
196
199
199
199
199
200
199
199
198
197
196
195
191
190
190
191
189
188
189
191
191
191
189
189
188
189
190
190
189
190
190
188
187
186
185
186
186
186
185
187
187
187
187
187
186
188
188
189
189
190
191
192
190
189
188
187
187
189
189
189
189
190
189
190
190
192
190
190
190
193
193
193
193
194
195
196
197
196
197
198
196
197
195
195
194
196
195
197
199
198
199
199
199
197
198
199
199
203
202
205
206
207
206
204
205
204
203
203
202
202
203
204
203
204
206
206
206
206
204
207
206
208
207
207
208
201
202
201
203
201
199
199
199
198
198
196
195
195
195
194
193
193
193
192
192
192
193
193
192
192
192
192
194
191
189
190
189
186
186
188
190
191
192
192
193
194
193
193
193
192
192
190
191
189
190
190
188
188
189
190
188
186
185
185
182
181
181
181
182
185
184
183
180
180
180
179
179
179
179
180
181
182
181
182
185
186
184
184
184
185
187
186
187
186
187
185
185
186
186
186
186
184
185
186
186
187
190
189
191
190
190
189
188
188
189
187
188
188
189
189
189
188
188
188
189
189
187
188
189
188
192
192
192
191
188
187
187
187
185
186
187
186
187
186
186
187
185
186
186
185
184
183
182
184
183
184
184
184
183
185
186
185
185
187
186
187
187
188
188
188
188
189
191
191
191
190
190
188
190
190
188
188
189
189
186
188
188
185
186
187
187
186
184
184
185
182
186
187
187
185
185
186
186
186
186
185
186
186
187
188
190
191
190
189
188
187
186
187
188
193
191
193
192
190
191
194
191
192
192
191
190
190
189
189
188
189
188
186
186
185
182
182
183
183
182
182
181
181
181
181
181
181
183
185
184
186
186
184
188
188
186
188
185
185
185
187
185
185
187
188
187
187
187
185
189
190
188
187
185
186
183
181
180
180
181
182
181
182
179
178
177
179
180
180
180
180
179
180
181
180
181
180
180
179
178
176
178
178
179
179
179
179
179
177
178
175
174
174
174
174
175
175
175
176
176
179
178
178
179
176
177
179
178
176
176
176
175
177
175
175
175
173
175
174
174
175
176
174
175
175
178
179
179
180
182
183
181
181
182
183
180
181
181
181
181
180
180
181
179
181
182
177
177
178
179
179
178
177
177
177
177
176
177
176
175
178
178
178
178
178
177
179
179
179
179
178
178
179
179
180
180
179
180
179
178
178
176
176
175
177
176
173
174
171
171
171
170
173
173
171
171
169
169
169
170
170
170
171
171
171
170
171
173
172
172
171
170
171
169
169
170
173
173
171
171
173
175
175
176
179
179
175
174
174
174
174
173
171
172
171
171
171
171
171
171
173
172
173
172
172
172
173
173
172
173
174
173
172
173
173
173
173
171
172
170
170
170
170
171
171
173
173
173
173
174
174
175
175
175
175
175
176
176
175
178
178
177
177
178
178
176
175
175
174
174
174
173
174
176
176
178
178
178
180
183
182
185
185
185
185
186
188
185
186
186
183
183
183
182
181
180
181
180
181
182
183
184
180
183
183
181
181
180
181
181
184
184
182
178
180
179
178
178
177
176
174
173
174
173
174
171
171
171
170
170
171
172
172
172
174
175
177
176
175
174
173
173
175
175
175
175
174
174
175
174
175
174
173
173
173
174
174
174
174
174
174
174
175
173
175
174
174
173
173
173
173
172
174
175
175
175
173
173
171
171
169
169
169
169
169
172
170
170
171
171
173
172
171
170
172
173
172
172
173
175
172
172
173
174
175
175
177
176
178
177
177
177
178
175
177
176
176
176
173
172
171
174
175
174
171
170
169
170
169
170
170
169
167
168
168
168
168
169
170
170
169
168
167
165
164
164
163
164
161
160
160
160
163
163
163
163
163
162
163
162
163
162
163
163
162
162
165
163
163
165
164
162
161
163
163
162
162
163
163
164
165
165
165
166
166
164
164
164
164
163
164
163
163
164
167
167
167
169
170
170
169
170
171
171
171
170
170
171
170
169
165
165
164
163
164
164
164
164
164
165
164
165
165
164
162
164
165
164
163
160
161
161
161
161
161
163
163
164
164
163
163
161
161
162
164
165
165
166
164
165
165
166
166
166
166
166
165
163
164
163
163
163
164
163
164
166
166
165
167
166
165
165
165
166
167
167
167
167
168
169
167
166
165
165
166
167
167
167
168
168
168
167
167
167
168
168
166
168
167
167
167
169
168
167
168
167
167
166
166
167
167
166
165
169
168
167
167
169
166
165
163
163
164
164
162
162
161
162
161
162
162
163
165
166
164
162
161
161
162
162
163
163
163
164
163
162
163
162
163
163
162
163
165
166
166
169
169
169
168
170
170
168
168
167
168
169
167
165
166
167
166
167
167
167
166
167
166
165
167
167
166
165
166
167
168
166
167
167
167
168
168
168
166
166
168
168
171
170
171
171
172
170
170
169
170
168
168
170
171
171
169
169
171
169
171
172
171
171
168
169
170
169
168
169
169
167
168
166
165
165
165
164
163
162
161
161
161
162
162
165
168
168
169
168
167
166
169
166
165
163
163
165
165
165
165
164
164
164
163
163
162
162
164
165
165
165
164
163
163
164
162
164
164
164
164
162
161
162
163
163
163
163
162
162
160
160
160
161
162
160
159
160
160
159
160
160
160
161
162
164
164
164
165
164
164
165
165
166
164
165
165
166
166
166
166
166
165
165
165
165
164
164
163
164
163
164
164
164
163
163
164
165
164
164
161
160
160
161
160
160
160
160
160
161
161
161
161
161
160
158
157
157
157
158
158
159
159
158
157
157
158
159
159
160
160
161
161
161
158
158
158
158
158
159
160
160
162
162
161
160
160
159
158
158
158
159
159
160
160
160
159
158
158
158
158
160
160
160
160
158
158
156
156
159
159
158
159
159
159
158
157
158
158
157
159
160
161
160
160
162
161
162
163
164
164
163
163
163
164
164
164
163
161
162
161
162
163
160
160
159
159
159
160
160
162
160
159
159
159
159
160
161
160
160
159
160
159
160
161
162
161
162
161
160
160
160
159
159
160
160
159
159
159
158
158
159
160
159
159
158
157
158
158
158
156
155
156
155
156
158
156
156
157
156
156
157
156
156
157
158
158
158
158
157
158
158
159
157
155
154
154
155
155
157
157
158
157
156
156
158
156
154
154
154
154
155
154
153
153
154
153
151
151
152
152
152
152
154
154
154
154
155
153
152
152
153
152
152
152
152
154
154
155
156
157
157
156
156
156
155
156
156
156
156
157
157
155
155
155
154
154
154
154
155
155
155
155
155
155
155
154
154
155
156
155
155
156
155
157
156
156
156
157
157
157
157
158
159
158
158
157
157
154
154
154
154
156
158
158
158
159
161
162
161
160
160
160
161
161
160
160
160
163
164
164
166
167
167
166
165
163
165
166
165
165
167
166
167
166
168
168
167
164
162
162
160
159
159
160
159
159
159
159
159
157
153
152
150
150
150
151
150
151
149
150
152
152
153
153
156
156
153
153
154
154
155
153
150
151
152
153
152
152
152
153
153
153
153
152
153
155
154
152
154
153
154
153
152
152
151
152
152
152
151
150
150
150
150
150
150
151
152
152
152
152
152
153
154
154
156
156
156
156
155
154
151
151
152
152
154
155
155
154
154
155
156
158
159
159
159
158
159
160
160
159
157
156
157
158
157
157
158
157
155
158
159
159
159
159
157
156
156
156
155
157
155
156
154
153
153
154
153
153
154
157
158
159
160
160
159
160
160
158
160
159
155
156
153
151
151
151
149
149
149
149
149
150
148
147
147
147
149
149
149
151
152
151
149
150
151
151
151
151
152
149
151
151
150
153
154
154
153
152
151
153
151
152
152
150
150
149
150
150
151
149
149
149
150
150
153
153
151
150
149
149
149
150
154
155
152
150
151
151
153
153
152
152
150
151
150
150
150
150
148
146
146
144
144
143
143
144
145
146
146
145
148
148
148
145
146
146
146
146
148
148
150
150
151
151
151
151
151
148
149
149
149
150
150
150
150
150
150
150
151
151
150
151
150
152
152
153
152
154
153
152
153
152
151
152
152
154
153
153
152
152
152
152
150
150
152
149
148
148
149
148
148
148
147
146
147
150
150
150
150
151
151
152
151
150
150
151
149
149
150
151
151
152
152
153
154
154
155
156
156
156
155
154
153
153
155
156
156
155
155
154
153
153
152
152
151
149
149
149
150
150
149
153
153
151
150
149
150
150
151
152
152
155
154
153
153
152
151
150
150
149
150
150
149
148
147
147
147
147
147
146
147
148
148
148
149
150
148
148
148
148
147
147
147
146
145
147
147
148
147
148
147
148
148
150
149
148
148
148
148
150
150
149
148
150
149
148
148
149
149
148
148
148
148
149
149
148
146
148
145
145
144
144
144
144
145
145
147
146
147
147
147
149
149
149
148
147
148
148
148
147
148
148
147
147
147
148
148
146
145
146
146
146
145
146
146
145
146
146
145
142
142
143
144
145
146
145
146
146
146
144
143
143
143
144
143
142
142
141
141
145
144
142
142
141
140
140
140
140
140
142
141
139
137
139
139
139
139
138
138
139
138
138
138
139
140
139
140
141
143
143
141
141
141
140
140
142
139
139
139
139
141
141
141
142
143
143
143
143
142
141
143
143
142
142
139
139
139
138
139
138
138
138
138
139
138
139
139
140
141
140
140
140
140
140
144
145
146
146
147
146
147
146
147
146
145
145
144
142
141
142
141
141
142
142
142
144
144
143
143
145
146
147
146
146
145
145
144
143
143
144
145
144
145
145
144
145
146
145
143
143
143
143
144
145
144
145
146
145
147
148
148
148
148
147
147
147
148
148
147
146
149
149
148
145
147
148
148
148
150
148
148
148
149
145
145
145
145
147
145
144
143
143
146
146
146
146
144
144
145
145
145
146
145
145
147
144
144
144
146
148
149
146
145
142
144
145
147
146
147
147
150
149
148
148
147
145
144
143
143
142
141
141
141
141
142
141
141
142
142
143
142
141
140
140
139
140
140
140
141
142
143
144
143
142
143
144
143
144
144
143
145
145
144
143
141
140
140
141
140
139
141
141
140
140
141
140
142
141
141
140
136
137
137
138
140
140
140
139
141
140
139
139
139
139
141
141
141
141
144
146
147
147
145
145
145
144
144
141
141
143
142
143
143
139
139
139
139
138
137
140
141
141
141
142
141
141
142
142
141
142
142
142
141
140
142
142
143
143
142
142
142
143
143
142
143
143
142
141
140
140
139
138
139
138
138
138
139
140
139
140
139
138
137
139
140
139
140
140
140
140
140
140
140
140
140
139
141
138
138
138
137
136
136
135
135
135
137
138
138
139
138
138
141
141
140
140
140
140
141
140
139
139
140
140
141
140
140
141
140
142
141
142
142
142
143
143
145
144
143
143
143
143
144
144
146
145
143
143
143
140
139
138
138
136
138
139
139
139
137
138
135
136
138
139
139
140
140
140
140
142
141
143
142
139
138
138
138
139
139
139
139
138
137
135
136
136
135
136
134
134
135
135
134
131
132
134
134
134
135
134
134
134
132
132
135
135
135
134
134
136
135
133
133
135
135
135
136
137
137
138
136
136
136
136
134
134
135
134
135
135
136
136
136
136
136
137
136
136
136
137
136
135
134
134
133
133
133
134
135
136
136
136
137
137
137
136
135
134
133
134
134
134
135
135
134
136
135
134
135
136
135
135
134
133
132
129
130
131
131
133
134
134
136
134
134
133
134
133
134
134
135
135
136
137
136
135
133
133
134
134
131
133
131
130
128
128
128
128
128
130
129
128
129
128
130
128
128
129
129
129
130
129
129
128
131
129
131
132
132
131
129
128
127
127
128
129
128
126
126
126
127
128
129
131
133
131
130
131
130
129
129
128
126
127
127
127
127
130
129
128
131
129
129
127
125
124
125
125
125
123
123
123
122
122
121
121
123
124
124
125
126
128
127
127
127
126
126
128
126
125
124
125
125
125
122
121
121
122
120
121
121
122
122
122
122
122
122
122
121
121
121
121
121
121
123
123
124
125
125
125
125
124
123
123
121
121
121
123
123
123
124
124
124
122
121
120
120
122
121
121
122
123
124
124
123
124
123
123
122
122
121
121
121
121
121
121
121
123
124
123
123
122
123
125
126
126
127
128
126
126
125
124
125
125
124
124
124
124
125
124
124
124
124
123
123
124
123
122
122
124
123
124
124
125
123
124
122
120
121
121
122
123
122
122
123
124
124
124
124
124
125
125
125
126
126
126
125
125
126
125
126
126
127
126
126
126
126
127
127
125
125
126
126
125
126
126
126
125
125
125
124
125
129
129
129
128
127
127
127
127
128
128
127
127
128
125
125
125
125
125
125
127
128
129
128
129
127
128
127
128
127
126
126
126
126
125
126
126
127
126
127
126
122
123
123
124
125
126
126
126
126
125
125
125
125
125
124
123
123
123
123
123
124
123
123
123
123
122
122
122
123
123
125
125
125
124
123
122
122
122
123
122
122
121
122
121
122
121
121
122
122
123
125
124
124
125
124
124
123
124
125
122
122
121
121
121
120
119
119
117
118
118
120
121
122
122
122
123
122
123
124
124
123
122
122
121
121
121
121
121
122
122
122
124
125
125
124
126
126
125
126
126
127
125
125
125
125
122
122
123
121
122
120
120
119
119
119
118
119
122
122
122
122
122
122
121
121
121
121
121
120
120
121
119
119
120
122
121
122
123
123
124
124
123
125
127
127
128
130
130
131
134
134
134
133
132
131
130
130
132
131
131
131
131
131
131
131
129
129
130
130
130
127
127
125
125
126
126
127
125
126
125
125
128
128
129
130
127
127
127
125
123
124
124
123
124
124
126
129
128
127
126
126
128
128
127
127
128
128
127
128
127
126
126
127
126
126
128
127
128
125
127
126
126
126
126
127
127
127
128
127
126
124
125
125
124
124
125
126
128
130
132
134
134
135
135
135
136
135
134
132
131
131
131
131
132
130
129
128
128
128
129
130
130
130
130
130
131
131
133
134
134
134
132
131
131
131
133
132
132
133
133
132
132
133
133
133
134
135
135
134
135
136
137
135
135
134
134
133
132
133
132
131
133
132
130
129
129
130
130
128
128
130
130
128
129
130
128
129
129
127
127
128
128
127
127
128
129
129
128
129
129
130
129
131
130
129
128
128
130
130
129
130
132
131
132
132
133
134
133
134
135
134
134
134
133
132
131
129
129
130
131
131
131
129
129
130
132
132
130
132
133
135
135
134
132
132
134
135
134
133
133
133
133
133
133
133
132
132
131
134
134
134
135
133
132
132
130
131
133
134
132
131
130
129
129
129
128
128
128
127
127
126
125
125
124
122
121
120
120
121
121
121
121
121
120
121
121
121
122
122
122
120
121
120
122
122
122
122
123
121
121
122
122
123
123
123
123
123
123
124
123
125
125
124
124
125
127
126
125
123
124
122
123
123
122
123
123
123
124
123
122
122
122
122
124
122
122
124
124
123
122
123
123
120
119
118
118
117
117
117
117
118
119
120
120
119
118
119
119
118
117
117
116
116
116
116
118
119
120
121
118
118
118
118
118
117
116
116
117
117
118
117
120
120
120
120
119
118
122
123
122
122
124
127
127
128
128
127
125
123
122
122
120
121
121
120
120
120
120
122
122
123
124
124
124
122
122
122
122
122
121
120
120
120
122
123
123
123
125
124
126
126
129
129
129
129
130
128
128
125
124
124
125
125
124
123
123
123
123
123
123
124
124
125
125
124
125
125
124
123
123
124
125
126
126
127
126
127
125
125
126
125
124
124
125
125
125
123
124
124
124
125
124
124
123
123
122
122
121
124
123
124
124
124
123
122
121
122
122
122
121
122
122
121
121
121
121
122
122
122
122
122
124
124
122
122
123
124
124
125
125
124
126
124
123
124
124
125
127
128
129
128
126
128
127
128
128
128
128
130
129
129
128
128
125
123
123
123
123
123
124
123
125
125
124
125
125
125
125
122
121
121
122
122
121
121
120
121
124
124
125
124
124
122
122
123
123
122
121
121
121
123
122
123
123
124
126
125
124
124
122
122
123
124
123
123
123
122
122
124
125
125
125
125
125
123
122
122
122
121
122
122
123
122
122
121
121
120
120
119
121
121
122
120
120
120
120
120
121
120
122
123
123
122
120
118
116
116
115
118
118
117
118
117
117
119
119
120
120
119
120
120
119
117
116
116
117
117
117
117
115
116
116
115
115
116
115
116
115
115
115
114
115
116
116
116
116
116
116
117
118
118
117
117
118
118
119
118
118
117
117
117
114
114
114
114
113
113
114
115
114
112
113
113
113
112
112
112
115
112
112
114
114
115
116
114
113
112
113
113
114
115
114
114
115
114
114
114
114
114
113
113
112
111
111
112
112
112
112
113
113
113
114
113
113
113
113
113
113
112
112
112
111
112
113
113
112
111
111
111
111
112
114
115
115
115
115
115
114
114
113
113
113
114
115
115
114
115
115
116
118
116
116
116
116
113
113
113
113
113
113
114
113
113
113
113
112
113
113
113
114
117
117
118
118
117
116
117
117
117
115
116
116
116
117
114
114
115
115
114
114
114
114
114
115
114
113
113
115
115
115
115
115
116
115
116
116
116
116
115
116
114
114
114
115
114
114
115
114
115
116
114
114
114
115
113
113
113
115
115
116
117
118
118
119
118
118
118
117
119
121
122
123
123
120
122
122
120
121
123
123
123
123
119
119
120
121
122
121
120
118
116
115
115
117
118
117
117
117
117
116
116
115
113
114
114
114
115
114
113
112
112
112
115
114
113
114
114
114
116
115
113
113
114
114
115
115
114
114
114
115
114
115
113
113
113
114
116
116
116
116
115
116
113
114
116
118
119
121
121
118
118
117
118
118
119
119
119
117
117
117
117
117
115
115
115
115
115
118
118
118
118
118
119
118
117
117
117
115
114
115
115
113
114
114
114
114
114
114
115
114
114
113
111
111
111
111
111
113
112
114
114
114
114
113
115
115
115
117
117
116
115
116
116
116
117
118
118
118
117
117
117
115
115
115
114
113
112
113
112
112
112
111
111
112
112
112
111
111
111
111
112
112
112
111
111
110
110
111
111
112
112
112
112
112
112
110
109
110
110
110
110
110
110
110
111
111
112
112
112
113
112
113
114
117
117
117
116
115
116
115
114
114
114
116
115
115
114
114
113
114
115
113
113
113
111
112
112
113
114
115
115
115
116
115
117
117
117
117
114
113
112
112
111
112
111
111
111
110
110
112
113
113
114
115
114
114
113
115
115
115
115
115
115
115
115
114
115
116
116
117
117
117
116
115
114
113
113
113
114
114
113
112
112
113
112
112
112
112
112
112
112
114
114
114
114
114
114
117
118
117
118
117
116
116
116
115
116
116
115
114
115
115
115
114
114
114
114
114
115
113
112
114
115
115
115
116
117
115
115
114
115
112
112
112
112
111
111
111
111
111
111
112
112
112
112
111
113
113
113
113
113
113
113
113
114
116
115
115
115
114
114
115
114
111
111
110
111
112
111
110
111
111
111
111
111
110
110
110
110
110
111
110
109
111
112
111
111
111
112
112
113
113
111
111
111
111
111
112
111
112
111
111
112
112
113
113
114
113
114
113
113
112
112
111
111
112
113
115
116
115
117
117
117
117
116
119
119
119
118
118
117
117
116
114
114
114
113
113
114
114
114
113
113
112
113
113
113
112
111
111
111
110
112
113
113
113
113
111
110
111
110
109
111
110
110
110
110
108
108
108
108
108
109
109
107
108
108
108
111
112
112
111
109
107
108
107
106
106
105
105
105
106
106
106
106
107
109
110
109
108
108
107
107
107
108
108
108
108
108
104
104
105
106
105
106
106
107
107
107
107
106
106
108
107
108
107
107
108
108
108
110
109
108
107
106
106
106
104
104
103
103
103
103
103
105
103
103
103
103
105
105
105
104
104
104
104
104
106
107
107
107
106
106
105
107
106
106
105
107
108
109
109
109
108
109
110
110
108
107
106
105
105
105
106
106
106
106
107
106
105
105
106
106
106
104
104
105
106
106
105
106
106
106
104
105
105
107
106
106
108
108
107
104
103
104
104
102
101
100
98
98
99
100
100
101
100
100
100
100
100
101
103
100
99
99
100
102
102
103
103
102
102
101
101
102
102
102
103
103
104
104
104
103
103
102
102
103
103
104
104
104
104
107
108
107
107
108
107
106
106
106
109
106
106
106
107
108
108
106
106
106
105
104
104
103
103
103
104
104
104
102
102
101
102
103
101
101
101
102
103
103
103
103
105
104
103
104
105
102
103
102
101
102
103
104
103
105
104
104
104
105
104
106
106
105
105
104
104
104
104
104
104
104
105
104
104
106
107
105
105
105
105
104
103
102
102
102
102
102
102
103
103
103
103
102
104
104
104
104
104
105
105
107
108
108
108
106
104
104
104
104
104
105
106
106
106
106
105
105
106
106
106
106
107
107
107
107
105
104
104
105
104
104
103
103
103
103
103
104
105
104
103
103
103
103
104
105
105
104
104
107
108
107
105
105
105
103
103
102
104
102
102
101
101
100
102
102
100
102
103
103
103
102
103
103
104
104
104
104
104
107
106
104
105
104
102
103
104
104
104
105
104
104
105
106
103
103
103
104
103
103
103
103
103
102
101
100
99
99
100
100
99
99
97
98
98
98
99
99
98
99
99
99
99
99
99
99
100
100
101
101
101
102
101
103
104
104
104
104
104
104
102
102
102
102
103
102
104
104
102
103
101
101
100
100
99
98
99
99
98
98
96
96
96
96
97
98
98
98
98
98
99
98
98
98
98
98
96
96
95
94
94
94
94
94
94
94
94
94
93
95
95
94
94
93
93
93
93
93
93
93
92
93
