0.0001124137931034483 0.00021482758620689656
300
296
294
291
288
283
282
281
281
279
279
279
279
277
276
276
276
274
273
273
273
274
274
275
276
273
274
271
271
272
271
271
271
269
270
273
271
271
270
272
272
270
268
267
267
266
265
265
265
265
265
265
265
265
265
265
266
265
266
265
265
266
266
267
267
267
267
265
264
264
264
266
263
263
263
263
263
265
264
264
264
264
263
263
263
263
263
263
265
264
263
262
263
263
264
264
264
265
265
267
265
264
262
262
264
264
262
264
264
265
263
261
260
260
260
260
261
261
261
261
261
261
262
264
261
261
261
261
260
259
260
260
260
261
260
260
262
262
262
262
262
261
262
261
260
261
261
259
259
260
259
260
260
261
261
261
261
261
260
260
260
260
260
262
260
260
260
260
259
259
259
259
262
261
261
259
260
260
259
259
259
260
259
259
259
260
260
260
261
261
261
260
260
260
260
260
260
260
261
261
261
262
261
262
260
259
260
261
261
262
261
262
264
263
262
260
259
260
260
261
259
259
260
259
260
262
262
260
260
260
260
260
258
259
259
260
261
260
261
260
259
259
258
261
261
260
259
260
260
260
259
260
260
260
259
261
260
260
259
260
259
259
261
261
261
262
261
262
263
263
261
260
262
262
263
263
261
262
263
263
264
265
265
265
262
261
260
260
260
259
259
259
260
260
260
263
261
261
261
261
261
259
259
259
259
259
258
258
258
258
259
258
257
257
257
257
257
258
259
259
258
258
258
258
258
258
258
259
258
258
259
259
257
257
258
258
258
259
258
259
257
257
258
258
257
257
257
257
257
257
258
259
260
260
260
261
260
259
257
257
258
258
257
256
256
256
256
256
255
255
255
255
255
255
256
257
257
258
257
259
259
257
256
255
255
256
254
256
255
255
255
255
255
256
258
257
255
255
254
252
252
253
253
253
253
253
256
256
253
252
252
253
253
252
252
251
251
251
250
252
254
254
255
255
255
255
255
254
253
252
251
252
251
252
252
252
250
250
250
250
250
250
250
250
250
250
251
251
250
250
251
250
251
251
252
252
252
252
252
253
253
253
255
254
255
255
255
254
252
251
249
249
250
250
250
250
251
252
251
250
251
251
252
252
252
252
250
251
249
250
249
249
248
248
248
249
249
249
248
248
248
247
247
248
248
248
248
249
250
249
249
249
247
248
246
246
246
245
247
247
247
247
247
245
245
245
245
245
245
245
245
245
245
246
246
246
244
244
244
244
244
244
244
244
245
246
247
246
247
247
247
249
250
249
248
248
250
252
253
253
249
248
248
248
245
246
246
247
245
246
245
245
242
241
241
241
241
241
242
242
242
242
243
243
243
243
243
243
243
242
242
242
242
242
242
241
241
241
241
241
243
242
242
243
243
240
241
240
241
240
240
240
240
240
240
239
241
242
240
240
240
240
240
239
239
241
241
240
239
239
239
239
239
240
240
241
241
241
241
241
242
242
241
241
240
239
239
239
238
238
238
238
238
239
238
238
239
238
238
238
239
238
236
239
239
240
239
235
235
235
236
236
236
236
236
236
237
236
236
237
237
236
235
235
235
235
236
236
234
234
234
235
236
235
234
234
235
234
235
235
236
235
235
235
235
235
234
234
234
235
236
237
236
236
236
236
236
236
235
234
234
234
234
235
235
233
233
233
233
233
233
233
233
233
233
234
234
233
234
234
233
233
233
234
234
233
233
233
233
233
233
233
233
234
234
234
235
233
233
235
234
235
235
236
237
236
236
234
234
234
234
234
234
233
233
232
231
231
231
231
232
232
231
231
231
232
232
232
232
233
233
232
232
232
233
233
232
232
232
232
232
232
233
234
234
233
233
233
231
231
231
231
232
232
232
233
233
232
233
232
232
233
232
231
231
231
231
231
231
231
231
232
232
232
231
231
231
232
233
234
234
234
234
234
235
234
234
234
232
232
232
232
232
231
231
231
231
232
232
233
235
234
234
233
232
233
233
233
234
234
233
233
232
232
232
233
232
231
231
231
231
232
232
232
232
232
232
232
231
231
231
232
231
232
233
232
233
232
232
231
230
230
230
230
230
232
233
231
230
230
230
230
230
231
231
230
230
230
230
231
231
231
232
232
232
231
231
231
231
231
231
232
232
231
233
233
234
234
234
234
233
233
235
232
233
231
232
232
232
232
234
232
233
230
230
229
229
230
230
229
229
229
229
229
230
230
231
231
231
231
232
231
231
231
231
232
232
231
230
230
231
229
228
228
228
228
228
229
229
228
228
229
230
231
232
232
231
231
231
230
230
229
229
229
230
230
230
230
229
229
227
228
228
228
229
229
230
227
227
226
227
226
225
225
225
226
226
226
226
226
226
226
226
226
225
225
225
229
227
230
228
227
227
227
228
228
229
228
228
228
228
227
226
228
226
228
229
227
226
226
226
227
227
226
226
226
226
225
226
226
227
227
227
226
227
227
226
226
226
225
225
224
224
224
224
225
225
225
225
225
225
224
224
225
225
225
225
225
225
226
226
225
224
224
224
224
224
224
224
224
224
224
225
226
226
226
226
227
226
226
225
225
225
226
225
226
226
226
228
227
225
224
224
224
224
225
225
225
225
225
225
225
225
224
224
225
225
226
224
224
224
224
224
224
225
225
225
227
227
227
226
226
226
226
225
225
225
225
224
225
226
226
225
224
224
224
224
224
224
224
225
224
224
224
224
224
224
224
224
224
225
227
225
224
224
224
224
224
224
226
226
225
226
225
225
225
226
226
226
226
226
226
226
225
225
225
225
225
227
226
226
226
226
226
224
224
224
224
225
224
225
225
226
224
224
224
224
224
223
223
226
227
227
226
226
226
226
225
225
224
223
223
223
223
223
223
223
223
225
224
223
223
223
223
223
223
224
224
224
224
224
224
224
224
225
224
223
223
223
224
225
225
225
225
227
226
227
228
226
225
225
224
224
224
224
224
223
223
224
224
225
228
227
228
226
227
226
226
225
225
224
224
222
221
222
222
222
222
222
221
221
221
221
221
221
221
221
221
221
222
223
220
220
221
222
221
221
221
221
222
223
223
222
222
222
223
222
221
220
219
219
219
219
219
219
219
219
219
220
220
220
220
221
221
219
219
219
220
220
219
219
219
219
220
221
222
223
223
223
226
223
223
223
224
224
225
225
225
225
224
222
220
220
221
221
221
221
223
223
221
220
219
219
217
217
216
217
217
218
218
217
217
215
216
216
216
216
215
215
215
215
212
212
212
212
212
212
214
214
215
216
214
214
214
214
216
216
216
216
215
214
214
214
213
213
211
211
210
210
210
211
211
211
211
210
210
210
210
210
212
212
212
212
212
213
213
211
211
211
212
212
211
210
210
210
210
211
211
212
212
212
212
212
211
211
210
210
210
211
211
212
212
212
212
212
211
211
211
211
212
212
212
213
213
213
212
214
213
211
211
210
211
211
211
211
211
211
211
211
210
211
212
213
213
211
211
211
212
212
213
213
212
212
212
213
213
213
213
212
211
211
211
210
210
210
210
210
210
211
211
213
213
212
213
212
212
214
213
213
213
211
212
212
213
213
212
210
209
209
210
209
208
207
206
206
206
206
206
207
208
208
208
207
206
207
206
206
206
206
207
207
207
207
207
207
209
210
207
208
209
208
206
207
205
205
206
208
207
207
206
207
206
206
207
207
208
205
204
205
206
204
206
205
205
205
204
204
204
203
204
203
203
203
203
203
203
203
204
204
204
205
206
206
207
207
206
204
203
202
203
204
204
204
202
202
202
202
202
202
202
202
202
203
201
201
201
201
201
201
201
201
201
201
201
203
204
203
204
203
202
202
201
201
201
202
203
201
201
202
202
202
204
204
204
205
204
205
205
204
204
203
203
203
203
202
202
202
202
202
202
202
203
203
204
205
206
206
204
205
205
204
203
203
203
203
204
204
203
203
202
201
201
202
203
202
202
201
202
201
201
201
200
200
200
200
200
200
200
200
200
200
200
200
200
201
200
201
201
201
200
201
200
201
202
201
201
201
201
202
202
201
200
201
201
200
201
202
202
202
200
200
200
200
200
201
201
202
203
204
205
204
203
203
205
203
203
203
204
203
202
202
203
203
203
203
203
204
206
206
207
207
206
205
203
203
202
202
202
201
201
200
200
200
200
199
199
199
199
199
199
200
200
200
200
201
200
200
200
201
200
199
199
199
199
199
199
199
199
199
199
199
200
199
201
200
202
202
201
201
200
200
202
201
202
202
201
202
202
202
202
201
202
201
202
201
200
200
200
199
199
199
199
199
199
200
201
199
198
198
198
200
200
201
201
201
203
204
206
206
203
201
201
199
198
198
198
196
196
197
196
196
196
196
197
196
196
196
196
197
197
197
196
196
196
196
195
195
196
197
198
197
197
197
197
197
197
197
197
197
197
197
197
196
197
196
196
197
196
196
196
196
196
197
196
196
196
196
196
197
195
197
196
196
196
196
196
196
196
199
197
195
195
195
195
196
196
196
197
196
196
196
195
196
197
195
196
195
195
195
195
194
194
194
194
194
195
195
196
196
195
195
195
195
195
196
197
197
197
197
197
197
197
196
196
196
194
194
196
195
195
195
195
195
195
195
194
195
194
195
195
195
196
197
199
199
197
197
196
196
195
195
195
195
196
197
197
197
196
196
196
197
197
197
196
196
196
196
197
198
200
200
197
197
196
195
194
194
194
194
194
194
195
194
196
195
195
196
195
196
196
196
198
196
196
195
195
195
196
196
197
196
196
195
195
195
196
195
195
194
195
195
195
196
195
194
195
195
195
195
196
196
196
197
196
195
195
195
195
195
195
193
194
194
193
193
193
195
196
195
195
195
195
195
194
194
195
194
195
196
197
197
197
197
197
195
193
193
192
192
192
193
191
190
190
190
190
190
191
192
192
192
191
190
190
190
190
190
190
190
190
190
190
190
190
190
191
190
190
190
190
190
190
191
191
191
191
190
190
190
190
190
190
191
191
190
191
191
191
190
190
192
192
191
193
193
192
190
190
190
190
190
190
192
192
192
192
192
192
191
190
190
190
190
190
190
190
191
190
190
190
190
190
190
190
190
190
191
191
192
192
192
192
192
192
191
191
191
191
192
191
191
192
190
190
190
190
190
190
190
190
190
190
191
192
192
192
191
192
192
192
190
191
190
190
190
190
190
190
190
190
190
190
191
191
191
191
191
190
190
191
191
191
192
192
192
192
192
192
192
191
192
192
192
192
192
192
192
193
192
192
191
190
190
190
190
190
191
194
194
195
192
192
191
192
191
190
190
190
190
190
190
190
190
191
190
190
190
190
190
190
190
190
190
190
191
192
191
191
192
191
191
191
191
193
194
194
194
194
195
193
193
192
191
192
191
191
193
195
196
197
195
194
194
191
190
190
190
190
189
189
190
190
190
190
190
190
190
190
189
189
190
188
188
188
189
191
190
188
188
188
188
188
188
188
187
187
187
187
187
187
187
187
188
189
188
189
190
190
188
188
189
189
190
190
190
190
188
189
188
188
188
188
187
188
188
188
188
188
188
188
188
188
188
188
189
188
188
188
189
188
188
187
188
191
191
191
189
189
189
190
190
189
189
191
192
190
191
189
189
188
189
187
187
187
187
187
187
187
186
186
186
186
186
186
186
186
187
187
187
188
188
188
187
187
187
186
186
186
186
186
186
186
186
186
187
189
190
191
189
189
189
189
189
189
187
188
187
186
186
186
187
187
187
186
186
186
186
186
187
187
187
187
189
189
187
187
186
186
186
186
186
186
186
185
185
185
187
188
187
187
188
188
188
188
187
187
185
185
185
184
184
184
185
185
186
186
186
186
186
186
184
184
184
184
184
183
183
183
184
184
184
183
183
183
183
183
184
185
186
184
183
183
184
184
183
183
183
183
183
183
183
183
183
184
184
185
184
183
182
182
182
184
183
183
183
183
183
183
181
181
181
181
182
182
183
183
183
184
184
185
185
184
183
181
181
182
181
182
182
181
182
181
181
182
183
182
181
181
182
183
182
183
184
183
183
182
182
181
182
182
183
181
181
181
181
181
181
181
181
181
182
181
180
181
182
182
183
183
183
183
183
182
181
181
181
181
181
182
182
182
183
183
182
182
182
182
182
181
181
181
181
181
181
181
181
182
181
180
180
180
181
181
181
181
181
182
182
182
181
181
180
181
181
182
182
182
182
183
182
181
182
183
183
182
182
182
181
182
180
181
181
181
182
182
183
182
181
181
182
182
182
182
178
179
177
177
177
177
177
177
179
180
180
179
180
179
178
178
178
178
181
180
179
179
180
180
179
178
179
177
178
178
178
177
177
177
177
177
177
177
178
178
178
179
179
179
179
179
178
179
179
178
177
178
178
178
178
177
178
179
177
177
177
177
177
177
177
177
178
178
178
179
179
180
178
178
178
178
178
180
178
178
179
178
178
178
177
177
177
177
177
178
178
178
178
178
180
179
180
181
179
178
177
177
177
178
178
178
179
179
179
179
178
178
179
178
179
179
178
177
177
177
177
177
177
177
177
177
177
177
177
177
177
177
177
177
177
178
179
178
179
178
178
178
179
179
178
178
179
177
177
177
178
178
178
178
178
178
178
178
178
178
178
177
178
176
176
176
176
176
176
176
176
176
176
177
177
177
177
177
177
177
177
177
177
176
177
177
177
177
178
177
177
176
176
176
176
176
176
176
176
176
176
176
176
177
177
177
177
177
177
176
176
176
176
176
176
176
177
177
176
175
175
175
175
175
176
178
177
176
176
175
176
176
175
175
175
176
176
176
176
176
176
176
177
176
176
176
176
176
176
176
176
176
176
176
175
175
175
175
175
175
175
176
176
176
177
176
175
176
176
176
175
175
176
175
176
176
176
177
178
178
178
179
178
178
177
177
177
176
175
175
175
176
176
176
176
178
177
177
175
176
176
175
176
176
176
176
177
176
178
175
175
175
175
176
176
176
175
175
175
175
176
176
175
175
175
175
176
176
177
177
177
177
176
177
176
178
178
178
177
177
176
176
177
177
177
177
177
176
176
176
176
177
177
176
176
176
176
176
175
175
175
175
175
175
175
175
175
175
176
176
175
177
176
175
175
176
174
174
174
174
174
174
174
175
175
175
175
175
174
175
175
177
177
176
177
178
179
178
178
177
176
176
176
175
175
175
175
175
174
174
174
174
175
175
175
175
174
175
175
174
174
174
174
174
174
174
175
175
174
175
174
175
176
175
176
176
177
177
177
174
174
173
174
174
174
174
175
174
174
175
175
176
176
176
176
175
174
174
174
174
173
173
173
173
173
173
174
175
173
174
173
173
174
174
173
174
173
174
174
173
173
174
173
173
174
174
175
174
174
174
173
173
172
172
172
172
172
172
172
172
173
174
174
174
174
173
173
173
174
174
174
174
174
173
173
174
174
174
173
173
172
173
172
172
172
173
173
172
172
172
172
172
173
173
173
174
174
174
175
173
171
171
171
171
171
171
171
171
171
171
171
171
171
171
171
171
171
171
171
173
172
172
172
172
171
172
172
172
171
171
171
172
172
172
172
173
172
172
174
174
174
174
172
173
173
173
172
172
172
173
173
172
172
172
173
172
172
174
173
173
172
172
172
172
172
171
172
172
172
172
173
172
172
172
173
172
172
172
171
171
171
171
172
172
172
171
171
171
171
171
171
172
172
173
173
175
174
174
173
172
172
171
171
171
171
171
172
173
172
172
172
172
170
171
171
171
171
170
171
171
171
171
171
171
171
171
170
170
170
170
170
170
170
170
170
170
171
172
172
172
172
172
172
173
172
172
172
172
171
170
170
170
170
170
172
171
171
171
171
171
171
171
171
170
170
171
172
172
170
171
171
170
170
170
171
171
171
171
170
169
170
170
169
169
169
169
170
170
171
170
170
171
171
171
171
171
171
171
170
168
168
169
169
169
169
168
168
168
168
169
168
168
168
168
169
169
169
169
169
169
168
169
168
169
168
168
171
171
174
174
172
172
173
173
172
170
170
170
170
168
168
168
169
169
169
167
167
168
168
167
166
167
168
168
167
167
166
166
166
167
166
167
167
167
167
166
167
167
166
166
166
166
166
166
166
166
166
166
166
166
167
167
168
167
167
167
167
167
168
168
167
168
167
167
167
167
167
167
168
167
167
167
167
168
168
166
166
167
167
166
166
166
166
166
166
166
167
166
164
165
166
165
164
164
164
164
165
165
165
166
165
165
164
165
165
165
165
165
165
165
164
164
164
164
165
165
165
164
164
164
164
164
164
164
165
166
166
166
166
164
164
164
165
164
163
163
163
164
165
165
164
163
165
165
166
164
164
164
164
164
164
163
164
162
162
162
162
162
162
162
162
163
164
164
164
164
164
166
166
164
164
164
164
163
164
163
164
164
164
166
167
167
167
165
165
165
163
162
162
162
162
162
162
162
162
162
163
162
162
164
165
163
163
164
163
163
163
163
163
164
163
163
163
164
164
164
164
164
165
164
165
165
164
164
164
164
164
164
164
165
164
164
163
162
162
162
162
162
162
162
163
163
163
163
163
164
164
164
164
164
165
165
166
163
162
162
162
162
162
162
162
162
162
161
161
161
163
163
162
162
162
162
161
161
161
161
161
161
162
162
162
162
161
161
162
162
162
163
163
163
162
163
164
163
163
163
163
164
163
163
162
162
162
162
161
161
161
161
160
160
160
160
160
161
160
160
162
161
161
160
160
160
160
161
161
161
163
162
162
162
161
161
160
161
161
161
161
161
161
161
160
161
162
162
161
161
161
162
159
159
159
159
159
159
161
160
160
160
160
159
159
159
159
159
159
159
160
160
160
160
160
160
160
160
160
160
162
162
162
161
161
162
161
161
161
161
161
161
161
160
161
161
161
161
160
159
159
159
159
158
158
158
158
158
158
158
157
157
157
157
157
158
159
160
162
162
162
162
161
161
162
162
160
162
162
162
162
162
159
159
159
158
158
157
157
157
157
158
158
158
158
157
157
157
157
157
157
157
157
157
158
159
159
159
158
158
159
158
157
158
157
157
157
157
157
157
157
158
158
158
158
158
159
159
159
159
158
158
158
158
158
158
158
158
158
158
157
157
158
158
159
159
159
160
159
159
158
157
157
157
157
157
157
157
157
157
157
157
157
157
157
158
158
157
157
158
158
158
158
158
160
160
160
160
159
159
159
158
158
158
159
160
158
159
158
158
158
159
159
159
159
160
159
159
158
158
158
158
159
159
157
158
158
158
158
157
157
158
158
158
158
158
158
159
158
158
157
157
158
160
158
158
157
158
157
157
157
157
158
158
158
159
159
157
158
158
158
158
158
157
157
157
158
158
157
158
157
157
157
157
158
158
158
158
158
159
158
158
158
158
158
158
158
158
157
157
157
158
157
157
158
158
158
158
156
156
156
157
157
158
157
160
156
156
155
155
155
155
155
155
155
155
155
155
155
155
155
155
155
155
155
155
155
155
155
155
155
155
156
157
157
157
157
157
157
156
156
155
155
155
155
155
155
155
156
156
156
157
156
156
156
156
156
156
158
158
158
159
160
161
160
161
161
161
160
161
157
156
156
156
156
155
154
153
153
153
153
154
155
155
155
154
153
153
153
154
154
154
154
154
154
155
154
155
154
155
154
154
154
154
153
153
154
154
154
154
154
154
153
153
153
154
154
154
154
154
154
155
155
155
155
155
155
154
155
154
154
154
154
154
155
155
156
156
155
154
153
153
153
153
153
154
153
153
153
153
154
154
154
154
155
155
156
153
153
153
153
153
154
152
152
152
152
153
154
153
154
155
154
153
153
153
153
153
153
153
153
153
154
154
154
154
153
153
152
152
152
152
152
152
152
152
152
152
152
152
152
152
152
152
152
152
152
152
152
152
152
152
153
153
154
153
154
153
153
154
154
152
153
153
153
153
153
153
153
153
153
153
153
153
153
153
153
153
154
153
153
153
153
152
152
152
152
153
152
152
152
152
154
154
153
154
153
152
152
152
152
152
152
152
152
152
152
152
153
153
154
153
153
153
153
153
153
153
153
154
154
154
152
152
152
152
152
152
152
152
152
152
152
152
153
153
153
153
153
154
155
154
153
153
154
154
154
153
151
151
151
151
151
151
151
151
151
152
151
151
151
151
151
152
152
152
151
152
152
152
151
151
151
151
151
151
151
151
151
152
152
152
152
152
153
153
152
152
153
152
152
152
153
153
153
153
153
154
154
152
152
152
153
151
151
150
150
150
150
150
150
150
150
150
151
151
151
151
150
150
150
150
150
151
151
150
150
150
150
150
150
150
150
150
150
150
150
150
150
150
151
151
151
152
151
151
151
151
151
152
152
153
153
153
152
152
151
152
151
153
152
152
152
152
151
150
150
151
152
151
152
152
150
149
149
149
149
149
149
151
151
151
150
150
150
150
151
151
150
151
150
150
149
149
149
149
149
149
149
149
149
149
149
149
149
150
150
149
149
149
149
150
151
151
152
152
151
151
151
149
149
149
149
150
148
148
148
148
148
148
150
150
149
149
148
148
149
149
148
149
149
149
149
149
148
149
149
148
148
148
148
149
148
148
148
148
148
148
148
148
148
148
148
148
148
148
148
148
148
148
148
148
149
149
149
150
150
150
149
149
149
148
148
148
148
148
148
149
149
149
150
150
151
151
152
151
152
151
151
150
149
149
149
149
149
149
149
149
149
149
149
148
148
148
148
148
149
149
149
149
149
149
149
149
148
148
148
148
149
149
149
149
149
149
149
149
149
149
149
149
147
147
147
147
147
147
147
148
148
148
148
148
147
147
148
147
147
147
147
147
147
148
148
148
148
147
147
147
147
147
147
147
147
148
148
147
147
147
147
147
147
147
147
147
147
148
148
148
148
148
148
148
147
147
147
149
148
148
148
148
147
147
147
147
147
147
147
147
147
147
147
147
147
147
147
148
149
151
151
151
151
152
151
150
149
149
150
146
146
147
147
147
147
146
147
147
148
147
147
146
146
146
146
146
146
146
146
147
147
146
146
146
146
146
146
146
146
146
146
146
146
147
147
147
147
147
147
146
147
147
146
146
147
148
147
146
146
146
146
146
146
146
146
146
146
146
146
146
146
147
147
147
147
147
147
147
147
147
147
147
147
147
147
147
147
148
149
148
148
148
147
147
148
148
147
148
146
147
147
147
147
147
146
146
146
146
146
146
146
146
144
145
145
146
146
147
146
146
145
145
146
145
144
144
144
145
145
145
145
145
145
143
143
143
143
143
143
143
144
144
144
144
143
144
144
144
144
144
144
143
143
145
145
145
145
143
143
143
143
143
143
143
144
144
144
143
143
143
143
143
143
143
