0.0006586206896551723 0.0005562068965517242
300
291
284
275
269
266
264
260
256
254
255
251
250
247
248
249
249
249
250
249
248
246
246
246
246
245
245
243
241
241
242
240
238
238
238
240
238
238
238
237
238
237
237
239
238
241
241
239
238
238
238
236
235
238
237
234
235
233
232
231
229
230
230
228
227
226
225
227
228
228
228
228
225
225
224
222
222
225
227
227
227
227
230
227
226
225
225
224
223
224
225
223
223
224
224
222
222
222
222
223
221
221
218
220
221
223
222
223
223
222
222
222
224
222
220
221
219
217
220
221
223
221
220
221
222
223
222
225
224
225
225
222
222
222
221
223
222
222
223
219
218
217
217
218
219
218
219
218
218
217
217
218
218
218
220
221
221
222
222
222
226
225
227
226
227
227
225
225
223
220
220
220
219
220
220
218
220
219
220
219
219
220
222
220
220
220
221
221
220
220
218
218
219
219
217
214
217
216
217
218
218
217
212
213
213
213
211
211
212
213
215
215
214
210
208
208
206
206
205
205
205
204
209
208
207
206
205
206
208
210
211
212
211
208
209
209
208
207
207
205
205
204
204
206
206
206
203
202
204
204
204
203
202
202
203
202
201
202
204
202
203
201
199
199
202
202
204
204
203
202
202
201
200
200
200
201
203
204
204
204
205
206
205
206
207
206
208
207
206
206
205
206
206
207
207
205
206
206
207
204
205
206
208
209
207
207
206
207
209
208
208
209
207
210
205
204
204
206
206
206
207
205
202
203
202
202
203
203
204
203
203
200
201
203
200
200
199
199
200
199
197
197
197
197
197
198
200
199
201
201
200
199
199
197
197
197
195
194
194
193
193
194
194
195
196
196
196
196
196
197
197
196
196
197
197
199
199
199
199
198
199
199
199
199
199
199
199
198
198
197
197
196
196
196
196
197
198
195
195
193
194
193
192
192
191
190
191
194
196
196
197
197
199
198
197
196
197
198
199
199
198
196
194
194
195
195
195
194
195
195
193
193
193
195
195
196
197
197
200
202
202
203
201
200
198
200
203
199
200
199
199
197
198
196
196
195
194
195
197
198
198
197
196
197
195
197
195
194
193
194
194
195
195
196
195
192
193
193
195
195
196
195
196
194
191
191
193
192
194
194
194
193
194
194
194
193
192
192
192
192
192
193
193
190
190
190
190
190
191
190
190
189
190
190
190
190
191
192
191
191
190
192
190
190
188
191
192
192
190
193
194
196
192
195
194
195
197
196
197
197
197
197
198
198
198
198
198
197
195
195
193
192
191
194
192
190
188
188
188
187
186
188
188
190
189
189
190
191
192
192
190
189
189
189
189
190
190
191
191
194
194
195
193
193
194
195
195
196
196
193
193
191
190
190
189
190
190
190
189
185
189
191
190
191
191
191
193
191
193
190
188
187
185
186
186
186
186
186
187
188
188
186
188
188
188
189
188
188
187
187
187
188
186
185
186
185
184
185
184
184
185
186
187
187
190
189
188
185
184
184
184
183
181
182
182
185
185
186
185
186
185
184
185
185
184
183
183
184
184
184
185
185
185
187
190
189
190
192
192
192
191
190
190
189
189
187
188
190
190
187
186
187
188
187
187
187
187
188
187
187
186
185
187
189
191
191
191
189
188
191
188
187
189
189
189
191
188
188
188
186
186
185
185
185
186
184
184
183
183
184
184
184
185
183
184
185
185
185
184
185
185
185
186
186
186
187
187
185
185
186
187
189
188
187
188
189
188
188
187
188
188
189
188
188
187
188
191
192
193
192
191
192
193
193
195
194
193
192
193
194
194
195
192
192
191
191
190
189
189
191
192
192
191
191
191
192
190
190
190
190
190
191
189
188
187
188
186
187
187
188
188
190
190
190
191
188
190
190
188
188
190
189
188
189
192
191
191
191
190
190
193
189
189
190
191
192
192
192
193
193
193
191
192
194
192
191
190
190
190
191
190
192
191
192
193
191
189
189
189
189
189
189
188
188
187
186
186
185
182
182
183
185
187
187
188
189
189
188
189
187
187
188
189
187
186
189
189
190
190
188
191
190
191
193
193
192
193
195
194
194
193
193
194
195
194
193
194
196
195
197
197
195
194
192
191
190
188
187
187
188
187
186
184
184
184
185
186
188
186
183
183
184
183
182
182
183
182
183
185
184
184
183
182
183
186
189
187
187
188
190
189
191
192
191
190
190
191
189
189
187
188
187
186
186
188
188
188
187
187
187
187
186
187
186
184
184
184
186
188
187
189
189
190
188
186
187
187
185
184
187
187
186
185
189
190
189
188
187
190
191
192
194
194
193
191
191
191
193
192
190
190
192
190
191
188
190
189
188
187
189
188
186
187
189
188
186
185
185
187
187
189
186
186
184
185
183
184
184
185
185
187
187
187
187
187
187
186
185
185
184
183
180
180
181
180
180
181
181
182
182
183
184
187
187
187
184
183
181
182
182
184
181
180
180
182
182
182
182
182
182
183
182
184
184
184
184
183
183
184
184
181
180
179
179
179
180
181
179
179
178
178
177
179
179
179
178
181
183
183
183
182
182
180
181
181
181
181
179
178
177
175
174
173
172
172
174
174
175
178
178
179
180
180
179
179
180
179
178
180
180
181
181
180
180
179
179
179
178
179
180
181
181
181
180
178
176
178
177
176
175
176
174
176
175
175
175
175
176
176
177
178
176
176
176
174
174
171
171
171
172
172
172
172
171
171
171
175
175
174
175
177
176
176
177
177
178
177
176
176
178
177
175
173
175
176
177
179
178
177
179
179
177
175
175
174
173
173
174
174
175
174
175
173
173
174
174
174
173
173
173
171
172
172
174
176
177
176
175
173
173
173
171
171
172
172
169
170
169
168
168
168
168
166
167
167
167
167
168
170
171
173
173
174
174
172
173
172
171
171
172
172
172
173
173
174
175
175
176
177
175
175
175
174
173
172
172
173
176
178
179
179
178
176
176
176
174
175
174
175
173
174
174
173
174
171
170
170
169
171
171
168
168
167
168
169
168
167
167
168
169
165
166
165
165
166
168
170
171
173
173
172
170
169
169
170
172
171
171
171
172
172
171
170
170
172
172
172
170
171
172
172
172
172
171
169
167
167
168
170
169
169
168
168
168
170
171
172
172
173
173
170
171
171
171
169
169
169
170
169
169
170
173
173
174
176
177
178
176
175
175
174
172
172
171
170
172
171
173
173
174
173
173
172
172
173
173
173
172
171
171
170
171
171
173
173
174
173
173
175
175
173
173
173
173
176
175
175
174
174
175
174
174
174
175
176
174
174
174
174
173
174
177
178
175
173
172
173
174
175
175
174
175
175
174
174
174
175
176
177
178
177
177
177
177
178
179
179
178
176
177
173
174
174
174
172
172
170
171
172
171
172
171
170
168
168
170
171
171
171
172
171
171
171
172
172
172
172
172
171
171
171
172
172
172
170
170
171
171
171
173
173
172
173
173
172
174
176
176
175
175
178
181
182
182
181
176
176
177
177
177
177
177
175
176
174
175
174
176
177
176
177
176
176
175
175
175
179
179
178
179
179
178
178
178
177
176
177
175
177
178
179
177
178
178
179
179
181
181
183
181
182
179
178
179
180
179
177
177
179
180
180
181
180
177
176
174
174
174
174
173
172
172
170
168
168
168
168
169
169
170
170
171
170
169
168
168
166
165
166
166
165
165
165
166
169
171
172
172
172
171
173
174
174
173
173
173
172
172
174
172
171
170
170
170
170
171
171
171
171
170
170
172
172
172
172
172
172
170
170
169
170
172
172
172
171
172
173
174
171
170
170
167
166
164
163
162
163
164
165
164
164
166
164
164
165
167
167
168
169
170
171
170
168
166
167
171
169
171
170
168
168
168
169
171
172
169
169
169
171
171
170
171
173
172
170
170
170
171
171
173
173
173
172
174
172
172
172
172
171
171
173
172
172
171
172
171
171
168
167
167
167
166
167
167
166
166
166
166
166
167
167
168
171
170
171
172
172
169
169
169
168
169
168
170
171
171
171
171
171
171
171
169
170
170
169
167
165
167
167
168
167
168
170
171
171
171
171
171
170
169
169
168
168
168
169
166
164
165
165
165
166
168
168
168
167
166
167
169
169
171
170
171
172
170
171
170
170
171
170
167
168
167
168
169
169
169
168
169
168
169
167
168
167
168
167
169
169
169
170
170
169
170
169
171
173
173
172
171
171
171
171
172
170
171
171
171
169
170
171
172
172
174
171
171
170
173
174
171
172
171
171
171
170
167
167
168
168
167
168
168
169
171
169
168
166
168
166
166
170
171
171
170
169
169
168
167
167
167
166
166
167
169
166
166
163
166
165
165
166
167
166
167
167
165
165
163
163
163
165
165
165
166
165
167
168
165
164
167
168
170
170
169
167
167
168
168
167
167
168
169
167
166
169
169
168
168
168
169
168
170
170
170
170
168
166
165
164
163
162
164
165
163
165
166
166
166
166
168
165
166
167
168
168
167
166
166
164
165
165
165
165
165
163
163
161
162
161
162
162
162
161
161
160
160
160
161
161
160
159
159
159
160
160
160
160
160
161
162
162
164
164
165
166
166
166
169
168
168
167
165
164
162
163
162
163
161
162
163
161
161
161
162
164
164
162
164
167
167
166
166
166
166
168
165
165
167
168
169
170
167
166
164
165
166
167
167
165
165
165
164
161
159
160
160
161
161
161
161
163
164
164
164
164
164
163
164
163
165
163
163
163
163
165
165
165
163
162
162
160
159
160
161
163
164
163
162
162
162
165
164
162
160
160
159
159
159
159
157
157
157
156
157
156
155
156
156
156
156
155
155
156
156
156
156
155
155
155
155
158
158
159
158
158
158
157
155
155
159
157
157
157
158
158
158
157
154
154
155
157
158
159
159
161
161
160
160
161
161
161
160
160
160
159
159
158
158
159
159
158
159
159
155
156
157
157
158
158
158
156
156
156
156
157
158
156
156
156
155
153
153
153
153
153
154
155
156
156
157
156
156
155
153
153
153
151
153
155
154
153
154
154
154
155
155
155
154
153
153
152
152
150
149
149
148
148
149
148
149
150
150
150
151
151
151
151
150
149
149
149
151
151
151
151
151
151
152
152
151
151
154
154
154
154
154
154
152
153
153
153
154
155
153
153
153
154
154
152
149
149
149
149
149
148
147
150
152
153
153
152
152
151
151
152
153
154
155
153
153
152
152
150
150
148
149
150
150
152
152
152
151
150
150
153
151
150
149
150
149
148
148
149
149
148
148
147
148
148
148
150
150
150
148
150
151
150
151
152
152
152
151
151
152
152
152
151
150
149
149
149
148
148
148
149
149
149
149
151
152
153
154
155
155
156
153
153
153
153
154
154
154
154
153
153
152
154
153
154
153
152
151
151
151
150
150
149
148
150
150
150
151
150
150
150
149
149
150
150
150
147
146
146
146
148
148
148
147
146
146
146
144
144
144
144
147
147
147
145
145
145
145
147
147
148
148
149
147
147
149
150
150
149
148
149
149
149
149
149
148
148
148
148
149
149
147
147
146
146
146
146
145
146
146
146
147
147
146
146
146
146
146
146
146
145
145
145
145
146
147
149
148
148
149
148
148
147
145
145
145
143
144
143
144
142
142
142
141
142
143
143
143
143
142
142
142
141
142
142
143
143
144
144
145
145
145
145
146
146
145
148
147
147
146
144
143
142
142
143
143
143
143
143
144
145
145
144
146
146
144
145
144
146
145
146
146
145
146
148
148
147
148
148
148
149
149
149
149
148
148
147
149
149
149
150
149
151
150
150
149
148
148
148
146
146
147
148
149
151
151
150
150
149
149
149
148
148
147
149
149
150
150
150
148
147
147
146
145
147
147
147
147
148
149
150
149
149
148
148
147
147
148
148
148
146
145
145
145
145
145
145
147
147
146
146
146
147
147
145
146
145
145
145
146
146
146
148
149
148
148
149
149
146
145
146
143
142
142
142
140
140
141
141
141
141
142
142
143
142
143
142
144
145
145
146
147
146
147
145
144
144
144
141
141
141
141
143
142
143
144
145
145
145
145
144
144
146
145
145
145
143
144
144
144
143
144
144
144
146
146
146
145
145
145
147
148
149
148
148
148
147
146
145
145
145
146
146
145
145
147
147
146
147
146
147
145
146
146
147
146
146
146
145
144
144
144
146
146
146
146
148
148
148
146
145
144
144
144
145
145
146
145
145
145
144
144
144
145
145
145
144
143
143
143
142
141
140
142
141
141
141
141
141
142
142
142
143
144
144
144
145
146
146
148
148
147
146
146
145
145
145
144
145
146
146
148
148
149
150
148
147
146
146
144
145
146
146
146
145
146
145
145
144
144
147
147
146
145
145
144
144
144
145
146
147
148
148
149
149
149
147
146
147
148
149
149
150
154
152
150
152
151
151
148
149
147
146
145
148
148
148
150
151
152
154
154
154
154
154
154
156
156
158
160
161
160
162
162
162
161
160
155
157
156
155
155
154
154
155
157
157
157
159
159
159
158
158
156
156
155
155
155
153
153
153
157
157
156
156
156
156
154
152
151
152
153
155
154
151
151
149
150
149
150
148
149
149
149
149
150
150
149
148
148
149
150
150
150
150
152
152
152
152
153
153
153
153
152
153
152
153
151
151
151
151
151
151
151
150
152
149
150
152
152
152
149
149
149
147
147
147
146
145
146
146
146
148
150
151
150
151
150
149
151
150
148
148
148
149
148
147
147
146
147
148
148
147
150
151
151
151
151
151
150
151
151
152
154
154
150
149
149
147
148
149
150
146
146
147
148
150
149
148
150
150
149
149
151
151
150
151
152
151
149
149
149
148
148
147
145
144
143
144
144
144
144
145
144
144
144
145
146
146
148
148
148
147
146
146
149
153
154
156
156
154
154
153
154
153
152
152
153
152
153
151
152
153
151
150
150
151
150
151
148
147
147
148
148
146
146
145
145
144
145
146
145
145
145
145
143
143
146
147
145
146
148
148
151
151
149
151
149
149
149
148
149
147
148
149
147
146
146
146
146
146
145
145
145
146
146
145
147
147
146
147
146
146
146
148
149
149
151
151
150
149
149
148
147
147
147
147
148
147
147
148
149
148
147
147
145
144
145
143
143
143
143
145
145
147
146
146
146
147
147
148
150
150
151
149
149
150
151
152
154
152
152
151
151
152
152
153
154
154
155
153
153
152
152
153
152
150
150
150
150
149
148
148
147
146
147
148
149
147
147
147
148
148
146
147
147
149
149
151
149
148
150
152
152
151
150
150
151
150
149
148
148
148
147
147
146
146
144
145
144
144
145
144
144
144
144
144
146
149
150
149
150
150
151
150
148
148
149
149
151
152
152
151
152
151
148
151
151
150
149
149
151
151
152
151
149
149
149
150
150
151
151
151
152
153
152
152
152
150
149
152
152
151
151
152
149
149
149
149
150
151
152
151
150
150
150
149
150
151
150
147
146
146
145
146
146
146
145
144
144
144
144
145
143
143
142
143
143
145
146
146
146
146
146
146
145
145
145
146
146
147
147
148
146
145
145
145
145
145
146
146
146
146
147
145
144
144
144
145
146
145
144
146
150
149
149
147
146
146
148
148
147
147
147
147
147
146
145
144
143
143
143
142
143
142
144
144
143
143
142
142
142
141
141
142
143
142
143
143
143
142
140
140
141
141
141
141
140
140
140
141
142
141
141
141
143
142
140
139
141
141
140
140
141
140
141
141
142
142
142
143
142
141
141
141
141
141
141
142
142
141
141
140
141
142
141
138
138
139
139
140
139
140
140
142
143
144
143
143
144
144
144
145
146
145
145
145
143
143
144
144
144
143
143
143
144
144
144
146
146
146
146
147
144
146
145
145
147
147
147
148
150
151
151
152
149
148
149
150
147
146
148
149
149
147
146
145
145
147
145
145
144
143
143
144
144
143
143
143
143
144
144
144
144
143
143
146
145
146
143
144
144
145
144
145
144
142
141
141
142
140
140
140
142
143
142
141
142
142
144
146
145
145
145
143
145
144
144
143
143
144
143
142
142
141
140
140
140
142
142
143
140
142
142
140
140
141
141
138
139
138
138
137
137
137
138
138
138
138
138
139
137
136
136
136
136
136
137
138
137
137
136
138
139
139
139
140
139
139
140
139
137
136
135
135
135
138
138
139
137
138
137
135
134
135
135
134
134
135
135
136
135
135
135
135
135
135
135
137
136
136
135
135
134
134
136
137
139
137
137
136
134
134
133
134
133
133
136
136
136
138
137
139
139
139
140
140
140
138
138
138
137
137
137
136
135
135
135
135
135
135
134
134
134
135
134
135
135
136
136
135
135
133
132
132
131
132
132
133
133
133
133
133
133
134
134
133
133
133
133
132
131
132
133
132
132
132
132
132
133
133
134
135
137
137
136
135
135
135
134
134
133
134
135
135
135
134
132
132
134
133
135
135
137
137
136
137
137
138
137
138
138
137
137
134
133
132
134
132
132
132
131
132
133
133
134
134
133
133
133
133
133
134
136
134
135
136
137
136
136
136
136
134
133
133
133
133
134
133
133
133
133
135
136
136
138
139
138
138
136
139
137
135
136
138
138
137
138
139
139
138
137
135
134
135
135
135
136
137
137
137
137
136
133
133
133
135
136
135
135
135
134
133
133
132
130
130
129
129
129
129
129
131
132
132
133
133
135
136
133
131
131
132
133
133
134
135
136
136
136
136
137
140
140
139
138
138
138
139
139
140
139
138
138
139
138
140
141
139
140
140
140
139
140
138
136
135
134
132
132
132
133
130
131
130
129
129
130
131
131
131
130
130
129
130
130
130
132
130
131
131
134
135
135
136
136
134
134
134
134
134
134
134
133
134
134
135
136
135
136
137
137
137
136
135
136
137
139
138
139
137
137
137
135
136
134
135
133
131
132
131
131
132
134
133
135
135
135
134
134
135
136
136
137
136
136
135
134
134
133
134
134
133
132
131
132
132
132
132
132
131
131
131
131
130
130
130
130
130
130
130
130
130
131
131
131
131
131
131
130
130
130
130
131
133
133
135
135
135
133
132
133
134
134
134
133
133
134
133
132
132
132
131
132
133
134
133
134
133
134
135
135
134
135
135
135
137
138
138
137
134
133
133
134
133
132
135
135
136
135
132
132
134
133
134
134
133
134
133
131
132
131
131
131
131
129
131
131
131
132
134
135
134
135
138
139
138
134
133
133
133
133
134
136
136
136
135
133
133
132
132
131
131
129
129
130
130
130
129
131
131
128
128
129
129
130
129
130
129
128
128
127
127
124
124
124
125
125
125
125
126
126
125
125
124
125
125
125
124
124
125
125
124
123
124
124
123
126
127
126
126
126
126
127
126
126
126
128
130
130
128
126
126
126
125
125
126
124
124
124
125
124
122
123
124
125
126
126
128
126
126
125
123
123
123
123
122
123
123
122
122
124
126
125
124
124
124
123
125
125
127
124
124
123
122
122
118
118
118
118
118
118
118
120
119
120
120
119
119
119
119
121
121
121
122
123
124
122
122
121
121
122
121
120
119
120
121
122
122
122
122
121
120
120
119
119
120
121
122
123
125
125
125
124
124
123
124
124
125
126
125
124
122
122
123
123
124
123
123
125
124
124
123
123
124
124
125
125
127
126
125
124
125
125
125
125
123
123
122
123
123
123
122
122
122
123
123
126
125
125
125
125
126
126
126
126
127
127
128
127
128
126
126
127
127
128
128
129
129
129
127
126
125
126
125
126
127
128
128
128
128
128
128
127
127
126
127
127
128
126
126
125
125
125
124
126
126
125
125
126
126
126
128
129
129
130
129
128
128
128
127
129
126
124
123
123
122
123
124
124
125
125
125
125
124
125
123
123
123
121
121
121
121
122
122
121
122
122
123
124
123
124
124
124
124
126
126
124
124
122
122
122
123
124
125
125
124
125
125
126
127
125
124
124
125
123
122
122
123
122
121
121
121
121
122
123
122
122
122
123
123
124
124
123
123
123
123
126
128
128
127
128
129
127
126
127
128
128
128
129
131
131
131
130
128
129
129
129
129
129
129
131
132
132
132
131
133
133
133
133
132
131
132
131
131
130
131
129
129
129
129
128
128
127
127
125
125
125
125
126
126
126
126
127
127
126
125
124
124
125
125
124
124
123
124
125
125
126
125
125
124
124
124
125
125
125
124
127
127
127
127
126
129
130
130
130
129
126
126
126
127
129
131
131
131
129
127
127
124
124
126
124
125
124
125
126
126
126
127
128
127
126
125
126
126
129
128
126
126
125
127
128
127
127
126
127
126
124
124
122
122
122
122
123
123
123
121
122
121
120
120
119
119
118
120
121
121
120
120
120
118
122
122
122
122
122
122
122
123
123
123
122
121
123
122
120
120
119
118
119
119
119
120
120
120
121
122
122
122
123
123
122
122
122
121
121
120
121
119
119
120
119
119
120
120
120
121
121
121
119
118
119
120
118
118
118
120
120
121
121
121
121
121
122
121
120
120
123
122
123
123
123
122
122
122
122
122
122
124
123
124
124
124
123
123
122
122
121
121
122
122
121
123
124
125
127
127
128
128
127
127
126
125
121
119
119
119
119
121
120
119
118
118
120
122
120
118
118
118
117
117
117
116
116
117
117
117
116
117
116
116
116
115
115
116
117
118
118
120
119
118
117
117
117
117
117
117
116
117
117
117
116
118
117
117
117
116
116
116
116
116
116
116
116
116
115
115
116
116
117
117
117
118
120
119
120
121
122
121
120
122
120
120
118
119
119
119
119
121
122
122
121
121
121
122
121
121
122
122
122
121
121
121
119
119
118
117
118
118
119
119
119
119
117
117
118
118
117
118
116
117
118
119
119
119
119
120
119
119
118
118
117
116
116
116
115
114
114
114
114
115
115
115
114
114
114
114
114
115
115
115
117
115
115
115
115
115
115
115
117
117
118
118
116
116
116
116
116
115
115
116
117
115
114
115
113
113
114
115
116
116
115
114
112
112
111
112
113
112
112
113
114
113
113
115
116
116
115
116
116
117
116
114
114
115
114
114
115
114
113
114
114
115
115
117
116
116
115
115
115
115
115
115
114
114
114
115
114
114
113
113
114
113
113
113
115
113
113
113
113
114
113
112
113
113
114
114
114
113
113
113
113
112
111
112
114
113
112
111
112
112
112
112
113
112
110
113
113
113
113
113
113
114
116
116
116
115
115
115
116
116
116
118
118
119
118
118
119
118
119
119
120
120
119
119
119
120
121
121
121
121
120
120
119
118
118
117
117
116
116
116
116
117
117
118
118
117
117
116
117
117
116
115
114
113
114
113
115
115
115
116
117
116
116
117
118
117
118
117
117
117
117
117
120
120
120
120
119
118
120
120
120
119
118
119
118
118
117
