0.0004537931034482759 0.0009658620689655174
300
295
287
284
281
277
271
265
261
257
255
254
249
251
252
249
247
244
244
243
242
244
243
240
236
234
236
235
233
231
231
230
230
227
226
223
221
222
221
222
221
221
222
222
222
220
220
218
219
218
219
216
218
215
216
216
217
216
217
217
214
214
214
214
216
215
215
215
218
217
216
214
213
213
213
210
208
209
210
207
206
206
205
205
206
205
206
205
205
204
204
204
205
205
205
206
206
205
204
203
203
204
202
202
202
203
204
204
207
205
205
205
206
207
208
209
208
208
210
210
208
207
208
210
208
208
208
207
208
209
210
210
209
207
207
204
206
207
202
201
201
198
196
193
193
193
194
194
194
195
197
198
199
200
199
198
198
198
198
198
199
198
196
197
198
198
201
202
202
203
202
201
199
201
200
201
200
198
200
200
199
198
198
196
198
199
197
198
197
196
197
195
196
195
194
194
194
192
191
192
192
190
192
190
189
189
188
188
190
190
190
192
192
190
190
189
189
190
189
190
189
187
187
187
188
190
190
190
190
189
192
192
193
193
195
197
195
194
195
196
195
193
193
194
191
193
192
194
194
191
188
189
192
192
186
186
186
185
186
186
185
185
184
184
183
183
183
184
184
183
182
183
182
183
183
183
185
185
185
186
186
186
186
187
187
188
190
189
190
190
189
187
187
188
189
190
190
187
188
188
188
188
187
189
186
185
185
184
183
182
182
182
182
183
183
184
183
183
182
183
183
183
184
183
184
185
184
184
184
186
186
186
186
186
187
187
186
186
186
185
185
186
186
183
185
186
186
187
188
189
188
189
189
186
187
187
187
188
187
187
188
190
191
192
193
192
195
194
193
191
191
191
190
191
192
190
192
193
195
194
194
191
189
191
191
191
189
188
190
189
188
190
190
189
189
190
191
189
187
184
184
182
182
182
182
183
183
184
185
184
184
183
182
182
182
181
181
180
181
181
182
182
183
183
186
184
183
183
180
180
180
181
181
182
182
182
182
182
181
184
184
183
181
179
180
180
179
181
182
181
180
179
178
179
178
176
177
177
175
176
176
176
176
179
178
178
178
178
177
178
178
179
181
181
180
179
178
178
178
178
179
179
180
178
176
177
178
177
177
176
177
175
174
176
176
176
176
177
175
173
174
175
175
176
178
178
181
179
179
178
179
179
179
176
176
177
177
177
180
180
181
181
178
179
178
176
177
179
177
177
178
177
177
178
178
178
177
179
179
179
182
184
183
182
181
183
183
182
183
182
180
179
179
179
179
179
178
179
178
176
176
174
173
173
173
174
173
172
172
172
172
174
174
175
173
173
173
172
174
174
175
174
174
173
173
173
173
172
174
174
175
175
175
175
176
175
175
175
174
176
175
175
174
174
175
177
177
179
180
179
178
177
178
177
178
178
178
177
176
177
176
175
174
174
173
174
174
174
177
178
179
179
179
176
175
175
173
173
174
174
177
177
178
179
180
179
175
175
174
173
174
174
173
172
173
172
173
174
174
174
175
173
172
172
171
171
170
169
168
169
169
169
170
169
169
170
170
169
168
167
168
168
168
166
165
166
165
166
167
167
167
167
166
167
166
166
164
164
165
164
165
166
166
167
167
169
170
172
172
172
174
174
174
175
177
178
176
175
176
177
177
176
176
177
177
175
174
174
174
174
173
170
170
170
169
169
168
168
168
167
168
169
169
169
169
168
170
171
170
170
172
173
175
174
175
175
176
176
178
178
180
182
178
176
175
174
172
172
171
171
170
171
173
173
170
170
172
169
170
170
170
171
171
171
172
173
172
174
174
174
175
173
172
172
172
173
176
173
173
173
170
169
169
170
170
169
168
168
169
170
169
167
166
166
168
168
169
171
168
168
168
168
169
169
169
168
167
167
169
169
169
168
167
166
167
165
166
167
166
167
167
168
169
169
168
167
166
167
167
168
168
169
169
169
170
170
170
170
171
171
172
172
173
173
172
174
174
174
174
174
174
172
172
171
170
169
170
168
167
166
166
167
168
167
168
168
169
168
167
167
167
167
167
168
167
168
168
168
168
169
170
168
168
170
168
168
169
168
169
169
169
170
170
171
169
169
168
168
169
168
168
166
166
166
167
167
167
169
169
168
167
168
169
169
169
169
169
168
168
169
168
168
168
166
165
164
164
165
166
165
165
164
164
165
164
163
162
162
162
160
160
159
162
162
162
162
162
162
161
160
161
162
164
164
165
164
165
164
164
164
163
163
162
160
161
161
161
162
161
161
161
162
164
165
165
165
164
164
163
164
164
163
162
162
162
162
161
160
159
160
161
161
161
162
162
162
162
163
164
164
164
165
165
163
165
166
165
166
164
164
163
162
163
164
165
164
162
161
161
160
160
161
162
164
167
166
166
168
169
169
167
166
166
168
167
168
167
167
167
164
162
161
160
161
160
160
160
160
159
159
159
159
159
159
160
160
160
160
159
161
162
163
163
163
164
163
164
163
161
159
161
162
162
159
161
163
162
162
161
161
162
162
162
160
161
160
160
158
162
162
162
161
160
161
163
163
162
163
164
164
164
163
162
163
163
161
160
162
162
162
165
164
164
163
163
161
159
160
163
164
163
162
163
164
161
160
159
157
160
160
159
159
156
155
156
157
158
159
158
158
158
160
159
160
159
158
158
158
159
159
160
161
160
160
160
162
161
158
158
160
161
160
162
163
163
164
163
163
163
164
163
163
163
162
161
164
163
162
164
163
165
166
165
165
164
163
163
163
163
163
163
162
162
162
163
164
163
162
161
159
160
160
159
159
158
159
161
161
161
162
162
159
158
155
155
155
155
154
155
156
156
157
156
156
155
156
156
157
157
160
159
159
161
161
159
158
158
160
161
161
160
158
158
159
159
160
160
158
157
156
158
157
156
157
157
157
157
159
158
157
157
155
155
154
152
151
148
149
149
151
151
151
151
151
152
152
152
152
152
151
151
151
151
151
152
152
152
153
152
153
154
154
154
156
157
157
156
156
157
158
159
159
158
159
158
157
155
156
156
155
154
156
155
154
154
153
153
153
153
153
152
155
155
157
156
157
156
156
156
157
156
155
157
159
160
159
159
159
159
160
159
159
161
160
160
160
159
158
158
159
160
159
158
157
157
157
157
159
160
160
159
159
158
159
158
158
158
156
155
156
154
154
154
154
154
153
153
151
151
151
151
151
152
152
152
152
153
155
156
154
154
156
156
155
155
153
154
154
154
154
152
153
154
153
152
152
150
151
151
150
151
152
152
149
148
147
147
148
148
148
147
148
147
147
147
149
149
149
149
150
151
150
150
151
151
152
153
153
153
151
150
152
153
154
152
152
152
152
152
153
154
154
155
154
152
153
153
153
152
150
149
148
148
147
146
146
145
146
146
146
147
147
147
147
147
147
146
146
146
147
147
148
149
148
148
148
147
146
146
146
146
145
147
147
148
149
148
148
148
152
150
149
148
148
150
151
151
152
152
151
150
150
148
146
146
146
146
144
144
144
144
144
144
144
144
144
144
144
144
144
145
145
147
148
148
148
147
146
146
146
146
146
145
147
146
147
146
145
145
145
144
144
145
146
146
148
146
146
147
149
149
148
149
148
148
149
150
152
151
151
151
151
151
149
148
148
149
150
149
152
152
152
153
154
154
154
153
152
150
150
148
148
149
151
150
150
148
148
147
146
147
147
145
144
145
145
146
147
147
147
147
148
149
147
147
146
146
147
148
149
148
148
149
149
149
149
148
148
148
148
148
149
149
147
147
147
148
147
148
149
148
149
150
149
146
146
147
146
146
145
145
145
145
146
145
144
146
147
147
148
148
148
151
151
150
149
147
146
146
146
145
145
147
147
147
147
147
148
148
148
148
147
147
148
148
146
146
146
146
145
145
146
147
146
147
147
147
147
147
149
148
147
147
148
147
147
145
147
147
146
146
148
146
147
147
148
149
148
147
149
150
151
150
151
151
151
152
152
152
152
154
154
151
151
148
149
149
148
148
148
148
148
148
149
148
148
150
151
151
151
152
152
150
150
150
149
148
149
150
149
149
150
149
149
149
149
150
150
149
149
150
147
147
146
145
145
146
145
144
144
145
144
144
144
144
145
145
146
146
147
148
149
149
150
150
149
151
150
148
147
146
146
147
149
148
148
147
148
148
147
149
150
150
150
151
151
151
150
150
150
150
150
149
148
148
152
151
151
150
150
149
149
149
150
151
151
150
152
151
152
152
151
150
150
152
153
152
150
150
149
149
149
150
149
149
147
146
147
150
151
152
150
150
149
152
152
153
154
153
152
151
151
150
149
149
149
149
147
147
147
146
148
149
149
149
147
147
147
146
148
147
147
150
149
149
148
148
148
148
151
152
153
152
152
152
149
149
148
149
149
150
149
148
148
148
147
148
147
148
148
146
145
147
147
146
146
146
147
147
146
147
148
148
147
146
145
145
143
144
145
146
144
144
143
143
142
141
141
142
143
143
144
144
145
144
145
144
144
143
143
145
144
142
141
141
142
142
142
142
142
142
141
143
144
144
144
144
143
143
142
142
142
143
144
146
145
145
146
146
149
149
150
152
152
153
154
153
151
149
147
147
149
152
153
151
151
148
147
146
145
145
145
145
143
145
144
144
144
145
145
145
145
144
144
144
145
145
147
146
144
144
144
142
142
141
141
144
144
144
143
144
144
144
144
143
144
145
147
146
144
143
142
143
143
142
144
144
144
146
146
145
146
150
149
148
150
153
151
152
152
151
149
145
145
144
144
145
144
144
142
142
143
144
144
146
144
143
143
144
144
143
143
144
144
143
142
142
141
145
144
143
144
144
145
145
145
144
144
145
144
144
146
146
148
147
146
145
144
144
144
143
144
144
143
143
144
145
144
145
145
145
145
147
147
146
146
148
148
148
148
146
146
146
145
145
147
148
150
151
151
151
153
155
153
152
152
151
150
152
152
149
148
148
145
144
144
144
144
144
146
145
146
147
146
146
146
146
147
146
148
147
146
145
144
145
146
145
145
144
144
144
145
145
145
145
143
144
144
143
143
144
144
144
144
144
144
145
143
142
142
141
143
144
144
144
144
143
143
143
143
144
144
144
144
144
143
144
144
145
146
146
145
145
145
146
145
146
145
145
144
146
146
146
146
146
145
145
144
145
148
144
145
145
147
149
149
149
147
148
148
150
149
147
148
148
148
146
147
146
145
145
145
145
144
142
142
143
142
141
142
143
144
144
144
142
142
142
143
141
141
140
141
141
141
140
140
140
139
140
141
143
143
142
142
144
144
143
143
144
144
146
145
145
146
146
145
145
144
143
142
143
142
141
141
141
141
142
142
143
143
143
145
146
146
145
146
146
146
146
146
144
143
143
143
144
144
144
143
146
145
144
145
144
143
143
144
143
144
144
144
145
145
145
146
147
148
150
151
151
150
150
149
150
150
150
149
147
146
145
143
143
144
144
143
144
144
144
144
143
143
144
143
144
143
142
142
142
140
140
140
141
142
142
142
144
143
143
142
142
143
145
146
146
145
145
146
147
147
147
147
146
146
145
147
145
144
142
142
142
142
142
140
139
139
138
139
138
139
139
139
138
138
139
139
140
142
143
143
144
144
144
144
142
143
142
141
141
142
143
144
142
141
141
141
142
143
143
143
143
145
145
144
144
144
145
147
148
147
146
146
146
147
147
148
149
148
148
147
147
146
143
147
146
146
147
146
145
145
146
146
145
145
144
143
144
143
144
142
142
143
142
142
142
143
142
142
143
143
143
143
144
143
142
141
141
141
141
142
141
139
141
142
142
141
141
141
141
142
144
143
144
144
144
143
143
143
142
143
144
143
144
143
144
143
143
142
142
142
141
142
142
142
142
141
142
141
140
140
140
143
144
146
147
145
145
146
145
143
142
141
140
139
139
139
141
142
141
141
141
141
140
142
141
141
143
143
143
143
142
143
142
141
141
143
144
143
143
140
139
139
139
139
138
139
138
138
138
138
137
135
135
135
136
136
137
136
136
136
136
135
135
136
136
135
136
136
133
134
132
132
133
134
134
134
135
134
133
131
131
132
133
134
135
134
137
137
136
134
134
135
134
133
133
132
134
134
134
135
135
135
134
134
134
134
134
134
135
134
132
133
133
133
132
133
133
133
133
133
132
132
133
134
135
135
135
134
133
134
133
133
133
133
133
133
134
135
136
137
138
137
138
137
136
136
136
136
133
132
132
133
133
133
133
133
134
134
134
133
133
132
135
132
132
132
134
132
132
132
132
132
132
133
133
134
135
135
136
135
133
133
133
134
134
135
135
136
135
135
134
133
134
133
135
135
135
135
134
135
136
135
134
131
130
130
129
129
130
130
131
132
132
132
132
132
128
128
130
130
130
129
129
129
129
128
129
129
129
129
129
129
131
131
131
131
133
131
133
132
131
131
130
132
132
132
132
133
132
132
132
131
131
132
131
133
132
132
132
132
131
132
132
132
132
132
132
131
131
130
131
132
132
132
132
131
131
131
131
132
130
130
133
133
133
133
131
130
129
131
133
129
129
130
130
130
129
129
129
130
130
131
130
130
130
130
130
129
129
129
130
131
130
128
128
127
127
126
127
128
128
128
127
127
128
129
129
130
130
129
129
129
128
128
130
129
128
129
132
130
132
132
132
130
130
129
130
129
130
129
130
131
128
128
129
131
130
130
130
131
130
130
129
129
128
127
128
126
127
127
128
129
130
130
129
129
131
132
131
130
131
130
129
129
129
129
130
129
128
128
126
128
127
127
129
130
130
130
129
129
128
128
129
129
130
129
130
129
129
129
129
129
128
129
129
128
129
129
130
131
132
130
131
133
134
133
131
133
132
133
134
133
134
135
136
136
135
135
136
135
137
137
135
132
131
131
132
132
132
131
131
131
130
130
130
129
130
130
130
128
129
128
129
128
127
129
129
129
129
129
129
129
130
131
129
130
128
128
130
133
131
132
131
132
129
128
130
129
127
126
126
126
126
126
126
125
125
125
124
124
124
124
125
125
125
126
126
125
124
124
125
126
125
125
127
129
130
129
129
129
129
129
130
130
129
130
130
128
128
128
129
129
128
127
127
129
129
131
131
131
130
128
128
129
128
129
129
130
128
128
128
126
125
125
125
125
124
125
125
125
126
125
125
127
127
128
128
129
132
132
132
131
132
130
129
130
130
129
130
133
133
132
132
134
134
134
132
133
132
131
130
130
129
129
128
127
128
126
124
124
124
126
126
124
124
124
124
124
126
125
125
126
125
125
126
127
127
127
127
127
126
125
124
124
124
124
124
125
125
125
125
125
125
125
125
126
127
126
126
127
128
127
128
127
127
127
127
128
127
126
126
126
126
126
127
127
127
126
125
125
124
124
126
125
125
125
124
124
124
125
127
127
126
127
126
127
128
128
128
127
127
127
126
126
126
125
125
125
126
127
127
127
129
130
131
131
131
130
130
131
132
131
130
130
129
128
127
127
128
128
129
131
131
132
133
134
132
131
130
128
128
129
128
128
128
127
127
127
127
127
126
126
125
123
124
124
124
123
122
122
122
121
121
121
123
123
123
123
123
124
123
123
123
123
123
122
123
123
123
123
124
124
124
125
125
126
125
124
123
124
125
125
125
124
124
124
124
125
126
127
126
126
127
127
126
127
127
127
127
125
125
125
126
125
125
123
122
122
122
122
121
120
120
121
122
123
122
122
122
124
124
124
125
125
125
125
125
126
127
127
127
127
126
126
126
126
126
126
126
126
128
128
127
130
130
132
131
129
130
129
127
125
127
129
130
130
129
129
128
127
129
129
129
127
127
127
128
128
129
128
128
126
125
125
124
125
125
126
126
125
126
126
125
124
123
124
124
124
124
123
124
126
126
126
127
127
125
126
126
129
130
129
128
128
127
126
125
125
124
125
125
126
126
126
127
128
128
129
132
133
130
129
129
130
129
128
130
131
129
129
128
126
126
129
128
128
128
127
127
128
128
128
129
129
129
129
129
129
130
129
129
127
126
125
122
123
123
122
121
121
121
121
121
121
122
122
121
121
121
121
122
121
121
121
123
125
126
127
126
126
126
127
127
125
127
127
128
127
126
127
128
128
128
127
126
126
125
126
126
126
126
126
127
127
126
128
128
128
128
127
128
128
128
128
129
129
130
129
129
128
127
128
128
127
126
126
125
124
125
126
126
126
125
124
124
123
123
124
124
121
122
123
124
125
124
124
125
123
122
122
123
123
124
124
123
122
120
122
122
122
122
123
122
122
122
123
123
123
123
122
122
122
120
122
121
123
123
124
124
123
121
120
121
122
122
123
125
124
123
122
122
120
120
120
123
123
124
124
125
125
125
124
125
126
123
124
122
123
122
123
124
123
123
122
124
125
125
125
124
124
122
122
121
121
121
121
121
122
124
124
125
124
124
123
121
121
122
122
123
124
123
124
124
124
125
125
125
124
123
123
123
124
122
123
122
123
125
123
123
121
120
119
119
120
120
119
119
120
119
120
122
123
123
125
125
124
124
124
124
124
124
125
125
122
124
124
125
123
123
121
121
122
122
123
124
122
121
121
120
119
119
119
118
118
118
119
120
120
119
120
120
117
117
116
117
118
118
118
118
120
121
121
121
120
121
121
122
121
121
124
124
124
126
125
123
121
123
123
124
122
121
119
119
119
119
119
120
120
120
122
121
120
120
120
120
119
119
119
119
119
120
120
119
119
121
121
119
119
120
120
121
122
122
122
123
123
122
120
120
120
120
121
122
122
123
123
119
119
119
118
118
119
119
121
119
121
120
120
120
118
120
120
120
119
116
116
117
117
118
118
117
119
120
120
120
121
121
120
118
117
117
118
117
116
116
114
116
116
118
118
121
121
122
125
126
127
128
127
129
126
125
127
126
125
123
123
122
121
124
123
124
123
124
123
123
123
122
122
122
122
122
123
122
122
122
122
124
125
125
126
126
126
124
124
123
122
120
119
118
118
118
119
120
120
120
119
120
120
120
118
119
119
119
119
119
120
120
120
121
123
123
124
125
123
122
122
122
122
123
121
121
120
120
120
119
119
120
120
119
119
119
118
119
119
118
118
118
118
118
118
119
119
119
121
122
123
124
122
121
120
119
119
117
117
117
117
118
118
118
117
117
118
119
117
117
117
117
117
117
118
118
117
116
117
116
116
117
117
119
119
120
120
120
120
121
121
121
122
122
118
119
119
119
120
123
121
121
122
124
124
124
126
127
127
125
125
124
122
121
122
122
122
121
124
124
124
121
120
121
122
121
121
120
119
119
120
118
119
119
119
120
119
120
120
121
120
121
121
120
120
119
119
121
121
118
117
117
119
119
120
119
119
119
119
120
121
122
123
122
122
121
120
120
118
118
118
117
116
116
114
115
115
116
116
117
117
117
118
118
118
121
121
121
121
121
121
121
119
120
120
119
119
121
120
120
121
121
121
120
120
119
118
119
121
120
118
117
117
118
118
117
115
116
117
117
117
118
118
118
118
116
118
116
116
116
116
116
116
116
116
118
118
120
121
120
119
117
116
114
113
114
115
114
114
114
115
117
114
113
112
112
112
112
114
113
113
112
112
112
114
114
113
113
114
115
115
115
115
117
116
115
116
116
116
117
117
115
116
111
110
109
110
109
109
109
109
109
110
111
111
111
109
110
111
111
111
111
112
111
111
111
113
113
114
113
113
113
113
113
113
112
110
112
112
111
112
112
112
111
110
110
110
109
109
110
111
111
111
110
110
110
109
109
110
110
111
113
112
112
114
113
112
113
113
113
112
111
111
112
111
111
111
111
112
112
110
110
109
109
109
109
110
109
109
110
110
111
112
113
114
114
113
114
111
111
111
112
112
112
112
112
112
114
115
114
112
115
115
117
117
119
119
118
116
115
113
112
111
113
114
114
111
111
111
110
110
111
111
111
111
110
108
107
107
108
108
108
109
108
107
108
108
109
109
109
108
109
110
110
110
108
108
107
105
105
106
107
109
106
106
106
106
107
107
107
107
108
109
110
110
111
109
109
108
109
111
112
110
110
110
110
110
109
109
109
109
108
107
108
107
107
107
107
107
107
106
108
108
109
109
109
109
109
106
106
105
106
105
106
105
104
104
104
104
105
105
105
106
106
106
106
105
105
105
106
106
105
106
106
106
107
106
105
105
105
105
106
106
107
106
107
109
108
107
107
107
106
108
107
107
107
106
105
105
105
105
104
105
104
104
103
103
103
103
103
104
104
105
104
104
105
106
106
106
106
105
105
106
106
105
106
106
105
106
107
107
106
106
106
105
105
105
105
104
105
105
106
106
106
105
105
104
103
105
105
104
104
105
105
104
103
103
104
104
105
104
105
106
105
106
106
106
107
106
105
105
104
103
102
102
102
103
103
103
103
104
104
104
104
104
104
104
105
105
105
104
105
104
105
106
106
106
106
106
106
106
109
109
106
107
107
107
107
106
105
106
106
107
107
106
106
107
106
107
108
107
106
107
107
106
106
105
105
105
107
106
106
106
106
106
107
107
107
105
105
105
106
107
107
109
108
108
109
108
109
109
107
106
105
105
106
106
105
105
107
108
107
107
107
108
108
108
107
107
106
106
105
103
102
101
101
101
101
101
102
102
102
102
102
102
102
102
103
103
103
103
102
103
102
102
103
105
105
105
105
105
106
106
106
106
105
106
107
107
107
106
108
108
107
108
109
108
107
108
108
106
106
107
107
106
106
106
107
107
108
108
108
108
107
106
106
106
106
106
107
107
105
105
106
107
105
104
105
106
106
106
105
105
105
105
105
105
105
104
103
103
103
103
103
104
103
103
102
102
102
101
102
102
101
104
105
104
105
105
105
105
105
105
105
105
105
104
103
104
105
105
107
106
105
105
103
105
105
104
104
102
102
102
102
102
103
104
105
106
106
105
103
103
104
104
103
105
104
105
107
105
105
106
105
104
103
102
103
102
102
102
103
104
103
101
101
102
101
101
101
101
101
100
101
100
101
101
103
103
104
104
103
103
104
103
103
103
103
103
103
102
102
102
103
103
101
101
101
102
101
102
103
103
101
100
102
102
101
102
101
102
99
99
100
100
100
101
101
102
101
101
102
101
100
101
100
101
101
102
101
100
100
100
101
102
102
102
102
102
101
99
100
99
100
100
100
100
100
100
98
97
97
97
98
98
98
98
99
100
99
99
100
99
99
100
102
103
102
102
103
102
102
102
101
101
100
100
100
99
99
101
101
101
102
101
101
100
100
99
99
95
96
96
95
99
98
98
98
100
100
100
99
99
100
101
101
102
101
101
101
99
99
98
98
97
98
100
100
101
100
100
99
99
99
100
100
100
