0.0006927586206896553 0.00014655172413793104
300
297
291
292
288
289
288
288
288
286
287
289
292
291
288
290
291
291
297
298
301
302
301
301
301
302
303
302
303
302
301
302
302
301
302
306
306
306
305
305
306
306
307
307
308
308
309
310
310
312
312
311
312
312
313
313
314
316
315
313
316
317
317
318
317
318
320
321
322
323
324
324
323
322
322
324
325
325
324
325
324
324
327
329
330
333
333
332
335
336
337
337
336
339
338
339
341
342
342
344
346
347
349
347
348
349
348
346
346
346
350
349
351
353
353
353
352
350
349
350
352
353
354
357
357
357
360
361
361
365
365
368
369
367
368
367
364
366
366
367
368
368
370
369
369
368
371
372
369
370
371
371
375
374
376
375
374
375
376
378
378
380
383
386
386
387
388
388
388
388
390
391
391
390
395
397
398
395
394
395
396
397
399
400
400
400
401
402
402
403
402
404
403
407
404
404
404
402
402
404
403
398
399
399
401
401
402
402
402
402
403
404
407
406
407
408
412
414
414
415
415
415
416
416
418
420
419
422
423
425
427
429
429
429
428
430
431
434
432
430
432
434
435
435
435
434
435
434
435
432
434
436
435
435
436
437
438
440
439
435
438
437
441
441
441
443
442
444
443
441
443
442
444
444
446
449
452
455
456
457
455
455
455
454
453
454
455
458
459
463
466
468
466
468
469
472
475
476
476
481
482
484
487
487
490
494
496
497
498
501
506
507
508
508
510
510
509
508
507
510
511
513
513
513
511
513
510
511
513
516
517
515
516
515
515
512
515
516
516
516
516
518
519
520
520
516
517
518
516
516
514
515
518
518
518
518
517
518
521
519
522
523
523
524
523
525
526
526
526
527
529
529
528
529
526
528
528
528
530
530
531
531
531
533
534
534
536
535
534
533
530
530
532
535
536
536
536
535
535
535
538
538
538
540
541
541
540
539
538
541
542
544
546
546
546
552
554
554
550
553
554
557
554
553
550
551
551
552
555
557
556
555
556
558
560
559
561
563
563
564
565
564
563
563
563
563
562
565
565
564
565
564
565
567
568
569
571
569
570
569
571
572
573
572
573
575
574
573
574
576
578
581
580
581
581
583
584
580
579
578
579
580
579
580
583
586
583
583
587
589
588
593
591
590
590
589
591
593
593
595
596
594
594
594
595
591
595
597
595
594
595
595
596
596
598
600
600
600
603
603
600
602
606
609
607
608
608
609
610
614
616
620
619
623
621
620
617
618
619
624
621
621
619
619
621
624
628
629
626
628
632
633
632
634
632
637
637
638
638
640
643
643
642
646
645
647
646
647
648
645
640
641
642
638
638
638
637
637
639
642
643
647
647
649
649
654
654
654
656
657
659
655
660
658
662
661
664
663
665
666
665
665
667
669
667
666
669
669
671
670
670
668
671
675
678
675
678
678
677
676
678
675
678
674
672
672
672
674
674
677
675
678
675
675
678
678
678
678
680
680
676
679
682
681
684
686
690
692
686
688
692
692
693
697
697
702
707
706
705
702
705
704
709
711
708
708
710
714
715
716
718
718
721
718
721
718
714
718
719
717
718
716
713
714
716
717
715
714
716
717
715
718
720
720
719
717
713
714
717
714
718
719
719
722
721
723
722
721
724
726
723
729
730
735
736
735
734
733
733
734
739
736
739
739
737
737
742
741
742
745
747
748
754
758
758
763
767
765
768
769
767
766
769
768
767
767
766
769
764
761
760
757
760
762
765
765
766
770
768
768
767
768
769
771
775
778
777
778
781
784
790
793
789
788
788
789
791
791
790
785
789
789
791
794
794
799
798
795
796
789
791
794
792
794
797
799
802
799
802
807
806
799
799
798
801
801
800
799
800
800
800
805
810
811
810
807
805
806
802
801
802
800
802
801
802
802
803
804
805
805
807
806
810
810
817
819
819
822
823
823
827
828
832
825
825
823
821
822
824
820
821
814
818
821
822
823
819
819
819
819
820
821
826
824
826
824
826
823
817
817
819
816
817
817
818
816
815
817
817
813
814
817
817
817
816
817
820
821
824
828
829
827
822
824
824
827
828
828
830
831
831
831
828
824
825
829
826
830
832
832
830
828
831
836
836
837
834
837
836
836
839
839
841
846
850
849
843
846
848
850
850
849
850
851
853
856
854
854
855
855
858
862
857
856
854
851
853
855
855
855
852
851
852
851
856
852
858
856
856
862
861
862
861
866
861
861
860
857
857
860
865
867
863
862
857
861
866
869
870
871
880
881
877
879
880
880
883
883
886
885
881
882
884
887
885
882
885
885
884
882
885
886
886
892
888
892
893
894
891
892
893
892
891
886
892
896
897
901
904
907
903
903
904
909
912
913
913
915
916
915
917
914
916
914
915
917
920
923
922
923
919
917
914
913
912
910
912
908
910
907
907
906
911
909
910
914
916
918
921
921
922
927
930
929
928
925
919
922
925
928
930
928
929
929
931
930
930
927
919
923
921
922
918
918
923
927
927
929
922
924
932
930
931
935
937
940
940
939
942
943
945
953
956
957
956
957
957
958
958
960
963
967
965
965
965
964
967
964
967
959
961
962
958
961
959
962
964
966
964
971
972
974
975
982
983
979
982
989
993
992
991
993
992
988
987
987
987
982
984
981
985
985
985
985
984
989
985
988
986
984
986
987
984
984
982
984
988
986
989
993
997
999
998
1000
1002
1002
1002
999
1000
999
1002
1000
999
1005
1009
1012
1017
1014
1015
1013
1009
1021
1025
1020
1017
1016
1019
1020
1023
1022
1026
1027
1023
1023
1020
1028
1029
1030
1032
1033
1029
1031
1033
1035
1035
1038
1041
1040
1043
1045
1046
1043
1044
1043
1048
1043
1045
1043
1046
1043
1045
1047
1046
1041
1046
1050
1053
1055
1056
1053
1054
1050
1042
1043
1043
1043
1043
1041
1046
1051
1051
1053
1054
1055
1057
1058
1060
1066
1062
1059
1059
1061
1060
1067
1065
1065
1067
1066
1063
1063
1066
1070
1069
1069
1071
1074
1069
1067
1067
1063
1064
1059
1059
1059
1058
1062
1066
1063
1063
1064
1066
1065
1071
1069
1076
1071
1068
1072
1079
1079
1075
1075
1076
1078
1077
1079
1080
1078
1077
1079
1084
1087
1088
1091
1092
1094
1091
1092
1095
1097
1093
1093
1094
1091
1090
1095
1098
1101
1105
1103
1102
1095
1091
1094
1095
1100
1103
1107
1113
1108
1106
1104
1104
1106
1104
1100
1101
1099
1096
1095
1093
1091
1096
1103
1101
1096
1091
1090
1091
1092
1095
1093
1092
1094
1092
1090
1092
1089
1095
1094
1090
1096
1094
1096
1101
1096
1095
1096
1093
1096
1094
1089
1087
1090
1091
1091
1091
1089
1091
1094
1096
1101
1103
1104
1103
1103
1109
1106
1109
1111
1110
1104
1110
1107
1108
1112
1111
1106
1102
1110
1111
1110
1103
1107
1108
1107
1106
1104
1107
1105
1106
1106
1106
1107
1103
1104
1105
1105
1107
1111
1114
1112
1116
1115
1119
1116
1122
1128
1124
1122
1126
1125
1127
1129
1135
1133
1134
1131
1124
1124
1121
1124
1118
1114
1117
1120
1119
1121
1119
1121
1121
1119
1123
1122
1121
1123
1121
1121
1127
1130
1130
1129
1136
1138
1136
1136
1133
1132
1131
1132
1133
1138
1139
1138
1134
1140
1140
1145
1143
1150
1148
1152
1154
1149
1151
1150
1152
1154
1156
1155
1151
1151
1148
1149
1150
1155
1156
1151
1152
1151
1156
1157
1156
1153
1150
1152
1152
1153
1152
1154
1150
1150
1152
1151
1149
1151
1150
1156
1159
1160
1159
1160
1158
1152
1150
1150
1151
1146
1147
1148
1147
1149
1148
1146
1146
1146
1148
1149
1153
1152
1153
1151
1150
1148
1151
1159
1157
1156
1153
1152
1161
1155
1155
1154
1156
1157
1158
1160
1163
1169
1167
1168
1169
1167
1170
1173
1177
1174
1172
1172
1174
1170
1171
1168
1166
1164
1165
1161
1165
1163
1164
1166
1169
1172
1180
1179
1175
1172
1173
1180
1178
1179
1176
1178
1183
1185
1185
1182
1182
1179
1174
1174
1177
1178
1182
1183
1182
1187
1189
1189
1194
1188
1186
1192
1195
1195
1193
1202
1199
1201
1208
1211
1207
1205
1206
1206
1204
1204
1203
1205
1204
1209
1206
1200
1198
1198
1199
1198
1197
1202
1199
1201
1204
1206
1200
1200
1200
1202
1201
1199
1200
1202
1207
1204
1205
1208
1210
1215
1215
1215
1220
1218
1217
1216
1213
1218
1217
1219
1219
1219
1221
1221
1226
1234
1230
1230
1235
1243
1239
1239
1236
1239
1240
1243
1244
1243
1249
1247
1249
1250
1245
1245
1242
1239
1243
1244
1248
1245
1246
1247
1250
1251
1252
1250
1255
1255
1259
1255
1257
1252
1242
1246
1246
1248
1247
1245
1241
1237
1241
1241
1240
1238
1240
1242
1247
1245
1244
1246
1241
1240
1240
1242
1240
1241
1244
1240
1243
1246
1243
1238
1245
1251
1249
1247
1245
1247
1240
1236
1244
1248
1250
1251
1251
1255
1254
1255
1254
1253
1256
1253
1252
1254
1255
1258
1259
1262
1258
1257
1258
1259
1258
1261
1262
1263
1269
1263
1259
1252
1253
1258
1258
1255
1258
1257
1261
1259
1258
1259
1257
1253
1251
1254
1263
1261
1256
1251
1251
1252
1253
1255
1258
1259
1262
1269
1267
1270
1269
1267
1264
1264
1266
1263
1260
1260
1263
1267
1269
1270
1268
1267
1268
1269
1269
1268
1276
1277
1274
1272
1271
1270
1267
1269
1266
1269
1270
1269
1270
1271
1271
1273
1273
1275
1274
1272
1265
1272
1266
1270
1267
1269
1268
1270
1266
1268
1267
1274
1278
1278
1283
1283
1276
1273
1277
1273
1278
1279
1278
1280
1281
1280
1282
1286
1283
1285
1283
1286
1290
1287
1294
1300
1296
1301
1300
1294
1299
1294
1292
1294
1294
1289
1289
1290
1286
1286
1285
1284
1281
1283
1284
1283
1284
1284
1285
1286
1294
1299
1301
1302
1300
1302
1303
1307
1303
1305
1306
1308
1310
1314
1318
1315
1311
1308
1308
1309
1306
1308
1310
1310
1313
1309
1307
1305
1308
1309
1313
1322
1320
1316
1314
1310
1309
1309
1308
1317
1318
1327
1327
1326
1323
1321
1322
1321
1319
1315
1316
1317
1318
1321
1322
1321
1322
1322
1320
1323
1326
1327
1328
1330
1330
1324
1331
1329
1324
1324
1323
1325
1321
1321
1322
1323
1319
1323
1325
1324
1328
1329
1334
1335
1332
1336
1337
1335
1337
1336
1337
1337
1333
1334
1334
1334
1332
1330
1326
1322
1326
1334
1335
1339
1332
1337
1339
1334
1334
1334
1331
1330
1328
1326
1326
1317
1316
1317
1316
1318
1319
1316
1322
1328
1321
1323
1328
1328
1325
1332
1331
1335
1333
1338
1334
1333
1332
1341
1338
1341
1345
1350
1347
1347
1341
1338
1340
1343
1342
1340
1342
1343
1345
1348
1353
1353
1352
1348
1350
1354
1355
1357
1361
1356
1361
1359
1356
1355
1359
1360
1360
1358
1357
1358
1358
1361
1364
1369
1367
1371
1368
1366
1368
1370
1374
1366
1370
1372
1369
1369
1375
1372
1374
1374
1372
1375
1380
1376
1374
1374
1371
1369
1371
1375
1371
1372
1370
1372
1378
1380
1377
1370
1375
1369
1373
1376
1378
1383
1384
1383
1383
1387
1385
1384
1384
1383
1383
1384
1385
1386
1381
1381
1381
1383
1379
1383
1380
1383
1386
1390
1390
1398
1397
1397
1396
1402
1406
1400
1396
1402
1405
1407
1407
1404
1410
1413
1410
1408
1404
1405
1407
1406
1407
1405
1404
1400
1405
1406
1411
1417
1416
1418
1418
1416
1414
1419
1419
1420
1426
1426
1424
1424
1421
1421
1426
1430
1434
1433
1432
1433
1429
1421
1419
1428
1430
1431
1427
1427
1431
1424
1425
1421
1422
1424
1424
1421
1421
1426
1421
1421
1426
1429
1430
1424
1420
1417
1419
1416
1423
1426
1429
1430
1427
1426
1429
1430
1427
1433
1432
1431
1440
1438
1438
1435
1431
1434
1432
1429
1432
1437
1433
1436
1434
1437
1436
1429
1427
1431
1429
1433
1433
1433
1428
1430
1423
1417
1421
1421
1421
1420
1427
1424
1423
1418
1424
1423
1420
1421
1424
1431
1436
1436
1436
1437
1435
1437
1439
1440
1437
1439
1434
1433
1439
1436
1433
1428
1424
1426
1425
1429
1426
1426
1427
1429
1430
1432
1425
1428
1432
1427
1429
1429
1430
1428
1434
1430
1434
1437
1444
1447
1445
1448
1457
1457
1449
1446
1441
1438
1440
1445
1446
1445
1444
1442
1441
1439
1437
1436
1434
1438
1437
1440
1447
1448
1451
1453
1457
1456
1462
1457
1454
1454
1454
1453
1454
1453
1453
1453
1454
1454
1455
1456
1455
1461
1462
1459
1464
1464
1465
1464
1464
1463
1467
1469
1478
1476
1476
1477
1482
1478
1475
1469
1468
1468
1470
1467
1468
1468
1470
1474
1482
1485
1480
1479
1483
1489
1487
1490
1486
1487
1491
1498
1501
1505
1509
1509
1510
1514
1518
1513
1517
1518
1515
1511
1514
1518
1516
1516
1506
1503
1509
1510
1507
1510
1509
1508
1513
1514
1514
1510
1511
1512
1507
1509
1509
1504
1505
1506
1501
1507
1505
1501
1498
1503
1502
1506
1506
1498
1493
1496
1498
1498
1499
1501
1504
1503
1503
1508
1504
1500
1500
1495
1500
1497
1493
1497
1497
1499
1502
1505
1503
1510
1507
1508
1510
1511
1516
1512
1508
1512
1514
1515
1515
1520
1515
1513
1515
1513
1512
1512
1513
1507
1505
1499
1498
1496
1496
1501
1506
1501
1502
1505
1507
1507
1504
1502
1509
1508
1509
1510
1511
1510
1512
1514
1519
1517
1522
1514
1518
1516
1515
1516
1521
1518
1518
1515
1521
1521
1515
1518
1519
1528
1528
1520
1523
1523
1518
1522
1519
1522
1527
1523
1521
1523
1521
1525
1525
1532
1527
1524
1524
1526
1523
1526
1532
1539
1545
1541
1542
1546
1553
1545
1544
1538
1541
1541
1545
1542
1537
1539
1549
1551
1545
1547
1545
1543
1540
1534
1533
1534
1538
1541
1540
1538
1541
1550
1552
1553
1553
1553
1551
1552
1555
1555
1558
1560
1567
1563
1569
1569
1568
1570
1573
1567
1568
1564
1561
1556
1558
1550
1553
1555
1554
1551
1553
1556
1550
1549
1545
1551
1548
1545
1538
1534
1531
1537
1537
1540
1544
1551
1550
1549
1547
1553
1558
1558
1563
1566
1572
1576
1576
1571
1570
1569
1568
1570
1578
1581
1580
1568
1560
1564
1563
1566
1566
1566
1562
1562
1563
1558
1563
1563
1556
1554
1552
1559
1560
1558
1554
1557
1550
1550
1547
1547
1549
1549
1557
1564
1565
1568
1558
1554
1554
1554
1548
1557
1557
1553
1561
1557
1560
1563
1565
1570
1568
1569
1571
1561
1568
1571
1570
1575
1574
1573
1569
1567
1571
1571
1573
1571
1566
1569
1571
1571
1564
1565
1565
1563
1566
1568
1567
1561
1560
1566
1562
1555
1563
1566
1573
1577
1585
1579
1579
1582
1584
1577
1580
1580
1581
1580
1582
1586
1587
1586
1585
1588
1590
1591
1594
1600
1603
1601
1601
1598
1600
1605
1597
1598
1596
1595
1594
1591
1589
1590
1583
1580
1578
1587
1587
1587
1595
1596
1601
1595
1590
1600
1611
1605
1607
1611
1604
1606
1608
1604
1606
1605
1600
1600
1598
1603
1600
1603
1601
1595
1594
1587
1592
1593
1591
1593
1591
1586
1585
1583
1586
1588
1586
1587
1590
1587
1588
1587
1593
1591
1598
1597
1603
1603
1607
1601
1608
1604
1602
1599
1600
1606
1603
1602
1606
1606
1606
1606
1611
1615
1608
1610
1602
1602
1606
1611
1614
1616
1611
1610
1612
1621
1624
1625
1627
1626
1625
1627
1626
1626
1622
1625
1621
1621
1624
1624
1623
1624
1622
1624
1630
1633
1635
1642
1640
1635
1632
1637
1631
1630
1630
1629
1627
1631
1639
1636
1638
1632
1631
1637
1634
1633
1630
1631
1633
1637
1642
1639
1642
1641
1639
1642
1646
1642
1642
1639
1643
1636
1632
1638
1640
1639
1643
1644
1646
1640
1638
1638
1639
1640
1648
1641
1647
1645
1648
1648
1652
1655
1651
1645
1644
1649
1651
1654
1655
1660
1656
1655
1648
1642
1644
1645
1643
1643
1642
1639
1639
1642
1639
1639
1635
1629
1629
1634
1633
1626
1626
1622
1632
1633
1632
1633
1632
1628
1626
1624
1626
1627
1625
1626
1625
1622
1630
1628
1631
1635
1634
1633
1627
1629
1632
1639
1638
1636
1636
1632
1628
1629
1633
1626
1622
1627
1638
1635
1634
1637
1636
1642
1634
1638
1640
1641
1643
1645
1651
1654
1651
1657
1658
1657
1651
1652
1652
1648
1649
1656
1656
1653
1653
1651
1656
1655
1653
1655
1661
1653
1651
1648
1646
1645
1648
1652
1650
1658
1652
1653
1649
1644
1646
1645
1645
1647
1643
1644
1651
1649
1653
1653
1650
1649
1647
1646
1645
1647
1652
1655
1660
1655
1652
1649
1652
1650
1652
1652
1651
1655
1657
1657
1662
1668
1669
1667
1671
1665
1668
1660
1657
1660
1661
1663
1663
1668
1661
1658
1661
1656
1659
1661
1663
1659
1659
1657
1657
1654
1656
1653
1649
1644
1646
1640
1639
1646
1647
1649
1653
1651
1656
1652
1651
1649
1652
1653
1656
1662
1657
1654
1652
1649
1654
1647
1645
1646
1639
1641
1643
1634
1629
1628
1626
1632
1629
1632
1638
1638
1639
1642
1647
1648
1652
1650
1646
1649
1649
1648
1650
1648
1647
1641
1639
1648
1650
1649
1651
1648
1646
1650
1644
1641
1645
1645
1644
1644
1648
1649
1651
1654
1654
1649
1649
1652
1652
1649
1653
1659
1657
1657
1658
1652
1650
1651
1653
1651
1645
1644
1655
1660
1660
1665
1659
1662
1666
1670
1657
1655
1652
1646
1653
1657
1656
1651
1652
1655
1658
1658
1658
1664
1671
1671
1674
1667
1667
1667
1666
1662
1664
1659
1661
1661
1659
1659
1659
1656
1656
1660
1662
1660
1660
1662
1659
1664
1665
1656
1661
1659
1662
1664
1665
1668
1668
1666
1663
1661
1660
1661
1658
1652
1654
1656
1663
1663
1656
1656
1662
1661
1662
1662
1657
1657
1658
1654
1656
1652
1649
1653
1656
1654
1656
1660
1654
1658
1663
1664
1658
1656
1658
1660
1656
1666
1665
1667
1661
1658
1658
1656
1655
1651
1663
1665
1669
1665
1656
1652
1651
1655
1659
1666
1668
1666
1663
1663
1659
1659
1663
1663
1669
1675
1680
1677
1676
1676
1670
1670
1674
1666
1664
1661
1665
1663
1665
1660
1663
1665
1666
1667
1664
1664
1674
1669
1669
1661
1662
1666
1662
1659
1658
1656
1658
1658
1657
1658
1650
1646
1652
1656
1659
1658
1660
1661
1664
1660
1660
1660
1660
1666
1669
1673
1671
1666
1666
1665
1664
1664
1664
1667
1668
1670
1675
1673
1680
1679
1675
1678
1679
1677
1677
1679
1682
1685
1692
1688
1695
1697
1702
1702
1702
1707
1713
1711
1718
1715
1713
1716
1713
1710
1713
1704
1705
1708
1715
1710
1705
1706
1699
1699
1701
1703
1703
1702
1705
1706
1709
1708
1712
1723
1724
1726
1722
1726
1732
1731
1731
1736
1734
1732
1726
1728
1726
1727
1730
1730
1723
1724
1728
1732
1727
1728
1722
1719
1722
1727
1725
1724
1732
1733
1727
1729
1721
1721
1724
1727
1727
1720
1720
1719
1720
1718
1729
1731
1722
1722
1713
1716
1719
1720
1718
1718
1712
1712
1713
1714
1715
1721
1725
1728
1726
1721
1721
1723
1727
1725
1721
1722
1718
1714
1717
1721
1731
1734
1736
1738
1738
1742
1733
1728
1730
1732
1736
1739
1742
1733
1728
1725
1722
1723
1721
1724
1725
1731
1724
1731
1729
1728
1727
1723
1723
1724
1717
1721
1720
1725
1724
1722
1728
1727
1730
1732
1733
1739
1740
1739
1739
1739
1738
1741
1735
1741
1736
1734
1735
1733
1735
1738
1742
1740
1741
1741
1741
1736
1733
1737
1735
1737
1734
1731
1737
1740
1742
1744
1737
1741
1746
1744
1743
1743
1742
1741
1740
1742
1741
1744
1738
1739
1746
1747
1746
1751
1746
1742
1737
1741
1736
1739
1744
1745
1743
1745
1741
1745
1745
1747
1749
1745
1746
1743
1746
1750
1747
1741
1739
1735
1743
1737
1736
1738
1747
1738
1737
1738
1732
1732
1736
1735
1736
1732
1736
1731
1730
1737
1741
1746
1740
1738
1730
1731
1732
1736
1734
1735
1729
1727
1728
1728
1737
1731
1727
1720
1725
1734
1729
1725
1723
1731
1731
1731
1732
1730
1734
1730
1735
1740
1739
1738
1738
1736
1734
1738
1733
1738
1733
1728
1733
1734
1729
1726
1722
1727
1724
1729
1723
1723
1725
1721
1725
1730
1732
1740
1743
1742
1744
1735
1738
1732
1734
1734
1735
1728
1729
1727
1729
1724
1732
1727
1726
1726
1726
1725
1732
1734
1731
1727
1726
1725
1726
1727
1733
1737
1737
1735
1739
1743
1741
1749
1746
1745
1741
1736
1735
1739
1742
1741
1749
1747
1741
1743
1743
1736
1740
1744
1746
1748
1746
1743
1746
1747
1749
1748
1753
1752
1751
1748
1748
1750
1751
1747
1741
1739
1738
1739
1741
1742
1743
1743
1741
1743
1742
1746
1750
1754
1756
1756
1754
1755
1751
1751
1753
1752
1751
1748
1747
1753
1754
1756
1759
1761
1762
1761
1760
1760
1768
1778
1774
1773
1771
1767
1765
1761
1766
1765
1768
1771
1770
1770
1765
1765
1766
1767
1771
1774
1769
1770
1769
1769
1773
1776
1774
1773
1767
1768
1764
1766
1768
1770
1767
1769
1769
1772
1772
1773
1770
1761
1776
1776
1769
1767
1766
1766
1773
1770
1759
1763
1768
1771
1776
1781
1788
1787
1792
1786
1785
1788
1790
1788
1785
1781
1783
1788
1797
1790
1789
1786
1792
1789
1791
1794
1796
1802
1806
1805
1807
1802
1804
1802
1800
1803
1807
1807
1809
1808
1803
1803
1803
1801
1810
1808
1806
1804
1806
1808
1805
1812
1821
1826
1823
1826
1825
1827
1829
1829
1829
1833
1835
1837
1844
1837
1838
1829
1827
1828
1828
1829
1840
1842
1837
1833
1832
1833
1836
1841
1840
1843
1843
1841
1846
1849
1844
1838
1838
1841
1840
1840
1843
1831
1831
1835
1836
1844
1847
1842
1843
1838
1845
1848
1847
1849
1850
1846
1839
1834
1838
1839
1836
1836
1831
1833
1843
1846
1829
1828
1826
1826
1835
1841
1843
1847
1844
1846
1850
1848
1852
1851
1860
1863
1857
1851
1859
1853
1851
1847
1854
1860
1862
1861
1860
1859
1865
1862
1864
1861
1862
1865
1865
1868
1863
1861
1859
1854
1854
1855
1856
1860
1867
1868
1872
1871
1871
1867
1876
1871
1864
1869
1875
1872
1870
1870
1868
1869
1870
1875
1882
1878
1875
1873
1873
1872
1883
1881
1871
1867
1866
1864
1860
1873
1873
1875
1871
1867
1864
1860
1859
1853
1862
1865
1863
1855
1864
1861
1857
1858
1860
1865
1866
1866
1866
1867
1870
1866
1866
1862
1861
1865
1867
1865
1868
1864
1865
1864
1871
1873
1870
1874
1868
1863
1865
1867
1868
1873
1879
1880
1879
1881
1880
1876
1870
1872
1880
1883
1883
1888
1884
1875
1882
1880
1880
1877
1881
1881
1876
1880
1875
1873
1878
1875
1874
1875
1873
1871
1875
1872
1875
1872
1869
1866
1866
1864
1862
1857
1853
1858
1857
1857
1861
1855
1850
1849
1852
1856
1856
1852
1851
1847
1854
1853
1859
1855
1856
1855
1857
1861
1858
1858
1856
1863
1865
1868
1873
1879
1872
1868
1868
1868
1872
1867
1865
1867
1855
1854
1858
1861
1865
1859
1857
1855
1859
1860
1850
1848
1859
1857
1855
1853
1855
1860
1860
1860
1861
1856
1860
1856
1855
1862
1859
1852
1853
1851
1852
1856
1856
1851
1853
1854
1854
1858
1859
1862
1857
1855
1857
1864
1861
1856
1857
1859
1867
1866
1869
1872
1867
1868
1871
1874
1876
1874
1872
1867
1864
1863
1870
1867
1865
1868
1860
1864
1860
1864
1865
1863
1858
1856
1857
1858
1865
1869
1865
1866
1865
1869
1865
1871
1870
1875
1873
1870
1870
1874
1875
1871
1873
1876
1875
1873
1875
1879
1878
1877
1877
1875
1873
1869
1867
1871
1864
1868
1867
1864
1865
1870
1864
1869
1860
1864
1861
1865
1870
1870
1873
1874
1879
1872
1869
1869
1873
1869
1873
1880
1878
1875
1870
1870
1865
1870
1868
1868
1866
1870
1875
1875
1869
1869
1865
1865
1865
1869
1864
1866
1867
1876
1874
1872
1869
1860
1860
1863
1861
1861
1861
1863
1865
1859
1862
1863
1867
1865
1859
1858
1858
1860
1855
1859
1867
1869
1871
1871
1875
1876
1871
1875
1875
1878
1886
1896
1892
1893
1887
1884
1883
1880
1882
1886
1877
1877
1874
1871
1872
1872
1872
1877
1876
1877
1876
1877
1873
1870
1867
1866
1871
1869
1865
1865
1871
1866
1869
1870
1874
1879
1875
1878
1880
1883
1882
1882
1873
1870
1869
1870
1873
1874
1876
1871
1871
1864
1863
1869
1867
1867
1874
1870
1867
1862
1862
1863
1861
1865
1867
1870
1875
1879
1883
1882
1884
1881
1884
1880
1886
1888
1889
1888
1887
1885
1890
1887
1887
1887
1888
1892
1888
1887
1880
1880
1876
1877
1879
1882
1877
1880
1879
1882
1890
1890
1896
1899
1899
1897
1900
1911
1913
1909
1912
1909
1900
1901
1897
1895
1896
1895
1894
1894
1899
1902
1903
1906
1909
1905
1904
1907
1902
1894
1892
1895
1896
1895
1898
1892
1890
1890
1890
1886
1887
1887
1889
1891
1893
1892
1881
1881
1877
1876
1878
1872
1866
1867
1862
1868
1875
1871
1866
1869
1863
1858
1859
1859
1859
1857
1855
1857
1855
1863
1867
1874
1865
1871
1871
1868
1868
1865
1869
1865
1868
1870
1873
1872
1865
1870
1876
1876
1882
1882
1880
1883
1882
1876
1876
1890
1884
1882
1891
1894
1891
1894
1892
1892
1890
1895
1901
1899
1895
1895
1898
1895
1897
1895
1902
1896
1894
1896
1901
1899
1900
1905
1905
1901
1905
1903
1903
1901
1905
1904
1899
1901
1904
1903
1910
1904
1911
1906
1903
1905
1906
1904
1910
1911
1906
1909
1907
1898
1902
1903
1903
1898
1893
1892
1897
1899
1895
1887
1885
1881
1879
1886
1871
1881
1885
1880
1876
1867
1865
1866
1869
1865
1867
1863
1862
1861
1866
1863
1860
1862
1859
1864
1870
1868
1873
1872
1872
1877
1875
1873
1870
1866
1872
1874
1874
1878
1883
1886
1888
1888
1892
1895
1892
1894
1895
1900
1898
1895
1896
1892
1900
1896
1900
1901
1898
1900
1903
1910
1908
1906
1910
1911
1908
1909
1902
1906
1910
1909
1910
1910
1910
1912
1910
1907
1908
1912
1908
1909
1912
1917
1912
1909
1913
1914
1910
1905
1902
1904
1901
1907
1906
1904
1904
1904
1906
1908
1914
1915
1913
1919
1919
1922
1923
1927
1928
1927
1930
1930
1929
1925
1926
1921
1920
1917
1918
1924
1931
1930
1932
1933
1927
1927
1927
1931
1930
1932
1935
1931
1931
1928
1927
1930
1927
1929
1928
1929
1930
1936
1941
1942
1941
1949
1946
1942
1941
1944
1944
1945
1941
1938
1941
1937
1937
1935
1935
1937
1939
1939
1940
1938
1938
1932
1937
1937
1938
1936
1933
1937
1937
1943
1940
1943
1940
1935
1934
1931
1935
1937
1932
1933
1927
1937
1941
1940
1942
1936
1938
1941
1939
1938
1935
1936
1935
1937
1945
1948
1949
1948
1947
1947
1946
1950
1955
1960
1958
1965
1967
1963
1964
1967
1961
1961
1963
1961
1961
1964
1957
1956
1949
1947
1949
1959
1957
1962
1956
1956
1961
1965
1972
1973
1973
1976
1975
1974
1977
1978
1979
1983
1980
1975
1973
1977
1969
1974
1975
1976
1974
1974
1967
1965
1964
1964
1966
1965
1971
1968
1972
1975
1966
1971
1972
1978
1980
1975
1980
1980
1980
1984
1987
1986
1994
1991
1989
1988
1982
1982
1981
1975
1975
1971
1973
1981
1974
1968
1963
1968
1966
1967
1967
1966
1970
1978
1983
1986
1988
1980
1980
1979
1982
1983
1980
1981
1981
1984
1984
1976
1975
1973
1977
1977
1978
1981
1989
1993
1991
1989
1981
1982
1980
1979
1979
1980
1982
1988
1989
1994
1990
1984
1975
1980
1979
1973
1973
1969
1972
1975
1976
1976
1976
1982
1982
1990
1992
1995
2002
2004
1995
1995
2000
2004
2006
2007
2004
1995
2003
1999
1990
1993
1988
1986
1983
1984
1983
1991
1993
1997
1993
1996
1995
1995
1992
1993
2000
1995
1994
1991
1997
1992
1996
1998
1996
1991
1988
1991
1998
2012
2015
2012
2014
2011
1999
2003
2000
1996
1995
1998
1995
2001
2001
1998
2002
2008
2008
2005
2017
2019
2028
2021
2023
2024
2028
2025
2017
2025
2017
2013
