0.0007951724137931035 0.0005903448275862068
300
299
290
288
284
280
279
276
268
265
266
266
265
266
266
265
262
258
257
256
256
256
256
254
254
254
256
253
255
251
249
248
245
248
246
247
247
246
245
244
242
242
240
241
241
239
241
240
238
238
239
240
238
235
234
234
235
235
236
235
235
236
236
236
237
238
239
237
235
236
237
241
243
239
237
236
234
234
233
232
231
232
232
232
232
231
232
233
231
236
235
234
235
232
231
232
231
233
233
232
231
231
231
230
230
230
228
226
228
227
225
225
224
225
226
226
228
229
230
229
229
230
228
228
227
228
229
230
230
230
230
229
228
228
230
230
229
229
228
226
226
226
225
224
225
226
228
230
227
224
225
223
223
226
226
227
225
223
224
224
225
226
225
227
227
226
227
228
228
226
224
225
226
228
227
227
226
228
230
230
231
231
231
230
230
230
228
227
227
228
231
230
227
226
226
224
224
224
228
229
230
228
226
223
223
223
222
222
222
221
219
219
220
220
221
221
215
216
214
216
216
216
216
217
218
217
219
221
222
223
225
225
223
222
221
222
222
222
223
221
221
220
219
219
220
220
220
220
219
222
220
221
221
220
222
225
225
222
221
218
219
218
218
218
220
220
221
221
219
218
217
214
215
215
216
217
218
220
219
219
219
217
219
219
221
221
221
221
224
226
225
225
224
223
222
222
222
221
219
217
217
216
217
216
216
218
218
217
220
218
217
218
218
218
218
217
218
217
215
214
213
212
215
213
211
212
214
214
214
214
214
216
218
219
220
219
222
223
223
220
219
217
217
218
219
222
223
220
219
222
223
223
223
222
222
222
222
221
222
221
222
220
222
223
222
221
221
221
221
220
220
218
218
220
222
219
220
220
220
222
222
221
221
222
220
221
223
221
221
221
218
219
220
221
217
217
216
218
217
217
217
217
215
215
213
213
214
213
212
213
214
214
217
217
217
217
218
216
213
212
211
211
210
211
211
212
213
213
214
215
217
215
216
217
219
220
221
222
222
224
225
223
227
227
227
227
228
228
230
230
230
233
231
234
227
229
230
228
226
227
229
228
224
222
224
225
225
227
225
224
224
223
223
222
221
220
220
220
222
223
225
225
225
230
229
230
229
228
229
228
229
229
228
227
227
224
225
223
223
223
223
225
227
224
222
222
222
223
221
221
221
222
224
223
220
221
223
223
225
225
223
223
223
222
224
226
227
225
226
226
226
225
225
222
223
222
223
221
221
224
224
223
221
218
218
217
219
220
220
220
220
218
218
216
217
215
217
219
219
218
218
218
219
218
218
217
218
219
221
221
220
217
216
216
215
218
220
222
219
221
219
220
219
219
217
218
218
220
222
223
222
223
223
227
228
228
225
227
227
227
225
222
221
221
220
220
217
218
218
217
217
217
217
217
215
215
215
215
214
215
214
215
214
214
213
214
214
214
212
211
213
213
214
213
214
213
211
212
214
214
212
212
210
207
207
207
207
207
209
208
209
208
208
208
207
210
209
208
208
207
207
206
207
205
207
205
204
202
201
202
201
202
203
201
202
202
205
207
209
209
209
211
210
212
212
210
208
207
207
209
208
206
205
204
204
202
203
203
204
203
203
203
203
204
206
208
206
205
205
206
206
203
204
203
203
204
203
202
205
204
205
203
203
205
205
205
207
206
207
210
207
207
205
205
207
206
208
208
208
210
209
210
210
210
209
208
208
207
206
204
202
202
202
203
201
200
199
201
199
201
200
199
199
199
198
195
195
194
194
193
192
192
192
194
194
194
193
194
195
197
198
198
198
197
197
197
198
198
199
200
202
203
202
203
204
205
204
202
202
202
200
197
198
197
198
198
199
199
200
201
198
199
199
198
199
200
199
198
196
196
196
197
201
200
199
201
201
201
202
200
203
203
203
203
202
202
202
201
202
202
203
203
202
202
204
206
204
204
203
202
202
203
200
200
200
200
203
205
204
204
204
201
201
201
200
201
200
198
195
193
194
194
195
195
195
194
194
194
197
197
197
197
197
197
195
197
197
194
196
194
192
190
190
192
196
197
197
197
197
194
192
193
193
194
195
195
195
195
197
197
199
198
198
198
199
198
197
196
196
197
196
195
193
192
191
191
191
191
190
190
191
191
192
191
192
192
192
192
192
194
195
194
194
194
193
194
193
197
196
194
196
194
194
194
194
193
193
193
192
193
192
194
194
194
194
194
192
189
190
192
192
193
193
195
195
195
195
195
195
195
194
193
194
195
196
196
196
197
195
196
195
196
197
199
198
198
197
199
200
200
198
201
201
199
201
200
201
202
201
201
201
201
199
197
198
197
194
192
193
191
192
192
192
193
194
191
191
192
191
191
192
190
188
186
187
186
185
186
187
187
186
188
189
190
191
192
191
193
194
194
193
191
193
194
197
195
194
192
193
193
194
195
197
197
195
195
194
193
194
193
192
193
192
195
193
191
192
191
190
190
191
192
192
191
191
191
191
189
190
191
190
191
192
192
192
193
194
193
192
192
193
194
195
197
199
201
201
199
197
199
199
201
201
200
199
200
199
197
195
196
196
196
197
197
197
199
198
197
197
198
195
193
193
191
191
192
192
190
190
192
193
193
191
190
191
191
191
191
190
189
190
190
190
190
189
189
188
188
188
187
188
187
185
186
186
186
185
186
187
187
187
187
189
189
190
190
189
187
186
187
187
187
188
189
189
189
190
191
190
190
190
191
190
190
192
192
193
193
194
194
194
194
192
193
193
192
191
192
191
191
190
191
191
191
191
191
191
192
193
191
191
190
190
192
191
192
192
193
192
191
191
191
191
192
192
190
189
191
190
194
193
195
195
191
189
192
191
192
192
193
193
191
194
193
192
193
193
195
195
195
195
195
194
193
193
192
192
193
193
193
194
195
195
194
194
192
192
192
193
194
192
194
192
191
193
193
191
191
191
193
194
194
193
192
191
191
192
194
195
195
195
193
194
195
196
194
195
195
195
196
197
196
197
195
195
193
193
190
191
191
193
194
192
191
194
191
190
191
193
194
194
193
191
191
192
194
194
193
192
193
193
195
194
193
190
192
190
190
190
191
190
190
190
192
194
192
193
192
192
193
192
189
190
190
190
189
188
186
185
185
185
185
186
185
187
186
186
185
186
187
187
189
188
189
189
187
188
186
184
184
183
183
183
181
181
181
181
182
183
183
183
182
183
182
183
183
183
183
183
184
184
185
184
186
186
187
188
189
189
190
188
189
188
188
187
186
185
184
183
184
185
184
185
186
188
187
189
192
192
189
190
190
191
191
191
190
190
190
189
188
188
187
188
188
187
185
185
185
183
183
183
183
182
181
180
179
178
179
180
178
178
178
178
180
179
179
177
178
178
180
180
179
180
181
183
182
182
182
183
183
183
181
181
180
180
181
180
180
180
177
176
175
175
178
179
179
178
175
176
178
180
180
179
179
180
180
179
179
179
179
176
175
176
177
177
177
179
179
179
180
179
178
179
179
181
182
182
182
182
183
186
186
186
187
185
185
184
184
184
184
185
180
179
179
178
178
179
180
178
177
178
178
180
181
181
181
182
182
180
178
178
177
178
178
178
178
179
180
180
180
180
182
183
182
181
180
181
181
180
181
182
183
182
182
183
183
183
183
183
181
179
179
179
179
180
180
181
181
181
182
180
178
179
179
180
181
180
181
180
179
178
176
175
175
175
174
174
177
175
175
175
174
174
174
176
176
177
177
176
177
176
179
180
180
180
181
179
182
183
184
183
183
183
183
182
182
183
183
182
182
182
182
182
181
185
187
187
187
186
185
183
184
184
184
183
184
185
184
184
186
186
185
186
185
187
184
183
184
183
181
181
181
180
179
179
179
177
177
179
178
177
176
175
176
176
175
174
174
175
176
175
176
176
177
177
177
177
180
179
177
176
176
179
179
180
181
181
182
184
182
182
182
182
181
182
183
183
181
180
179
180
179
180
179
179
179
179
179
179
178
178
177
177
179
179
179
179
178
178
180
181
180
181
183
185
186
186
186
183
180
182
184
185
184
185
184
186
190
190
189
192
191
191
191
190
188
184
184
183
183
183
184
184
182
183
181
182
184
185
183
182
182
184
181
180
180
177
176
175
176
177
178
179
179
181
178
177
177
178
181
181
180
181
180
181
182
182
182
183
183
183
183
182
184
184
187
184
186
184
182
179
179
179
178
179
179
180
180
183
183
182
180
179
177
178
179
177
178
178
177
177
177
176
176
176
178
179
177
178
180
180
179
178
177
176
176
175
175
175
176
176
176
176
176
176
174
174
173
174
175
174
174
175
177
178
179
177
177
178
179
179
180
180
181
180
181
182
180
180
179
178
178
180
180
180
180
181
181
182
181
181
182
183
183
182
180
180
181
181
178
177
173
173
173
172
172
172
172
173
174
174
176
177
178
179
176
176
174
172
172
174
176
177
176
177
177
175
176
176
175
177
178
176
177
177
177
177
177
175
175
175
176
177
178
179
179
177
176
174
175
175
177
177
177
177
177
177
177
177
177
177
178
178
178
177
175
177
176
180
179
180
179
178
177
178
178
176
176
176
176
176
177
176
175
175
174
175
174
174
174
174
175
173
175
175
176
176
178
177
178
178
176
175
174
173
171
173
174
173
172
173
172
172
172
173
170
169
169
170
171
172
171
171
171
171
172
172
166
167
167
166
164
165
166
167
166
165
166
165
166
166
165
163
163
162
162
162
162
162
163
162
162
163
162
162
163
162
161
162
162
162
163
162
163
163
163
164
163
163
162
159
158
159
159
158
158
161
162
162
162
160
160
161
161
159
158
158
159
160
161
161
161
162
160
159
159
160
159
160
159
160
161
162
161
159
159
159
159
159
159
159
159
162
164
163
167
168
170
168
168
169
167
167
166
165
165
164
166
164
166
165
164
165
163
163
162
162
161
160
161
162
162
160
159
159
160
160
162
162
162
162
162
162
162
162
161
160
161
160
162
163
161
161
161
161
161
160
161
160
160
160
160
162
161
163
163
164
163
164
163
162
162
160
163
162
162
162
163
164
165
165
165
165
165
164
165
167
165
166
165
169
171
172
170
169
170
169
170
169
166
165
166
168
166
167
167
165
164
164
166
167
169
168
169
169
169
168
169
167
165
164
163
162
160
160
161
161
161
161
162
162
162
161
161
160
160
160
162
163
162
162
162
164
161
163
161
160
159
160
159
159
157
159
158
158
157
157
156
156
156
156
157
159
158
157
157
158
157
158
157
156
155
154
154
153
154
155
155
155
156
156
159
157
157
155
156
157
158
158
160
162
162
162
161
161
161
161
160
159
159
159
158
158
159
162
162
162
162
163
162
162
162
161
160
161
162
162
162
162
162
164
164
165
166
168
167
165
165
167
166
165
165
164
164
163
163
161
162
161
159
160
161
160
161
162
164
163
161
162
161
163
165
165
166
166
167
163
163
162
162
161
160
160
161
161
161
161
163
163
163
161
159
159
159
159
158
156
157
157
158
159
159
162
160
159
159
159
160
160
160
159
159
161
162
162
161
161
162
162
163
161
161
162
164
163
164
164
164
164
164
163
166
167
166
167
166
165
164
162
161
161
161
162
162
162
163
164
164
162
162
162
162
162
163
163
163
163
164
164
163
161
161
160
159
159
159
158
158
161
162
161
161
160
160
160
161
161
161
162
162
161
163
163
161
162
162
161
162
160
162
160
161
163
163
162
161
160
159
160
159
159
160
161
162
163
167
167
167
166
164
162
162
163
164
162
162
160
158
157
159
159
160
161
161
161
159
161
160
160
160
159
161
160
159
158
157
156
156
157
160
161
159
158
158
157
155
156
157
158
156
157
156
156
156
156
155
156
157
158
159
161
160
160
158
158
158
157
159
160
160
161
160
161
160
160
161
161
161
161
160
161
161
161
159
158
157
157
156
156
156
156
159
158
159
158
158
159
160
160
162
163
163
165
164
167
168
166
164
162
161
160
160
160
160
159
160
160
162
162
163
163
164
163
164
164
163
163
163
163
163
160
161
161
161
160
160
161
161
161
160
160
162
161
163
165
162
161
159
159
156
157
157
157
158
159
158
158
158
157
156
156
157
157
156
156
158
158
160
162
162
160
160
160
160
159
158
160
161
160
162
162
160
162
160
161
158
158
158
159
160
162
161
161
163
163
163
163
162
162
163
161
161
162
162
162
161
161
163
164
162
163
162
163
164
162
161
163
164
167
167
166
166
166
164
162
159
159
156
157
157
159
159
159
159
157
156
156
157
158
158
157
158
157
158
158
158
159
159
160
162
162
163
163
162
162
163
163
162
162
162
163
164
165
166
165
163
166
164
163
165
165
167
164
163
162
162
162
161
160
161
161
162
160
164
162
160
160
161
161
161
157
159
159
159
160
160
159
158
158
157
157
156
158
158
159
160
160
160
160
160
159
158
159
158
160
161
161
162
163
164
165
162
161
161
162
161
160
161
159
158
159
159
159
161
159
160
162
162
161
161
162
164
162
162
160
159
158
158
156
156
155
156
158
156
158
158
158
158
159
158
161
160
162
163
163
163
163
165
162
161
161
161
160
160
160
159
160
158
158
158
157
159
159
159
157
156
155
156
159
160
159
159
160
159
158
157
158
159
161
160
160
160
158
158
158
159
160
161
162
161
159
159
160
158
158
160
159
159
159
161
161
163
163
162
162
163
160
160
163
164
165
166
165
162
160
160
159
158
158
158
156
156
157
157
156
157
160
161
159
156
155
156
156
155
154
154
154
156
156
156
155
155
156
157
157
155
153
153
155
156
158
157
157
157
156
157
157
156
157
155
156
153
153
153
153
154
156
155
155
156
157
158
158
156
155
155
155
155
155
155
156
156
153
152
154
152
152
155
156
157
158
158
158
159
158
158
159
157
157
156
155
155
155
155
156
155
156
158
158
159
162
161
160
159
158
160
162
160
161
161
162
162
161
160
160
160
160
160
159
159
160
160
162
162
159
158
158
159
156
157
156
153
153
154
155
155
153
153
152
151
152
151
152
153
152
154
154
154
154
154
155
156
154
153
152
154
152
152
152
150
152
151
152
152
152
151
150
151
150
150
153
152
152
152
153
154
154
154
154
151
151
151
151
152
152
150
151
152
151
150
148
149
149
148
148
149
148
148
150
149
149
149
149
149
148
148
151
151
151
150
150
149
147
148
150
148
148
147
146
146
148
148
148
149
149
149
148
148
149
149
148
148
150
151
151
150
149
150
150
149
147
145
145
145
146
145
146
146
146
149
149
149
149
148
146
143
145
144
142
143
143
143
143
145
143
143
143
143
143
142
145
145
147
148
147
146
146
146
145
146
146
146
146
146
145
147
150
149
147
148
147
145
145
146
148
149
149
148
149
150
150
150
148
147
149
148
148
148
149
152
151
150
149
151
149
148
149
148
149
149
150
150
150
150
150
151
154
156
156
155
155
156
153
152
153
154
154
154
153
154
154
152
152
150
150
151
150
150
150
149
149
151
151
151
151
151
151
151
152
153
155
156
155
156
156
155
156
155
154
154
153
152
153
156
157
158
158
157
158
158
156
155
152
151
151
151
149
149
149
149
147
147
146
145
146
149
149
149
151
150
150
149
147
147
148
147
148
148
149
147
147
148
147
148
149
149
148
147
146
147
148
148
149
150
151
150
148
148
148
148
148
148
149
149
149
145
145
146
145
147
147
145
145
144
145
147
147
147
147
147
147
147
147
147
146
146
146
148
147
148
147
147
147
145
145
145
145
143
144
143
143
143
143
143
144
146
146
146
148
149
147
147
147
145
145
145
145
145
146
147
147
147
146
147
147
147
147
149
149
151
149
151
150
150
151
151
151
153
152
150
150
150
149
149
150
148
149
150
151
150
151
151
151
152
152
152
153
153
153
152
153
153
151
151
150
151
152
152
153
152
152
152
152
153
153
152
151
151
152
151
152
152
151
151
151
150
151
152
151
149
148
149
150
150
150
151
149
150
150
147
147
149
150
150
149
149
149
149
150
149
148
148
148
148
150
150
149
147
147
146
144
145
146
147
148
149
148
149
147
145
146
149
147
147
147
150
149
148
148
147
146
146
144
144
144
142
141
141
141
140
140
140
141
141
141
140
140
140
140
140
141
142
144
143
144
145
145
144
146
148
149
147
148
147
144
144
145
145
145
145
146
147
148
147
147
148
147
145
145
144
143
142
142
142
142
141
141
141
141
140
141
142
141
141
140
139
139
140
140
138
138
139
140
141
142
141
140
139
141
141
141
141
139
139
137
137
137
139
140
140
139
138
138
137
136
136
136
137
138
139
138
139
140
139
141
144
143
143
142
141
142
141
143
143
142
143
143
141
140
138
138
138
137
141
141
142
142
143
141
140
142
142
142
142
142
142
142
142
142
142
144
144
145
145
146
147
147
145
145
146
145
144
144
144
144
143
143
143
144
145
146
146
147
149
150
148
148
146
145
144
144
144
145
145
146
144
144
144
145
147
145
145
143
144
141
140
139
138
136
136
135
135
134
136
136
136
134
135
135
134
134
135
134
135
134
135
135
136
136
137
139
138
139
138
138
136
136
138
137
139
137
137
137
138
136
139
142
141
140
140
139
138
137
136
136
136
136
135
136
136
137
137
138
139
140
138
140
140
139
139
138
138
138
137
138
138
137
137
136
136
136
135
135
135
135
135
134
135
135
136
137
138
137
137
136
135
134
135
135
134
135
135
135
135
134
134
134
135
134
134
134
135
136
136
134
134
135
135
134
135
135
133
134
134
134
135
135
135
134
134
134
132
131
131
131
130
130
129
129
131
131
131
131
133
133
132
134
133
133
132
131
132
133
133
133
134
135
135
135
136
137
137
137
139
137
137
137
137
137
138
137
135
135
134
135
134
133
133
135
134
133
133
133
133
133
133
132
132
132
132
131
131
131
130
130
131
131
131
131
130
131
132
131
131
131
131
131
131
131
131
132
133
134
134
133
133
133
133
131
131
131
131
131
132
134
133
134
134
133
134
134
134
132
132
132
133
133
134
134
134
133
134
135
136
136
133
133
133
130
131
133
132
132
132
133
133
134
135
136
136
137
137
135
135
136
137
137
137
137
137
140
141
141
141
142
141
141
141
141
141
140
141
140
139
136
136
137
137
137
138
139
139
139
138
137
137
137
138
140
140
140
140
140
141
140
139
139
140
140
141
137
137
138
138
138
137
137
136
138
136
136
138
135
135
136
138
136
137
139
139
140
139
139
138
137
137
136
138
138
136
136
137
137
138
139
138
139
137
137
136
137
136
137
137
137
138
139
140
139
138
138
140
139
140
139
138
138
139
138
139
137
138
137
137
139
140
139
136
136
136
138
138
139
138
139
139
140
140
140
141
141
142
142
141
141
141
141
140
140
140
140
140
138
137
138
136
135
136
137
137
136
138
139
138
138
137
136
136
136
138
140
140
140
142
141
140
140
140
141
142
142
139
138
139
139
139
138
137
138
138
137
137
137
138
138
140
141
143
144
144
144
142
141
141
140
137
137
137
138
138
139
138
138
139
138
140
138
139
138
138
140
141
140
141
143
143
141
140
140
139
141
142
142
143
146
147
147
144
143
144
145
144
144
142
141
142
142
141
141
142
143
142
141
140
140
140
141
140
141
141
139
140
140
142
141
139
139
139
138
137
137
137
137
137
138
139
141
142
143
144
143
142
140
138
137
137
137
137
136
136
137
137
137
137
137
138
137
136
137
139
140
138
137
139
139
139
139
140
140
140
138
139
139
139
141
140
140
139
139
139
138
139
140
140
139
139
140
140
139
139
139
139
140
140
140
140
141
142
143
142
144
143
142
143
142
142
141
141
138
137
141
142
143
142
143
142
142
140
140
139
140
139
139
138
139
138
138
137
137
138
138
137
136
136
137
137
138
138
138
140
140
139
139
137
138
136
137
138
140
141
140
139
139
139
138
138
139
139
140
137
137
136
136
141
141
139
139
140
139
140
140
140
139
138
135
135
135
136
136
136
137
137
137
139
140
140
138
137
137
135
136
136
136
138
134
135
135
134
134
134
135
138
138
141
142
144
142
142
142
141
141
141
141
144
147
146
147
148
150
150
149
147
148
148
147
149
149
148
147
148
148
145
145
145
145
147
144
143
145
145
144
142
142
142
142
142
141
143
141
141
139
140
140
140
141
142
144
142
142
143
143
143
144
143
146
143
142
142
140
141
141
140
139
138
137
136
136
136
136
135
135
135
135
135
135
135
136
137
137
136
136
136
137
136
137
138
137
136
136
135
135
135
136
135
135
134
134
134
136
136
138
137
137
137
137
138
138
138
136
136
138
138
140
139
140
139
139
138
136
137
137
137
137
136
136
136
135
136
135
134
135
135
137
139
138
138
136
136
136
139
141
140
140
140
140
139
140
141
140
140
139
140
140
141
141
140
140
138
138
138
137
137
138
138
139
139
139
137
136
134
136
139
137
137
136
133
133
133
132
132
132
131
132
132
133
133
133
134
134
134
135
136
136
136
137
137
139
138
138
140
138
136
136
136
136
136
136
136
137
137
137
138
137
138
137
136
138
136
136
136
135
137
137
137
138
140
140
140
143
141
141
140
140
139
138
137
138
138
138
138
139
140
137
137
135
135
133
133
134
135
135
136
137
137
138
138
137
138
138
139
140
139
139
139
141
140
139
135
135
137
135
135
136
134
136
136
137
136
133
133
132
132
132
131
132
133
133
132
131
131
131
131
131
131
131
131
132
132
130
131
131
131
130
131
132
132
132
132
131
132
132
132
132
132
133
132
132
132
132
133
132
134
134
134
134
135
134
135
135
134
132
132
131
129
129
127
128
127
128
128
125
126
126
125
125
125
127
127
127
128
128
128
127
128
130
131
131
133
131
131
132
129
129
131
130
131
131
132
133
132
132
131
129
129
129
129
130
127
128
128
129
129
130
131
129
129
130
131
131
131
133
134
133
132
132
133
133
134
137
134
137
137
138
137
138
138
137
135
134
132
132
134
134
133
134
135
136
137
135
135
135
136
135
134
134
134
134
133
134
135
135
133
136
134
137
137
135
134
134
134
134
137
136
134
134
134
133
134
133
133
134
134
134
135
135
135
136
135
136
135
134
134
134
134
133
132
130
131
133
132
131
130
133
133
134
135
133
133
131
132
132
133
133
134
134
134
133
134
133
133
134
133
132
133
131
131
132
132
132
132
132
130
130
131
130
130
131
130
132
133
132
131
131
131
133
131
129
129
129
129
130
130
132
133
134
134
135
134
133
135
135
135
136
136
137
137
137
138
136
135
136
136
136
134
133
132
130
129
129
130
129
129
128
129
128
129
129
129
131
131
