0.0008293103448275862 0.00035137931034482766
300
293
292
288
287
285
283
281
279
278
279
279
277
274
273
274
272
272
272
273
269
269
273
273
272
274
272
272
270
268
267
267
265
266
264
266
268
267
270
272
274
277
278
277
277
275
274
274
276
277
275
273
274
275
273
273
272
271
271
267
270
270
269
268
268
268
266
266
267
265
265
263
265
264
267
268
268
269
269
268
268
268
271
270
269
272
273
272
267
266
266
265
267
267
268
269
267
263
262
262
263
265
266
265
266
267
266
266
268
270
270
270
269
269
268
268
269
272
273
274
273
276
275
275
275
277
278
276
276
276
278
276
276
276
277
280
281
284
283
281
281
278
277
279
281
281
284
283
283
282
281
283
280
279
279
280
281
278
277
276
278
278
278
278
281
282
282
283
283
284
284
283
284
286
285
285
285
287
285
285
285
284
285
284
281
280
280
281
281
280
282
287
288
289
285
286
285
289
291
290
290
291
292
290
288
285
286
287
285
285
284
285
284
280
280
280
280
278
276
277
280
282
283
280
280
281
281
280
279
279
278
281
281
280
280
278
278
276
278
278
279
279
280
279
279
281
282
279
280
280
280
281
280
280
280
279
277
276
279
281
279
280
281
281
281
282
284
282
280
281
284
284
284
279
278
278
279
279
276
277
276
277
276
275
275
276
276
279
280
282
283
278
279
277
281
279
280
278
280
278
275
275
276
278
278
279
281
281
282
284
284
285
285
285
284
285
286
291
295
295
294
295
296
296
295
293
294
295
292
293
294
294
296
293
293
294
293
293
292
292
293
289
289
290
289
288
289
289
292
291
292
291
294
295
296
296
296
296
293
292
293
297
297
299
299
295
294
293
293
294
295
294
295
295
296
298
298
296
294
293
294
294
294
295
297
297
297
295
292
290
291
290
291
292
293
294
291
294
292
292
290
289
291
292
291
291
291
290
290
291
291
292
292
293
294
294
295
294
296
297
297
299
300
301
302
301
300
299
299
301
300
305
304
305
307
307
304
304
304
303
301
300
303
304
304
303
303
303
306
304
306
305
304
307
308
309
309
307
306
307
308
309
309
307
307
309
309
311
311
309
308
310
308
308
307
306
310
311
313
316
314
311
310
311
308
308
305
307
307
308
307
308
309
308
310
310
312
314
311
314
312
311
311
313
312
312
312
311
310
313
315
315
315
315
314
314
313
313
312
311
310
313
313
312
311
312
314
315
313
313
314
316
316
317
318
317
316
312
312
312
311
311
312
315
313
311
311
311
310
311
313
311
311
310
311
314
316
315
313
312
313
311
312
313
309
311
310
312
312
311
312
313
314
316
317
317
315
318
318
317
318
317
316
317
319
320
320
318
317
318
318
317
316
317
316
317
316
316
313
316
317
317
320
318
319
318
317
315
311
312
313
314
314
312
311
308
308
308
310
313
313
314
313
313
313
314
314
313
312
313
311
309
309
310
308
305
307
307
307
308
309
310
310
312
312
310
311
311
310
312
308
309
306
308
307
310
310
310
311
314
312
312
312
311
310
309
309
308
305
309
309
310
311
312
315
316
315
316
320
317
316
318
319
319
318
319
323
322
322
321
317
316
315
316
315
316
316
317
317
318
319
318
318
318
322
321
322
325
325
324
327
327
325
324
323
322
321
320
320
320
320
319
320
318
320
320
319
318
318
319
322
322
325
326
324
323
326
327
327
325
327
329
329
330
332
332
332
332
329
329
326
327
327
329
330
327
327
324
325
323
325
324
324
324
323
323
324
323
324
327
327
327
326
323
325
324
327
331
332
332
330
329
330
330
330
328
326
325
325
323
324
327
325
322
324
325
327
327
326
324
323
322
324
325
326
328
325
324
325
325
328
328
328
327
328
329
334
333
332
334
334
336
333
330
332
333
333
332
333
335
333
331
333
332
332
335
336
335
333
333
332
330
331
332
330
331
331
332
330
327
327
326
327
328
330
329
332
332
330
329
328
328
325
327
326
326
326
328
328
325
323
323
322
319
317
318
316
314
315
318
318
319
320
321
318
316
314
313
312
314
316
315
314
312
311
312
311
313
313
314
317
318
319
318
318
318
317
320
322
321
321
321
323
322
321
321
321
321
322
322
320
319
318
321
321
321
320
319
319
321
321
319
319
321
321
322
322
323
324
321
319
321
319
321
322
323
323
323
324
327
327
325
322
324
322
324
325
328
330
330
331
333
333
331
332
333
333
333
335
335
337
335
336
334
334
336
338
338
336
336
334
331
332
334
334
337
338
339
341
340
343
342
343
342
340
339
339
339
339
340
340
341
340
339
340
341
338
339
340
340
340
341
342
341
340
339
337
335
339
340
341
340
339
339
340
343
341
340
339
341
341
342
342
344
342
341
340
341
339
337
340
340
341
339
338
338
337
339
337
337
335
336
338
333
333
332
331
332
333
333
331
330
334
333
333
334
335
334
333
333
334
338
339
336
336
337
335
335
336
337
340
339
336
336
335
335
338
337
337
340
341
340
340
342
342
341
341
342
341
340
340
339
342
341
339
339
337
342
341
341
342
343
344
345
344
344
344
344
345
347
349
348
348
347
348
348
349
345
344
345
344
343
343
344
346
347
351
352
355
353
350
351
348
347
344
346
345
346
344
345
341
340
341
342
346
345
344
344
340
341
344
343
344
344
344
345
346
344
340
340
339
339
340
342
342
346
342
341
342
343
342
343
346
344
346
346
344
344
343
344
347
346
345
348
345
346
343
341
342
342
341
340
342
339
339
338
338
338
337
339
341
341
342
342
340
342
344
347
348
347
346
346
348
348
348
348
347
347
347
347
347
347
345
346
345
347
349
346
346
346
343
349
348
347
347
346
349
350
351
351
349
351
352
351
350
349
346
344
344
345
344
343
341
342
343
343
348
348
347
346
348
349
349
351
347
345
347
348
345
343
343
343
343
342
340
337
337
336
336
336
337
334
334
335
336
335
334
330
331
333
331
331
330
329
330
330
331
332
334
334
333
334
334
335
335
334
330
329
329
332
331
332
333
333
329
328
330
329
331
332
331
332
332
333
331
331
331
331
332
334
331
332
329
329
329
330
335
335
331
330
329
330
331
334
335
333
336
333
332
332
333
334
333
336
333
335
334
333
333
328
328
329
330
332
334
335
335
333
334
334
334
331
334
335
335
335
335
336
337
336
338
339
340
340
339
338
335
335
334
334
334
333
334
333
333
332
332
330
328
330
328
328
328
332
330
330
330
330
331
333
334
335
334
335
334
333
336
333
335
337
339
339
340
340
341
338
337
338
336
337
338
340
337
336
336
336
341
341
342
344
345
343
343
344
343
343
343
341
342
341
340
343
345
345
346
348
350
350
348
345
343
345
340
342
342
341
342
340
341
338
339
339
340
340
339
340
341
342
342
340
340
342
341
342
345
340
340
341
340
342
341
337
339
337
340
336
338
336
338
337
334
332
333
331
331
333
332
332
332
332
332
333
334
337
336
336
337
336
333
334
335
339
338
337
334
332
332
331
331
333
332
332
333
330
330
328
333
332
333
331
329
329
329
329
329
329
329
328
330
329
328
331
331
331
334
335
332
335
333
330
331
334
336
337
336
338
339
340
339
340
340
337
338
341
343
341
336
336
337
334
336
337
338
341
339
336
337
335
335
336
335
335
336
336
336
337
338
339
340
342
344
344
343
342
340
340
340
340
340
340
341
343
340
339
341
340
343
343
339
341
338
338
338
338
340
340
339
342
344
343
346
348
349
350
351
351
350
345
341
343
344
341
340
338
339
337
336
338
337
336
337
337
339
341
340
341
341
340
341
338
340
340
334
334
335
336
338
338
341
340
342
341
343
343
345
345
344
345
342
341
342
343
342
341
342
341
340
339
340
343
343
342
345
346
343
345
346
344
345
346
345
342
342
344
341
341
343
342
340
340
339
336
336
338
338
339
339
339
340
338
338
340
340
340
344
344
346
346
344
345
344
349
344
345
345
343
345
345
345
345
341
341
340
336
336
336
334
332
331
331
335
336
335
334
336
333
332
333
335
338
339
344
343
342
341
340
341
344
343
342
343
344
344
345
345
346
347
345
344
342
342
344
346
345
344
343
345
344
345
345
347
351
349
349
351
351
348
348
345
344
342
341
341
338
337
339
340
343
345
342
341
343
343
341
338
338
338
341
343
344
342
343
346
347
346
345
346
341
343
343
343
346
343
340
338
335
336
333
335
336
335
333
333
335
335
338
339
335
335
335
337
338
338
336
339
336
334
335
332
335
334
332
331
336
335
335
333
333
330
332
330
329
331
333
331
332
332
332
331
330
328
328
328
330
328
330
328
328
327
327
327
327
326
323
323
323
324
324
325
325
326
327
328
329
332
333
335
333
333
331
332
332
334
337
338
339
338
336
333
333
332
334
337
334
334
334
336
334
335
337
337
337
336
338
338
339
341
340
339
338
340
339
338
339
341
340
345
346
345
346
346
343
339
339
340
342
341
339
339
342
338
336
335
335
338
339
339
339
339
339
338
339
337
338
338
335
334
337
338
336
332
330
335
334
335
335
337
337
337
337
339
340
340
340
337
336
338
340
339
338
337
337
337
337
336
336
335
335
336
338
337
338
337
337
338
337
337
336
335
336
336
336
337
339
339
344
344
342
342
341
339
338
338
340
341
340
337
340
337
340
340
339
339
339
342
340
341
338
338
341
341
345
344
346
344
344
346
349
346
341
342
343
340
343
341
341
343
347
346
347
350
350
350
350
349
348
348
348
349
347
346
346
350
353
351
348
344
344
345
345
343
342
341
342
345
342
345
346
346
344
344
343
341
341
344
344
343
345
345
343
341
341
339
340
341
340
344
346
346
346
349
347
348
350
348
347
350
348
352
352
351
349
347
349
348
347
348
348
346
347
348
345
346
346
347
346
346
346
346
345
345
346
346
345
347
342
342
341
341
343
342
341
341
345
344
344
347
349
349
346
347
347
344
345
344
343
345
344
343
343
341
341
340
343
343
345
345
343
341
341
343
344
345
346
346
347
350
349
350
348
347
346
346
346
346
349
347
347
349
351
349
347
344
342
343
344
345
343
345
344
344
345
348
348
347
349
349
346
345
345
344
344
344
346
344
347
347
345
344
344
346
346
346
347
346
347
348
347
344
346
347
346
345
346
347
348
346
345
346
345
346
346
346
345
342
344
348
349
349
350
352
352
351
353
348
352
354
352
352
350
353
353
352
351
352
352
351
353
352
353
351
351
352
357
354
355
354
355
351
353
354
353
355
354
353
350
349
348
349
348
347
346
348
346
348
346
349
350
350
349
351
350
356
356
357
356
358
359
359
358
357
358
358
359
358
357
356
354
356
353
352
353
355
353
354
354
349
350
352
352
352
351
351
355
354
352
353
353
352
352
349
349
348
347
348
352
353
353
351
351
353
352
353
354
353
355
356
354
353
353
354
354
354
357
359
357
359
358
357
357
356
355
353
353
354
353
348
350
350
350
349
350
351
349
348
349
349
350
350
347
349
349
349
351
353
355
355
355
353
350
351
352
355
357
360
360
358
360
360
358
355
357
357
357
358
355
356
357
357
356
358
357
358
359
358
358
358
354
354
353
350
351
354
356
360
360
362
363
362
364
364
365
360
360
362
362
364
364
361
358
358
359
355
358
357
357
356
355
355
355
354
353
353
355
352
350
352
350
350
351
351
351
353
354
354
354
353
351
352
354
355
356
354
353
354
355
356
355
352
350
351
347
344
343
344
344
344
347
346
347
346
345
348
351
353
354
354
353
354
355
357
358
358
359
362
362
361
361
360
360
358
359
359
359
360
361
364
363
362
362
361
360
357
358
359
359
362
361
363
362
364
364
364
361
360
357
356
357
357
357
360
357
358
357
356
357
358
359
360
361
360
363
363
366
369
371
370
368
371
372
370
373
371
372
374
373
376
377
373
370
371
369
367
368
370
369
369
369
370
371
371
372
374
376
374
372
374
373
372
376
375
373
375
377
376
374
376
375
377
375
376
373
372
372
375
375
370
372
370
367
366
366
367
364
365
363
362
364
367
365
364
366
368
367
366
367
366
365
365
366
365
363
365
367
367
367
364
365
368
368
369
363
363
363
361
364
365
365
365
368
367
367
367
367
368
367
368
369
368
367
369
368
370
368
366
365
365
363
363
364
367
365
366
367
365
362
362
365
366
366
365
363
363
364
366
367
369
368
366
366
366
363
361
359
357
357
354
356
355
355
356
357
359
360
360
360
359
359
358
355
355
356
356
356
358
360
360
361
365
361
362
360
359
359
359
361
363
364
362
364
363
363
365
366
366
365
363
363
361
362
363
365
365
366
365
364
364
367
366
365
369
369
366
365
366
365
365
364
363
359
361
361
358
359
358
356
357
355
356
354
353
353
355
362
363
360
356
355
355
355
357
357
356
356
359
360
362
365
366
367
365
363
365
362
362
362
361
360
362
363
363
361
362
361
357
355
359
364
365
364
361
363
364
370
368
366
366
366
368
371
368
369
368
367
366
367
367
365
366
364
363
362
362
361
361
362
362
363
362
360
361
360
363
364
365
365
365
364
366
366
365
367
365
367
365
365
364
364
364
363
365
366
364
361
359
361
362
361
361
360
363
363
363
363
361
364
365
363
363
364
366
365
366
365
364
364
360
359
360
360
363
364
360
359
361
362
364
362
363
364
363
363
363
363
361
359
363
363
362
362
363
361
360
363
364
364
366
365
365
362
362
361
361
361
362
362
362
362
362
362
359
359
359
356
354
353
355
355
355
358
357
358
358
361
356
358
356
356
356
357
357
357
357
358
358
356
357
355
353
351
351
349
350
354
353
353
355
356
356
356
358
360
355
353
353
354
352
345
347
348
349
349
349
348
349
348
345
346
345
347
345
344
343
344
344
341
339
337
337
337
337
337
339
337
338
339
342
345
344
345
347
347
350
351
351
346
346
344
346
347
348
350
351
350
352
351
354
352
353
351
353
350
352
352
350
350
353
353
352
352
352
353
353
352
354
356
356
356
356
357
358
358
356
358
358
357
357
357
357
354
356
357
354
354
353
353
353
355
354
351
352
352
353
352
352
355
354
354
352
353
355
354
355
355
352
352
350
348
352
355
354
353
354
356
357
356
355
356
355
358
358
359
357
359
360
361
362
363
364
364
367
365
366
359
360
357
354
354
354
355
357
359
360
361
361
359
360
362
363
365
366
365
365
366
365
364
362
360
361
361
363
363
363
360
361
360
358
354
356
356
356
354
353
353
351
350
352
352
352
352
353
355
355
353
351
354
356
357
362
365
365
367
368
369
367
367
366
366
363
365
366
363
360
360
361
361
362
362
360
360
359
359
358
358
358
359
359
356
356
356
356
355
359
360
360
361
361
360
359
361
359
360
359
361
359
359
361
360
359
360
360
357
356
357
357
357
356
357
356
357
360
359
360
359
359
358
358
361
362
362
364
361
361
359
357
356
356
357
356
356
357
359
357
355
356
360
363
363
363
363
361
362
366
366
368
367
369
370
372
373
371
371
370
374
376
378
379
376
375
375
374
376
374
374
372
371
371
372
374
376
374
375
372
368
366
367
369
371
371
370
370
370
367
369
365
367
371
372
367
366
367
367
364
363
363
362
360
362
367
366
369
369
368
366
366
367
369
373
370
375
373
371
375
373
374
376
374
373
373
374
374
373
373
374
375
375
374
371
371
370
370
371
372
375
373
371
373
374
372
376
376
374
372
373
374
373
374
375
374
375
376
376
378
376
378
378
374
375
376
373
374
375
375
373
378
379
375
374
375
374
374
375
372
372
371
372
373
371
371
370
371
371
370
370
371
373
373
373
374
375
376
375
376
377
376
378
377
377
377
378
379
377
378
379
378
377
378
379
379
379
380
380
379
381
379
381
383
380
380
380
379
379
379
380
381
381
380
378
378
379
379
374
376
377
379
382
384
385
384
384
381
382
381
383
385
385
386
385
387
385
385
382
386
386
385
383
384
385
386
383
382
382
385
381
379
376
374
375
375
376
382
381
384
382
385
387
389
391
395
395
390
391
394
396
394
397
398
396
394
392
389
389
389
387
387
388
387
384
383
382
383
379
379
381
383
384
382
385
388
390
390
390
387
390
387
386
385
386
387
386
383
382
382
389
388
389
388
387
388
389
385
386
385
387
388
386
384
385
387
387
384
385
386
386
386
384
381
380
380
382
381
382
382
383
383
383
382
387
385
384
383
385
387
390
391
393
396
395
394
395
396
392
391
389
393
393
394
390
387
387
386
384
381
380
379
379
377
378
379
378
377
378
377
378
376
373
374
375
376
376
375
376
377
374
375
375
374
375
375
373
374
371
372
373
377
376
377
377
376
373
374
371
369
368
368
366
368
370
373
373
372
373
370
372
371
369
369
370
371
371
365
366
364
364
363
362
362
361
358
361
361
360
360
360
359
358
358
360
360
361
364
365
367
369
368
369
365
366
367
367
369
370
369
371
370
370
370
366
364
366
366
367
366
366
366
366
367
365
369
365
367
365
362
363
367
365
367
367
366
368
367
368
363
363
361
364
362
359
360
360
358
355
353
353
355
354
352
353
354
354
354
355
356
356
359
360
362
359
361
359
362
363
362
364
365
365
364
367
367
364
364
367
369
371
370
368
365
365
367
368
371
372
371
370
369
366
364
363
363
364
368
369
367
368
369
368
369
372
370
366
364
363
362
361
361
361
362
359
361
359
362
361
362
363
359
360
362
363
362
365
365
367
365
365
368
367
366
364
363
365
365
363
364
365
364
366
367
371
370
368
370
372
372
371
372
369
368
369
371
371
373
374
374
375
375
377
377
378
378
378
376
377
379
383
381
381
379
379
378
380
377
378
380
377
377
379
380
379
378
378
378
377
378
379
379
378
379
379
378
381
383
382
385
386
388
385
385
384
385
384
382
385
385
384
384
381
383
382
381
383
383
382
384
385
382
376
379
377
376
377
377
377
378
379
377
376
378
376
377
378
376
374
375
375
373
374
373
373
374
373
370
371
371
370
372
376
375
377
377
378
376
376
376
370
371
370
372
371
372
372
373
375
374
371
373
376
378
376
373
378
378
380
382
381
381
380
381
380
381
381
382
383
386
389
388
383
383
382
382
379
378
381
381
379
380
379
379
381
381
380
382
380
380
383
379
377
376
376
375
377
375
375
379
378
379
379
379
379
378
383
381
382
382
381
378
384
380
379
376
380
379
381
380
379
378
381
381
381
382
379
377
374
375
374
376
375
375
376
378
379
380
378
376
377
378
379
379
377
377
378
377
375
375
376
376
378
376
376
376
377
380
379
377
372
371
371
372
372
371
372
371
370
370
369
371
370
367
368
371
371
369
371
371
371
370
374
374
376
376
379
378
376
381
381
377
375
375
376
376
380
378
378
376
381
379
379
377
380
381
380
379
379
380
382
384
383
381
382
381
383
382
381
381
382
382
382
382
380
379
380
380
379
379
380
378
379
379
377
376
379
380
379
379
377
377
380
377
379
378
378
378
378
378
381
377
377
378
378
374
371
371
369
367
366
367
369
369
368
367
371
371
370
370
373
374
375
373
374
377
380
378
378
377
375
377
380
383
384
383
381
383
386
385
386
386
383
384
387
387
387
389
389
388
387
388
384
383
384
381
379
380
380
380
378
380
384
386
385
387
386
387
381
381
382
379
381
379
377
378
379
379
383
383
384
386
388
386
387
387
385
383
382
382
384
384
382
384
382
384
387
387
385
381
380
378
379
380
381
379
378
381
381
380
379
378
377
377
379
379
378
378
381
381
384
384
384
380
383
384
384
384
384
384
378
377
377
375
377
379
379
378
377
377
379
377
376
374
375
373
368
369
367
370
371
368
371
372
369
370
369
369
370
372
373
375
375
375
374
373
377
376
374
375
377
378
375
373
373
375
371
369
370
370
371
371
373
371
374
375
375
376
377
380
382
381
382
379
378
378
377
380
377
376
375
375
376
377
377
377
377
376
380
380
379
378
374
374
376
374
373
373
371
372
371
371
369
370
370
373
374
377
377
374
373
373
372
372
370
372
374
373
371
372
373
372
373
373
372
372
370
370
370
369
370
369
368
367
366
368
369
371
372
370
369
372
373
374
378
377
375
376
375
372
372
371
370
370
369
369
372
373
375
376
373
373
375
374
375
378
379
379
378
378
378
378
376
375
372
372
371
370
371
372
374
376
375
374
371
374
372
376
376
374
375
375
378
377
376
379
379
381
381
379
378
376
374
377
377
376
374
374
373
376
377
379
379
377
378
378
380
381
380
386
386
388
389
388
386
385
386
389
387
385
385
383
386
385
385
385
384
385
384
379
380
381
381
384
383
383
382
383
381
378
380
379
380
380
382
382
382
380
378
378
379
378
378
378
380
382
376
378
378
378
377
378
379
380
380
380
381
382
382
383
381
381
380
379
379
379
379
379
378
378
379
381
381
380
377
376
375
375
376
377
378
378
378
378
376
379
377
377
378
380
380
379
379
381
381
381
383
382
381
381
383
384
386
382
377
375
377
378
378
377
378
377
377
378
379
378
378
379
380
383
381
381
380
382
380
381
381
380
382
380
380
381
380
381
381
382
382
382
387
388
387
388
385
387
390
388
384
384
383
383
385
385
387
386
386
389
390
387
388
387
383
384
384
385
385
382
383
384
386
385
384
386
383
383
384
384
384
383
384
382
379
379
381
380
381
382
383
383
381
380
382
382
382
382
383
385
388
389
388
389
390
390
391
392
390
389
388
390
392
395
394
394
394
399
397
398
398
397
398
397
396
398
398
394
392
396
395
395
393
396
397
394
396
395
390
388
386
385
385
385
386
384
387
388
387
391
395
394
394
396
396
396
395
397
396
396
396
398
400
397
400
397
395
397
397
396
401
400
400
400
400
398
400
402
403
402
402
400
398
401
402
405
404
403
403
402
402
401
401
403
404
402
400
402
400
399
397
400
397
402
399
399
396
399
399
399
399
402
402
397
396
399
397
399
396
397
401
401
402
404
403
401
400
400
398
397
395
396
397
396
398
399
397
402
402
402
400
400
400
400
399
397
398
400
405
401
397
397
397
396
397
397
397
394
392
391
393
394
392
397
397
397
397
397
398
398
397
397
398
397
399
403
403
404
404
407
406
405
405
403
406
403
405
406
404
406
404
402
401
399
396
398
398
396
398
399
399
399
399
401
404
405
406
403
403
401
402
400
398
400
403
404
402
402
401
398
398
396
395
395
397
396
399
400
397
396
398
401
402
399
396
396
394
395
393
392
393
396
398
397
398
396
396
402
401
401
399
398
397
397
400
402
403
405
403
400
401
402
400
400
400
395
393
393
392
396
394
