0.00021482758620689656 0.00021482758620689656
300
299
297
295
290
289
290
284
284
283
280
283
284
282
282
281
282
279
277
275
275
276
275
274
273
272
272
270
269
271
271
272
271
273
274
276
273
272
271
272
272
271
270
271
272
270
271
271
271
272
274
271
269
269
267
268
268
264
265
264
264
264
264
265
265
265
264
264
264
265
264
264
265
264
264
265
266
265
264
264
267
266
266
265
264
265
264
263
264
265
265
265
265
264
265
265
264
264
265
263
262
263
263
264
265
265
265
267
264
268
268
266
265
263
266
264
264
264
262
262
263
262
262
263
264
262
263
263
263
263
260
259
259
259
262
261
259
260
262
265
264
261
262
263
262
262
261
262
261
260
257
257
258
257
257
257
257
259
260
258
260
260
262
260
259
260
261
258
256
257
257
257
255
257
256
255
255
257
261
262
262
262
261
262
263
263
262
260
261
263
260
263
260
257
259
260
258
259
258
257
258
258
258
259
260
257
260
258
256
256
252
252
251
251
253
254
254
253
253
252
253
250
250
251
252
250
250
249
249
250
248
247
247
247
248
248
248
249
247
248
248
249
248
247
248
247
245
245
246
246
246
246
246
245
245
246
246
248
244
244
246
249
247
243
243
243
243
244
245
246
248
246
249
248
249
250
250
249
246
248
247
248
248
247
246
245
245
245
246
247
247
246
243
244
244
244
247
246
245
244
244
245
245
246
245
245
243
243
242
244
245
246
245
245
245
243
244
244
246
246
245
244
241
244
244
244
245
244
244
242
241
240
238
239
240
239
240
240
240
243
241
238
238
239
239
242
243
240
238
239
239
239
240
241
240
240
241
242
241
241
242
243
244
244
242
242
243
240
242
241
243
242
242
243
242
240
241
241
238
237
238
237
237
237
237
238
239
240
239
241
238
237
237
237
238
240
241
239
241
242
243
242
242
244
244
243
243
243
244
242
242
242
245
243
244
241
244
243
242
244
243
241
240
238
238
237
236
236
237
237
236
236
237
237
238
238
238
237
236
238
238
237
237
239
237
236
237
235
235
236
237
235
234
234
233
233
234
235
235
235
236
236
236
236
233
234
233
231
230
231
231
231
232
233
235
235
235
234
235
234
235
235
235
232
232
232
233
231
230
232
231
232
232
231
233
233
233
231
230
231
232
233
231
232
231
228
228
228
229
227
229
228
229
230
226
230
229
229
231
231
230
230
230
229
225
225
226
226
228
229
230
229
228
226
227
226
228
227
228
226
226
227
226
226
225
225
226
226
224
225
224
225
226
225
226
225
226
228
228
227
227
227
227
228
228
228
227
228
228
228
230
231
230
231
232
230
230
230
229
229
231
230
228
228
227
227
228
229
226
227
226
225
224
223
223
223
223
223
224
224
225
226
225
226
225
226
225
225
225
224
225
226
225
225
226
226
226
230
230
231
230
229
230
230
229
229
227
227
228
227
225
225
224
225
227
228
226
225
225
226
228
228
227
228
226
225
225
227
225
224
224
225
226
225
224
223
222
222
223
223
222
223
223
226
226
225
225
224
222
223
223
224
222
221
221
222
220
221
222
223
222
222
224
222
222
221
221
223
224
224
223
222
219
218
218
217
218
218
218
218
218
219
218
218
219
219
219
219
218
218
219
220
221
224
222
221
219
219
220
220
219
220
220
221
220
219
220
219
219
220
220
220
222
221
221
221
219
219
220
218
216
217
217
217
217
215
215
216
218
219
219
216
216
216
220
217
216
218
218
218
219
220
216
216
216
216
216
216
216
216
216
216
217
217
217
217
217
218
220
221
220
221
220
220
220
220
218
218
217
216
218
218
217
218
217
217
217
217
219
219
218
219
219
216
216
217
219
219
220
220
218
218
217
218
218
218
216
214
213
214
214
214
213
213
215
214
214
214
212
212
212
212
214
214
215
218
219
215
216
217
218
216
217
217
215
217
215
217
214
214
211
212
214
214
210
211
211
211
211
211
211
211
211
210
211
211
212
213
214
213
213
214
213
214
214
214
213
212
212
211
213
212
211
209
209
209
210
209
210
211
212
213
213
214
212
212
210
209
210
209
207
207
206
205
205
205
205
205
206
205
207
208
208
210
209
208
207
207
208
207
206
208
208
209
210
210
207
208
209
208
209
208
208
206
206
206
206
207
207
208
208
207
205
205
204
205
205
205
205
206
205
202
202
201
202
202
202
201
201
201
201
202
203
203
205
206
207
204
203
205
206
206
205
205
204
204
205
206
206
206
208
207
206
205
205
203
203
204
204
206
206
206
206
206
206
205
205
204
205
205
207
207
205
204
204
203
203
203
204
204
202
203
203
203
204
205
207
206
205
206
206
205
205
205
205
204
205
205
203
203
203
203
204
204
203
203
204
204
205
206
208
207
207
208
206
203
203
203
204
205
205
205
205
205
204
205
206
206
207
205
204
203
205
205
206
204
204
204
205
205
204
202
204
204
203
203
203
203
203
203
202
203
203
202
202
202
203
204
204
205
205
205
206
204
205
205
204
206
202
201
204
203
203
202
202
202
203
202
200
200
201
202
202
202
203
204
203
202
203
204
205
206
204
205
204
204
201
202
202
202
202
203
204
202
202
203
203
204
203
203
202
203
202
202
203
203
201
202
200
200
201
200
200
200
199
200
202
201
202
204
202
202
202
202
203
203
202
199
197
197
197
197
196
196
197
199
202
201
198
199
198
198
199
198
200
200
201
200
199
200
200
199
200
200
199
199
200
197
196
196
196
196
196
194
195
195
195
196
196
196
196
198
196
196
195
198
196
196
197
196
195
193
193
196
195
198
198
197
195
196
197
197
195
196
196
196
196
196
196
196
196
196
198
197
198
198
198
198
199
199
200
199
199
200
199
199
198
198
196
196
197
196
196
195
195
197
199
198
196
198
197
197
196
197
197
195
195
195
196
196
197
196
197
196
195
195
195
195
196
197
196
193
194
194
194
193
193
193
193
191
192
191
194
194
194
193
194
193
190
190
190
191
190
191
191
190
190
189
191
191
191
192
191
191
190
190
190
190
189
190
190
189
190
190
191
191
191
189
190
190
190
191
192
194
192
192
191
192
192
191
192
192
192
191
191
193
191
190
189
189
189
190
190
189
189
188
188
188
187
187
188
188
188
189
188
188
189
190
191
192
192
193
192
191
190
189
190
190
191
191
191
191
192
192
192
192
188
187
188
188
188
190
188
189
190
190
191
191
192
191
191
190
189
188
188
188
189
190
190
189
190
190
191
191
190
188
189
189
191
192
191
191
191
192
192
191
188
189
187
187
188
188
188
188
187
189
190
190
188
188
187
185
185
185
185
185
187
186
186
187
187
188
187
187
187
186
187
187
188
188
188
188
187
186
184
182
182
183
183
186
185
183
183
183
183
183
184
185
184
184
184
184
183
184
183
183
183
184
184
186
186
187
187
188
188
187
188
189
187
187
187
186
188
189
190
187
187
187
185
185
184
184
185
185
184
185
187
186
186
186
185
186
186
187
186
186
187
188
186
185
184
184
185
185
184
182
182
182
182
183
184
182
180
181
181
180
181
181
183
183
183
183
184
184
185
183
183
184
181
182
182
183
180
181
182
182
180
180
180
179
179
179
179
181
181
182
182
182
182
181
180
180
180
180
181
180
180
180
180
182
182
181
181
183
183
185
184
184
183
182
181
182
181
181
179
177
179
179
179
179
178
178
178
178
179
179
179
179
178
179
178
177
177
176
177
177
177
177
178
178
177
177
175
174
175
175
175
175
174
174
175
175
175
175
175
176
178
178
177
177
177
176
175
175
176
175
175
174
173
173
170
170
170
171
172
174
175
175
174
172
173
175
174
174
173
173
172
173
173
173
174
173
172
174
174
174
173
172
172
173
174
172
172
172
172
172
172
173
173
173
172
171
172
172
173
173
173
173
172
172
172
172
173
172
172
171
173
172
172
173
173
174
173
175
176
176
176
174
176
175
175
175
175
175
175
175
175
176
174
174
175
175
176
174
175
176
175
175
174
175
175
175
175
175
177
176
176
176
176
176
175
179
178
178
177
178
176
174
173
172
172
171
171
171
171
171
171
171
171
172
173
171
173
172
173
172
172
170
172
173
172
171
173
172
173
173
173
172
174
174
172
171
171
172
172
174
174
175
175
173
173
169
169
169
168
167
168
168
169
169
170
170
168
168
168
167
167
169
169
169
170
170
169
171
169
168
168
167
167
167
167
167
167
167
166
167
167
167
168
168
170
170
171
171
172
171
172
172
170
168
167
167
167
168
168
169
169
171
170
170
171
170
169
168
168
170
170
169
169
169
169
169
169
169
170
169
172
172
172
173
173
172
170
170
171
172
171
170
172
169
165
165
165
166
166
166
166
166
166
166
167
167
167
166
166
166
168
168
166
166
167
169
168
168
168
167
167
167
166
166
166
166
166
167
167
168
168
168
168
168
168
167
166
167
168
168
167
166
165
164
166
167
167
165
166
167
167
166
165
164
164
165
165
165
164
164
166
165
167
167
167
168
168
169
169
169
166
166
166
166
167
169
168
168
167
167
168
168
170
168
168
167
167
167
167
167
168
169
169
169
171
170
169
170
169
168
167
167
166
165
165
165
166
166
167
167
166
166
167
167
166
167
166
165
164
165
166
166
166
165
165
169
168
167
166
167
167
167
166
166
166
165
165
166
165
164
165
166
166
165
165
162
162
163
162
162
162
162
162
162
162
162
161
162
162
163
163
163
164
163
162
164
164
164
163
163
163
163
165
163
161
162
161
162
162
161
160
162
162
161
162
162
165
165
164
163
163
163
162
162
163
163
160
160
161
161
161
162
163
162
163
163
162
161
161
162
163
162
163
163
161
162
162
163
164
164
165
165
165
166
164
164
163
163
163
162
162
162
162
162
163
164
165
165
165
164
163
161
160
160
161
161
159
159
160
160
161
161
163
162
162
162
161
161
161
161
161
161
160
160
161
161
161
162
162
163
163
162
161
161
161
161
161
161
161
162
162
162
162
163
163
164
165
165
164
164
164
165
166
165
165
164
164
165
163
161
160
158
158
159
158
158
158
160
160
162
162
162
163
162
163
161
160
160
160
160
160
159
160
160
160
159
159
159
160
160
159
159
159
158
159
159
160
161
159
160
159
159
160
159
159
159
158
157
157
157
158
158
158
158
158
159
159
159
159
159
159
159
160
160
159
160
160
161
162
163
162
162
162
163
162
162
162
162
161
160
160
160
159
159
159
159
160
160
160
159
159
159
159
160
160
159
159
158
160
159
160
160
160
160
162
163
163
163
162
162
162
161
159
160
160
160
161
161
162
162
162
162
163
164
163
166
165
166
165
165
164
164
161
161
162
162
162
162
162
159
157
157
157
158
158
159
158
159
158
158
158
158
158
158
160
159
159
160
159
158
158
159
160
161
161
159
158
158
158
158
158
155
156
156
158
158
161
161
159
158
157
157
157
159
160
160
160
160
159
158
158
159
159
158
160
159
157
157
158
156
155
155
156
157
158
156
156
155
155
155
156
155
155
156
156
156
156
156
157
157
158
157
156
155
155
156
156
156
156
156
157
156
156
157
157
157
157
158
156
157
157
157
155
155
156
157
157
157
157
158
158
159
158
157
157
158
159
157
157
157
158
157
158
157
157
157
157
155
156
156
155
154
156
154
153
154
153
153
153
154
154
154
155
155
155
155
156
157
157
157
158
158
157
159
159
159
157
158
158
158
159
157
158
158
157
157
157
155
156
157
157
157
157
155
155
156
154
153
153
153
153
153
154
154
154
154
154
155
154
154
153
153
153
153
153
153
153
153
154
154
156
155
152
153
155
154
154
154
154
153
153
153
154
155
156
157
157
157
156
155
155
157
157
156
154
155
154
153
155
154
154
153
154
155
154
154
155
156
157
155
154
153
154
155
155
155
156
155
155
154
154
154
155
156
156
157
156
155
154
154
154
154
154
155
153
153
154
156
157
157
156
156
156
157
157
157
155
155
155
154
154
154
154
153
153
154
156
156
157
158
157
158
155
153
153
153
153
154
154
152
152
152
152
153
152
151
152
152
152
151
151
151
151
153
153
153
153
153
153
152
153
153
153
155
155
154
154
154
155
155
154
155
155
155
157
157
157
156
156
156
154
154
154
155
153
152
153
152
153
152
152
152
152
154
154
154
154
154
153
153
153
153
155
153
155
155
153
153
153
152
152
154
154
154
154
155
156
156
157
155
156
156
154
154
154
154
154
155
156
154
154
156
157
156
155
155
156
154
153
153
153
153
154
155
154
152
151
151
151
151
151
152
152
152
153
153
152
152
152
152
153
153
153
154
154
152
152
152
152
152
152
152
153
154
152
153
153
153
153
153
153
154
154
154
154
154
154
154
153
154
152
152
151
154
152
150
150
150
150
150
149
149
150
151
152
153
153
152
152
152
154
153
153
153
153
154
154
153
153
153
155
156
154
155
155
155
153
155
154
153
153
154
154
153
154
153
154
154
154
156
156
154
152
152
154
154
153
152
152
151
150
151
152
152
151
150
151
152
152
152
151
152
152
153
151
151
152
151
149
149
150
150
150
150
149
149
152
151
150
150
150
148
149
148
149
148
149
148
149
148
148
149
149
150
149
148
148
148
148
148
150
150
149
147
148
149
148
149
148
150
149
151
152
152
151
152
150
148
148
148
149
148
149
148
149
148
146
146
145
145
145
145
146
146
146
147
147
147
147
148
148
148
146
146
146
146
145
145
146
146
146
146
147
147
147
148
148
149
149
150
150
150
146
145
147
148
149
148
148
150
150
150
149
148
147
147
146
146
146
144
145
144
144
145
145
145
145
145
145
144
144
144
145
145
145
145
146
145
146
146
145
145
145
145
145
144
146
146
146
144
143
142
142
143
142
143
144
145
145
145
146
145
146
144
144
144
143
143
145
146
146
148
149
147
148
149
149
145
145
145
146
147
146
147
146
146
145
147
146
146
146
146
146
146
145
144
146
146
147
147
146
146
146
146
147
147
146
146
146
146
145
145
145
145
145
145
146
147
146
145
144
144
145
145
145
144
144
143
144
145
146
146
146
144
145
145
145
144
146
145
147
146
146
149
149
149
147
146
146
146
144
144
144
145
147
146
146
145
144
144
144
144
144
144
144
146
145
144
144
143
143
142
142
142
142
142
143
143
144
143
143
143
143
142
143
142
142
142
143
144
145
144
144
145
144
144
143
143
144
145
144
144
143
143
143
143
143
142
142
143
144
144
146
145
145
146
147
147
146
147
146
146
145
145
147
146
144
144
144
142
143
143
143
143
142
142
142
142
142
142
142
143
144
145
145
144
144
144
143
144
144
144
145
145
146
146
145
144
144
144
143
143
144
143
145
146
144
144
145
144
143
143
144
144
144
144
143
143
141
141
141
142
142
143
139
139
139
139
139
139
140
140
141
141
141
141
142
142
141
142
142
142
143
143
144
146
144
144
144
144
144
146
147
145
143
143
143
143
143
143
143
144
144
143
143
143
142
143
142
142
144
144
146
145
145
143
143
142
141
141
141
141
141
142
142
142
143
143
142
142
142
142
141
141
141
141
143
143
143
142
142
142
142
143
143
142
141
140
141
141
142
143
143
142
142
142
141
141
141
142
143
143
142
142
142
143
142
142
143
143
142
143
141
141
141
140
140
139
140
139
139
139
140
141
140
141
142
142
141
141
141
141
141
142
143
143
144
145
145
145
142
141
139
140
140
139
139
138
138
138
138
138
138
139
139
140
140
140
140
139
141
141
142
142
143
143
143
142
142
143
143
143
142
142
142
143
143
143
143
142
143
144
144
143
142
142
142
142
141
138
139
139
139
138
138
136
136
136
136
136
136
136
136
138
137
137
138
140
140
139
138
137
137
137
137
137
138
139
139
140
140
139
138
138
137
137
137
139
139
138
137
137
137
137
137
137
137
137
137
137
139
139
140
140
139
139
139
138
138
139
139
138
137
137
139
139
139
140
139
140
140
141
141
140
141
142
142
144
142
143
143
140
140
140
139
139
139
138
137
138
137
137
135
135
135
135
135
135
135
135
135
135
135
134
135
135
134
136
136
135
135
134
134
134
132
134
134
134
134
134
135
136
136
136
138
135
134
132
132
133
133
133
133
134
134
133
135
135
136
135
135
135
135
135
135
133
133
134
134
134
134
134
133
132
133
133
134
133
133
132
133
134
134
134
136
135
134
133
133
133
133
134
134
134
133
135
134
134
134
136
135
135
135
135
135
135
135
133
133
133
133
133
131
132
132
133
133
134
135
134
135
134
134
133
134
135
135
135
135
136
135
135
134
134
135
133
133
131
131
131
132
131
131
132
133
133
133
133
133
132
132
132
133
133
133
134
134
134
136
139
138
138
136
134
133
132
132
132
132
131
130
130
130
130
132
132
132
131
131
131
132
132
132
132
133
133
133
132
132
132
130
131
129
129
129
129
128
128
129
129
129
130
130
130
130
129
129
129
129
128
129
130
131
131
129
129
129
130
130
129
127
127
128
128
128
128
129
129
129
129
130
130
129
130
131
132
133
133
131
131
131
130
131
133
131
131
130
130
130
131
131
132
131
131
132
132
130
130
130
129
130
129
129
128
128
128
128
129
128
127
127
127
128
127
127
128
128
128
128
128
130
131
132
132
132
131
131
130
130
130
130
129
129
129
129
131
131
132
132
130
130
130
130
130
132
131
131
131
130
131
129
129
129
128
128
127
127
127
127
128
128
128
128
128
128
128
128
128
130
130
129
129
130
130
130
129
129
129
128
128
128
128
128
128
128
128
128
128
127
127
127
127
127
129
129
127
129
129
130
130
130
130
129
129
127
127
127
127
127
127
127
128
128
128
128
128
130
131
131
131
131
133
134
133
133
133
133
134
133
129
127
127
127
126
126
126
127
127
127
127
127
126
126
127
128
128
128
129
128
128
127
127
127
127
129
129
130
130
129
128
127
127
127
127
128
130
130
128
128
127
127
128
128
128
128
128
129
128
127
127
127
127
127
126
126
126
126
127
130
129
130
129
129
128
128
128
128
127
128
129
130
130
129
130
128
128
128
128
128
129
130
130
129
129
129
128
131
129
128
129
128
127
125
126
126
127
128
128
130
128
129
130
129
129
130
130
130
127
126
125
125
125
125
126
128
126
125
125
125
125
126
124
123
123
123
124
124
124
124
123
125
127
126
127
126
125
125
126
126
125
125
126
126
126
126
125
125
125
124
124
123
123
123
125
124
126
125
126
127
126
125
124
123
124
123
124
123
123
122
122
123
122
123
122
122
123
124
124
125
125
125
126
126
125
124
123
123
125
125
126
125
125
126
126
125
125
125
124
125
126
126
125
126
126
126
126
126
126
125
126
128
128
128
128
127
127
126
126
126
127
127
127
126
124
125
125
125
125
125
125
125
125
125
125
126
126
127
127
126
126
127
128
129
129
127
127
126
126
126
126
127
127
128
128
127
124
126
126
125
126
126
126
126
126
125
125
125
125
125
124
124
124
124
124
124
123
123
122
123
123
124
123
123
124
124
125
124
123
124
125
125
127
127
128
128
128
126
126
125
125
125
124
125
125
125
125
125
125
126
126
127
128
128
127
129
131
131
128
128
127
126
126
126
125
124
125
125
125
123
124
124
125
124
123
123
123
124
125
123
125
126
123
124
124
124
125
127
126
125
125
124
124
125
125
125
124
124
124
123
124
125
125
126
126
126
127
127
128
127
127
127
127
126
125
124
124
123
123
122
123
122
122
122
122
123
123
123
123
122
122
121
121
121
121
121
121
124
125
124
124
125
124
122
122
122
122
121
122
122
122
124
124
125
126
127
127
126
125
123
122
123
123
123
124
124
123
123
125
125
127
125
125
126
126
126
125
126
125
124
124
124
124
124
124
124
124
123
123
125
126
126
124
125
124
124
125
125
125
127
128
127
127
125
125
125
125
125
125
127
126
126
127
128
127
127
127
126
125
125
127
126
126
126
126
127
127
128
127
126
125
126
128
129
129
129
127
128
129
131
129
128
125
125
126
126
127
126
127
128
126
125
125
124
124
123
123
122
122
123
123
123
123
123
123
122
122
121
122
121
121
121
122
122
122
122
125
125
124
124
125
124
123
122
124
123
123
124
124
124
124
124
124
124
124
125
125
124
125
125
125
124
123
123
123
123
124
122
122
122
122
123
122
122
121
120
120
120
120
120
120
120
121
121
120
120
120
121
121
121
123
123
125
124
124
123
122
122
122
123
122
122
120
121
123
124
122
121
122
123
122
122
121
121
121
121
121
121
121
121
121
121
121
120
120
121
121
122
122
120
120
120
120
120
120
120
120
121
121
121
120
120
121
122
122
122
121
122
122
121
120
120
120
120
120
120
122
123
122
122
123
124
123
122
122
122
122
123
123
123
123
123
124
123
122
123
123
123
123
123
122
124
124
124
123
123
121
121
121
121
120
120
120
120
120
120
121
122
121
121
122
122
122
124
123
119
119
119
119
120
121
120
121
121
121
121
121
121
120
120
120
119
119
119
119
119
119
119
119
120
120
120
120
120
119
119
119
120
120
120
120
121
121
122
122
122
121
121
121
123
121
122
122
123
123
122
122
122
121
121
121
119
120
119
120
121
119
119
119
119
119
119
119
120
121
120
120
121
120
121
119
120
120
119
120
120
119
118
118
119
119
119
120
120
120
119
120
120
121
119
120
119
119
119
119
118
118
118
117
117
117
118
119
119
118
121
121
119
119
120
120
119
118
118
118
118
118
118
118
117
117
117
117
118
118
118
119
119
119
119
118
118
119
119
120
120
120
121
122
122
122
123
123
123
122
121
121
121
120
120
119
118
119
119
120
121
121
120
121
119
119
119
119
120
120
120
120
120
120
120
120
120
122
122
120
119
119
119
119
119
119
119
119
119
119
120
120
120
121
121
121
120
119
119
120
119
118
118
118
117
116
116
117
118
118
118
117
118
118
119
119
119
119
119
118
119
121
121
120
119
118
118
118
118
118
118
117
116
116
117
117
117
117
117
117
117
116
117
118
118
117
118
118
118
117
117
118
117
117
117
117
116
117
118
118
119
119
118
118
116
116
116
116
116
118
118
118
118
119
119
119
119
118
117
116
117
117
116
116
117
118
118
119
120
119
119
119
118
117
118
120
119
118
117
118
119
118
117
117
116
116
116
115
118
117
117
116
116
118
119
119
119
118
118
117
119
118
116
120
118
118
117
117
119
119
118
117
117
117
118
117
114
113
113
113
113
114
115
116
116
115
116
116
116
116
116
115
115
114
114
115
115
114
113
113
114
114
114
114
114
115
114
114
115
114
114
114
114
114
114
114
114
114
113
114
