0.0007951724137931035 0.0008975862068965518
300
295
288
287
280
277
272
266
264
260
253
246
238
234
232
230
231
230
229
227
228
228
227
227
227
226
226
225
225
226
224
222
222
220
223
225
225
219
220
215
216
211
210
212
211
213
213
210
208
206
207
208
208
208
208
205
205
205
206
207
206
203
203
201
199
200
201
197
197
197
199
197
194
195
195
197
196
195
194
193
190
190
190
189
190
189
189
188
190
191
191
191
190
191
189
189
191
192
193
192
192
194
194
193
192
190
189
187
187
185
185
185
185
187
186
187
187
187
188
187
187
187
188
187
186
186
186
184
185
185
185
185
186
187
184
184
185
185
185
185
185
184
187
186
183
183
182
182
182
182
182
182
183
183
182
184
186
186
187
187
186
185
185
188
189
188
188
186
186
186
188
187
185
188
188
187
187
187
187
188
188
188
189
188
188
190
188
186
187
185
185
186
184
183
183
183
183
183
187
188
187
187
187
189
187
187
190
193
191
192
195
193
192
191
191
193
190
187
184
185
185
185
185
185
186
186
186
186
186
187
186
185
188
191
189
190
191
192
189
189
191
189
189
189
190
189
189
190
190
189
187
186
183
183
185
183
179
179
180
180
180
181
180
180
179
178
178
180
182
183
182
181
181
182
183
184
185
185
184
185
185
183
184
184
184
185
185
183
182
183
183
183
184
184
184
184
182
182
183
182
181
183
182
182
182
182
182
181
180
180
181
181
182
182
183
184
182
181
182
179
179
179
181
180
179
180
182
181
180
182
183
181
181
181
181
180
180
181
180
179
180
178
179
178
180
179
178
176
176
176
175
175
176
178
176
176
176
176
177
177
178
178
179
178
180
179
177
177
177
177
175
176
176
177
175
176
176
175
175
176
177
178
176
176
176
178
178
179
179
180
180
179
179
180
181
180
182
182
185
183
183
182
181
180
181
181
181
181
182
182
183
180
179
179
179
180
180
181
179
180
180
180
180
181
181
179
179
178
178
179
179
180
180
179
181
181
182
182
181
180
181
182
184
184
185
185
183
182
182
182
179
179
181
180
180
179
179
179
180
181
179
178
177
176
173
172
173
174
175
175
176
176
176
176
175
175
175
174
174
174
174
174
173
176
177
177
179
178
178
182
183
184
184
184
185
183
182
182
182
181
181
179
179
180
179
178
179
178
179
177
175
176
173
172
172
172
170
171
170
170
171
170
169
169
168
167
167
169
170
172
172
171
171
174
175
177
177
178
178
181
181
184
184
185
185
186
186
185
184
183
180
181
182
180
182
180
181
182
182
181
181
179
178
179
179
178
177
179
181
179
179
180
182
180
179
178
178
179
179
181
181
179
177
179
179
179
180
181
180
179
178
177
176
174
174
174
176
176
177
177
177
177
178
178
177
175
175
176
177
178
178
180
179
178
179
178
178
178
179
179
179
179
180
180
179
177
177
175
174
175
175
175
177
179
180
179
179
178
178
178
178
180
178
179
181
179
178
181
180
177
180
179
178
179
178
175
175
174
173
172
171
170
170
170
170
173
172
172
172
174
175
174
173
172
172
172
172
172
172
173
173
174
175
174
173
174
173
173
172
172
172
173
172
173
172
174
173
174
172
173
172
172
170
171
172
171
171
171
172
171
171
169
168
168
167
166
167
168
170
172
171
172
172
172
170
171
171
170
169
168
166
165
164
163
163
163
164
165
167
168
167
167
166
166
167
167
165
165
165
165
166
165
164
162
161
161
162
162
164
164
165
165
165
167
168
168
167
169
169
170
167
166
165
164
161
162
162
162
163
162
162
163
163
164
165
165
163
163
163
163
160
161
161
161
165
164
165
164
165
165
167
166
163
165
165
166
166
163
163
163
161
160
160
161
163
165
165
165
165
164
163
165
164
164
163
164
165
166
167
167
167
167
167
168
166
166
169
171
170
168
170
169
167
165
163
163
164
165
165
165
163
162
163
162
163
162
161
162
162
159
161
161
160
162
162
162
161
160
159
160
160
160
160
158
158
158
160
160
160
160
160
161
160
161
163
162
162
162
162
162
160
158
160
160
160
161
159
160
160
161
162
163
161
161
161
160
159
160
158
160
159
160
160
160
160
162
161
159
159
159
159
157
158
159
159
160
159
161
162
160
162
162
164
165
165
164
164
165
164
163
163
163
163
163
163
163
161
160
160
160
160
158
156
155
154
154
152
151
149
149
149
149
150
150
151
152
151
152
152
152
152
153
154
155
153
152
151
150
150
149
149
150
150
151
153
152
152
153
154
154
153
153
153
153
153
152
152
152
150
147
147
148
151
150
151
152
152
150
152
151
150
150
150
149
151
151
152
152
150
151
151
149
149
148
148
148
148
149
150
150
150
149
149
148
149
148
148
149
150
149
150
150
150
150
149
148
151
151
152
152
151
153
153
152
152
153
151
150
149
148
148
145
144
145
145
146
146
147
147
145
146
147
147
146
147
146
145
144
145
146
146
146
146
147
149
149
149
148
147
148
148
149
149
152
152
153
155
154
153
153
153
151
151
151
152
150
150
151
151
151
151
149
150
149
149
149
150
151
151
152
151
151
149
149
149
149
148
151
153
151
150
151
151
151
151
152
154
153
151
151
151
150
151
152
152
153
153
154
155
154
153
155
154
157
156
157
158
156
157
159
158
156
156
154
155
155
155
155
156
154
153
153
151
153
154
154
154
154
153
153
150
149
149
150
150
150
153
153
153
152
151
152
152
154
152
151
149
149
148
148
147
145
145
145
144
146
146
146
145
145
147
147
145
145
145
145
146
146
147
145
145
147
148
148
147
147
147
148
148
148
147
146
146
147
147
145
145
144
146
146
145
147
147
149
149
149
149
148
145
143
143
141
143
142
143
143
143
143
143
142
141
141
144
145
145
144
143
144
146
149
148
147
146
146
145
144
144
144
146
147
146
146
146
146
146
146
144
144
146
146
146
147
147
146
147
146
144
144
144
141
141
144
144
143
143
143
143
144
143
144
144
143
144
143
143
143
143
145
145
146
146
144
144
145
146
146
146
144
144
144
143
144
144
144
145
145
143
145
145
145
144
144
144
146
146
146
145
145
145
145
146
146
146
147
147
145
147
146
146
144
144
144
144
145
144
143
144
144
145
146
146
146
146
145
145
146
146
146
145
144
144
145
144
144
144
144
144
145
144
143
144
143
145
146
146
148
148
149
149
148
147
147
148
149
150
154
154
154
153
150
147
148
148
146
143
143
142
142
142
142
142
142
141
140
140
141
141
142
141
140
141
140
139
139
138
139
140
139
140
140
139
139
139
139
139
139
142
142
142
142
140
139
141
140
140
140
140
139
139
141
142
142
143
144
144
146
146
145
145
144
145
144
144
144
145
145
144
144
144
145
144
145
145
146
148
147
148
146
146
146
145
145
143
144
145
145
144
144
143
143
142
141
141
143
141
143
143
143
143
144
145
145
145
147
147
147
147
147
146
146
147
146
145
145
143
144
143
143
142
142
142
142
141
140
140
140
140
139
140
140
139
140
139
139
140
140
141
143
142
142
142
143
144
142
142
139
139
140
140
141
144
142
142
142
142
143
143
141
141
140
141
141
141
142
141
141
140
141
140
141
140
140
140
139
140
139
140
140
140
140
139
142
143
143
141
141
140
140
139
138
139
139
139
139
139
138
139
140
141
141
141
139
139
138
138
139
139
139
138
138
140
138
138
139
139
140
139
139
140
140
142
143
142
140
139
138
136
136
135
135
135
136
138
138
138
140
141
141
139
139
138
137
137
138
139
139
141
141
141
142
143
142
141
140
140
142
142
142
142
141
143
144
143
139
139
138
138
138
140
140
138
138
138
139
139
137
137
138
137
137
139
139
139
140
139
141
142
140
139
140
137
138
138
139
139
137
139
139
138
138
140
140
141
141
140
139
139
138
141
139
137
137
135
135
136
134
134
133
133
132
134
133
132
133
133
133
133
133
135
135
135
133
133
135
135
135
136
136
137
137
138
136
136
138
137
137
136
137
137
137
137
135
137
138
139
141
141
141
141
141
140
141
141
142
143
145
145
146
149
148
146
146
146
147
144
142
141
141
142
142
143
141
140
141
142
143
141
140
139
138
138
138
141
141
142
143
143
141
139
141
143
142
142
143
143
141
139
139
140
140
140
139
140
140
138
138
139
139
139
139
140
140
140
140
140
139
139
141
140
136
136
136
138
138
138
138
139
140
139
138
138
139
139
139
139
139
139
139
138
139
139
140
139
139
140
139
138
138
138
138
137
135
135
134
133
133
134
135
136
137
137
137
137
138
139
138
138
138
138
137
137
137
138
136
136
135
135
136
135
138
139
139
138
138
137
135
135
135
136
137
137
136
137
137
137
135
135
136
138
138
136
138
138
137
136
135
136
136
134
134
134
132
132
132
132
131
131
131
130
131
133
133
132
129
130
131
129
129
127
128
128
128
128
128
128
128
127
128
128
128
127
126
126
127
128
128
128
130
130
130
131
131
132
132
130
129
133
133
133
133
132
132
132
132
131
131
131
131
131
130
130
130
129
128
129
130
129
130
132
132
135
134
135
136
134
134
134
134
135
135
137
136
137
133
132
132
132
132
131
130
129
129
129
130
128
129
129
128
129
129
130
130
131
131
131
127
128
129
130
131
130
129
130
130
128
129
129
129
129
128
128
127
126
124
124
125
126
127
126
125
125
126
126
128
128
128
129
130
129
130
130
129
128
129
129
128
128
128
128
128
128
128
128
131
130
131
133
133
132
130
129
132
132
132
131
130
129
129
127
127
127
127
127
126
125
126
127
129
129
126
126
126
127
125
125
125
124
125
125
125
124
124
124
124
125
126
128
128
128
129
128
128
129
127
127
127
127
127
126
128
127
127
128
128
128
128
128
127
127
127
126
126
126
126
125
124
124
126
126
126
128
127
127
126
126
127
127
127
127
127
128
128
127
128
127
127
127
128
129
128
128
127
127
128
128
128
129
130
130
131
131
130
130
131
131
130
130
128
128
127
127
127
126
125
125
124
124
127
128
129
130
129
128
128
128
129
129
130
130
129
130
130
132
133
132
132
131
130
131
129
130
131
132
131
131
131
132
131
130
130
129
127
127
127
128
127
127
128
127
128
127
129
129
128
128
128
128
129
128
128
129
132
131
130
130
129
127
128
128
128
128
127
127
127
127
128
129
130
131
130
132
131
131
131
130
131
132
130
128
128
128
128
128
128
127
126
126
126
126
125
124
124
127
128
128
128
128
128
129
129
130
130
129
127
127
127
127
128
129
129
128
129
129
128
127
128
128
129
129
130
130
130
128
128
130
130
130
132
131
131
130
130
130
130
130
130
129
129
130
131
131
128
127
128
127
126
126
127
130
132
131
129
130
130
131
130
129
129
128
129
130
130
129
129
126
125
124
124
124
124
124
124
122
125
127
126
125
124
123
124
125
125
125
125
125
125
125
127
127
128
129
128
128
127
127
127
125
125
124
124
126
126
127
128
130
130
131
131
130
128
126
125
128
124
125
124
124
124
124
123
127
127
125
126
126
125
127
127
127
127
127
128
127
127
128
130
132
133
133
131
131
129
130
131
130
129
129
128
128
129
129
127
125
125
125
124
124
124
124
124
124
124
124
123
123
124
124
124
124
123
122
123
121
122
122
122
122
123
123
122
122
122
122
123
122
123
124
123
120
120
121
120
119
119
119
118
118
118
119
118
119
118
118
121
121
122
122
124
121
120
120
118
118
118
118
117
119
120
121
121
121
121
121
120
120
122
123
119
119
118
118
117
117
120
121
120
120
119
121
120
119
119
118
119
119
118
118
119
119
119
120
120
120
121
122
122
123
123
124
125
123
122
121
122
122
122
121
123
123
122
120
121
121
120
121
121
122
122
123
123
125
123
123
123
123
123
123
126
126
123
123
123
123
124
125
125
124
124
123
123
123
122
122
119
120
118
119
119
119
119
119
120
119
120
121
121
121
122
122
121
121
120
119
119
119
120
120
121
121
121
122
122
122
121
121
121
120
119
118
117
118
119
119
119
117
116
116
117
118
119
120
120
121
120
122
122
121
121
121
120
120
121
120
121
121
122
122
121
122
121
121
121
122
122
121
119
121
121
120
120
121
122
121
122
122
122
121
120
118
119
120
120
121
123
123
122
124
124
124
124
124
126
125
125
123
124
123
124
122
120
119
119
119
118
119
119
119
118
118
118
118
118
119
119
121
122
122
123
124
125
125
124
124
123
122
120
120
120
120
121
121
121
121
120
119
120
121
121
121
122
122
122
123
123
123
122
123
124
124
120
120
120
120
119
119
119
119
117
117
116
116
117
116
117
118
118
118
117
116
116
116
117
117
116
116
117
116
117
118
117
118
119
119
119
118
117
118
118
118
119
119
118
119
118
119
118
119
117
117
117
117
117
116
116
116
117
118
117
117
117
118
118
120
119
118
118
118
116
116
115
116
116
116
115
114
114
116
116
116
115
116
116
115
114
115
115
115
116
117
117
117
118
119
119
119
119
119
114
115
114
115
115
116
116
116
115
114
115
115
115
115
115
115
114
116
116
115
116
116
116
116
115
115
114
115
116
116
117
118
118
117
117
117
118
118
118
117
117
117
117
121
124
125
124
122
122
122
122
121
121
121
121
125
124
124
125
125
123
122
121
121
122
122
124
122
122
123
121
123
122
121
121
121
122
122
121
121
120
121
122
122
122
120
121
121
121
123
121
121
119
119
118
117
118
117
117
117
118
119
120
121
121
122
123
121
122
123
121
120
117
117
117
116
114
114
115
115
115
114
113
114
112
113
114
113
112
112
114
114
115
115
114
113
113
113
113
112
111
111
110
110
110
110
110
111
113
112
112
112
112
112
112
112
113
113
113
113
115
115
116
117
117
116
116
115
115
117
117
116
112
111
112
113
114
113
113
114
112
111
109
109
110
109
109
109
110
109
111
112
112
113
113
112
112
112
114
114
113
113
113
112
112
113
113
114
113
113
113
114
113
114
114
116
114
113
113
112
114
112
113
112
114
113
114
114
113
112
112
112
112
113
115
116
117
117
116
116
114
113
115
114
113
113
111
112
113
113
111
112
111
111
111
111
113
111
111
111
112
111
111
111
111
110
110
110
109
111
111
113
113
113
112
112
111
111
110
110
109
108
108
109
109
109
109
109
109
109
108
109
110
110
110
110
110
110
110
111
110
109
109
109
109
109
108
107
108
108
107
107
108
109
109
109
110
110
110
110
110
112
113
112
111
112
111
111
111
111
111
111
113
113
113
112
112
112
112
112
112
113
113
111
113
115
113
113
112
112
112
112
112
113
114
115
114
114
113
114
114
114
113
114
113
113
114
113
112
112
113
114
115
115
116
115
113
114
116
115
113
112
111
110
109
109
109
109
109
109
108
107
107
107
108
107
107
107
107
107
107
107
106
109
108
108
108
108
107
108
106
105
105
105
105
104
104
104
104
106
105
105
105
105
104
104
105
105
105
104
104
105
104
105
105
106
107
108
109
107
106
105
105
105
105
105
106
106
108
109
110
109
108
108
108
108
107
105
105
105
105
105
106
105
106
107
109
108
108
109
110
109
110
109
111
108
108
108
108
106
105
105
105
105
106
104
104
104
104
104
103
104
104
105
107
108
108
107
106
106
106
106
107
107
106
106
108
108
108
109
110
113
115
114
112
112
112
113
113
112
112
112
112
112
109
108
108
108
109
108
107
107
107
107
106
106
105
106
107
110
110
109
109
109
108
107
106
107
107
105
106
106
105
105
104
104
105
104
104
104
104
104
104
104
104
104
105
103
103
102
102
102
102
102
102
103
103
103
103
104
103
102
102
103
103
104
104
105
104
105
105
105
103
103
103
104
105
105
107
107
106
106
106
105
105
105
105
105
105
106
107
108
107
106
106
105
107
108
108
108
107
106
107
108
106
106
106
106
107
107
106
107
108
109
108
108
108
108
107
108
108
109
109
108
109
107
107
106
107
107
106
107
105
106
106
105
105
105
105
105
104
104
106
105
106
106
107
107
106
102
106
106
106
105
105
104
105
105
106
106
107
109
109
109
107
107
108
108
108
111
109
108
108
108
106
106
106
106
105
105
105
104
105
104
104
105
105
106
107
107
107
106
106
106
106
107
107
106
107
107
107
108
107
106
105
105
103
105
104
104
103
104
104
104
105
105
104
104
104
105
105
105
106
106
107
107
108
108
109
105
107
108
107
105
104
103
103
103
104
105
105
106
107
106
105
105
104
105
105
106
106
106
106
108
109
107
105
105
104
104
104
104
104
104
104
104
103
103
103
103
103
103
103
103
103
103
103
103
104
103
104
103
101
101
100
101
101
102
102
102
102
102
102
102
103
103
103
104
104
104
105
105
105
105
106
106
104
104
104
104
105
106
105
105
105
103
103
103
102
102
102
103
103
104
104
104
104
103
104
104
107
107
108
107
106
106
106
106
105
103
105
105
105
105
106
106
106
107
107
109
109
108
109
109
108
109
108
108
107
107
107
107
107
106
106
105
105
104
103
103
105
105
105
103
103
103
102
102
102
102
102
103
103
103
103
103
104
105
106
105
108
108
107
106
106
107
107
106
107
107
108
107
108
108
107
107
107
106
104
102
103
103
104
104
104
105
104
104
105
106
108
107
107
107
107
107
106
107
107
107
108
108
108
109
110
109
108
109
108
108
109
110
110
110
109
109
110
112
113
112
112
114
112
110
110
110
110
110
110
110
112
110
109
110
109
110
108
106
106
105
105
104
104
103
103
103
104
104
103
104
103
104
107
105
105
106
105
105
105
105
104
104
104
103
104
105
108
108
107
107
107
106
107
106
106
105
105
105
106
105
106
105
105
105
104
103
103
102
102
103
102
102
103
104
103
103
103
103
103
103
103
103
105
106
106
106
104
105
105
103
103
103
104
104
102
102
101
102
102
102
101
101
100
100
100
101
102
103
103
103
103
102
102
102
102
102
102
102
102
102
104
103
101
101
100
100
100
100
100
101
101
100
100
101
101
101
102
104
102
103
103
104
104
103
103
105
105
105
104
104
105
105
105
106
106
106
106
107
107
105
103
103
102
101
101
100
100
99
99
99
99
99
100
100
100
100
101
101
100
100
101
101
101
101
100
101
101
102
102
102
102
103
103
103
103
102
102
102
103
101
102
102
102
102
101
100
101
100
100
100
101
101
101
101
101
101
101
100
100
101
100
100
101
101
101
101
101
101
101
100
100
101
101
99
100
100
101
102
100
101
101
101
104
104
103
103
102
102
100
101
102
103
103
101
102
102
101
102
101
101
102
101
101
103
103
103
105
104
105
105
106
106
105
105
106
107
109
110
109
110
109
109
110
109
107
107
108
102
100
101
101
103
103
102
103
104
105
105
106
107
106
106
107
106
106
106
106
106
105
104
105
105
105
105
104
105
104
104
106
106
107
107
107
107
107
107
107
109
109
108
108
109
108
109
108
108
107
106
105
106
106
106
108
107
106
106
107
107
107
108
108
109
107
108
108
108
107
106
106
104
104
104
103
102
102
101
101
101
101
101
101
101
103
103
103
103
102
103
103
103
101
101
101
101
101
101
100
100
100
100
98
98
98
100
100
101
101
102
102
101
103
102
104
105
105
105
104
104
101
100
101
101
101
101
104
102
102
101
102
102
102
100
99
100
98
98
99
99
99
98
99
100
100
101
101
101
100
99
99
99
99
98
99
100
101
101
100
100
101
102
102
100
102
101
100
100
102
104
103
102
103
102
102
102
102
103
103
103
102
102
102
102
101
102
101
102
101
102
101
101
103
103
103
105
104
104
103
103
103
103
99
98
98
98
97
98
99
100
100
101
100
100
99
99
99
100
100
101
100
101
101
101
102
103
103
101
101
102
102
100
100
101
101
100
100
100
100
101
100
99
97
98
98
98
98
98
100
100
101
101
102
103
103
103
103
103
101
100
101
99
99
99
99
99
100
100
99
99
101
102
100
100
100
98
98
98
98
98
98
97
98
98
99
99
100
99
99
100
100
101
101
101
101
101
101
101
100
99
99
99
98
98
98
98
98
98
98
98
100
100
100
99
99
99
100
101
101
101
101
101
101
99
99
99
98
99
99
99
100
100
100
100
101
100
99
99
99
99
99
100
100
101
101
99
99
100
99
99
98
98
98
97
97
97
98
98
98
97
97
96
97
97
96
97
99
101
100
99
98
98
98
98
98
98
97
96
95
93
93
92
92
92
92
92
92
92
92
93
93
93
93
93
94
94
94
94
94
94
94
94
94
94
94
95
95
95
94
95
95
95
96
96
97
96
95
95
96
96
97
99
97
98
99
100
100
101
101
102
101
100
101
100
100
99
98
98
99
99
99
99
99
100
98
97
97
97
97
97
96
96
96
96
96
94
94
93
92
93
92
93
93
95
95
94
94
94
94
94
95
95
95
96
97
97
96
93
95
96
98
98
98
99
99
98
98
99
98
98
101
100
101
99
98
97
97
97
100
100
100
101
100
102
102
102
102
102
103
103
102
101
99
99
99
99
99
100
100
101
102
101
100
99
99
98
98
99
99
98
98
98
98
97
96
96
97
95
96
96
96
96
96
95
94
94
94
96
97
98
97
97
97
98
98
99
96
96
96
96
96
96
95
96
96
97
97
98
98
98
99
99
100
99
100
99
99
99
99
99
99
100
98
100
101
100
97
97
96
97
97
97
97
96
96
96
95
97
96
96
94
93
94
96
96
96
95
96
96
96
96
96
96
96
96
96
96
98
97
97
97
97
96
96
96
95
95
95
94
93
93
93
96
96
96
97
98
98
98
99
98
98
98
97
96
96
95
95
95
94
95
95
95
94
93
93
94
93
93
94
94
94
95
94
94
94
94
95
95
95
94
94
94
93
94
94
95
94
94
93
93
92
91
91
92
92
94
93
94
95
95
95
95
95
95
95
95
92
91
91
91
91
92
92
92
92
92
91
91
91
90
91
91
95
95
95
93
93
94
95
95
96
96
96
96
97
96
97
95
95
96
94
94
95
94
94
95
95
95
93
93
91
91
89
89
92
91
91
90
90
89
89
89
89
89
89
89
89
89
88
89
90
89
89
90
91
91
90
91
92
92
93
94
95
95
95
95
95
94
94
95
97
97
96
96
92
92
91
91
91
91
91
90
90
90
90
91
92
91
92
91
91
91
93
94
95
95
93
93
94
94
94
95
95
94
94
94
94
95
94
94
94
95
98
99
102
103
101
101
100
100
100
100
100
100
98
97
98
98
97
97
95
92
91
91
92
92
92
93
93
92
92
92
91
90
89
89
89
89
89
89
89
89
89
90
90
91
89
89
89
89
88
88
88
87
