0.0008975862068965518 0.0008293103448275862
300
297
292
289
283
275
272
268
266
263
257
255
249
242
242
241
241
244
238
238
234
233
231
231
231
231
228
227
223
221
221
219
218
219
219
218
217
216
214
214
211
211
211
211
212
210
212
212
212
210
209
208
212
212
212
213
212
213
215
214
211
211
209
209
209
212
212
210
210
209
211
212
211
212
211
210
210
207
206
207
205
205
205
205
204
204
205
206
210
210
212
211
208
205
205
205
206
205
204
203
204
206
202
202
201
201
201
201
200
200
199
200
198
197
198
199
198
198
196
197
197
198
200
201
200
202
201
200
200
199
200
199
200
202
204
204
202
203
202
201
200
201
200
201
199
197
199
198
197
198
196
198
199
199
197
199
200
203
202
200
200
199
198
200
200
200
201
200
199
199
200
199
200
201
199
200
200
199
200
202
200
200
202
200
200
200
199
201
201
201
199
199
200
200
201
201
201
201
200
202
202
200
200
200
201
198
200
197
198
198
199
198
199
198
198
199
197
195
193
196
198
197
198
198
199
199
201
199
199
200
198
196
193
194
192
190
190
189
187
186
186
185
185
186
186
185
186
186
186
187
188
189
189
190
189
189
188
189
188
188
188
189
191
191
192
191
190
188
188
186
184
185
186
184
183
183
183
183
184
185
186
187
186
188
187
187
186
186
185
185
184
185
185
187
186
187
187
188
188
189
189
188
188
188
188
187
188
189
188
187
189
189
189
190
190
190
189
187
187
190
190
190
192
193
191
189
192
190
189
188
188
188
189
190
187
189
188
187
185
186
186
186
189
189
188
188
189
190
189
187
186
186
185
184
183
183
183
183
183
183
184
185
184
183
182
181
181
181
181
181
180
180
179
180
180
178
176
176
177
175
174
173
172
172
171
171
171
172
174
174
174
175
175
175
175
177
178
176
176
177
178
177
177
177
178
178
179
179
178
179
179
178
178
178
178
176
175
175
177
177
177
177
176
173
174
174
175
178
179
181
179
179
178
179
179
179
179
179
179
178
181
181
182
182
184
181
181
181
182
181
179
181
182
184
185
183
184
181
179
179
180
179
179
176
176
174
174
175
174
174
174
174
175
172
173
174
173
174
173
173
172
171
172
172
172
172
174
174
174
173
170
173
174
174
175
175
175
176
175
176
177
176
176
177
175
175
174
171
171
171
169
169
170
171
172
173
175
177
174
175
176
176
176
174
174
174
174
174
175
175
176
176
178
178
176
176
176
175
173
173
173
174
174
174
173
174
173
174
176
175
173
174
173
173
174
176
176
176
176
176
176
178
178
177
177
177
179
178
177
176
175
174
176
174
174
172
172
173
174
173
174
174
175
174
173
172
173
170
172
172
172
170
170
171
173
172
170
168
169
169
171
172
170
169
171
171
171
172
174
175
175
174
171
171
171
169
168
168
168
169
168
168
167
166
166
168
166
166
167
165
165
163
163
165
165
165
165
166
170
169
169
169
170
170
171
170
170
168
167
168
169
170
171
171
170
170
170
170
169
168
169
165
164
166
167
167
168
169
166
163
164
164
164
165
166
165
165
167
168
170
170
167
165
166
164
165
167
167
169
169
171
169
171
173
175
173
171
171
171
169
169
167
167
167
167
167
168
167
166
167
168
167
168
169
168
168
167
167
167
168
168
169
168
168
167
165
165
165
167
170
170
170
170
171
170
171
170
172
170
171
171
171
171
170
168
168
168
166
167
169
171
170
171
171
169
168
169
170
168
167
168
169
168
171
171
171
170
172
174
174
174
174
170
169
168
166
166
166
166
165
166
165
165
166
167
166
167
167
167
168
167
166
165
166
168
169
170
170
170
166
166
166
167
166
164
165
166
167
166
165
165
164
163
163
164
165
165
164
161
161
160
160
160
161
164
163
164
162
162
163
164
163
164
163
163
163
163
163
163
162
162
164
163
164
167
166
166
166
167
168
166
167
168
165
166
166
166
167
166
166
168
168
168
168
167
167
167
166
166
167
168
166
165
166
165
166
168
168
167
165
166
166
166
167
166
167
167
167
168
166
166
166
166
164
163
163
163
163
162
162
162
161
160
159
159
159
159
161
162
160
160
158
158
159
160
161
164
164
166
166
167
166
164
164
162
163
163
163
164
164
165
165
164
162
162
162
162
162
160
161
160
161
163
162
164
166
165
165
163
162
161
162
161
163
165
165
164
163
162
161
160
159
159
159
159
160
160
161
159
159
157
157
157
158
159
159
159
157
156
156
156
155
156
156
156
158
159
158
157
157
157
158
160
159
158
159
158
160
160
161
161
160
160
161
161
161
160
161
159
158
159
160
161
159
154
153
155
155
154
156
156
154
153
155
155
154
154
155
153
154
156
156
154
154
155
154
153
153
152
156
155
155
155
156
155
156
157
156
157
159
158
157
158
158
159
159
160
160
162
162
160
157
155
156
155
155
154
154
155
155
154
156
158
157
156
157
157
157
156
156
155
155
155
156
157
157
158
158
158
156
157
158
156
157
158
158
158
159
161
160
158
158
159
161
161
159
159
159
156
155
156
156
158
159
159
158
157
156
157
157
158
157
159
159
161
161
160
160
159
161
159
160
161
161
161
162
163
163
165
161
160
160
160
160
158
158
159
160
161
161
160
159
158
156
157
156
157
158
158
158
157
157
157
157
158
160
160
162
163
161
162
161
162
161
162
163
163
161
161
161
160
159
160
159
158
159
159
160
160
161
161
161
159
160
160
160
159
160
158
154
154
155
156
155
156
154
153
151
151
151
151
151
150
150
149
149
149
149
149
150
149
151
152
149
148
148
148
148
148
148
148
149
151
151
151
152
152
153
153
152
152
152
152
151
151
152
153
153
153
154
153
154
154
154
154
153
153
153
152
151
150
148
149
149
150
152
152
152
153
152
153
152
152
152
153
152
152
152
153
153
154
154
152
154
155
156
154
153
151
154
152
151
150
150
150
150
150
150
149
148
148
149
148
149
148
148
148
148
149
149
151
154
151
151
150
150
147
147
148
148
148
149
149
151
151
153
154
156
158
156
155
156
156
157
155
154
151
151
152
150
150
152
152
150
152
149
150
151
152
151
151
148
148
150
151
151
150
150
148
148
147
147
147
146
146
146
146
148
147
148
150
151
151
152
151
149
150
151
153
152
152
153
151
150
149
149
148
147
147
147
147
146
148
148
147
146
147
146
147
149
148
147
147
146
143
142
145
147
148
146
145
145
145
149
150
149
149
148
149
150
152
154
152
153
153
153
154
153
150
148
146
145
145
145
146
144
144
144
144
145
143
144
145
145
146
147
149
149
149
147
144
142
142
142
139
139
141
140
140
141
140
139
141
141
141
142
141
141
142
142
140
138
136
135
135
137
136
136
134
133
134
134
134
135
135
135
135
134
133
134
133
132
132
131
131
132
132
132
132
132
133
134
132
134
134
134
133
133
133
134
134
135
135
136
135
136
137
137
139
138
138
137
137
137
135
136
136
136
138
140
141
140
140
141
142
143
143
143
140
139
139
139
141
142
142
142
143
142
143
142
141
140
140
141
142
143
143
142
144
146
147
147
147
146
146
146
143
143
144
144
144
144
143
142
140
141
141
141
143
143
143
143
143
143
143
143
143
142
142
142
143
143
141
141
142
141
140
140
140
140
140
140
139
140
139
140
140
140
141
141
143
141
142
142
142
142
143
142
141
141
141
140
139
139
140
141
140
140
141
142
143
143
143
145
147
146
146
146
146
148
148
147
147
148
148
148
147
148
148
147
146
148
147
148
149
148
148
148
147
146
146
145
145
144
145
146
145
146
146
146
145
145
145
146
145
145
142
141
140
137
138
139
139
140
142
142
144
145
144
143
143
143
140
143
142
142
142
143
142
141
142
141
141
140
141
141
138
136
137
138
138
139
139
139
140
141
140
139
142
143
142
142
143
143
141
142
140
140
139
139
139
141
141
140
140
140
141
141
141
141
140
137
137
137
137
139
138
139
140
141
140
140
140
140
140
140
143
143
143
145
145
144
142
141
140
139
139
140
142
142
142
142
141
141
141
142
142
143
142
140
141
140
140
141
140
141
141
141
142
141
143
142
141
137
137
137
137
139
139
139
139
139
140
142
143
144
145
145
142
139
139
139
137
136
136
136
135
134
134
134
134
133
134
133
133
132
132
130
130
130
131
132
133
134
134
134
134
134
134
135
134
135
134
134
134
134
134
134
136
137
136
137
137
139
138
140
141
142
142
142
142
142
139
139
136
136
136
136
135
136
135
133
134
133
132
132
133
135
135
136
137
135
133
130
129
128
130
129
129
128
129
129
129
130
131
131
131
131
130
132
131
131
130
130
131
133
134
135
135
135
136
135
135
136
136
136
137
137
137
137
138
140
140
140
139
138
136
134
131
132
133
132
133
133
135
133
135
137
137
136
136
136
136
136
137
137
136
135
137
137
138
139
139
139
141
141
140
140
138
138
138
139
136
134
136
137
136
138
139
140
142
140
142
143
143
142
139
139
139
139
139
138
136
136
134
134
136
136
136
136
138
137
137
136
137
137
138
138
136
136
135
134
135
136
134
136
136
137
136
134
133
131
133
133
133
135
136
136
136
136
136
136
136
135
136
135
134
134
134
133
134
136
136
136
136
137
135
134
133
131
131
131
133
135
136
137
136
136
133
133
133
133
134
134
134
135
134
134
136
135
135
135
135
135
135
137
136
136
138
140
139
140
141
141
141
142
142
142
141
139
139
137
137
137
135
136
135
134
135
135
134
134
136
132
132
131
131
132
130
130
130
130
129
129
129
128
128
129
129
129
128
128
129
129
128
128
128
128
128
128
129
129
130
130
130
130
130
132
132
133
133
134
133
133
133
132
129
129
130
130
130
130
131
131
131
131
132
132
131
131
129
128
128
128
128
128
128
127
127
127
127
126
125
126
124
124
124
124
125
127
127
127
127
127
126
125
125
126
126
126
128
128
128
128
127
127
126
124
124
123
123
126
127
130
130
130
129
129
130
131
131
129
130
127
127
127
128
130
131
132
132
132
132
132
133
133
133
131
129
128
128
128
129
130
129
128
128
126
126
126
124
124
125
126
125
126
128
126
127
128
127
124
124
122
121
121
121
121
121
122
125
127
127
127
126
126
126
124
124
124
125
125
125
126
126
127
129
130
130
130
130
132
132
133
135
134
132
132
132
132
132
132
132
132
132
130
129
130
131
132
132
132
133
132
131
131
131
131
131
130
131
130
128
129
127
128
128
128
127
127
126
126
126
126
126
128
129
130
129
129
129
128
125
125
126
126
126
127
127
126
126
126
124
125
127
127
127
128
128
127
127
126
127
127
128
129
127
127
127
127
126
126
128
128
130
132
131
129
127
127
128
127
127
123
124
123
125
127
128
127
126
126
128
126
125
126
127
126
128
130
129
129
129
128
128
128
127
128
129
127
125
125
125
125
126
127
129
128
128
128
128
127
127
130
129
128
126
127
124
124
124
124
124
125
124
125
126
126
127
127
128
130
129
129
130
130
131
131
131
131
132
133
130
132
131
130
128
127
127
126
126
126
124
124
125
126
126
125
126
127
127
127
128
127
127
126
125
128
126
126
126
126
126
129
127
130
130
130
129
129
130
130
131
131
130
129
130
130
127
127
128
128
128
128
128
128
127
127
129
129
128
131
128
127
127
127
128
129
132
131
131
131
129
129
129
128
127
127
128
128
128
127
126
126
125
123
123
122
122
122
122
123
124
124
124
123
124
124
125
125
125
125
125
124
124
124
124
124
123
122
122
122
122
123
124
126
125
124
125
125
126
125
124
124
125
125
126
125
126
126
126
125
124
124
123
123
123
122
123
123
123
124
124
125
124
128
129
128
126
127
128
128
129
129
129
128
128
127
127
125
125
124
122
122
121
122
124
125
125
124
123
122
123
124
123
122
122
122
124
124
124
123
121
120
121
121
121
121
125
123
122
124
124
126
125
126
125
125
124
124
125
123
124
124
124
124
125
124
122
121
121
121
121
119
117
118
118
119
119
117
118
118
118
118
118
118
117
117
117
119
119
118
118
119
118
118
117
117
118
119
119
119
119
118
118
120
119
120
118
118
118
120
119
119
119
119
119
119
120
121
121
120
121
120
122
121
120
118
118
117
117
118
117
118
118
118
117
116
117
114
114
116
115
115
114
114
115
115
115
115
115
115
115
115
117
117
117
117
117
117
118
118
118
119
122
122
122
122
120
118
117
117
117
119
119
119
116
115
115
113
113
114
114
115
116
116
116
117
117
116
116
117
117
116
116
116
118
118
118
118
117
116
116
117
115
117
116
115
113
114
114
113
113
113
114
114
114
115
115
116
116
116
116
117
118
119
118
117
116
115
115
115
116
116
119
119
120
120
122
121
120
119
120
122
122
122
121
121
119
118
118
117
120
121
119
117
116
118
119
122
122
122
122
120
120
119
119
119
119
118
118
119
119
120
119
117
116
116
117
117
116
116
116
115
114
114
114
116
117
116
116
113
112
112
113
113
114
113
113
112
112
113
114
115
115
115
116
115
115
114
113
114
114
115
116
117
116
116
115
115
117
118
118
116
116
117
116
116
114
114
114
115
113
113
113
113
112
112
113
112
113
113
114
114
113
112
112
112
114
112
112
113
114
113
113
113
113
113
112
112
111
111
111
112
114
115
115
115
116
115
115
114
113
114
114
113
113
114
114
113
112
111
110
111
111
109
109
109
108
109
109
109
109
110
110
110
110
111
112
111
111
109
109
109
108
109
110
110
110
109
109
109
111
111
111
111
112
111
111
111
112
112
110
110
111
111
112
112
111
111
111
112
111
112
111
112
111
111
111
111
110
109
111
110
112
112
113
114
114
116
115
116
117
116
116
116
116
116
116
117
117
117
118
118
119
118
116
116
114
114
114
114
114
114
114
113
112
111
112
113
114
114
116
116
116
117
116
115
117
119
119
121
120
119
118
119
117
119
117
117
117
115
114
114
114
113
113
113
114
113
113
113
114
115
114
114
114
115
116
114
114
115
115
115
115
115
117
116
116
114
116
117
117
116
115
115
116
116
115
113
113
112
111
112
112
113
113
113
113
113
113
113
114
113
113
112
112
113
113
113
114
114
112
112
112
112
111
112
112
111
111
110
111
110
110
110
109
109
108
108
109
109
109
109
111
109
109
108
109
109
111
110
110
108
108
108
109
110
110
110
110
110
111
110
110
110
111
110
109
108
108
109
108
108
107
107
107
107
107
108
110
109
109
110
111
113
112
111
111
110
110
111
110
110
110
111
111
111
110
110
113
113
113
113
112
112
111
111
110
111
112
114
114
114
112
111
111
111
111
110
111
111
111
113
113
114
115
115
116
116
117
117
117
117
117
117
115
115
113
113
115
115
117
116
117
114
113
113
112
112
113
113
113
113
111
111
109
109
108
109
108
108
108
109
110
110
109
110
111
111
114
114
111
111
111
111
112
112
113
112
112
114
113
114
112
112
112
111
113
114
113
111
113
112
112
112
112
113
113
113
114
115
115
115
116
115
115
117
117
118
119
117
117
120
120
120
121
120
120
120
120
120
119
119
118
117
119
119
119
119
119
117
117
117
118
119
119
117
116
116
117
118
116
114
114
112
111
111
110
111
111
110
110
110
109
111
112
114
115
114
113
114
114
117
117
116
116
115
116
116
117
115
115
114
113
113
113
113
113
113
112
111
113
114
113
113
113
112
111
111
111
112
113
112
113
114
113
112
111
109
109
110
112
112
112
112
112
112
111
111
110
110
110
110
110
110
110
111
112
112
113
113
114
115
116
115
116
119
120
119
117
116
117
117
115
114
114
112
114
113
114
114
114
113
113
112
114
115
115
114
111
111
111
110
111
111
112
112
110
111
111
112
112
112
112
114
114
115
115
114
113
113
113
115
116
116
116
115
113
113
113
115
115
115
114
114
114
115
117
118
118
117
114
113
113
112
112
112
112
112
111
111
115
115
115
115
116
117
119
119
118
118
117
117
115
115
118
118
117
116
117
116
116
114
113
113
114
114
113
113
116
117
116
116
116
118
118
118
119
120
119
119
119
118
118
117
117
116
116
116
116
116
116
116
116
116
117
117
117
119
121
122
121
122
122
121
124
124
124
121
122
123
123
122
121
120
118
119
117
117
118
118
117
117
118
118
119
120
117
116
115
114
112
112
114
114
115
113
113
113
113
113
113
113
113
114
116
115
114
115
114
114
113
113
113
114
114
114
114
114
114
115
115
116
117
117
117
117
117
119
118
117
118
118
116
117
116
117
116
117
118
117
116
117
117
117
119
118
118
119
119
120
119
119
119
116
118
118
118
118
116
116
115
114
113
112
109
109
109
110
109
109
109
107
106
107
107
107
107
108
109
109
109
109
109
109
109
109
110
111
112
111
111
111
110
111
112
112
112
112
112
114
112
113
115
116
115
115
115
115
115
115
113
113
113
114
114
115
114
114
114
115
115
116
116
115
113
115
115
116
115
117
118
117
116
115
114
114
115
117
118
118
117
116
114
115
115
116
115
115
115
114
113
114
113
113
114
113
113
113
111
111
111
112
114
115
115
114
113
113
114
114
115
115
114
115
113
112
111
110
111
110
111
112
113
114
113
114
113
112
113
113
114
114
115
114
115
116
118
120
121
121
121
119
118
116
116
117
117
118
117
117
117
118
118
116
116
117
116
116
117
116
115
114
114
114
115
117
118
118
118
120
120
118
118
117
117
117
117
118
117
116
115
114
114
114
114
113
111
111
110
111
114
114
114
116
116
115
115
116
115
113
112
110
110
110
113
112
113
112
111
113
113
111
112
112
110
109
108
108
109
108
107
108
106
107
107
107
107
107
107
106
107
106
106
106
105
108
107
107
110
109
110
108
109
111
111
112
112
113
112
112
111
111
111
110
109
109
109
107
107
106
106
106
106
106
106
106
105
105
105
105
105
104
104
104
102
101
102
102
102
102
103
104
104
104
103
103
100
101
99
100
99
99
100
101
101
101
100
101
102
104
104
103
103
103
103
104
105
107
106
104
105
104
104
104
104
104
104
103
103
106
106
106
108
108
110
110
110
110
110
109
109
109
107
107
106
106
107
104
105
104
103
102
103
103
104
105
105
106
106
105
105
104
104
105
107
107
107
108
108
108
108
108
107
107
107
106
106
108
111
109
109
108
109
107
106
105
105
106
106
106
106
105
106
107
107
107
107
107
106
107
108
108
104
103
104
104
104
104
104
105
105
104
104
103
102
102
101
102
102
102
104
104
104
105
104
104
104
104
104
104
105
103
103
104
104
102
102
103
103
105
103
100
100
100
100
100
100
100
100
101
101
101
101
101
101
103
102
103
103
105
104
105
104
105
105
105
106
105
106
104
105
106
106
107
107
107
107
108
106
107
107
108
109
108
108
107
105
105
105
105
105
107
106
107
106
107
108
107
106
106
106
106
106
105
105
105
104
105
105
105
105
109
110
110
108
107
106
106
107
105
106
107
106
106
106
106
104
104
104
104
104
104
103
104
103
104
105
106
106
105
105
106
106
108
108
108
108
108
107
107
109
110
112
113
111
110
110
109
108
108
107
109
109
108
107
107
107
105
106
106
106
107
106
108
108
108
110
111
110
110
112
112
112
111
111
111
109
110
109
109
109
111
111
111
110
110
109
110
108
108
109
108
108
109
110
110
109
108
108
108
108
108
108
107
107
108
108
111
111
112
111
113
113
112
112
112
112
112
111
111
110
109
109
109
108
107
106
107
107
106
107
107
107
108
108
109
108
107
107
106
104
104
104
105
104
104
103
105
104
105
106
105
105
106
104
104
105
106
107
107
106
108
107
107
107
107
106
107
107
107
105
104
104
104
104
106
105
105
105
104
104
103
103
104
104
104
103
104
104
104
104
104
103
103
103
104
105
105
106
106
106
106
105
106
106
104
104
104
104
103
103
103
103
104
104
103
104
103
103
102
101
101
100
100
99
100
101
101
103
102
101
102
102
103
102
103
103
104
107
105
105
106
104
104
105
105
105
104
103
102
101
100
100
101
101
100
100
100
100
99
98
97
97
98
97
97
96
96
96
96
96
96
97
97
97
98
101
100
99
98
98
98
97
96
96
96
96
98
97
98
98
98
98
98
98
97
97
97
98
97
99
99
98
98
97
96
95
95
95
95
95
95
95
95
95
96
95
95
95
95
95
97
97
97
97
98
98
98
97
97
97
97
97
97
97
96
97
97
98
98
98
99
99
99
99
99
99
100
101
100
100
100
100
100
100
100
99
99
100
100
100
100
102
102
102
101
102
101
101
101
101
101
100
100
99
99
99
99
98
99
101
101
101
101
101
102
102
101
101
101
102
102
104
103
103
104
104
103
102
102
101
102
103
100
100
100
101
101
101
101
101
101
101
101
102
102
103
103
103
102
104
104
103
103
103
103
103
102
100
100
100
100
100
98
98
98
99
97
97
96
97
96
97
97
97
97
96
95
95
97
96
96
98
98
98
99
99
99
100
101
101
100
99
99
99
99
101
102
105
106
104
104
104
105
104
102
102
102
102
102
102
103
103
103
103
103
103
102
103
103
103
103
103
104
104
105
104
104
103
103
104
102
102
102
102
102
102
102
101
100
100
100
100
100
100
99
99
99
99
99
99
99
99
99
98
98
97
98
99
98
100
100
100
100
98
98
98
97
96
99
98
98
98
98
98
99
99
98
98
97
99
99
99
100
100
102
104
105
103
103
104
104
104
103
104
104
103
103
102
101
100
98
97
98
98
98
98
99
99
99
101
103
103
103
103
101
101
101
101
100
102
103
105
105
105
106
106
106
104
105
104
103
103
101
102
102
102
102
101
101
102
103
103
102
101
102
103
103
103
103
103
103
105
107
107
107
106
105
103
104
106
106
104
104
104
104
102
100
101
101
101
101
101
101
102
101
101
101
102
102
101
100
102
102
102
101
101
101
101
103
105
106
107
107
108
107
109
108
106
105
105
102
102
100
100
100
101
101
102
104
105
105
105
104
105
104
104
104
104
104
104
103
102
101
101
101
101
101
101
100
99
100
98
98
98
98
98
97
97
98
98
97
96
96
96
96
96
98
99
98
99
99
100
98
98
98
97
97
98
99
99
100
100
100
99
99
99
99
100
100
101
100
101
100
101
101
101
100
100
101
101
100
99
100
99
98
98
98
98
99
99
98
98
96
96
97
97
97
97
96
97
96
95
96
96
97
98
98
96
95
96
96
96
96
96
96
95
95
95
95
95
95
95
96
98
97
98
97
97
97
97
98
97
98
98
98
98
97
97
97
97
98
98
98
98
98
98
99
99
99
99
98
99
99
99
100
100
101
