0.000863448275862069 0.0006586206896551723
300
297
285
280
279
276
272
270
267
263
259
259
255
257
254
250
249
248
248
248
245
244
243
240
241
238
237
239
239
240
240
241
238
239
239
238
239
240
238
233
231
230
228
228
226
226
226
227
227
224
224
224
224
223
221
221
222
223
222
222
220
221
219
221
222
223
221
222
223
226
225
225
224
224
222
223
222
223
226
227
224
223
223
223
221
223
220
219
217
218
220
221
220
218
220
217
215
214
214
214
216
216
217
216
218
216
214
215
215
215
213
213
215
215
214
214
215
216
216
213
211
211
212
210
210
212
213
213
213
211
211
211
211
211
208
209
209
211
211
211
210
210
210
210
210
211
211
210
212
214
212
212
211
212
212
212
213
211
212
209
211
209
208
208
207
205
204
203
203
204
202
202
205
206
206
206
203
203
204
205
205
205
206
205
205
204
203
203
201
203
205
208
206
206
206
206
208
208
204
206
206
207
208
208
210
211
210
209
208
209
210
211
205
204
204
205
207
207
207
207
206
206
207
205
202
205
207
208
208
208
207
205
205
204
204
205
204
204
203
203
204
202
202
202
204
203
205
205
205
206
205
206
206
206
207
207
204
205
205
204
204
204
205
205
207
207
210
210
211
212
212
211
211
211
210
210
209
208
208
208
210
210
208
211
209
209
208
207
206
206
207
207
208
210
207
207
206
208
208
208
207
208
206
206
206
205
205
206
206
207
209
212
210
208
208
208
207
209
207
208
208
206
206
205
205
204
205
203
203
203
202
202
202
200
199
200
200
199
203
203
205
202
202
203
204
204
202
203
204
204
203
201
202
203
202
204
204
204
204
203
203
203
201
201
202
202
201
203
203
205
205
204
204
206
207
207
205
202
204
204
204
204
204
204
205
207
206
208
208
212
213
212
212
212
210
211
210
208
206
206
206
208
206
206
206
207
204
205
206
207
205
207
208
205
205
205
203
205
204
205
203
204
204
204
204
204
204
205
204
204
207
207
208
208
208
205
204
203
204
206
203
204
204
202
201
203
204
204
203
200
200
201
201
201
201
201
199
198
199
198
200
199
199
195
194
194
195
195
197
197
197
194
193
195
196
196
198
198
198
195
197
197
195
194
193
192
193
194
194
194
193
194
194
193
193
190
191
190
191
190
192
193
191
191
191
189
191
192
190
190
191
191
191
190
191
194
194
193
194
195
194
194
193
196
194
195
194
193
191
191
190
189
190
191
193
193
193
193
194
196
196
196
195
195
195
195
195
193
191
191
191
191
189
189
189
188
188
188
188
189
192
191
190
191
191
191
191
191
192
192
192
191
193
192
192
191
188
188
188
187
187
185
183
183
184
185
186
188
187
187
187
189
188
189
188
188
188
186
185
185
187
186
185
188
187
185
186
184
188
189
188
188
188
191
190
189
188
189
190
191
191
189
189
186
186
185
185
188
188
189
188
189
189
188
190
188
187
187
188
188
185
184
184
184
187
186
188
189
190
188
189
191
191
192
191
192
191
192
190
189
191
190
190
190
190
191
190
189
190
190
191
192
192
191
191
193
193
194
194
191
191
190
190
188
189
188
189
188
188
187
187
185
184
187
187
186
187
185
185
186
184
183
184
185
183
184
185
186
186
187
188
186
186
186
186
186
186
188
187
187
187
187
185
186
185
185
185
184
185
185
185
184
183
182
182
182
182
183
183
184
183
183
182
182
182
184
183
183
183
182
181
181
180
180
180
182
183
184
184
183
183
185
185
185
186
187
190
190
190
190
190
189
190
189
188
186
187
188
187
186
186
187
187
189
189
187
184
184
184
183
185
186
184
183
184
184
185
184
185
184
184
187
185
184
183
183
181
182
186
186
187
184
186
187
188
189
188
185
184
183
183
183
185
186
185
183
182
182
181
180
180
179
179
180
182
183
184
184
183
185
185
185
185
186
186
185
186
187
185
184
182
182
182
183
183
183
184
184
185
186
186
186
186
187
187
185
185
185
184
184
186
185
184
185
189
188
186
187
188
188
187
187
187
187
189
190
189
189
188
184
185
186
184
183
185
185
186
190
190
188
187
186
186
187
186
186
187
185
186
186
188
188
188
187
187
187
188
187
188
190
189
187
187
188
186
186
187
187
187
187
186
184
185
187
185
187
186
186
186
187
187
186
185
184
184
186
185
186
186
187
188
189
190
189
192
191
191
192
192
196
194
194
193
195
196
195
196
199
199
200
198
198
198
196
199
200
201
201
201
201
203
200
202
201
201
199
199
199
199
198
199
196
197
195
195
195
194
194
194
196
199
199
195
193
196
197
196
195
197
198
197
201
200
201
201
199
200
199
199
199
200
200
198
199
199
199
199
200
200
198
200
201
201
202
203
203
200
197
198
198
198
197
196
195
194
192
189
190
189
191
190
191
190
192
194
194
197
199
198
200
198
197
194
197
198
196
192
194
193
194
194
194
195
195
194
193
194
195
196
197
198
196
198
197
197
195
193
192
192
189
189
188
187
184
184
184
186
186
186
187
185
186
186
185
183
182
182
182
184
186
185
185
186
186
187
188
189
190
189
188
188
188
188
185
186
186
186
184
184
184
184
183
183
183
183
183
184
183
183
183
183
183
183
181
181
182
182
183
183
183
185
184
183
183
182
182
181
180
179
179
180
180
179
179
181
182
182
182
182
182
182
181
182
181
180
183
184
184
187
188
186
188
187
186
186
185
185
185
187
186
186
185
184
182
181
181
182
182
181
184
185
186
183
184
185
188
187
190
190
190
189
191
188
187
187
187
185
186
186
184
183
183
182
183
182
183
185
182
185
184
186
187
185
185
183
183
183
183
184
185
186
186
187
183
185
184
183
182
181
181
179
179
181
183
183
182
183
185
186
184
184
182
182
181
181
181
181
180
180
180
181
180
180
179
181
185
184
184
184
182
183
183
182
185
187
188
188
187
187
185
185
182
181
180
181
180
178
177
177
177
178
176
175
175
174
174
173
173
171
170
170
170
170
170
170
170
172
171
171
172
172
173
172
172
172
170
170
170
171
169
170
170
172
172
171
171
171
170
173
173
174
172
170
170
172
173
176
176
176
177
178
176
175
172
172
172
173
171
172
173
173
173
174
174
173
173
173
172
171
172
173
174
173
173
173
172
171
171
171
169
169
170
169
166
167
169
169
168
167
167
168
168
168
168
169
169
169
171
173
173
174
174
173
172
170
170
173
173
173
170
170
170
171
173
172
172
173
174
172
171
169
171
171
170
171
171
171
170
170
168
168
168
167
167
167
166
166
167
168
168
169
169
168
167
167
167
170
171
171
171
169
168
166
167
167
168
168
168
168
168
168
168
168
167
166
168
169
167
166
166
166
167
167
167
167
167
166
166
168
169
169
168
168
166
167
167
170
169
168
168
167
168
168
168
166
169
172
172
172
171
171
170
170
170
172
171
171
170
170
171
174
173
171
171
171
171
171
171
172
172
171
169
170
170
170
170
170
169
168
168
168
168
169
168
166
166
166
166
168
168
168
169
168
169
169
168
167
168
168
168
169
168
167
166
168
169
170
169
168
168
169
170
172
172
171
170
169
167
167
166
166
166
167
167
167
168
167
167
167
168
167
168
169
170
171
170
170
170
168
168
166
166
166
167
167
167
167
168
167
169
172
172
171
171
169
168
168
167
168
169
168
168
169
167
171
169
170
171
174
173
172
172
173
174
174
172
169
166
167
165
163
162
163
163
164
165
166
165
166
168
168
168
168
169
168
166
165
165
164
164
163
163
161
160
161
161
164
164
164
163
164
163
163
164
162
162
163
167
167
167
168
167
166
166
165
161
159
158
159
159
159
160
160
161
162
163
162
162
163
163
163
164
162
161
160
160
159
159
158
158
158
156
156
155
154
155
155
155
156
160
159
159
159
159
158
157
157
156
157
158
158
160
159
158
158
157
158
159
159
158
159
157
158
158
158
160
161
162
162
161
161
161
160
160
161
161
161
161
163
161
159
161
159
160
160
159
161
161
159
159
161
163
163
163
161
160
161
161
162
162
163
162
162
163
165
166
164
164
163
161
162
163
163
163
162
164
165
164
164
166
164
162
162
161
161
164
164
163
164
164
165
164
164
166
166
168
167
168
165
164
161
161
161
162
161
160
160
159
159
160
162
165
162
162
162
160
161
164
164
166
164
164
165
167
166
164
162
164
163
163
163
162
161
162
162
163
162
162
163
163
165
165
164
163
163
164
163
163
163
162
164
163
164
164
164
165
164
165
164
162
163
162
162
160
161
164
163
161
161
162
160
161
162
162
161
161
158
159
159
160
162
163
162
160
159
160
160
160
159
158
158
159
156
157
157
156
156
158
156
157
158
157
157
160
159
158
158
160
160
159
160
161
162
161
158
158
157
158
159
159
159
159
159
161
161
163
162
162
164
164
163
163
162
161
161
160
160
159
161
158
158
158
158
158
159
158
160
161
160
160
160
163
163
161
162
161
162
162
162
162
162
164
164
165
164
162
162
161
163
163
162
161
162
160
159
159
158
158
157
158
157
157
157
157
155
155
155
156
156
156
156
157
156
156
155
155
156
157
158
158
159
158
159
159
159
158
158
159
158
159
160
160
161
161
162
163
162
162
163
165
166
166
166
165
165
165
164
163
164
162
161
158
158
159
157
156
157
156
157
158
160
159
159
160
160
160
161
161
160
160
159
159
157
158
159
157
158
160
160
158
159
158
158
160
160
161
161
161
161
161
160
160
160
160
160
159
159
161
159
159
159
160
158
157
157
159
161
161
159
158
158
158
158
158
160
160
157
156
155
156
156
156
158
158
156
154
155
155
155
156
153
154
154
156
158
155
155
155
153
151
151
151
151
152
153
153
155
156
154
156
156
156
154
154
154
156
156
158
157
156
156
156
156
156
155
156
155
155
155
156
157
159
160
160
157
158
158
159
159
158
157
156
157
155
155
155
155
154
154
154
154
154
152
152
152
151
152
154
155
155
155
157
157
156
157
157
157
160
160
160
161
162
163
163
157
156
155
154
154
151
151
151
152
153
152
151
151
149
149
150
151
152
153
151
151
151
150
151
152
153
152
153
152
152
152
153
151
152
154
152
151
152
151
152
152
151
152
156
156
157
158
157
157
158
157
158
158
158
158
158
157
157
157
157
157
157
157
156
155
154
155
155
153
153
153
154
153
154
154
155
154
153
153
153
152
154
153
152
153
155
156
153
152
151
152
152
152
148
149
149
150
150
151
150
150
150
150
150
151
150
150
150
150
152
152
153
154
154
153
154
154
152
152
152
153
151
151
150
150
150
151
152
151
151
152
152
151
152
153
152
151
153
151
152
153
151
150
150
150
149
150
149
151
152
153
153
154
154
152
152
153
152
152
150
149
148
149
149
149
149
149
151
151
152
152
150
152
152
153
151
150
150
150
150
152
154
154
154
154
153
154
153
155
153
152
152
151
151
151
151
150
149
148
149
149
150
149
149
149
149
149
150
153
151
149
149
149
151
151
150
151
151
150
153
153
154
153
154
154
151
150
146
148
148
149
149
150
151
150
149
149
147
148
147
147
147
149
150
151
149
148
148
149
149
149
148
148
149
149
148
147
149
150
149
150
151
152
152
150
150
147
146
145
146
145
145
143
143
144
145
144
143
144
144
143
142
143
142
142
140
141
141
142
141
142
142
143
143
144
144
143
143
144
143
144
145
145
145
144
143
143
141
141
141
142
141
142
143
143
142
142
140
140
138
139
139
139
138
137
137
137
137
137
137
137
137
138
138
137
137
137
137
136
140
139
140
140
138
139
140
141
142
142
142
143
143
141
141
142
142
143
144
146
144
144
144
143
142
143
140
138
140
141
140
138
139
139
138
140
138
137
137
137
138
139
138
138
140
139
140
140
140
140
139
140
141
140
141
141
140
139
141
142
140
139
140
141
141
141
140
139
137
138
138
136
136
135
135
135
134
134
134
134
133
133
134
135
137
140
140
140
141
141
140
139
139
139
139
140
140
140
139
140
140
141
141
141
141
141
142
142
143
144
144
144
143
143
141
144
145
145
145
146
147
147
147
149
149
149
146
146
145
146
147
146
146
146
146
146
144
144
144
149
152
152
151
149
147
147
148
146
145
148
148
147
146
147
147
148
149
149
150
150
149
148
145
146
146
144
143
145
146
145
146
145
143
144
144
143
142
144
145
146
147
148
144
143
143
142
142
141
140
140
140
140
141
142
144
140
140
140
141
139
138
139
139
139
139
139
139
138
138
138
137
137
136
136
136
135
137
139
138
139
139
140
140
140
139
139
140
136
137
139
139
138
138
140
140
140
141
141
139
141
142
142
142
142
142
142
141
143
143
143
144
143
145
144
144
145
145
145
145
144
141
142
141
141
140
140
138
139
138
139
140
141
141
141
140
139
140
140
141
140
141
141
141
142
141
142
141
140
141
141
140
139
139
140
141
142
141
140
141
141
140
139
140
140
139
139
139
139
139
137
137
136
135
137
138
137
137
137
137
136
136
137
137
138
137
137
137
138
138
138
136
137
137
138
138
136
136
135
136
137
136
134
136
138
138
139
141
141
140
140
139
139
139
140
140
141
142
144
143
143
143
142
142
142
144
142
140
139
138
138
140
142
142
142
142
142
144
144
145
146
144
143
141
141
141
141
140
142
141
141
143
144
144
146
144
145
145
145
145
144
144
145
147
145
144
143
144
143
143
142
144
142
143
144
144
142
142
140
141
142
143
145
144
148
148
149
148
151
151
151
151
149
149
146
147
143
143
143
144
144
145
145
143
143
143
142
142
143
143
143
142
142
142
142
142
142
143
142
143
145
144
144
145
145
147
147
147
149
148
148
146
146
146
146
145
145
145
146
144
146
147
147
147
149
149
147
146
149
147
148
148
148
149
150
150
149
146
145
143
142
140
140
139
138
139
139
140
140
142
142
143
143
142
143
144
143
143
144
143
140
138
139
138
139
139
141
141
140
141
142
142
143
144
144
145
146
147
147
147
147
145
145
145
145
146
144
142
142
142
143
142
142
141
143
145
144
145
144
144
142
141
142
141
140
140
139
140
141
140
141
141
141
140
142
142
142
141
142
144
143
142
141
141
141
141
141
142
141
142
142
143
143
145
146
145
145
146
146
145
145
147
148
149
148
148
149
150
150
150
150
149
147
147
147
145
145
145
145
146
146
142
143
145
143
143
142
141
142
141
142
140
139
139
141
139
139
138
138
138
139
138
138
138
139
141
142
142
142
143
143
144
142
142
142
143
144
144
147
145
145
145
145
143
145
144
144
145
144
142
141
142
143
143
145
146
146
147
148
149
149
148
149
150
151
151
149
151
152
151
149
151
151
150
150
149
150
149
149
149
149
150
150
150
150
150
151
151
152
150
150
150
150
151
151
152
150
150
149
150
149
151
152
152
150
150
149
149
146
146
149
148
149
146
147
147
148
148
148
149
148
149
148
148
149
150
150
148
149
150
151
150
148
148
148
144
145
145
145
145
145
146
147
145
145
147
148
147
148
148
146
146
146
145
143
145
146
146
145
145
145
146
147
148
148
148
148
147
147
147
149
149
151
151
150
149
149
150
150
148
147
149
149
148
147
147
147
147
148
149
148
149
150
149
149
150
150
149
149
149
146
145
146
145
146
147
146
147
148
147
147
147
147
146
146
146
147
146
147
146
148
149
149
150
150
149
150
147
145
146
145
146
146
146
145
146
147
147
148
150
152
151
152
153
153
151
149
148
148
148
149
148
148
149
147
147
146
148
146
147
147
146
146
145
145
146
146
146
146
144
146
146
144
145
145
145
144
145
145
145
145
144
144
142
141
141
142
141
140
142
141
140
140
140
141
140
141
142
141
141
140
140
143
144
144
144
143
143
144
143
145
144
145
143
142
141
140
140
140
142
141
139
138
139
139
140
139
140
140
140
140
139
138
137
138
139
137
137
137
138
139
138
138
138
138
139
140
139
140
142
142
143
141
143
142
141
140
138
137
137
138
138
138
139
139
138
142
139
139
138
138
140
139
139
139
140
139
140
139
139
139
139
139
139
140
140
140
140
139
139
139
140
141
141
142
145
145
144
143
142
142
142
144
146
146
145
145
144
144
145
144
142
142
140
141
143
141
140
140
138
134
134
133
132
131
131
132
132
134
134
135
135
136
136
136
136
138
138
137
136
134
135
134
134
134
133
135
133
136
137
138
137
138
137
136
136
136
136
136
137
137
137
138
135
134
135
135
133
134
133
133
132
131
132
131
132
131
132
132
133
133
134
132
132
133
134
134
135
135
137
138
137
138
138
138
140
140
140
137
136
136
138
138
140
136
136
137
137
138
138
138
137
141
142
141
140
138
137
135
136
136
135
135
136
137
136
137
133
133
133
134
134
134
134
134
134
136
136
138
138
137
135
136
136
135
135
137
138
138
138
136
135
135
133
133
132
132
132
133
133
132
134
134
134
133
133
133
133
133
135
136
135
136
134
134
135
135
134
133
133
132
132
133
132
134
134
134
134
133
131
132
131
132
132
133
135
135
134
135
135
137
137
137
138
136
136
136
135
135
135
134
135
136
136
136
136
138
138
139
139
138
139
139
139
139
137
137
137
136
137
137
134
133
133
133
135
134
134
134
134
133
133
132
134
134
133
133
131
132
133
134
133
133
134
134
135
136
135
136
138
137
136
135
135
136
138
135
135
136
135
136
135
135
134
134
135
137
137
137
135
135
133
134
136
134
132
132
134
136
135
135
136
135
135
134
135
136
138
137
138
138
137
138
139
141
141
142
143
142
142
141
140
139
139
138
138
141
140
138
139
139
139
137
137
138
139
139
138
139
138
137
137
135
134
134
132
133
132
132
133
133
135
135
135
136
138
138
138
138
141
142
141
142
141
141
139
139
140
140
141
141
139
140
141
135
135
134
136
137
135
137
137
137
136
136
136
136
137
138
139
137
135
135
136
135
134
136
134
134
133
132
132
132
132
132
135
135
135
136
136
136
136
135
135
133
133
130
130
130
131
129
131
133
132
131
131
133
133
133
130
131
131
131
132
132
131
131
132
133
133
132
131
133
134
135
134
133
131
132
135
136
136
136
135
136
138
140
141
140
141
141
141
139
138
136
135
136
137
137
137
136
136
135
134
134
133
133
133
133
135
136
139
137
138
138
139
140
139
139
138
138
138
141
140
138
138
139
140
139
139
140
142
141
140
140
137
138
139
139
139
139
139
138
139
141
141
140
140
140
141
141
140
138
138
138
137
137
137
136
136
135
135
133
136
135
135
133
133
134
136
137
137
137
138
137
137
138
138
137
138
137
138
137
138
137
138
136
135
136
136
136
137
137
137
137
138
139
139
138
138
138
136
136
135
136
137
138
139
138
138
137
139
140
139
140
142
144
145
143
144
145
145
146
145
145
145
145
144
144
143
142
142
141
141
141
140
139
139
139
142
142
143
144
144
144
144
144
142
144
144
141
141
140
140
140
140
141
140
140
140
139
138
137
138
138
138
137
136
136
136
136
135
135
137
137
136
136
138
137
137
138
138
138
138
139
138
138
138
140
139
139
140
140
141
140
139
139
137
139
139
138
139
139
141
140
141
142
141
143
142
140
139
138
139
137
135
134
134
134
133
133
134
134
135
136
137
137
138
139
139
140
140
140
141
140
140
139
138
137
135
135
131
131
131
131
131
131
131
131
132
131
131
132
133
134
135
134
134
136
136
135
135
135
136
136
136
137
138
139
138
138
138
137
137
138
139
140
139
139
139
139
138
138
137
136
136
136
136
135
133
133
133
132
131
131
133
133
133
132
133
132
132
133
133
133
133
134
134
135
137
137
137
137
138
137
135
135
136
135
134
134
135
135
135
135
134
134
135
134
133
132
131
131
133
133
132
131
130
132
132
132
131
131
131
131
131
130
131
132
133
133
133
132
131
131
131
132
131
131
130
130
131
130
130
130
131
133
133
131
131
132
132
132
132
134
135
136
134
134
134
134
133
132
132
132
132
133
134
134
134
134
136
137
137
137
135
136
135
136
136
139
135
136
136
135
136
136
136
135
136
137
137
136
137
138
136
138
137
137
135
136
135
132
131
130
130
129
129
130
130
132
130
130
132
132
133
132
132
133
134
134
135
137
138
136
136
135
135
135
135
135
135
136
136
136
134
135
134
134
134
136
137
135
134
136
137
138
137
136
137
137
137
137
138
138
138
138
137
136
137
136
135
136
137
138
138
138
137
137
137
137
137
138
139
139
139
139
139
139
139
138
138
137
137
136
136
136
135
136
137
137
137
138
136
135
135
133
133
132
132
131
130
131
131
131
133
133
132
133
133
133
133
134
133
133
132
132
134
135
135
135
135
134
135
135
135
133
134
134
133
130
130
130
129
128
128
128
129
130
130
130
130
131
131
131
131
131
131
130
131
132
132
132
132
132
131
132
132
131
132
133
132
133
132
133
133
134
131
132
132
133
134
134
134
133
132
131
131
130
130
130
130
130
131
132
132
131
132
130
130
131
131
128
129
129
129
127
127
127
127
126
125
125
127
127
127
127
127
126
127
127
127
127
128
128
128
128
127
126
126
125
125
126
127
127
127
127
128
129
129
128
127
127
126
127
126
125
125
127
127
127
125
124
123
122
123
124
125
124
124
125
125
126
127
127
125
125
125
126
127
127
127
128
129
129
127
126
126
127
127
129
133
132
132
130
130
131
130
131
131
132
131
130
130
128
128
128
127
127
127
127
127
129
131
133
133
131
131
131
131
132
132
133
133
134
134
134
136
137
139
141
141
138
139
140
139
139
139
140
140
141
140
138
137
136
136
138
139
139
136
136
136
136
136
136
135
134
134
134
135
134
134
136
137
135
134
134
133
135
133
132
132
132
134
132
132
133
133
132
131
131
131
131
131
131
131
131
131
132
132
132
132
133
133
133
134
134
136
136
138
137
138
140
140
141
141
140
139
138
136
133
132
132
132
132
132
133
133
133
131
130
130
132
133
135
135
134
134
134
134
133
133
134
134
133
132
131
131
130
131
131
131
132
132
130
130
129
130
130
132
133
133
132
132
131
132
132
133
133
132
132
132
133
133
134
132
133
133
133
133
135
134
134
135
135
136
136
135
135
136
136
135
137
137
135
136
136
137
136
135
134
132
131
132
132
132
132
133
134
134
135
134
132
134
135
136
136
135
135
135
134
135
135
135
133
134
134
134
130
130
131
131
133
133
131
131
133
131
131
129
129
130
130
130
128
129
129
130
130
130
128
128
129
128
126
126
127
128
129
127
127
127
127
130
131
130
130
131
131
131
131
130
129
129
126
126
125
127
127
129
128
128
129
129
129
129
131
133
