0.0005562068965517242 0.00024896551724137937
300
295
293
290
285
284
279
279
277
279
277
280
281
282
281
282
282
279
279
282
280
279
279
278
278
279
280
280
282
281
280
281
283
284
282
282
284
286
284
286
284
285
288
289
289
291
293
291
289
288
286
287
286
288
289
291
294
294
292
287
286
286
283
283
283
285
287
286
286
286
288
285
287
287
292
293
290
290
291
292
293
291
292
295
298
297
295
291
292
292
288
289
288
285
286
288
288
287
290
291
292
293
293
294
295
296
295
295
297
299
297
297
297
295
295
297
298
298
297
297
296
294
294
294
294
294
293
292
293
293
294
295
296
297
297
297
294
296
297
296
297
298
298
298
298
298
298
299
297
294
294
295
296
297
297
297
297
297
297
296
300
298
301
301
302
299
301
303
305
306
306
306
307
308
308
309
308
306
307
308
308
308
309
307
308
307
306
308
307
307
306
307
309
307
307
308
309
308
307
306
306
309
308
307
307
307
309
308
307
309
311
312
312
314
314
315
313
313
312
309
310
312
312
312
314
310
309
309
308
308
308
307
307
308
307
306
306
308
310
312
312
311
312
309
309
308
307
307
308
307
309
309
310
309
310
312
312
312
312
313
313
313
313
316
316
316
313
312
313
313
314
316
316
318
320
321
319
320
324
323
322
321
323
323
324
321
319
320
322
321
323
321
320
320
324
323
324
322
319
320
323
323
323
324
323
324
324
324
324
323
324
323
322
321
320
319
318
320
320
320
320
319
322
323
324
324
323
321
320
319
321
321
323
321
322
324
325
325
326
326
326
327
326
325
327
322
320
324
327
325
325
323
322
323
323
323
324
322
322
324
326
330
331
330
329
330
334
332
331
332
332
335
333
331
332
332
331
329
333
326
323
322
324
326
325
323
321
322
324
324
327
328
327
326
323
326
326
328
331
330
332
332
333
331
335
334
334
333
333
331
330
331
331
330
330
329
328
327
326
325
325
324
326
327
329
331
333
331
333
331
329
330
330
330
329
330
331
331
331
332
331
332
332
333
331
334
336
338
337
335
337
339
341
339
340
339
340
341
339
337
337
334
336
335
337
337
336
338
339
341
339
341
339
340
338
339
343
344
346
344
343
340
341
341
341
338
338
342
341
344
344
343
346
346
345
345
344
344
344
345
345
344
344
343
341
345
346
348
348
346
346
348
347
346
345
345
345
345
346
342
344
348
349
345
346
345
348
348
350
350
350
345
345
346
345
345
343
340
339
340
343
345
345
345
345
348
348
348
348
346
345
344
345
346
346
345
346
348
347
345
347
347
347
349
351
355
353
351
355
356
358
359
355
353
354
352
353
351
350
349
350
350
352
353
353
351
352
349
347
348
350
349
347
345
346
348
348
350
352
351
350
348
349
350
346
348
348
349
350
350
351
353
353
353
351
354
350
351
352
348
346
346
345
346
348
346
344
343
346
346
347
347
344
340
342
343
341
341
341
340
339
339
341
339
339
339
339
339
340
342
341
342
343
346
347
349
351
346
345
344
343
345
346
344
342
343
342
342
344
344
344
343
344
344
349
351
350
350
350
352
355
356
354
359
359
355
353
354
353
353
352
351
354
353
355
356
356
354
353
355
358
357
359
357
360
361
362
361
358
358
359
360
358
359
358
356
353
351
352
352
353
353
353
351
351
351
352
349
348
349
349
348
349
349
349
352
355
354
353
351
348
350
347
345
345
346
346
347
348
351
349
350
350
348
349
352
350
350
352
354
353
351
353
354
355
354
354
357
358
359
361
360
357
357
354
354
354
354
353
353
359
358
358
358
360
360
358
356
358
358
357
356
359
360
359
357
358
356
358
357
358
358
360
360
360
361
362
363
364
365
362
358
358
358
361
364
366
367
364
364
361
364
364
364
363
363
365
364
361
366
363
361
360
357
358
358
359
362
364
365
364
365
365
366
364
363
364
363
364
365
364
366
367
369
374
371
371
372
371
372
368
365
365
366
368
368
369
369
369
372
369
371
368
370
372
372
369
369
367
368
370
368
369
369
368
370
370
371
373
373
373
377
377
375
374
374
376
377
380
378
378
378
380
380
380
380
379
378
379
380
380
379
379
377
380
379
377
378
379
380
379
380
381
380
382
384
382
383
383
384
381
380
381
383
382
383
379
381
382
382
382
383
382
383
384
385
384
385
378
378
378
377
377
382
379
377
377
376
375
374
375
377
379
379
378
381
380
379
377
377
378
380
378
378
378
378
381
378
376
375
372
373
373
372
374
373
372
371
373
369
370
373
371
374
376
377
381
381
384
387
385
382
384
384
385
386
385
385
386
388
388
391
390
389
390
392
391
387
387
388
391
393
391
389
388
391
392
391
390
390
390
390
389
393
393
390
391
392
395
393
393
393
395
396
399
400
398
395
395
396
392
393
393
392
394
395
394
397
398
393
393
395
392
391
393
394
393
391
391
392
390
386
385
387
389
387
386
386
387
389
388
385
385
385
385
384
384
385
384
387
390
390
389
388
387
386
388
388
388
390
389
385
387
384
387
389
390
387
388
389
390
390
390
391
391
390
390
392
389
388
389
390
390
391
391
390
391
390
391
389
390
387
385
384
383
382
381
381
383
384
385
386
386
386
386
383
383
382
382
380
384
386
387
385
381
384
381
380
383
385
385
384
386
390
388
390
388
389
389
391
389
387
386
386
385
388
387
386
384
383
381
381
382
381
381
383
384
383
385
381
383
383
382
382
383
383
386
384
381
382
380
381
381
381
382
381
382
381
381
381
381
382
381
382
383
382
384
385
387
385
384
384
385
382
383
380
381
382
379
381
380
382
383
384
382
382
382
383
383
385
383
380
381
378
378
381
383
377
376
376
377
376
374
374
375
375
377
378
378
380
378
375
376
377
378
379
379
376
377
376
378
378
376
381
379
379
378
376
373
374
375
376
378
380
380
379
379
377
381
380
381
382
381
381
382
377
376
373
376
372
376
375
378
377
377
376
375
373
373
375
373
372
370
367
367
369
369
371
369
370
369
367
365
367
366
364
363
364
366
368
367
369
368
369
370
373
375
374
377
378
380
375
376
376
375
375
373
375
377
375
376
373
372
372
373
373
374
373
375
374
376
376
376
379
378
381
381
379
377
375
378
382
380
379
379
377
377
378
377
378
379
379
378
378
381
382
381
380
380
378
380
378
380
382
381
380
381
378
378
378
377
376
380
380
381
382
380
381
381
382
381
381
379
382
381
380
380
380
378
379
379
378
379
377
380
379
381
381
380
381
381
381
383
383
381
380
383
384
385
384
384
386
386
387
388
388
386
389
388
387
385
384
386
386
385
386
383
381
381
380
381
381
382
381
384
382
382
384
383
383
382
386
390
388
383
384
386
386
385
383
384
387
390
390
390
393
396
396
397
395
394
390
388
388
386
386
387
387
389
389
391
390
393
393
392
390
391
391
388
391
392
394
397
394
393
391
392
392
392
392
391
391
393
394
394
394
392
393
391
395
392
394
396
397
393
394
393
392
392
391
391
391
393
396
395
396
397
398
398
399
401
403
403
405
406
404
398
398
402
400
400
398
398
395
397
395
397
396
396
396
394
392
390
391
395
392
389
387
386
385
385
390
390
388
387
387
387
387
388
387
386
386
387
388
388
388
386
384
385
383
383
386
385
384
387
388
388
386
388
389
388
389
393
393
396
396
394
396
397
395
396
397
397
397
399
402
400
402
404
403
401
400
399
399
400
401
401
400
402
401
399
399
401
398
400
400
399
396
394
394
397
400
397
395
397
397
397
397
397
398
396
399
401
405
408
410
411
412
411
412
409
412
411
413
417
416
413
413
411
413
412
412
414
414
413
411
413
414
414
414
415
419
417
413
414
414
416
421
421
418
418
417
420
424
422
422
423
422
420
418
421
421
421
423
420
420
418
416
414
412
412
411
412
414
415
418
417
412
413
411
411
411
411
412
411
412
412
415
413
415
415
416
416
415
417
416
417
418
420
420
420
421
420
422
421
419
419
419
419
418
417
417
419
420
417
415
416
416
416
417
416
416
416
419
420
418
420
419
420
423
423
421
419
417
417
418
419
421
420
419
419
416
416
417
415
415
414
418
420
423
423
424
421
422
421
421
420
417
417
418
418
416
419
418
415
414
413
413
413
413
415
415
415
416
417
421
422
422
418
418
418
418
415
416
418
417
416
416
417
418
417
416
414
413
412
412
412
417
416
415
415
415
417
415
419
417
416
415
416
414
413
412
413
414
414
416
414
414
414
410
413
415
413
413
413
412
419
420
420
418
417
417
417
418
422
419
420
419
420
420
423
426
426
424
424
424
426
426
424
423
422
422
424
424
427
430
430
428
429
430
429
431
431
428
430
434
433
433
434
437
438
437
433
430
429
430
430
428
430
428
428
430
429
429
429
428
429
432
432
434
432
432
436
436
434
434
431
432
434
432
432
434
434
432
434
432
433
433
435
434
429
431
432
431
429
430
430
429
426
424
423
425
424
422
418
418
418
419
417
420
419
420
421
419
421
420
420
416
417
417
423
422
420
418
417
415
415
415
418
420
419
420
422
420
419
419
421
421
419
420
419
418
418
418
418
418
419
419
420
419
421
421
422
419
418
419
420
421
423
421
421
421
422
425
426
425
423
424
426
424
425
426
429
430
430
431
430
428
429
430
429
429
429
430
429
426
425
425
424
428
430
429
431
430
430
432
431
431
430
431
430
432
433
432
432
432
432
434
435
433
433
436
435
435
436
438
439
441
437
436
434
433
433
433
435
437
436
436
434
434
430
431
431
437
436
437
437
434
436
437
438
437
434
436
435
436
434
435
435
436
438
437
436
439
440
439
441
440
440
436
433
431
431
431
433
434
431
429
430
428
428
431
431
429
430
433
429
428
430
428
431
430
430
430
431
431
430
434
433
433
433
430
433
431
433
433
432
430
431
433
430
429
429
428
428
429
427
429
428
428
430
432
432
429
427
430
431
433
432
430
431
431
432
433
434
434
435
438
439
438
437
436
434
432
435
430
428
429
425
427
427
429
430
429
429
429
428
431
430
430
429
426
427
430
429
429
430
432
433
434
433
436
440
440
443
444
444
441
439
439
437
438
436
436
434
433
432
434
435
432
432
432
429
431
431
433
433
434
432
433
435
434
433
431
432
433
434
434
430
429
429
430
431
433
435
434
436
433
432
434
435
434
436
436
434
433
434
435
434
433
433
436
436
437
439
438
436
435
437
438
438
437
439
436
433
433
435
434
429
428
431
429
429
430
430
427
428
428
427
428
431
434
433
431
430
429
429
429
433
435
434
435
433
431
430
434
432
431
431
432
434
436
436
434
433
433
433
433
433
433
436
436
439
437
438
437
436
438
436
438
439
440
440
444
442
441
444
442
442
441
439
440
439
439
441
438
439
439
438
439
438
440
440
440
438
438
438
435
433
431
433
432
433
432
431
434
435
436
435
434
434
434
434
434
437
438
442
442
438
441
443
442
442
442
441
442
440
442
440
439
439
439
439
441
443
443
442
442
442
446
447
449
448
448
452
458
456
456
454
453
452
451
455
456
452
447
446
447
453
453
450
452
452
451
453
454
454
453
454
453
452
451
452
454
454
457
456
457
456
455
454
453
452
453
455
454
457
458
457
457
454
454
455
456
459
460
458
459
458
458
460
460
461
458
460
461
460
459
460
457
456
459
461
460
459
457
456
456
454
455
455
455
452
453
450
453
454
454
453
455
458
459
455
454
452
452
453
458
454
456
452
452
450
452
451
451
453
451
452
456
458
457
460
461
462
463
462
462
462
460
459
461
461
464
465
463
463
464
463
461
459
456
457
457
456
461
456
457
454
453
454
456
455
456
457
455
457
453
451
450
449
448
448
449
448
452
455
456
455
454
455
459
460
461
460
459
455
459
457
457
458
459
457
457
454
454
455
452
453
450
450
447
446
445
447
448
452
454
455
456
454
453
453
457
456
454
455
455
457
457
458
458
454
455
455
453
452
449
448
449
449
449
447
445
444
443
444
443
443
443
446
446
444
445
446
445
444
445
449
447
446
445
445
445
441
441
442
442
441
443
447
448
447
445
448
449
446
447
450
453
455
454
450
451
451
451
457
459
458
459
458
455
455
453
450
446
448
446
445
445
441
446
447
447
445
444
445
446
445
444
445
445
448
448
450
451
449
449
449
450
447
447
443
445
447
447
446
444
443
444
444
446
446
446
451
449
450
450
451
455
456
458
458
457
451
453
454
453
451
453
452
451
452
453
451
452
455
452
453
451
450
452
452
450
449
446
448
449
451
451
448
447
446
446
445
446
447
447
448
450
454
456
456
456
460
459
460
459
456
453
453
451
452
452
450
453
452
453
454
453
451
452
455
454
453
457
456
456
457
457
456
454
454
455
455
454
455
453
451
449
449
448
444
442
440
439
438
439
438
441
442
441
441
443
441
445
444
445
444
443
443
441
443
442
441
443
444
444
445
448
448
447
447
446
445
449
449
449
449
449
449
451
449
448
448
448
450
449
449
450
450
452
451
450
450
449
449
452
455
456
454
451
450
451
451
453
454
452
453
452
451
452
452
452
453
455
453
449
448
451
452
452
455
456
453
453
451
453
453
457
457
462
461
462
461
461
462
463
463
459
457
457
457
457
458
459
460
458
460
459
455
454
457
459
459
457
455
454
454
456
456
456
455
454
455
456
456
459
458
459
463
462
461
458
460
458
459
457
460
463
461
456
455
451
453
454
453
455
452
457
456
456
454
452
450
452
451
450
449
453
452
449
446
444
445
444
446
446
446
446
445
445
445
444
446
445
444
444
446
446
449
451
455
455
454
452
452
454
457
455
455
458
463
464
464
461
459
456
454
457
459
460
463
463
464
459
459
459
461
462
461
462
462
464
461
460
459
457
458
458
457
455
458
459
461
459
458
459
459
459
461
460
460
460
461
460
457
456
458
458
456
457
457
457
458
456
457
457
456
459
457
458
457
457
456
456
456
451
454
456
452
449
452
448
446
448
448
445
445
443
441
440
440
441
441
442
440
441
440
438
437
437
443
440
440
439
438
441
442
443
443
445
447
445
445
449
453
455
455
454
454
454
456
459
457
458
459
462
460
459
460
459
457
455
461
460
460
460
460
457
461
458
460
458
455
462
461
462
464
467
469
469
465
463
463
464
463
464
465
471
467
466
466
465
463
464
463
465
465
466
468
467
468
468
470
469
470
471
475
473
474
473
472
472
474
471
471
469
469
471
472
472
471
468
471
472
471
470
469
467
468
471
469
468
465
463
464
463
465
463
461
458
460
458
455
455
455
450
450
451
451
452
455
453
455
454
454
456
453
450
455
452
451
451
451
453
453
449
451
451
453
455
458
456
456
459
458
457
461
458
456
456
452
451
452
449
449
447
447
447
451
445
446
442
440
439
438
440
441
440
440
441
444
445
447
449
450
453
453
451
449
449
449
447
447
447
450
448
448
446
447
449
450
451
454
454
452
450
452
450
453
453
455
454
452
453
453
452
450
451
453
452
452
452
450
450
449
448
448
445
442
443
445
447
445
447
449
449
447
447
446
444
445
446
448
453
453
455
457
454
453
451
453
450
451
455
454
449
448
449
450
450
448
451
450
449
443
442
440
440
439
440
437
435
438
444
441
442
444
443
446
448
445
442
442
447
449
448
445
444
444
443
444
443
442
443
443
444
447
448
451
454
453
449
447
449
451
452
452
451
455
452
450
450
449
446
446
445
445
443
445
445
445
442
440
442
443
440
441
439
436
437
435
437
438
436
434
434
435
439
439
439
438
439
440
437
437
441
438
438
439
439
440
439
437
437
440
440
439
439
439
440
443
446
450
451
450
448
451
449
449
444
444
442
444
445
445
442
441
441
442
442
441
444
444
444
447
451
450
446
444
442
441
441
436
436
434
435
439
437
439
441
440
439
441
444
444
443
440
439
438
441
440
440
440
440
439
438
439
437
435
434
434
435
437
434
435
434
434
436
442
441
443
445
449
450
448
448
447
448
446
447
449
448
449
448
447
449
446
445
440
439
442
443
442
441
443
441
443
445
448
449
448
448
450
448
449
452
451
452
451
450
447
451
451
450
451
453
452
449
447
446
449
449
448
450
453
456
456
454
452
455
454
458
456
454
453
453
455
458
457
460
460
459
454
454
455
456
456
456
456
454
454
455
455
454
456
452
452
450
454
453
454
453
454
453
456
451
452
450
450
450
448
446
447
448
447
447
452
452
454
455
453
453
457
457
457
455
453
451
451
450
454
452
456
456
457
457
458
457
454
457
455
455
455
454
452
451
453
452
454
455
454
457
460
462
464
464
462
461
464
465
466
464
460
461
463
466
467
466
463
463
459
462
458
461
459
458
460
458
457
456
453
453
453
451
450
452
452
453
450
450
450
448
449
451
451
450
452
453
454
453
453
455
454
458
458
457
458
460
457
456
455
455
458
456
453
452
452
451
452
451
452
451
450
454
452
456
459
455
459
457
458
456
455
456
457
455
457
455
456
451
450
454
457
456
456
454
454
455
452
455
453
453
452
452
455
452
451
451
448
450
455
457
457
452
452
451
451
454
454
456
452
454
454
454
454
454
455
453
451
452
451
455
454
455
457
456
452
452
452
452
453
452
453
452
453
454
452
452
450
452
451
451
450
453
456
455
455
455
455
456
456
452
453
453
450
449
447
448
446
444
444
442
443
441
442
443
445
446
444
445
445
445
445
446
449
449
448
450
451
451
452
456
454
453
455
457
457
456
454
453
452
456
457
457
457
457
456
454
457
458
463
465
465
462
461
461
460
457
455
455
457
458
459
462
463
465
460
459
460
460
460
460
459
459
458
459
455
453
454
455
458
459
455
453
453
453
454
453
450
449
448
448
447
449
450
445
441
440
441
443
441
442
442
440
441
441
441
437
438
441
442
442
442
445
446
444
443
442
442
447
444
445
446
447
448
447
453
454
454
454
452
450
454
452
452
452
455
452
450
448
447
448
447
446
447
446
446
447
445
445
447
447
447
448
445
449
449
451
449
448
448
448
448
450
451
450
450
449
452
449
448
450
448
446
447
445
447
449
450
451
452
452
451
449
451
451
454
451
451
452
452
453
459
459
457
455
455
455
456
453
453
455
456
457
457
457
459
454
453
456
454
455
453
452
456
458
457
456
455
454
452
451
452
454
454
456
455
452
451
456
455
449
451
453
455
457
456
461
455
455
454
454
456
457
458
457
457
459
462
463
464
460
463
462
461
460
462
458
458
458
457
456
458
457
456
455
451
454
454
453
452
453
455
452
449
450
450
451
452
455
452
449
451
450
452
452
453
455
455
454
453
452
450
449
449
447
447
447
447
447
446
447
444
447
444
448
448
450
447
444
444
444
447
451
451
449
449
449
449
448
450
453
452
452
451
450
454
454
453
456
454
451
452
452
449
450
451
452
452
456
455
454
454
456
455
457
460
462
463
463
461
460
461
459
461
460
461
462
463
462
460
463
462
463
465
470
465
465
466
469
467
464
465
464
463
466
464
464
466
466
468
466
462
464
465
464
461
458
459
459
457
459
459
456
454
457
456
454
452
451
453
455
460
458
458
458
461
460
461
461
461
464
459
458
456
458
458
457
459
455
457
458
459
459
458
460
456
455
454
452
453
451
448
447
449
448
449
450
446
445
445
445
447
444
445
446
446
448
445
441
443
440
438
437
435
432
431
435
438
438
437
438
438
439
436
433
434
436
435
433
434
432
433
437
436
438
438
438
442
448
448
447
448
444
447
447
447
447
450
450
446
443
443
439
436
434
433
433
432
429
432
432
431
431
429
433
435
435
434
433
432
433
434
435
436
433
430
430
430
431
432
431
433
432
433
435
433
433
432
435
436
438
438
437
439
439
442
443
441
442
442
440
441
442
441
441
441
439
438
440
442
444
445
447
445
447
446
444
442
442
443
442
442
446
451
449
447
450
449
450
447
450
452
452
453
451
453
454
451
452
452
450
449
450
449
451
447
444
441
441
441
441
441
441
442
443
445
444
445
446
453
451
449
449
448
450
446
444
445
444
446
447
447
445
445
447
448
449
449
447
446
445
444
443
444
447
448
447
447
449
451
450
448
446
444
447
450
450
447
447
447
446
447
449
449
449
449
445
445
449
448
446
447
447
449
451
451
451
451
451
452
452
452
451
451
451
449
450
447
449
448
452
453
453
453
452
454
449
447
444
442
442
441
442
442
442
441
442
447
449
449
446
450
450
449
445
441
442
444
444
445
448
448
447
448
448
447
447
447
449
443
448
449
446
447
445
442
439
439
439
437
439
438
442
442
439
445
447
450
448
450
447
450
449
449
450
449
449
447
450
452
448
446
447
444
443
441
442
443
441
438
442
440
438
438
439
437
438
439
439
437
440
441
439
439
438
441
438
438
436
438
439
436
438
438
439
438
439
443
442
441
443
443
447
445
445
446
447
444
446
446
445
445
444
444
445
443
441
440
439
442
443
441
441
441
439
437
437
437
439
436
434
431
429
429
431
432
434
434
433
435
433
435
436
439
436
438
440
439
440
440
440
440
441
440
439
440
441
445
447
446
443
439
440
439
440
441
441
442
440
440
443
448
445
449
446
449
450
451
450
446
444
442
441
444
442
442
442
445
445
447
447
446
443
441
442
440
444
444
446
447
448
447
446
448
448
449
447
443
441
442
444
445
446
449
446
448
445
445
442
442
441
439
442
444
443
443
443
443
439
439
439
440
441
442
442
441
443
446
445
444
445
445
446
448
446
444
444
444
445
443
441
440
442
442
439
438
442
437
439
441
441
441
441
439
444
444
443
445
446
443
445
448
445
446
449
448
448
446
445
446
446
445
448
452
454
451
450
449
451
454
454
449
448
448
449
451
453
454
456
461
460
457
459
459
460
458
457
457
455
453
451
451
453
450
453
453
451
449
446
446
445
445
447
446
445
446
445
445
445
447
449
447
449
450
453
451
450
450
449
448
449
449
448
451
450
449
446
443
444
444
443
443
439
438
440
440
438
440
440
440
437
432
432
434
430
432
433
435
432
434
434
434
433
434
438
437
437
438
439
439
437
439
442
444
447
445
443
444
442
440
437
439
437
438
437
436
433
434
433
436
437
439
438
439
438
441
437
435
434
433
434
437
439
441
441
437
437
441
442
443
443
440
441
440
440
442
445
443
445
448
446
448
448
445
442
441
443
443
442
442
439
438
438
438
436
436
432
431
429
435
436
435
433
434
434
433
436
434
433
435
435
437
440
441
437
438
437
438
439
441
439
440
442
446
447
444
442
443
445
444
442
443
444
444
444
446
445
444
442
442
442
446
446
447
450
451
450
