0.001 0.001
300
290
282
280
276
269
261
257
256
254
252
249
244
238
233
232
228
225
222
222
220
218
219
218
215
215
216
216
216
220
220
219
219
219
215
217
218
216
217
217
215
214
211
215
213
212
216
214
213
212
213
212
210
210
210
210
209
210
207
205
203
204
204
202
199
201
201
201
199
199
198
196
195
198
197
198
199
197
196
196
196
196
196
194
192
192
190
190
190
191
191
190
191
191
192
191
192
192
194
191
191
193
194
193
190
190
190
189
188
188
188
186
185
185
186
187
187
185
185
185
186
185
187
189
189
189
187
187
183
182
180
181
180
179
178
179
178
178
178
179
179
177
177
178
178
178
180
178
178
180
179
179
179
181
180
180
178
176
176
175
174
174
174
174
174
174
173
172
173
173
173
174
174
174
173
172
169
169
169
169
170
170
170
172
173
173
172
172
172
176
176
176
174
175
176
174
175
174
174
175
175
173
173
173
174
174
174
176
175
175
176
174
172
172
172
172
173
173
175
175
174
174
175
175
176
175
177
175
175
176
175
176
178
177
178
178
179
181
182
180
179
176
176
177
177
178
178
177
179
179
180
178
175
172
173
174
176
173
173
172
171
170
170
170
170
170
169
168
169
170
172
173
172
171
170
171
170
171
172
173
172
171
170
170
169
171
171
171
168
168
168
169
169
170
170
170
170
170
173
171
173
173
172
171
173
173
173
173
172
171
172
172
175
174
174
173
171
172
172
171
170
171
169
169
169
170
171
171
171
170
168
170
168
166
166
166
166
168
168
170
168
167
165
164
166
165
164
163
162
161
160
162
163
164
164
164
163
164
165
165
164
165
166
167
168
168
168
169
169
168
168
168
170
170
170
169
169
170
170
170
169
167
169
169
169
169
172
171
172
169
171
171
171
169
167
166
167
167
165
165
167
165
164
165
166
167
167
166
166
167
165
163
164
166
164
165
164
164
165
166
165
167
166
165
165
164
164
166
166
167
168
169
169
170
171
170
170
169
168
165
164
164
162
163
161
160
159
157
157
157
159
158
158
158
158
158
158
158
158
160
159
157
159
160
158
159
158
158
158
158
156
156
155
154
152
152
153
154
153
153
154
155
155
153
151
151
151
153
153
155
155
153
153
153
155
156
156
155
154
154
154
155
155
155
154
154
156
157
157
157
156
156
155
156
155
155
155
154
157
156
155
156
155
155
155
157
158
159
159
159
161
159
164
162
162
162
161
161
161
162
162
161
161
162
162
162
161
161
163
165
165
165
166
165
165
167
164
164
163
162
160
158
157
157
156
156
157
159
161
163
161
163
163
163
165
165
166
166
164
163
164
163
161
161
162
162
164
164
166
165
166
166
165
163
164
164
165
166
166
165
166
166
165
165
165
164
163
163
164
165
166
166
166
166
166
167
167
167
165
165
166
165
165
165
164
163
162
163
165
166
165
165
164
163
163
161
161
162
160
159
159
160
162
162
160
161
161
160
161
161
161
163
162
160
160
159
159
159
159
159
158
160
159
160
160
161
161
162
163
163
162
161
160
158
160
160
162
160
160
159
161
161
157
157
156
156
155
157
157
153
154
155
155
156
156
158
159
162
164
163
163
163
165
163
161
160
158
158
164
165
166
166
165
165
164
165
164
163
163
163
161
161
163
164
166
167
165
165
163
163
162
161
162
159
160
158
157
159
157
157
159
158
157
154
151
151
150
151
151
151
149
149
149
149
150
150
151
150
152
150
149
148
148
150
151
151
151
152
154
153
152
153
153
154
154
152
152
154
154
155
155
154
156
159
158
158
156
155
155
154
154
158
158
159
159
160
161
160
159
160
157
156
155
156
157
154
154
154
155
154
155
154
154
159
158
159
161
161
161
159
160
158
160
160
159
160
159
158
158
156
155
156
157
157
158
159
158
157
157
157
157
156
155
156
155
156
156
155
154
153
155
154
156
157
154
155
157
158
157
157
157
157
158
156
154
155
156
156
154
154
154
154
152
154
154
154
152
152
151
153
154
154
154
154
154
152
153
153
152
153
153
154
154
155
157
157
157
157
156
155
156
156
157
159
156
154
151
153
155
154
156
157
156
153
153
153
152
152
152
151
152
153
153
154
155
153
152
152
153
153
151
151
153
154
154
154
154
155
155
154
155
154
154
153
152
151
151
152
153
154
153
154
153
152
151
151
151
151
152
151
152
151
151
150
149
148
146
146
146
147
149
150
149
148
148
148
148
147
147
148
149
148
146
147
147
146
147
147
147
148
145
146
146
146
145
144
144
143
143
144
144
145
147
148
147
147
146
144
143
145
146
145
145
146
149
148
148
149
148
149
147
146
146
146
146
145
145
144
145
144
144
145
145
144
144
146
147
146
146
146
146
145
143
143
143
143
142
142
141
141
142
142
143
142
142
142
142
142
142
142
140
141
141
142
143
143
143
143
145
146
147
146
145
147
147
146
144
143
143
143
141
142
144
145
145
146
146
148
145
146
146
146
145
145
144
145
143
143
144
145
145
144
143
144
146
147
148
148
149
147
146
144
144
142
141
141
143
143
142
142
140
140
139
139
139
140
139
140
140
141
141
142
142
144
144
143
145
145
143
143
143
144
143
142
142
142
143
144
143
143
145
145
145
144
144
144
143
145
146
147
146
144
144
145
145
144
145
145
145
145
145
145
144
145
146
146
144
145
143
143
144
143
145
144
146
147
147
147
148
147
148
147
145
144
146
147
149
149
148
148
149
148
148
150
149
148
145
144
144
144
145
144
141
141
141
141
142
143
144
142
142
141
140
140
140
141
141
143
144
145
145
145
145
143
142
140
140
140
139
139
139
140
141
144
143
142
140
140
140
140
140
141
143
143
143
141
141
141
143
143
142
142
142
142
142
142
143
140
140
141
140
140
140
141
139
141
142
141
141
141
141
140
140
138
137
137
138
140
142
141
142
141
140
141
140
141
141
138
137
138
137
137
138
138
136
136
137
137
135
136
136
137
138
139
140
142
141
141
140
140
139
139
139
139
140
140
140
140
140
140
140
140
141
141
141
141
140
141
141
141
141
142
142
142
143
144
143
142
141
142
142
140
139
140
140
139
138
137
136
137
136
135
135
135
135
135
137
136
136
138
137
136
136
136
136
136
136
136
136
136
135
136
135
137
136
136
136
137
138
139
138
136
136
136
138
139
139
139
137
137
136
136
138
138
140
138
139
141
139
141
141
142
140
140
141
141
141
141
140
139
140
140
139
140
142
143
144
144
142
143
141
139
138
139
141
141
143
143
145
145
147
146
147
146
146
145
145
147
144
145
144
143
143
141
140
140
139
137
138
138
137
135
135
135
134
134
135
135
135
135
135
135
135
137
139
137
137
138
138
139
138
138
135
135
134
135
134
135
136
136
137
137
139
140
141
140
141
141
140
140
140
139
139
139
139
138
138
138
139
138
138
138
138
138
137
138
137
137
138
137
138
138
140
137
136
138
139
141
140
139
139
139
139
140
140
140
140
141
139
138
138
139
138
137
137
138
138
137
134
135
135
136
136
136
139
139
140
140
141
139
138
139
141
139
140
138
138
138
138
140
137
136
138
136
135
136
135
133
133
135
135
136
133
133
135
135
134
133
134
134
136
136
137
136
136
137
137
135
136
136
136
136
137
138
139
141
142
141
143
142
142
142
140
140
139
139
138
137
137
136
136
136
136
137
136
136
136
136
137
137
138
138
138
138
138
138
139
140
141
143
143
142
143
143
144
144
143
143
142
141
142
140
142
142
142
143
143
144
144
143
143
142
142
142
144
144
144
144
145
145
144
145
144
146
146
143
145
145
145
143
144
143
141
142
142
140
140
140
138
137
137
138
138
138
139
139
139
139
140
139
140
140
139
139
139
139
140
140
140
139
139
138
139
138
139
139
139
139
139
137
137
138
137
136
135
135
136
136
135
136
136
138
137
137
138
136
135
135
135
134
134
134
135
135
136
136
138
138
138
138
137
137
136
136
134
135
135
136
137
136
135
135
135
132
132
132
133
134
132
132
132
132
132
132
132
133
133
133
132
132
133
134
133
135
134
134
133
132
132
133
134
135
135
136
136
135
134
134
135
135
135
136
137
136
136
137
138
138
138
138
138
138
138
138
138
139
140
139
139
140
140
139
139
139
140
140
140
141
139
139
139
138
135
135
136
137
136
136
136
135
134
133
134
133
133
133
133
133
133
133
135
134
134
133
136
135
134
132
132
135
134
134
133
133
132
132
133
134
134
135
136
136
135
136
135
136
134
135
134
135
133
133
133
131
132
133
134
136
137
137
138
137
139
139
140
140
139
138
141
140
140
140
140
138
138
138
138
138
137
135
135
136
138
138
136
135
135
137
136
136
136
136
135
135
137
138
138
139
140
140
138
138
136
137
135
135
135
135
133
134
134
134
133
133
133
132
133
133
134
135
134
132
133
135
136
136
137
138
137
137
138
138
138
137
138
137
139
137
137
137
140
141
140
140
138
138
141
141
140
143
143
142
142
142
140
139
138
138
140
138
137
135
137
137
136
135
135
137
138
138
140
140
140
139
138
137
138
136
135
134
133
133
134
135
136
137
136
137
137
139
139
139
139
138
139
141
142
142
141
141
142
140
141
141
141
142
141
142
142
142
142
142
140
142
143
143
144
142
143
145
145
147
149
148
146
146
146
146
145
141
140
140
141
141
141
140
139
139
138
138
138
136
136
136
136
136
135
135
135
135
134
134
133
133
134
134
133
133
133
132
132
132
133
133
132
132
134
135
136
137
138
136
136
137
136
136
135
133
133
135
135
135
137
138
138
137
137
136
135
135
134
133
133
134
134
134
134
135
137
137
137
137
137
137
133
134
134
135
134
133
134
133
133
132
132
132
133
133
134
135
136
138
137
138
137
134
135
133
133
134
133
132
134
135
134
134
134
134
134
135
134
133
132
132
132
129
132
132
131
131
134
133
133
133
134
134
134
134
137
136
138
139
139
138
137
138
138
135
135
134
131
129
130
129
131
129
129
129
127
127
127
127
127
126
126
126
127
127
127
126
126
125
126
127
128
130
130
130
130
129
130
129
130
131
131
131
132
134
133
130
129
128
128
128
127
126
125
126
125
125
122
122
122
122
124
124
124
123
123
124
125
126
126
126
125
124
125
124
124
124
124
124
125
125
126
127
126
125
125
125
128
130
129
128
129
128
128
125
125
127
127
128
128
130
129
128
125
126
126
126
126
126
126
127
129
129
127
128
128
129
130
130
131
131
132
131
131
132
134
138
138
137
136
136
138
135
133
134
133
132
135
133
133
133
135
135
136
136
132
131
131
129
128
128
129
128
129
127
127
128
128
126
126
125
124
125
124
127
127
128
127
126
126
126
127
126
126
126
125
124
125
126
126
126
127
126
126
126
127
128
127
128
128
131
129
127
127
128
127
126
125
127
127
128
128
128
127
127
127
125
126
126
124
124
123
122
121
121
121
122
122
121
121
121
121
122
121
120
121
121
121
121
120
120
120
120
120
120
121
122
122
121
120
120
120
120
120
120
121
121
122
122
122
124
124
124
124
124
125
125
124
124
124
123
124
123
122
120
120
120
122
122
120
119
120
120
119
120
120
119
119
122
122
123
126
126
126
123
123
124
123
122
121
122
122
122
123
123
124
124
125
125
125
127
127
127
123
123
123
123
123
124
124
124
124
125
124
124
124
123
122
121
120
121
120
120
120
120
122
124
124
124
124
125
126
125
124
125
124
124
123
123
123
123
123
123
123
122
122
123
123
124
123
124
123
123
122
121
121
122
124
124
124
124
124
124
124
125
124
122
121
121
120
121
122
123
122
121
120
119
121
121
123
124
123
124
124
124
123
124
123
121
120
120
121
121
121
123
124
123
124
124
122
121
121
119
119
120
120
121
124
124
125
125
123
122
122
124
124
123
124
125
125
125
123
124
124
125
126
126
125
123
124
125
122
122
121
121
121
121
120
119
120
118
117
117
117
118
120
120
120
119
118
118
117
118
120
120
120
120
120
120
121
121
121
121
120
121
119
119
120
118
118
119
119
119
120
118
118
117
117
115
115
115
115
115
117
118
118
118
119
120
120
121
121
122
122
122
121
120
121
121
121
119
119
118
119
119
119
118
118
118
118
118
118
118
118
118
120
122
121
121
120
120
118
119
119
118
119
119
119
120
120
121
123
121
122
122
122
124
125
124
121
122
123
123
122
121
121
122
121
120
118
118
118
118
117
120
120
121
121
121
120
121
122
121
121
121
122
120
121
122
122
123
124
122
122
121
121
120
122
123
124
123
122
121
121
120
122
122
122
123
124
122
123
123
123
123
124
124
126
124
122
123
121
121
121
122
122
121
124
125
124
123
122
121
121
121
123
123
123
119
118
116
118
118
118
119
119
119
119
119
120
120
120
121
121
120
120
120
122
121
121
122
120
119
118
118
118
118
119
120
119
119
120
120
120
121
122
121
122
122
122
120
118
118
118
119
119
119
120
122
122
122
123
122
122
123
123
123
124
123
123
123
123
124
124
124
124
122
122
123
124
125
126
124
123
123
123
124
121
120
120
121
121
121
120
120
121
117
118
118
118
118
119
119
119
119
119
118
117
115
117
117
117
117
119
117
117
117
118
118
121
122
124
123
122
122
122
124
123
124
125
124
124
124
123
124
121
122
123
123
123
121
122
123
123
122
120
120
119
121
122
120
121
120
118
117
117
118
120
120
118
119
118
118
118
119
121
120
122
121
121
121
121
120
119
119
118
117
117
117
116
116
119
120
120
121
124
122
122
123
122
122
122
122
121
121
121
120
118
118
117
117
117
117
118
118
118
118
119
117
118
118
118
117
119
119
119
119
119
118
118
119
119
121
122
119
120
121
121
120
120
119
120
120
120
122
123
122
121
122
119
120
121
121
121
121
120
120
120
118
118
118
118
119
118
118
117
117
118
120
122
123
123
123
122
122
123
119
120
119
120
119
117
117
118
117
116
116
115
116
118
120
120
120
119
119
119
120
120
119
120
119
120
121
123
124
124
124
125
124
122
123
121
121
121
121
121
120
119
119
121
123
124
125
125
125
125
125
127
127
125
124
124
123
125
124
124
124
123
124
123
121
121
124
123
121
122
121
121
123
123
122
123
124
123
123
119
119
119
120
122
122
121
120
120
122
123
123
123
123
121
120
120
120
119
123
122
121
120
122
122
123
120
117
116
115
115
114
115
115
115
115
115
116
116
117
118
118
119
119
119
119
121
122
122
121
122
124
122
121
117
116
116
116
116
116
114
113
113
113
113
112
111
111
112
113
113
114
115
115
115
116
116
116
116
116
117
117
117
117
118
119
118
119
119
119
119
120
121
119
120
123
121
117
117
115
113
112
113
116
115
114
113
110
108
109
109
107
108
110
111
112
115
115
115
116
117
115
115
114
113
110
110
110
108
108
107
107
107
107
107
106
106
107
107
106
107
107
106
106
105
105
103
103
103
104
105
105
105
105
107
107
107
107
110
109
109
107
107
106
105
104
103
103
103
104
104
104
104
104
103
103
105
105
108
108
108
110
109
109
109
109
108
107
107
107
107
106
105
105
105
103
102
104
104
103
103
101
101
101
100
100
98
100
101
102
101
101
101
101
101
101
102
102
101
101
100
101
101
102
102
102
102
103
103
102
103
103
102
103
103
103
101
101
102
102
103
103
103
103
103
103
104
106
104
105
105
105
105
104
104
104
104
105
105
106
106
105
105
104
104
106
105
105
105
107
109
109
109
109
107
107
107
108
108
107
108
109
110
113
113
112
110
107
106
106
107
106
107
106
106
107
107
107
107
106
106
105
106
108
109
108
108
106
106
106
104
105
104
104
104
104
103
103
103
102
103
103
104
105
105
105
106
106
105
103
103
104
103
102
102
102
102
102
102
103
104
104
104
104
104
105
104
104
104
102
101
101
102
103
103
104
105
104
104
103
102
102
102
102
103
103
103
102
101
100
100
101
102
103
102
101
101
101
102
102
102
102
102
103
103
103
104
104
105
105
104
102
101
100
99
99
99
100
102
100
102
103
102
102
102
102
102
102
103
103
103
104
107
106
106
107
108
108
108
108
109
109
110
109
109
108
107
106
105
105
106
105
105
105
105
104
104
103
103
102
102
102
102
101
101
101
104
105
104
104
103
102
101
103
103
103
103
104
104
104
104
103
101
99
99
100
101
101
100
99
100
100
101
98
98
98
98
98
98
98
98
98
98
98
99
97
98
97
97
97
96
98
99
99
100
101
100
98
99
100
100
99
99
100
102
102
104
104
104
105
105
104
104
104
102
101
100
100
100
100
99
100
101
101
101
101
98
98
98
98
99
99
99
99
99
98
98
98
100
100
100
100
101
101
100
100
102
101
102
100
101
102
101
102
102
102
102
103
103
103
103
101
100
100
97
97
99
100
98
97
95
95
95
95
95
95
95
96
95
95
95
96
95
95
95
95
95
96
96
96
96
96
96
96
96
94
94
93
92
92
93
94
95
95
95
95
95
94
94
94
95
95
94
96
95
95
94
95
96
97
95
95
96
96
95
92
93
92
91
91
91
91
92
90
90
90
92
91
90
90
90
90
90
90
90
91
91
90
91
90
90
90
90
91
91
91
92
92
91
90
89
88
88
89
88
88
88
88
88
88
88
88
88
88
87
88
88
89
89
89
90
90
91
92
94
95
94
95
94
92
90
90
90
90
90
91
92
91
91
91
89
88
89
89
90
90
90
89
89
90
90
90
90
90
90
90
90
90
91
93
90
90
90
90
89
89
88
88
89
89
89
89
89
89
91
89
88
90
90
90
91
91
93
93
94
93
92
92
92
92
92
92
92
92
92
93
94
93
94
92
93
92
92
92
91
91
91
91
91
91
89
88
88
89
87
86
86
87
87
87
87
88
88
89
90
91
91
91
90
89
89
89
89
88
87
87
87
88
90
90
90
90
91
91
91
91
91
91
91
88
87
86
85
85
85
85
85
86
88
88
90
90
90
90
90
91
90
90
88
87
88
87
87
88
88
88
88
88
87
87
86
85
85
86
86
87
86
86
86
87
87
88
88
87
87
89
90
90
91
91
91
90
89
89
88
88
88
88
88
88
89
90
91
91
91
92
92
93
93
93
93
92
92
92
92
92
92
92
91
91
90
90
90
89
88
88
87
87
87
87
86
86
88
89
89
89
89
88
88
88
87
88
88
88
87
88
88
88
89
90
90
88
87
88
89
87
86
86
86
86
85
85
84
84
84
84
84
85
85
85
86
88
88
86
87
87
89
90
90
90
91
88
88
89
90
91
91
90
90
89
89
88
87
88
87
87
87
86
86
86
87
87
86
86
86
87
89
89
88
88
88
89
88
87
87
87
88
89
89
89
89
89
89
89
88
89
87
87
88
87
88
89
89
90
90
90
90
90
89
89
89
89
89
90
89
89
88
88
88
88
88
89
89
89
89
89
88
89
89
89
89
88
88
88
88
88
90
91
89
89
89
90
90
91
93
94
94
94
93
94
94
93
92
93
93
94
97
97
97
97
96
96
96
97
95
94
94
94
95
95
94
94
94
94
93
92
91
91
91
90
91
92
93
94
94
94
92
91
90
90
91
91
89
90
90
89
89
89
90
91
90
90
91
92
91
90
91
91
91
92
91
91
90
89
90
90
91
91
92
91
91
91
91
90
90
90
91
92
92
93
93
93
93
93
94
94
94
93
93
93
95
96
96
96
96
96
96
97
97
95
95
96
97
97
95
96
95
93
93
93
93
93
93
93
93
92
93
93
93
92
93
94
94
93
94
95
96
96
96
97
96
97
95
95
96
93
92
92
92
93
94
95
94
94
93
92
91
91
91
91
91
90
90
90
90
89
89
89
89
89
90
89
89
89
90
90
89
90
90
90
90
91
91
91
92
94
94
93
93
93
94
93
92
92
93
92
93
94
93
93
92
93
92
92
91
93
93
92
93
93
93
93
93
93
92
92
92
91
93
94
94
95
96
96
97
98
96
95
94
94
93
93
94
96
96
97
97
97
97
96
97
98
97
96
97
96
96
95
95
94
94
94
94
95
94
94
94
93
93
94
94
97
97
95
95
95
95
96
96
96
94
93
92
92
91
93
91
91
90
90
91
91
91
89
88
88
88
89
89
89
89
88
89
89
89
90
88
87
87
88
89
90
91
91
92
92
92
91
91
90
89
88
89
90
88
88
88
88
87
87
88
88
87
88
89
89
89
90
89
89
88
88
89
90
91
90
90
90
90
90
89
89
89
88
87
87
88
88
89
89
89
89
89
88
88
88
88
88
88
88
90
89
89
89
88
87
86
86
87
88
85
85
85
85
84
84
84
84
84
82
81
81
81
81
79
79
81
81
81
81
82
82
82
82
83
83
83
85
87
85
85
85
86
88
88
88
90
91
91
89
89
89
89
88
88
87
88
88
86
87
87
87
87
87
87
87
87
86
86
86
86
85
86
86
84
84
84
84
85
84
84
84
83
82
81
81
83
83
82
83
83
83
84
84
85
85
84
84
84
83
82
82
84
82
83
83
83
83
84
84
83
83
83
84
88
89
89
87
88
87
84
84
83
84
84
84
84
84
84
83
82
83
83
83
85
84
84
84
85
85
87
87
85
85
83
83
83
83
81
81
82
82
82
81
82
82
84
83
83
83
83
85
86
85
86
86
86
84
85
85
86
88
88
86
86
86
87
89
89
88
88
87
86
86
86
85
86
86
85
84
84
84
84
83
84
85
86
87
87
88
87
86
85
85
84
84
81
81
80
80
80
82
83
83
83
83
84
86
86
86
86
87
87
87
86
85
84
85
85
85
85
85
86
85
86
86
86
86
85
85
85
85
85
85
85
86
86
85
85
85
87
87
87
88
88
89
89
89
90
89
90
89
90
90
90
90
90
90
90
89
88
89
89
87
88
88
86
86
87
87
89
89
88
90
90
90
91
91
91
90
91
91
92
91
91
90
90
90
92
92
93
93
93
93
93
94
93
92
90
90
90
91
89
89
89
89
89
90
90
91
91
91
91
91
92
93
93
94
94
94
94
95
93
93
94
95
95
95
94
95
95
95
96
95
94
91
90
89
89
90
91
91
91
91
92
92
92
93
94
94
93
94
94
95
95
95
95
94
94
95
95
96
95
95
96
95
94
94
94
93
93
94
94
93
91
91
90
89
89
90
90
90
91
90
91
89
89
89
88
88
88
89
89
87
87
88
88
88
88
89
89
89
89
91
92
91
90
89
88
90
92
92
94
93
93
93
94
95
95
96
96
94
94
94
94
93
93
92
92
91
92
92
92
92
92
92
93
93
92
91
91
90
