0.0005903448275862068 0.0008293103448275862
300
293
286
280
279
276
275
274
267
267
262
257
253
251
250
249
247
248
243
242
242
242
240
238
241
240
239
233
229
231
229
228
228
229
228
227
227
226
225
223
223
221
220
223
223
222
220
221
220
222
221
220
218
218
217
217
217
215
214
215
214
214
211
211
211
210
209
209
208
206
205
203
203
204
204
205
205
205
209
208
207
206
205
206
209
209
208
210
213
215
214
214
215
213
213
210
209
208
209
209
208
207
206
205
207
208
209
208
206
206
204
205
206
210
210
208
208
206
208
207
206
210
210
211
210
209
209
209
210
212
209
208
208
208
210
212
214
212
211
209
208
206
207
207
207
206
205
204
201
199
197
196
197
195
194
195
194
193
195
194
193
192
193
194
192
192
190
191
191
192
194
194
196
196
196
196
194
195
196
196
194
193
193
193
195
194
194
196
199
199
199
200
200
199
197
195
195
195
195
197
196
195
196
195
196
196
196
196
197
196
197
199
198
199
199
199
196
198
198
198
199
199
199
196
196
196
195
197
198
197
197
197
195
194
191
192
192
192
191
192
194
196
195
193
192
193
192
194
196
197
197
194
193
194
195
194
192
191
191
192
191
190
190
189
187
189
187
188
187
185
186
188
187
187
187
186
186
187
187
188
189
189
188
188
187
188
188
190
189
187
188
187
187
187
187
187
186
187
189
187
188
184
183
183
182
183
182
184
185
184
185
184
182
182
183
185
186
186
185
186
185
186
185
187
188
186
186
186
186
187
186
188
188
189
189
188
188
186
185
184
184
184
184
183
185
185
184
184
185
186
189
189
189
186
187
188
188
187
185
185
186
187
186
185
186
187
187
188
188
188
186
187
186
187
187
187
187
188
188
188
189
189
188
188
189
191
192
193
192
191
190
189
191
192
193
191
189
189
186
186
188
188
188
189
188
187
187
187
186
183
184
183
187
188
186
186
186
186
185
184
185
184
185
186
186
189
190
188
189
192
195
195
194
191
189
192
192
192
192
188
186
186
186
186
189
189
189
187
187
187
186
187
187
188
188
187
186
183
184
185
187
185
185
184
186
186
186
185
184
185
186
185
186
184
185
183
183
182
182
182
182
182
182
181
182
180
180
180
181
180
181
179
180
180
180
178
178
177
177
175
175
175
176
177
175
174
174
175
175
175
177
177
176
177
178
178
178
180
180
180
179
178
178
178
177
178
179
179
177
175
175
175
176
176
177
180
180
180
181
181
180
178
179
179
179
177
175
175
177
178
178
179
178
178
178
179
178
180
183
184
184
183
183
183
184
184
184
184
184
184
185
185
185
186
187
187
187
187
187
186
186
185
187
188
189
189
191
193
191
191
190
188
188
186
185
186
185
184
183
183
183
181
182
180
178
177
175
175
175
174
175
175
176
175
177
177
177
175
176
176
176
176
174
175
175
175
174
172
172
168
168
167
168
168
168
168
167
169
169
168
168
167
167
168
168
167
168
170
170
170
169
168
168
168
168
169
170
170
170
172
172
172
171
171
171
172
172
172
174
173
172
173
173
174
172
173
172
173
172
172
174
173
174
172
174
174
174
175
174
174
175
175
175
174
175
176
175
175
175
176
175
174
173
175
175
175
172
171
169
167
166
166
165
165
165
166
166
168
168
169
170
169
169
170
171
170
171
172
173
173
173
172
173
174
174
172
172
172
172
173
174
173
173
171
170
169
170
170
170
171
171
170
171
172
171
172
173
171
170
171
171
171
169
169
171
169
166
168
168
168
168
167
165
165
164
164
164
163
163
161
161
162
161
162
161
161
164
163
163
164
164
166
165
166
167
167
165
166
167
168
169
169
168
168
167
167
167
166
165
166
165
164
164
164
165
162
162
161
163
163
163
164
164
164
164
162
160
160
163
165
166
167
169
169
166
167
166
166
167
168
169
167
167
168
166
165
166
168
169
169
170
172
170
168
169
169
167
166
167
166
165
165
165
165
164
165
164
164
164
164
164
164
167
169
170
171
171
171
172
170
171
172
171
169
169
170
170
170
169
169
168
168
171
171
170
169
170
168
168
168
166
167
167
168
168
168
169
168
168
168
169
168
169
169
169
169
169
169
168
166
164
164
165
165
164
167
168
168
166
164
165
165
165
165
165
164
164
164
164
164
165
165
161
159
159
159
159
160
160
157
159
158
158
159
159
159
159
159
160
160
160
160
160
159
159
159
161
162
162
162
162
160
160
160
160
162
160
158
158
160
162
163
161
161
161
161
161
159
160
161
161
161
161
161
162
162
163
163
163
163
159
159
158
160
159
156
156
156
157
156
156
157
157
158
160
159
159
160
160
160
160
161
159
158
158
158
160
162
162
162
162
162
161
162
162
161
161
163
165
165
164
164
161
162
162
161
160
160
160
160
161
161
160
162
161
161
163
163
162
161
161
160
157
159
160
156
156
156
154
154
154
154
155
155
155
156
157
157
158
159
158
158
158
158
157
157
157
155
155
156
155
154
155
155
157
157
156
156
156
155
154
153
153
156
156
154
154
152
152
154
154
153
153
153
152
152
152
153
155
156
157
158
158
161
161
159
158
157
157
157
159
159
159
158
158
157
156
155
155
153
152
152
153
154
154
154
155
155
154
153
153
153
153
155
155
155
155
155
155
153
153
153
154
154
154
152
152
151
151
151
151
151
151
150
149
151
152
152
153
150
150
152
152
154
155
156
155
156
155
155
156
157
156
157
156
154
155
156
157
157
156
155
154
154
155
155
158
157
156
156
156
157
157
158
160
160
161
161
160
162
161
161
161
162
162
161
161
159
161
157
158
158
160
161
161
163
164
164
162
163
164
163
163
163
162
161
161
159
160
160
159
158
158
160
159
159
157
155
155
156
158
158
158
157
158
158
156
153
152
151
151
152
151
150
150
151
152
151
153
152
151
152
152
153
152
151
150
150
149
149
150
150
150
149
148
148
151
150
149
148
147
148
148
148
149
148
148
147
148
148
148
150
152
152
152
151
151
153
153
154
154
153
154
154
156
155
154
154
152
152
153
155
156
156
156
157
155
154
153
152
152
152
150
150
150
150
151
151
151
151
151
151
154
154
154
153
153
152
153
152
151
152
153
153
153
152
154
155
152
154
154
154
156
155
154
154
153
152
152
155
154
155
157
157
156
156
156
154
152
151
151
150
150
150
151
151
151
151
151
151
152
152
153
151
149
149
149
149
149
149
150
150
147
146
146
149
149
146
146
145
146
148
148
148
148
148
148
148
148
149
149
149
148
147
146
147
146
144
146
145
146
147
147
147
147
146
146
145
145
145
145
145
146
146
145
146
146
146
144
145
145
146
146
148
147
149
148
146
146
146
148
150
148
148
148
148
145
145
145
145
146
146
145
146
148
148
148
148
148
147
146
146
149
148
149
149
149
148
147
148
146
146
146
146
146
146
146
145
144
146
145
144
145
147
148
147
146
145
148
146
145
143
143
146
146
147
147
147
147
147
147
147
147
149
147
148
147
146
148
148
147
148
149
149
149
148
148
147
146
144
144
144
144
144
145
146
145
145
146
145
147
148
149
149
148
150
150
149
147
147
147
146
146
145
144
145
145
143
142
144
144
144
144
144
147
148
148
147
147
149
148
149
149
147
149
147
145
145
145
144
144
144
145
143
144
142
143
142
142
141
141
143
143
142
143
143
142
141
142
144
143
144
145
146
146
146
145
144
144
146
148
144
143
145
145
145
145
144
145
145
146
148
148
147
148
147
148
148
148
146
147
148
147
147
149
150
148
148
146
146
145
144
144
144
144
145
144
145
145
147
147
146
145
144
145
144
142
143
143
143
142
142
144
144
144
145
147
146
146
145
144
142
141
143
143
142
141
140
140
141
141
140
140
140
139
140
140
140
140
139
138
140
140
139
141
140
142
142
142
142
142
144
143
145
145
144
144
147
145
141
141
140
141
141
141
142
140
139
137
136
136
138
139
138
138
137
136
138
138
139
137
139
141
142
143
142
142
142
143
142
142
143
144
144
144
143
143
142
141
141
140
138
138
138
138
138
137
138
138
138
137
136
136
136
136
138
137
138
138
138
137
137
136
135
135
136
137
137
137
136
137
136
136
137
138
139
138
136
136
135
135
135
133
133
131
133
133
131
131
131
131
130
133
133
133
132
132
133
134
134
133
136
137
138
138
138
138
139
140
139
136
134
133
133
135
132
132
132
132
131
132
132
132
133
133
132
132
131
129
129
129
129
129
128
128
127
129
131
134
134
134
133
132
134
134
134
134
134
134
135
134
134
134
133
133
134
134
135
138
137
137
136
135
135
135
136
138
137
137
135
133
133
133
132
133
133
133
132
132
131
130
130
129
131
130
130
130
130
131
133
132
132
132
132
133
133
133
134
133
132
134
133
133
133
134
134
137
137
139
137
137
138
137
137
137
137
137
137
139
138
137
139
139
139
141
140
139
138
137
137
136
137
137
137
137
138
136
138
136
136
136
136
136
135
137
136
135
134
133
134
135
135
137
137
137
137
137
137
137
137
137
137
138
136
138
135
138
136
138
138
135
134
132
131
132
133
133
133
133
133
133
132
132
133
133
134
133
132
132
133
135
135
135
137
138
137
136
135
135
134
134
135
136
136
135
134
135
135
134
135
134
134
133
133
133
133
133
133
132
133
134
134
136
136
136
136
136
134
135
135
135
135
135
133
132
132
132
134
133
133
134
133
132
132
132
131
132
132
132
130
130
129
130
130
131
133
133
133
133
133
136
135
138
137
139
139
140
141
142
137
137
137
137
135
136
136
137
137
138
137
137
135
136
136
135
134
134
135
134
136
134
132
132
132
132
133
135
134
135
134
133
133
133
132
132
131
131
131
131
132
131
130
132
132
131
130
132
132
132
132
134
133
132
130
131
133
130
129
129
129
127
128
128
127
127
127
127
127
127
127
128
128
128
128
128
128
128
128
128
128
127
127
125
125
125
125
125
123
124
124
124
124
124
124
125
124
125
128
128
129
128
128
128
129
129
129
129
128
130
130
130
131
130
132
131
132
132
130
129
129
129
129
130
130
129
129
129
129
129
129
130
129
129
130
129
132
133
131
131
131
131
128
128
129
131
131
131
130
129
129
128
128
128
130
130
130
131
130
131
131
128
127
125
125
126
126
125
126
128
127
125
125
125
126
125
125
126
126
126
127
127
125
123
124
124
124
124
124
125
127
126
127
125
125
126
127
126
126
126
127
128
128
128
127
126
127
127
126
126
125
127
126
124
124
124
124
124
124
124
124
124
125
125
125
126
125
124
125
128
129
127
127
127
130
128
129
129
128
129
128
128
128
126
126
127
128
129
129
130
129
130
128
130
131
130
130
129
129
130
130
128
126
126
126
126
126
126
126
127
125
125
125
125
125
124
125
125
125
125
126
125
123
124
125
124
124
124
122
122
123
123
122
122
122
122
122
121
121
122
122
124
125
126
127
127
126
125
125
125
125
125
124
123
123
123
123
123
124
124
123
123
123
124
124
125
124
124
124
123
124
121
121
120
118
118
118
119
121
121
121
120
120
120
121
121
119
120
121
121
121
121
120
121
121
122
124
126
125
125
124
125
126
127
129
127
127
127
127
128
128
127
125
126
125
126
125
126
125
125
125
124
125
126
125
126
125
126
126
126
125
123
122
122
123
122
121
121
119
119
119
119
120
120
120
118
118
117
117
119
118
118
118
117
117
118
118
119
119
119
120
120
116
117
119
118
121
121
123
123
123
124
124
126
122
122
121
121
122
123
123
123
123
122
122
123
123
121
119
119
119
121
121
121
123
124
124
123
124
123
122
122
122
122
122
123
124
124
126
124
124
124
123
124
123
124
123
125
126
128
127
128
128
129
125
125
126
125
126
126
124
125
124
124
125
126
125
125
123
124
122
120
122
121
122
122
122
123
123
124
125
125
124
124
122
121
122
122
121
119
118
118
118
120
120
120
119
119
118
118
118
118
118
118
118
120
121
121
122
121
121
122
121
120
119
119
119
119
118
117
117
118
118
117
117
118
119
120
119
118
118
118
118
119
119
118
119
118
119
119
117
116
116
115
116
116
118
118
118
118
120
123
123
124
124
122
122
122
122
122
124
120
120
119
119
120
121
122
121
123
123
124
125
124
125
124
124
124
123
123
122
123
123
123
119
119
118
118
118
118
117
118
117
119
120
122
122
121
121
120
123
123
123
122
121
121
120
120
119
119
119
118
116
117
116
116
116
115
117
116
116
116
115
114
114
115
115
115
116
117
118
116
116
118
117
117
118
116
117
117
117
117
117
116
116
116
116
117
117
118
116
116
116
116
117
118
119
120
121
119
121
120
119
116
116
115
115
117
117
116
115
113
112
114
113
112
113
113
114
113
113
113
113
114
114
114
115
115
114
114
115
114
114
114
114
115
116
116
116
117
117
117
117
117
117
118
118
117
117
118
117
115
117
117
117
116
115
115
116
115
114
114
114
115
115
114
114
115
115
115
115
113
113
113
112
112
112
113
113
112
112
113
115
114
114
114
114
115
115
114
114
114
114
114
114
115
114
114
113
113
115
116
117
118
117
115
112
112
112
112
112
113
113
113
112
111
112
113
112
112
111
113
113
113
113
114
114
114
113
113
114
114
114
114
112
112
111
110
109
109
110
110
110
110
109
110
109
109
109
110
110
110
110
112
114
113
113
114
114
114
115
114
113
113
113
113
112
112
112
113
113
112
112
112
114
114
112
112
113
113
114
114
113
113
113
113
112
111
111
111
111
112
112
112
112
112
112
112
112
113
113
113
113
114
114
115
115
114
115
115
115
114
115
115
115
115
115
115
115
114
114
115
115
116
117
117
116
116
115
115
115
115
115
117
117
115
115
115
116
116
117
117
117
118
118
120
121
121
120
119
119
120
120
120
119
118
118
118
117
117
117
117
117
115
116
115
115
115
115
114
114
116
117
117
118
118
118
118
119
119
118
119
118
118
117
117
118
117
117
117
117
117
117
116
116
116
116
115
114
113
113
114
114
114
113
114
114
115
115
114
117
116
116
117
117
118
118
118
118
117
117
117
118
116
114
115
115
115
113
113
112
112
111
111
112
110
110
110
110
109
109
109
107
107
108
109
110
110
110
111
111
111
110
111
111
112
111
111
111
111
110
109
110
110
110
110
108
108
109
109
111
111
111
110
111
112
113
112
112
112
112
112
112
112
111
111
111
112
112
111
111
110
109
109
109
110
110
112
113
114
112
111
111
112
112
112
112
114
115
117
117
115
115
115
116
117
117
119
119
117
117
115
116
114
114
112
112
112
112
112
112
111
111
112
111
112
113
112
112
112
112
112
114
114
114
115
113
114
115
115
114
114
114
114
115
114
114
113
111
111
110
109
110
110
110
110
111
110
113
114
115
114
115
115
116
116
116
116
115
115
115
114
114
115
114
114
113
112
112
112
112
111
112
112
112
113
112
112
111
111
110
110
110
111
112
112
111
111
111
111
110
111
112
111
111
111
113
112
112
110
109
109
109
111
111
111
110
110
109
111
112
113
111
111
111
111
111
111
112
114
114
113
113
113
113
110
111
110
110
110
110
109
109
109
108
106
107
108
108
109
109
109
108
108
108
108
107
109
109
110
110
111
109
110
111
111
111
112
112
111
110
110
110
109
110
109
108
107
107
107
108
108
107
107
107
108
109
111
111
111
112
111
113
113
112
112
111
112
112
112
112
112
111
111
111
111
110
110
111
110
111
111
110
111
112
111
112
111
111
110
110
111
111
111
111
111
113
115
114
114
114
114
116
114
113
113
113
112
112
110
109
109
108
109
110
110
111
111
111
112
112
113
112
112
112
112
112
111
113
115
115
116
116
116
114
113
112
112
111
111
111
111
111
111
112
112
111
110
111
110
109
110
110
109
110
110
111
111
111
111
111
112
113
114
112
111
111
110
110
110
110
109
109
109
109
109
109
109
109
109
109
109
109
110
110
111
111
112
112
111
112
111
110
112
112
113
113
113
113
111
111
112
113
113
112
112
113
114
113
113
113
113
112
112
112
112
112
112
114
113
112
110
110
110
110
111
110
110
111
113
113
112
112
112
113
113
114
114
114
113
114
114
115
117
117
117
116
114
113
112
111
111
112
112
113
112
111
111
112
112
112
112
112
113
115
116
116
116
116
116
117
115
114
115
115
115
115
115
115
114
114
113
112
113
113
113
113
113
112
113
113
113
110
110
109
111
111
110
110
109
109
110
112
112
113
113
113
111
112
113
113
113
112
112
112
113
113
113
113
112
113
113
112
111
111
108
108
106
106
105
105
106
106
106
106
106
106
106
106
105
105
105
105
104
104
104
104
104
105
105
105
105
105
105
105
105
105
106
104
103
106
106
106
106
104
105
105
106
106
104
105
105
106
105
107
106
106
106
106
106
106
106
105
105
108
108
109
108
106
105
105
105
106
106
107
106
105
105
105
106
106
106
106
107
106
105
106
106
106
106
107
107
107
107
109
107
108
107
106
106
107
106
107
108
108
109
109
109
108
108
108
108
106
106
107
107
104
105
105
104
105
105
107
107
107
107
107
105
105
106
106
106
106
106
106
106
107
105
105
105
105
105
104
104
103
103
103
103
103
103
104
104
104
104
104
104
104
104
105
105
104
104
104
104
104
104
105
104
105
105
106
106
107
108
107
107
107
108
107
107
109
110
110
109
110
110
109
109
107
109
109
110
110
108
110
110
110
110
110
111
111
111
111
112
111
111
111
110
112
111
111
110
111
111
111
112
112
111
112
113
110
108
109
109
109
108
108
106
105
106
106
107
107
108
109
107
108
108
108
108
109
109
109
111
110
109
109
109
108
109
108
108
108
109
109
109
108
108
108
108
107
108
108
108
109
109
108
108
108
107
106
107
108
108
108
108
109
109
109
108
109
106
106
106
106
106
106
107
107
108
108
109
108
107
105
105
105
105
105
104
103
103
103
102
103
104
103
104
104
103
104
104
103
102
102
102
101
101
101
101
101
101
102
102
102
102
102
102
104
103
103
104
105
106
106
103
104
103
103
104
104
106
105
105
104
104
103
104
104
104
105
105
104
104
103
104
105
105
105
103
103
104
104
104
105
107
108
107
106
106
106
106
105
105
105
105
105
104
103
103
103
104
105
105
106
105
105
105
105
105
105
106
106
105
105
104
103
103
103
102
103
103
103
101
100
100
100
101
101
101
101
101
100
100
100
99
101
101
102
103
103
103
103
104
104
104
104
103
101
102
101
102
99
99
100
101
99
99
99
99
99
99
99
100
100
100
101
100
101
100
102
101
101
101
100
99
100
101
101
102
101
100
100
100
101
102
100
100
100
100
100
100
101
101
101
101
102
104
104
104
103
101
100
99
99
99
100
100
101
101
102
104
105
105
104
104
104
103
103
102
104
104
104
104
106
106
104
103
103
103
104
105
106
106
106
107
107
107
108
107
106
106
106
106
106
105
105
105
105
105
105
105
105
105
105
106
106
106
109
108
106
104
103
101
101
100
101
102
101
102
102
103
104
103
103
104
104
103
103
103
104
104
103
103
102
102
104
103
104
104
104
103
104
103
103
103
103
103
103
102
103
103
103
102
102
102
104
103
104
104
104
105
105
105
105
106
107
108
108
107
107
108
111
113
114
110
111
110
110
106
107
106
105
104
104
104
103
104
103
103
104
104
104
106
106
107
105
105
104
102
102
102
101
102
101
102
101
103
104
106
102
103
103
102
105
105
104
104
105
103
102
102
102
101
101
100
100
99
100
100
100
100
99
99
101
101
100
100
99
99
98
98
98
98
98
100
101
100
100
100
101
101
101
103
104
103
102
102
105
103
101
100
100
101
101
101
100
101
101
103
103
103
103
103
103
103
102
102
103
104
103
102
102
102
102
102
103
103
103
103
104
105
104
104
107
105
105
104
106
105
107
107
105
105
105
105
102
104
104
104
104
104
105
106
105
104
106
105
104
103
105
104
105
105
105
105
105
101
100
102
102
102
102
102
102
102
99
99
99
100
100
99
99
99
101
101
101
102
105
103
102
101
102
102
103
104
106
105
107
107
108
107
108
109
106
104
104
105
105
104
103
104
104
105
105
105
105
104
102
103
103
104
103
105
105
106
105
104
104
105
104
104
104
103
104
104
104
105
104
105
107
107
107
105
107
106
107
108
108
108
108
107
108
106
105
105
104
104
105
105
106
106
103
103
103
103
103
102
102
102
102
101
102
101
101
102
102
102
101
101
101
103
102
102
103
102
101
102
100
99
97
98
98
98
99
100
101
103
102
101
100
101
100
101
99
101
102
103
105
107
108
108
108
108
107
106
104
103
103
102
102
101
101
101
99
99
99
99
99
100
100
103
103
102
100
100
101
102
101
101
101
100
99
99
99
98
98
98
98
98
97
98
98
98
98
97
97
97
98
99
99
99
96
96
96
96
96
96
97
96
96
96
96
98
98
98
99
99
100
100
100
100
101
102
103
102
102
101
101
101
101
102
102
99
100
100
100
100
99
99
99
99
99
99
98
98
98
99
101
102
101
101
99
100
100
99
100
99
98
98
98
98
99
98
97
99
99
100
99
97
97
98
98
98
99
99
98
99
99
98
99
99
99
99
99
97
98
97
97
97
97
95
96
96
96
95
95
95
96
96
95
94
94
94
94
94
96
96
95
95
95
95
97
100
98
97
98
98
98
98
97
97
97
97
97
97
98
96
96
97
96
95
95
95
97
97
97
97
98
97
98
99
99
97
98
98
96
97
97
97
97
97
97
97
97
99
99
99
98
98
98
98
95
96
99
100
99
98
98
97
97
97
98
98
100
99
100
99
99
99
97
97
97
96
97
98
98
99
99
99
99
100
99
98
99
99
98
98
97
96
97
97
96
95
95
95
96
96
96
97
96
96
96
96
96
96
95
96
96
98
98
98
99
102
99
98
97
97
98
99
97
96
96
95
95
95
95
95
95
97
97
97
96
97
94
94
96
96
96
95
95
95
95
95
95
95
94
94
96
95
95
96
97
97
98
98
98
96
99
98
98
99
101
100
102
100
99
99
99
99
98
98
98
97
96
97
97
93
93
93
94
92
91
92
92
91
90
90
90
90
91
92
93
92
92
93
94
93
94
95
96
96
96
96
95
94
94
94
94
93
92
92
92
92
92
91
91
91
91
90
90
90
90
91
91
92
92
92
91
91
92
92
92
92
92
92
92
92
93
94
94
94
94
95
94
94
93
92
92
92
93
93
92
93
93
92
92
91
91
91
92
92
92
93
94
93
95
95
96
95
94
94
94
94
93
93
93
93
93
92
92
92
93
92
92
91
91
91
91
91
90
