0.0004196551724137932 0.000863448275862069
300
292
286
277
274
271
268
261
261
256
252
248
248
245
241
237
234
230
230
231
227
227
225
220
219
218
218
218
221
220
218
218
215
217
217
218
217
218
218
216
216
216
214
215
216
217
218
221
219
220
217
216
214
214
214
212
212
209
207
207
208
208
209
207
207
207
206
204
202
201
201
202
202
202
202
204
205
205
204
203
203
202
201
201
201
202
202
205
204
205
203
203
203
205
207
207
208
211
209
209
211
210
207
208
206
207
207
209
211
215
215
216
213
215
214
212
212
210
209
207
204
203
204
202
202
202
201
202
203
205
204
205
203
202
201
202
201
200
199
200
200
201
202
202
200
198
198
197
197
196
196
195
196
196
196
198
197
197
197
198
198
199
200
199
200
198
197
196
196
196
197
199
200
205
204
206
201
202
202
202
203
200
200
200
198
199
200
199
200
199
199
198
200
199
199
199
199
198
199
200
200
201
203
202
202
199
199
199
198
196
196
196
197
198
198
197
196
197
196
196
195
195
195
195
195
196
196
197
196
197
198
197
198
199
200
200
200
199
198
199
202
202
202
204
204
204
203
201
199
199
201
202
201
201
197
196
196
195
196
197
198
198
197
195
197
198
199
201
201
201
199
204
202
203
203
203
202
204
203
203
204
205
205
203
202
207
205
204
204
201
200
199
199
197
196
196
196
195
195
194
192
192
193
193
193
193
193
193
194
193
191
194
193
194
193
193
193
192
190
189
189
190
189
190
190
190
189
189
189
189
187
189
189
191
191
192
191
191
191
189
189
189
190
191
189
188
187
187
189
189
189
189
189
190
190
190
192
191
190
189
189
189
190
191
191
191
191
188
189
188
188
188
188
189
188
190
191
191
191
191
191
191
190
191
192
191
191
193
192
194
192
193
195
195
194
194
195
195
194
191
190
190
189
190
191
191
191
194
195
195
196
196
195
195
197
198
198
200
200
201
200
201
202
200
202
202
202
201
202
200
201
201
198
197
196
194
193
195
196
194
191
192
190
190
190
191
191
191
191
192
192
191
191
190
192
191
192
192
191
190
190
191
192
193
191
191
193
194
193
192
191
189
190
190
190
189
188
189
189
187
187
190
190
188
186
185
185
185
183
183
182
183
184
184
183
185
185
185
185
186
186
189
189
189
188
186
184
184
183
183
182
184
186
188
189
190
190
190
191
189
189
189
188
188
189
189
187
186
187
185
185
185
184
184
185
186
185
187
187
185
186
186
185
184
185
187
186
186
185
187
188
189
190
189
190
189
189
188
189
189
191
191
191
193
193
193
194
195
196
196
193
195
196
194
192
193
192
191
193
196
194
195
195
195
194
191
191
189
187
187
185
185
183
183
184
182
183
183
183
183
182
182
181
182
181
182
182
182
181
180
179
177
177
178
178
179
178
179
179
179
181
182
180
180
181
182
184
185
186
186
184
182
182
182
181
182
182
181
182
183
182
182
182
183
184
183
181
182
182
182
180
180
181
179
179
180
180
181
181
180
180
179
179
179
179
179
181
182
182
183
185
185
185
184
184
182
181
181
183
181
182
181
181
180
178
179
177
176
178
178
180
182
181
182
182
182
180
180
179
177
178
178
179
179
180
179
179
181
180
182
181
182
181
181
181
181
181
180
179
180
178
179
180
181
180
180
182
182
182
182
182
182
179
178
179
180
180
179
178
179
178
178
180
182
181
181
180
180
181
180
180
179
180
182
181
180
181
181
181
181
181
181
180
180
179
179
179
179
180
179
179
180
180
183
182
183
182
181
180
180
181
183
182
183
183
183
186
186
183
184
182
181
181
181
182
180
181
181
181
179
179
179
179
179
179
179
180
179
180
180
180
180
180
181
183
181
179
179
179
178
179
178
178
179
179
180
181
180
180
180
179
177
177
178
179
179
179
178
178
179
180
181
181
182
180
180
179
179
179
178
177
178
179
179
179
177
178
177
176
177
178
178
179
180
180
180
180
180
181
180
181
181
182
181
179
180
179
179
181
181
182
183
183
182
181
182
182
180
181
181
181
180
180
181
181
182
181
182
184
184
183
184
183
184
183
183
184
181
183
184
182
183
181
180
180
180
180
181
180
180
180
180
179
179
182
179
177
178
178
178
178
177
176
176
177
177
177
177
179
181
178
179
179
178
180
181
179
178
178
174
172
172
173
173
174
176
176
178
178
178
178
178
181
179
181
179
178
178
177
178
178
177
177
175
174
174
175
175
176
176
176
174
173
173
174
172
175
173
175
174
174
173
176
176
177
176
177
175
177
178
178
177
177
177
179
179
180
178
179
179
181
182
182
182
183
183
184
182
181
181
180
180
180
178
177
177
177
176
176
176
176
176
175
175
175
175
174
173
171
171
171
170
171
172
171
170
170
173
171
171
170
170
171
169
169
169
169
169
168
171
171
174
173
172
174
172
172
171
171
170
171
172
171
171
171
171
170
170
171
171
173
173
172
174
173
172
173
175
175
176
173
174
174
173
175
173
173
171
172
170
170
170
169
169
169
171
171
171
169
170
170
170
168
168
169
169
170
170
171
171
171
169
169
169
170
171
172
170
171
171
169
169
169
170
167
168
168
169
169
168
169
168
168
167
167
167
168
168
169
169
172
171
171
172
173
173
174
173
175
173
173
174
175
174
174
173
172
174
174
172
172
171
172
168
168
168
170
173
171
173
172
172
173
175
173
174
174
170
173
173
174
175
174
172
171
171
172
173
171
169
169
170
169
168
166
166
167
167
166
163
164
164
164
164
164
164
165
166
167
166
166
166
165
165
163
163
163
163
165
165
165
165
165
164
165
166
165
165
167
167
168
166
168
167
165
164
164
165
167
167
165
164
162
162
161
161
161
161
161
161
162
160
159
161
159
158
159
158
158
158
158
159
159
161
160
160
161
162
162
164
165
164
164
164
164
163
163
163
163
163
162
162
163
164
165
166
163
163
162
162
161
161
162
163
163
161
161
161
161
162
160
162
160
161
161
161
163
164
164
165
165
167
169
168
170
171
170
171
171
172
172
170
171
171
172
173
172
170
170
169
170
169
168
166
166
165
165
164
165
165
165
165
166
168
166
164
163
162
160
160
160
160
159
159
157
158
156
155
155
155
155
155
155
156
156
156
156
156
156
157
158
159
160
160
161
161
161
159
160
162
164
165
166
166
166
166
166
166
165
162
163
162
160
159
159
158
159
159
158
157
158
158
157
157
158
158
158
159
161
164
165
165
166
167
168
165
165
164
162
162
160
159
160
160
159
159
159
159
158
157
158
159
160
161
160
159
157
158
159
162
162
161
161
161
159
159
159
159
159
157
156
156
156
156
156
156
156
158
158
158
160
161
158
159
159
157
158
158
158
157
156
156
155
154
156
156
157
158
157
159
158
158
158
156
159
159
159
158
157
156
155
154
154
154
153
155
156
157
154
154
155
155
155
155
155
155
155
155
156
156
156
155
154
151
152
152
151
150
150
151
151
151
151
150
150
150
150
152
152
151
153
154
154
154
154
154
154
153
154
154
153
154
154
153
151
151
152
152
152
152
153
153
153
154
154
154
154
153
152
152
151
153
153
153
153
153
154
156
156
156
152
153
153
154
153
152
153
153
154
153
152
152
152
152
152
152
153
154
153
153
152
152
151
151
151
152
152
152
151
151
152
153
152
152
151
151
150
150
151
151
151
152
152
152
152
153
154
155
155
155
153
155
157
157
157
157
155
155
154
153
154
155
155
154
156
156
157
156
156
156
156
157
156
156
157
157
157
156
156
156
158
156
156
155
155
156
154
155
154
154
154
154
153
152
153
153
154
154
154
155
156
156
155
154
150
151
151
151
152
151
151
152
154
154
155
153
153
152
152
152
152
153
153
154
155
155
156
155
155
154
153
153
153
153
152
152
153
154
155
154
156
156
158
158
157
156
157
156
156
156
156
158
157
157
157
156
157
156
155
155
157
157
157
157
156
156
156
156
156
157
156
157
157
157
158
157
157
157
158
158
158
159
160
162
159
159
159
159
159
158
157
157
158
157
157
156
155
157
156
156
156
156
157
158
158
158
159
157
155
155
155
154
154
153
153
153
153
153
153
154
153
154
153
151
151
152
150
150
150
152
152
151
151
151
151
151
151
151
151
153
154
156
156
155
155
155
153
153
153
153
153
155
155
155
155
156
153
153
152
151
151
150
150
149
151
150
152
152
152
152
151
152
152
153
153
153
152
152
152
153
154
153
152
151
150
150
151
150
151
153
150
150
150
151
152
151
152
154
155
156
157
155
153
153
153
155
156
156
156
157
158
156
154
154
152
151
152
152
152
152
153
153
153
153
153
153
154
153
152
151
150
151
151
151
152
152
152
151
151
151
152
151
152
152
151
152
151
152
153
154
155
158
158
160
160
163
161
162
159
157
157
157
157
160
161
159
159
159
155
157
157
155
154
153
152
152
153
153
155
156
154
152
153
153
152
153
152
151
151
151
151
150
150
151
152
153
154
154
154
152
154
153
153
152
151
150
150
150
150
151
150
148
147
146
145
145
146
147
149
149
150
150
150
151
151
152
151
154
153
152
152
152
151
151
150
149
149
153
153
152
150
151
151
151
152
151
150
150
152
153
153
154
154
152
153
150
149
150
151
150
149
147
149
149
149
146
147
147
148
148
148
149
151
151
149
150
150
151
149
148
147
147
145
146
146
146
146
146
146
147
146
146
147
146
147
148
149
148
148
147
147
147
147
148
148
148
148
148
148
148
147
147
146
146
147
148
148
147
149
148
149
149
150
148
148
148
147
150
153
151
151
149
149
149
148
148
147
147
146
145
145
145
145
146
146
145
145
145
146
146
146
146
146
146
144
145
145
145
146
146
146
147
147
147
147
146
146
147
147
146
145
143
144
144
144
144
144
143
143
143
144
144
147
147
146
146
147
147
148
149
148
150
150
150
151
153
153
154
155
153
153
154
153
153
154
154
153
152
151
150
149
150
152
151
152
148
148
149
149
149
148
149
149
149
148
148
150
149
149
150
150
150
151
152
152
152
153
153
153
153
153
152
153
154
155
156
156
157
155
152
151
151
151
149
149
147
148
147
147
147
146
146
146
144
145
145
145
147
146
147
148
147
146
146
147
146
146
147
148
148
147
147
147
149
150
150
150
148
150
150
151
150
149
148
149
149
148
148
147
149
150
150
153
153
153
150
149
149
149
150
150
149
148
151
151
152
150
150
150
151
151
151
151
151
150
151
151
148
148
148
147
146
146
146
146
147
147
147
150
149
149
149
150
151
151
151
151
151
150
150
150
152
152
150
149
151
151
151
150
150
150
147
147
145
146
146
145
144
145
144
145
145
146
144
144
144
143
143
143
146
144
144
144
147
146
144
145
145
146
144
143
143
143
143
143
144
144
143
146
145
145
144
143
143
142
141
140
141
140
141
143
143
141
142
141
141
141
141
142
140
139
139
138
138
138
138
139
140
140
142
142
142
142
142
142
143
143
143
143
143
142
141
139
140
139
139
139
139
141
141
141
141
141
141
141
143
143
144
144
141
142
142
142
144
144
143
145
147
147
146
146
145
145
145
144
144
143
143
143
143
142
143
142
142
141
140
139
139
139
139
138
139
138
138
138
138
138
137
137
139
138
139
140
140
141
140
140
142
143
141
141
141
138
138
138
138
138
138
138
137
138
138
138
138
138
137
136
136
136
137
136
136
137
139
137
138
138
138
137
138
138
137
138
137
138
140
141
141
139
139
139
138
138
138
138
139
139
140
139
139
138
138
138
135
134
134
134
136
137
136
137
140
144
143
142
142
141
139
138
139
141
141
139
139
141
140
139
140
141
141
141
142
143
144
144
145
144
146
145
143
142
141
141
140
141
141
140
141
140
139
139
141
141
142
141
141
139
140
140
142
141
144
142
142
143
143
144
136
136
135
135
135
135
133
133
133
134
132
135
135
135
135
136
137
136
135
135
135
135
135
135
135
134
134
134
134
135
138
140
138
137
135
136
135
136
137
137
136
136
138
138
138
138
140
142
139
139
139
137
137
137
138
138
137
136
135
136
136
136
136
136
137
136
136
135
136
137
139
138
138
137
135
134
135
135
136
135
133
134
132
133
134
134
134
134
134
134
133
132
131
130
130
130
130
130
129
131
132
133
134
132
132
132
132
132
132
132
133
133
133
133
134
133
133
132
132
133
135
135
134
135
135
135
136
136
136
135
136
134
134
135
137
136
137
136
136
135
137
137
137
137
136
136
134
134
134
134
135
135
134
134
134
134
134
134
135
135
135
135
136
135
135
134
135
137
135
135
135
135
137
136
135
134
135
135
135
133
133
134
134
134
133
133
133
133
133
134
136
136
136
138
139
138
138
136
136
137
136
136
135
134
135
136
137
137
137
134
134
133
134
133
132
132
133
133
133
133
132
132
132
131
131
131
130
132
133
133
134
134
134
135
134
136
135
139
137
136
136
135
137
138
138
138
138
138
138
138
137
136
134
134
134
135
134
134
134
133
134
135
134
133
133
133
133
133
134
135
135
135
135
135
134
133
133
133
134
135
136
136
137
138
139
138
137
138
138
136
136
136
136
136
138
137
136
138
137
137
137
137
137
135
135
135
134
133
132
132
131
131
132
133
133
132
132
131
131
129
129
129
127
128
127
128
128
131
133
130
132
131
132
132
130
131
131
131
131
129
130
129
130
131
131
129
130
128
126
126
126
126
127
128
128
128
128
128
128
128
128
128
129
129
127
128
128
128
129
128
127
127
129
128
128
128
129
129
128
128
129
129
131
130
128
131
132
132
133
133
133
133
133
133
131
131
131
131
129
130
129
129
130
130
131
133
133
131
131
133
133
132
131
131
130
129
129
128
128
129
132
132
131
129
129
130
131
130
130
131
131
130
129
129
129
129
131
131
130
129
128
128
128
126
126
127
127
127
127
127
127
128
128
129
130
130
130
127
127
130
129
130
129
129
129
129
129
129
127
124
124
124
123
122
122
123
125
127
128
128
127
125
125
126
125
123
122
122
123
123
123
123
122
123
122
122
122
122
122
123
122
122
123
123
123
126
125
125
125
124
124
122
123
123
123
124
124
124
124
124
125
125
125
125
125
124
124
127
126
125
125
126
125
126
123
121
123
124
124
124
123
124
124
126
125
124
124
125
124
122
122
122
123
126
126
126
127
127
127
126
125
125
125
125
125
125
125
124
124
124
124
128
130
129
129
126
125
125
126
128
129
127
126
126
126
124
123
124
124
125
124
126
125
125
124
125
124
125
125
123
122
121
122
122
123
123
120
120
120
121
121
121
121
121
122
122
121
120
121
122
122
124
126
126
127
126
126
126
125
125
124
124
125
126
124
124
123
125
126
127
128
129
131
132
128
129
128
127
127
128
128
128
128
127
126
126
127
128
128
129
129
128
128
128
129
129
129
129
129
129
129
131
128
126
127
128
126
127
129
128
126
126
124
122
123
124
125
125
125
123
122
122
122
123
124
125
126
126
128
128
129
128
128
126
125
124
124
125
125
125
124
124
125
124
123
123
123
125
125
126
125
126
125
126
126
126
126
126
128
128
126
127
127
127
127
126
126
125
126
126
126
124
124
125
127
127
129
130
131
129
128
127
127
128
127
127
127
126
127
127
125
125
125
125
125
125
124
124
125
124
124
123
123
121
121
120
121
121
121
122
121
120
120
120
121
122
122
123
123
121
121
121
121
122
123
123
122
122
124
124
123
122
122
121
121
122
122
123
124
124
124
123
121
121
121
120
120
120
120
120
120
120
121
121
121
121
121
121
121
121
118
118
118
119
120
120
120
119
118
119
119
119
119
120
120
121
123
123
123
125
123
122
119
119
119
119
119
120
120
122
119
118
118
118
117
117
117
116
116
116
116
117
117
119
119
117
116
116
116
116
115
115
116
115
116
115
118
119
118
117
118
118
118
118
119
121
122
121
120
120
120
120
122
124
124
123
123
124
124
123
123
123
123
122
123
122
122
121
121
121
122
123
123
123
121
121
121
120
120
121
121
121
121
121
120
120
120
120
121
121
118
117
118
118
118
119
119
118
118
117
116
116
116
116
117
118
117
116
116
116
116
116
116
117
118
119
122
121
121
121
122
119
119
119
121
121
120
120
120
120
120
120
119
119
118
119
120
120
121
122
121
121
122
123
122
121
122
121
121
119
120
119
118
118
118
117
118
117
116
116
115
116
116
116
117
118
118
119
120
120
120
117
118
117
118
119
119
119
119
119
118
116
118
118
117
118
119
118
118
119
118
118
116
115
114
114
114
114
114
113
113
113
113
115
115
115
114
114
115
116
117
117
119
117
115
115
115
115
115
115
115
115
115
116
117
115
114
114
112
112
112
112
115
116
117
116
117
116
116
116
117
117
117
114
114
114
115
112
112
114
114
113
113
112
112
112
112
113
112
111
113
114
115
114
114
114
116
116
116
115
116
116
118
117
116
115
117
117
117
116
116
115
115
114
114
115
115
115
116
116
114
112
111
111
112
113
113
115
115
116
117
116
118
118
117
118
120
119
118
118
118
117
116
115
115
117
115
115
115
117
116
114
115
114
113
114
115
115
115
116
116
116
116
116
115
115
114
115
112
112
114
113
113
114
113
112
110
108
108
109
107
108
109
107
108
109
110
111
110
110
111
111
111
112
112
112
111
111
112
114
114
115
116
114
115
118
118
118
118
115
114
113
113
113
113
111
114
113
113
115
113
112
111
110
112
113
113
113
113
116
115
114
113
113
114
113
112
112
112
111
111
113
114
115
115
113
113
112
112
111
112
111
112
111
113
114
114
113
112
112
112
112
111
111
113
113
115
114
114
115
114
113
113
111
111
111
110
110
112
113
113
113
112
113
113
112
110
110
108
108
109
109
109
110
110
108
109
109
109
108
108
109
111
111
110
109
108
110
111
110
110
112
112
113
111
111
109
108
107
107
109
110
110
110
110
109
108
108
108
107
106
107
109
109
109
109
108
106
106
105
105
105
104
104
104
104
104
104
105
106
106
106
108
108
108
108
107
107
107
106
105
105
105
105
106
106
106
106
106
107
107
107
108
110
109
107
108
108
108
108
107
106
105
106
105
105
105
106
106
105
105
105
104
104
103
105
106
106
106
106
106
105
106
106
106
106
106
105
106
106
106
107
107
107
105
106
106
106
106
104
104
106
107
107
109
108
110
109
107
107
107
108
109
109
109
109
109
109
108
107
107
106
106
106
107
108
108
108
109
109
109
109
108
108
109
109
109
108
109
109
111
111
111
113
114
112
111
111
112
113
111
111
108
109
111
109
109
111
110
109
109
109
107
107
107
106
107
107
107
106
107
106
106
106
106
107
107
108
108
107
107
107
108
108
107
107
107
107
106
107
107
107
106
105
106
106
106
106
107
107
107
108
108
109
107
107
106
106
106
104
104
104
104
104
103
102
103
103
104
104
104
104
104
104
105
105
105
104
104
103
102
102
104
104
106
107
107
108
108
109
109
110
110
109
110
108
109
109
109
109
109
108
108
108
109
107
107
107
106
106
109
109
110
110
110
110
110
111
110
112
110
109
109
108
105
104
103
103
103
102
102
102
102
102
102
102
101
102
103
105
106
105
104
102
100
100
101
100
100
100
101
101
100
100
99
99
99
99
99
100
100
99
98
98
98
98
99
99
99
99
99
99
100
101
100
101
101
100
99
99
99
99
99
99
99
99
99
98
98
98
98
98
98
99
100
99
100
100
100
100
100
100
101
101
100
100
99
100
101
102
103
103
103
103
103
104
104
103
104
103
102
101
100
99
100
100
100
102
102
102
103
102
101
101
101
100
101
101
101
103
103
103
104
103
102
103
104
103
103
102
102
101
100
101
102
102
101
101
100
100
99
98
98
99
98
98
99
99
99
100
100
99
99
99
99
99
100
101
101
100
100
100
99
99
100
100
99
98
99
98
98
98
99
100
99
99
100
100
100
100
100
103
101
101
102
102
102
103
101
102
102
103
103
103
104
103
103
103
104
103
104
104
103
102
102
102
102
102
103
103
103
104
103
103
103
103
103
103
102
101
101
100
99
98
99
100
100
100
100
99
100
101
101
100
102
102
105
105
106
106
105
105
105
105
104
104
104
105
106
106
105
106
104
104
103
103
102
102
102
102
102
101
100
100
100
101
100
101
101
101
102
102
102
101
100
99
99
100
100
100
100
98
99
100
101
101
103
101
99
99
99
100
101
102
102
101
101
101
102
102
101
99
99
100
101
101
103
104
104
105
105
105
105
106
106
107
106
104
103
104
103
103
103
104
104
105
104
105
104
105
104
104
105
104
102
101
101
102
102
100
100
102
104
101
102
103
104
103
104
102
100
101
101
102
100
100
98
98
99
99
99
99
100
102
106
105
104
104
106
107
102
100
101
99
99
98
98
99
98
99
100
100
100
100
100
100
100
97
95
95
95
95
95
95
95
95
95
94
95
96
96
96
94
93
93
93
93
93
94
94
95
95
94
93
93
93
93
93
92
92
92
93
93
93
93
93
93
93
93
94
94
93
95
94
95
95
95
95
96
97
97
97
97
96
96
95
95
95
96
97
97
97
98
99
100
101
100
101
101
99
97
97
97
98
96
96
96
96
96
97
100
100
100
99
98
99
99
99
100
100
100
100
100
99
99
99
98
99
99
100
99
98
98
96
96
94
94
94
94
95
95
95
95
95
95
95
95
95
95
96
97
98
99
96
95
95
95
94
94
94
94
94
94
95
94
94
94
94
94
96
96
95
95
95
94
94
93
93
94
94
95
97
98
96
95
96
97
98
99
99
99
98
97
97
97
97
97
97
100
101
101
100
100
100
100
100
99
100
101
100
100
97
95
97
97
97
97
98
98
98
98
98
96
96
96
97
97
97
97
99
99
99
99
99
100
98
97
96
96
96
96
95
93
93
93
93
93
93
92
92
93
93
93
93
93
93
93
93
93
93
93
93
93
94
94
94
95
95
95
95
94
93
93
93
93
93
93
93
94
94
94
95
97
96
97
98
98
98
101
100
99
101
102
102
101
101
100
99
98
99
99
99
100
99
100
101
99
100
101
101
101
101
102
104
103
103
103
102
102
97
97
98
99
98
98
97
98
98
97
96
96
96
96
96
96
97
97
97
98
98
98
97
99
97
98
98
98
99
97
97
98
98
97
96
96
95
96
96
96
96
96
96
96
96
96
96
96
95
97
97
97
98
99
99
98
100
99
98
99
101
101
101
100
99
99
99
98
98
98
98
98
98
99
98
97
97
97
96
96
96
97
97
97
97
95
95
97
97
97
97
96
96
97
97
98
98
99
99
99
98
98
97
97
