0.0008975862068965518 0.00024896551724137937
300
295
295
293
291
289
288
286
286
280
282
283
284
284
284
283
285
284
285
284
280
281
282
280
282
280
281
280
278
279
278
279
278
280
280
281
283
282
282
281
279
279
279
281
281
281
280
281
280
281
281
281
282
282
281
283
283
284
285
287
288
287
288
289
288
289
291
290
291
289
291
292
292
293
293
289
288
290
290
291
288
287
288
290
290
291
291
294
294
294
294
296
295
297
297
297
296
296
297
294
297
297
293
295
295
295
295
298
298
298
298
300
302
298
298
297
300
300
299
299
299
300
303
303
303
304
303
303
304
304
304
306
307
309
307
311
307
308
308
308
306
308
308
307
306
306
306
306
305
306
309
310
311
311
310
312
314
316
316
314
315
317
320
319
316
320
318
317
320
317
317
318
319
321
322
320
318
318
320
320
319
319
320
318
319
322
320
322
324
325
323
322
321
321
323
324
324
325
326
326
326
326
325
323
322
323
324
328
330
333
335
337
335
333
333
332
332
332
332
331
330
331
333
336
335
334
332
331
331
330
333
332
335
337
338
341
340
340
342
339
343
344
344
344
345
345
345
346
345
342
344
345
343
340
340
341
341
346
346
348
349
349
351
353
353
351
351
352
353
355
354
354
357
359
362
362
359
359
360
358
360
358
364
365
363
364
366
366
361
362
362
362
362
365
366
366
361
358
360
359
359
359
361
360
360
358
358
359
358
358
356
355
356
359
359
359
358
356
359
360
359
358
358
360
361
360
361
361
362
364
365
366
364
365
366
367
365
367
368
367
366
365
364
365
367
367
368
370
369
371
370
370
369
369
366
368
370
371
372
372
374
376
377
379
380
381
382
382
382
385
385
386
388
387
390
388
389
388
389
391
392
391
389
391
393
392
393
393
391
391
389
390
388
389
389
388
388
391
390
389
391
392
393
392
390
390
391
393
392
390
391
390
387
389
389
389
389
390
389
388
386
386
386
387
388
389
387
386
386
385
385
386
389
391
391
391
393
391
391
393
394
394
395
395
396
394
394
392
391
393
396
394
393
397
398
400
399
400
401
402
400
401
402
402
402
403
403
404
404
404
404
404
404
404
400
399
401
401
402
404
403
402
402
403
407
403
403
404
404
404
407
408
406
407
408
408
409
409
412
412
410
412
413
410
411
411
413
415
415
418
422
423
425
424
425
426
430
428
426
427
426
422
424
425
427
428
429
428
427
427
427
429
432
431
432
431
430
433
434
432
434
433
434
437
437
437
437
438
440
438
436
438
438
439
440
443
442
446
444
441
441
442
444
445
449
448
446
447
445
445
444
445
446
445
447
447
444
441
441
442
440
440
442
440
441
442
444
445
445
449
449
450
449
451
454
454
455
453
451
449
448
447
446
447
448
447
449
451
452
452
453
453
452
451
452
449
449
449
449
451
452
452
448
450
454
453
450
452
455
457
458
458
456
456
454
453
454
453
452
450
451
454
454
456
453
455
452
451
452
452
450
448
446
444
448
449
450
452
455
457
457
456
455
456
455
455
456
455
460
458
455
456
455
454
455
454
454
458
458
455
455
453
456
458
459
463
463
462
460
458
458
459
459
458
460
458
457
455
458
458
458
458
458
459
460
461
461
465
467
468
465
467
466
464
467
466
466
467
467
467
469
468
467
466
466
467
472
471
469
471
471
472
477
477
479
477
477
478
478
478
478
479
478
476
476
477
478
479
478
480
481
478
478
480
481
478
478
480
480
481
482
484
484
487
488
487
484
488
491
490
490
490
494
495
495
494
494
497
499
500
501
500
499
495
493
494
490
491
492
492
493
494
492
491
494
494
494
496
496
498
496
499
496
496
496
497
501
501
501
501
504
506
503
504
504
505
502
502
502
498
500
500
501
502
503
505
502
501
502
501
501
504
508
513
508
505
507
510
512
511
511
515
513
512
508
506
507
506
505
504
506
505
507
507
506
504
502
504
505
502
501
501
507
506
508
508
511
506
506
504
504
502
503
504
502
503
502
505
508
511
514
515
516
517
520
516
514
515
517
518
520
519
520
519
521
521
518
518
517
517
516
518
517
516
518
518
515
517
520
525
527
529
523
523
523
524
522
526
527
526
525
521
522
519
519
522
527
528
532
533
537
533
530
530
533
532
530
527
522
523
518
520
521
520
521
521
522
524
526
529
530
528
529
534
535
532
534
534
536
538
534
537
535
535
538
536
533
534
534
535
533
535
534
535
531
530
531
528
527
531
531
533
534
534
533
531
529
533
533
533
534
535
538
538
538
538
539
541
542
544
544
544
539
540
543
544
546
548
545
544
543
543
545
547
548
544
545
545
543
544
544
543
547
549
549
551
548
550
547
545
541
540
539
540
538
539
538
543
547
546
547
550
549
549
549
549
553
554
555
552
555
554
554
553
553
555
554
557
558
559
560
559
562
562
563
560
561
561
563
563
562
563
565
567
570
568
567
567
567
566
570
568
574
573
571
565
563
562
564
564
567
567
567
568
568
567
566
567
564
564
563
562
558
559
563
565
566
567
564
568
566
567
568
561
560
560
562
557
559
561
559
558
556
557
564
562
563
563
564
569
570
568
567
564
565
566
567
567
565
567
566
565
565
563
566
565
561
564
565
567
568
566
566
566
564
564
565
564
564
569
571
567
573
573
573
570
568
565
565
568
569
568
572
571
570
569
569
570
568
566
567
570
572
567
572
571
572
570
571
570
571
570
567
565
567
566
567
568
572
570
571
568
567
573
573
574
573
573
572
570
568
567
564
567
572
571
569
565
566
566
568
568
569
569
567
569
571
573
577
577
578
575
577
572
573
573
572
570
567
567
563
566
570
568
568
572
573
574
577
577
575
577
579
578
576
577
576
577
577
579
585
586
588
587
584
586
585
586
584
588
586
587
582
582
586
581
585
585
583
585
587
585
585
584
582
581
585
588
588
591
591
594
593
597
596
594
594
594
598
600
600
599
600
596
598
593
595
592
591
592
593
595
599
600
599
596
599
600
600
598
601
603
603
601
602
603
603
600
601
607
608
606
605
607
606
605
605
604
606
605
604
603
606
605
602
601
601
603
608
613
609
609
608
608
608
607
607
610
611
611
612
609
605
605
607
608
606
606
606
606
608
605
605
607
607
610
606
602
598
601
603
607
607
605
607
604
604
603
601
604
601
604
608
608
604
603
601
603
602
600
607
604
605
602
603
604
605
605
605
606
607
608
607
607
609
606
607
606
602
600
599
599
600
599
604
606
606
606
603
603
605
606
607
609
606
604
604
604
605
603
606
609
607
601
601
602
602
604
602
599
600
603
604
603
605
607
605
603
601
600
600
601
602
603
603
604
602
604
606
605
604
607
608
611
609
612
607
609
609
607
607
609
613
616
616
614
616
619
624
620
618
620
620
621
617
618
620
622
626
623
624
623
623
618
617
615
613
614
613
611
612
614
618
619
618
620
621
623
625
623
621
620
619
627
628
627
630
627
630
631
637
639
632
633
631
630
633
631
630
635
635
634
636
635
632
636
639
638
634
633
629
630
631
629
627
629
629
631
629
631
633
635
635
639
637
637
637
635
634
633
633
633
632
631
633
630
631
630
633
635
634
637
639
640
639
642
639
640
638
640
638
638
639
636
636
634
636
638
633
635
638
637
636
637
639
639
641
640
644
647
650
647
647
649
650
650
649
647
648
646
646
648
650
652
656
650
651
652
654
652
657
657
660
657
657
658
662
660
663
664
663
660
655
655
659
662
662
662
663
659
658
658
656
660
659
652
650
650
651
653
654
655
654
653
655
655
654
655
654
656
660
658
656
655
655
657
654
655
655
654
658
660
657
660
664
662
665
664
666
668
667
667
664
661
658
652
650
651
649
648
652
653
656
659
661
656
656
660
654
657
658
655
651
650
650
651
649
648
648
651
651
653
657
656
657
656
654
653
650
649
650
655
653
652
652
647
649
645
643
641
645
648
645
646
645
645
646
646
648
647
643
640
640
638
637
636
638
640
641
639
640
642
642
646
641
640
644
644
647
650
649
651
650
647
645
647
652
655
654
657
651
655
656
653
654
653
654
657
656
653
658
658
660
657
661
660
658
657
656
657
650
652
653
654
655
660
660
660
659
659
660
661
651
651
655
655
659
653
654
651
653
653
651
654
653
655
652
653
651
652
651
651
647
649
645
645
645
647
647
648
647
647
648
647
648
649
647
646
648
650
644
649
652
652
652
648
651
652
654
655
655
654
654
653
654
651
653
649
648
648
648
650
654
650
649
648
647
648
652
653
655
653
654
653
654
654
654
656
656
659
659
659
664
664
662
661
658
658
660
659
658
660
662
664
660
661
656
655
658
659
658
658
658
659
656
658
658
657
659
659
659
660
658
660
663
666
665
665
669
668
666
667
665
663
668
672
670
672
667
667
668
670
667
666
668
667
670
674
674
677
673
676
672
674
675
676
678
679
678
682
679
682
680
679
678
676
678
679
678
677
678
677
675
675
676
679
677
677
674
676
678
677
677
674
673
672
670
669
668
666
666
668
667
666
666
664
664
665
665
667
668
669
669
669
666
669
667
670
670
671
668
671
671
672
670
671
670
673
667
666
667
670
670
672
672
669
667
664
662
669
672
674
671
670
672
667
667
672
668
669
665
666
665
663
665
665
665
666
664
666
666
667
663
665
671
669
671
671
671
672
671
670
672
674
675
674
672
672
671
670
671
672
675
676
674
671
670
673
674
673
674
674
672
673
670
669
669
673
674
674
676
677
675
676
678
677
676
675
676
676
678
677
676
679
676
675
669
669
669
668
670
673
677
679
675
674
674
678
678
680
681
682
682
682
683
679
683
683
685
684
684
687
687
688
687
684
683
687
687
692
689
689
694
692
693
695
697
697
691
695
695
697
694
696
698
701
699
704
700
701
702
705
710
709
707
709
708
707
703
701
707
711
711
712
711
715
714
717
719
714
714
713
711
709
711
715
718
718
720
723
726
728
725
722
725
721
718
718
719
722
717
719
723
721
719
721
720
722
719
719
720
717
722
722
715
715
714
715
707
709
714
718
719
718
718
715
715
717
721
726
722
718
718
716
715
714
718
720
717
718
720
723
726
728
734
734
731
724
728
722
720
722
725
725
723
724
728
730
733
732
728
726
728
733
729
724
725
728
729
729
728
730
729
728
728
724
722
723
720
719
722
723
721
722
724
726
728
729
732
734
737
740
739
737
735
739
741
739
741
740
740
743
742
739
742
744
744
745
744
742
741
742
740
742
746
744
741
745
747
742
741
741
742
742
742
739
736
739
739
736
736
736
736
738
739
740
739
739
734
740
738
740
740
742
744
746
748
745
747
743
737
735
735
733
734
737
738
739
742
746
747
749
751
751
751
754
752
753
752
758
755
758
756
751
753
750
748
745
747
750
746
743
740
739
739
736
735
733
734
737
735
733
731
731
736
734
734
734
736
745
745
742
746
745
738
736
735
731
733
733
732
730
733
731
732
732
733
731
728
729
732
732
734
735
737
738
738
732
729
729
730
735
739
735
731
728
730
730
733
734
735
735
736
740
743
744
739
737
736
740
741
740
743
740
743
739
745
745
743
745
742
742
745
745
747
744
746
746
742
743
742
744
749
747
745
747
745
743
741
744
744
746
745
741
738
737
739
738
742
740
743
744
746
746
747
743
748
746
745
745
747
745
743
745
743
739
741
741
740
744
745
744
744
745
746
741
740
744
744
745
746
748
749
750
749
748
751
749
753
753
751
750
747
749
747
746
748
750
752
750
750
750
750
750
755
754
750
745
746
745
744
742
742
739
742
744
746
747
742
740
742
745
743
742
742
738
735
733
733
732
733
736
739
739
739
742
743
742
740
747
746
747
752
750
754
755
752
749
751
749
746
748
744
748
749
753
752
751
748
749
744
744
745
742
745
743
745
749
750
750
753
750
750
748
749
748
750
752
757
758
752
749
748
745
744
744
739
741
739
737
739
738
739
745
741
741
743
743
744
743
744
740
739
742
741
740
739
736
737
740
741
742
745
749
749
748
749
749
752
752
749
747
746
743
744
741
736
734
730
731
733
734
737
743
745
746
748
747
750
748
748
744
744
747
746
745
750
752
751
750
748
750
749
746
744
742
741
741
740
737
740
740
745
745
743
741
742
741
749
752
755
753
752
750
748
745
750
746
748
748
752
750
750
749
749
748
747
750
749
745
743
741
741
742
745
746
748
751
749
749
745
747
747
746
747
748
753
755
758
756
758
758
755
753
749
752
752
752
752
756
754
754
757
754
752
754
754
750
752
747
747
745
744
743
741
741
741
741
736
737
738
738
737
738
738
739
741
741
742
740
741
740
737
743
743
746
743
741
744
739
746
744
746
746
739
739
742
740
738
739
738
745
745
744
744
744
743
746
746
746
751
748
746
748
747
747
748
746
749
749
749
751
748
753
756
753
753
754
755
756
756
754
756
757
759
759
757
756
752
752
751
750
751
751
750
750
753
753
754
753
749
750
749
750
756
756
754
754
754
752
748
749
749
744
749
746
741
745
740
739
744
744
744
744
747
750
747
743
747
748
750
747
747
749
745
747
746
745
741
746
749
749
745
753
752
753
754
754
754
754
759
758
761
761
758
763
763
760
760
766
769
771
768
767
767
769
765
762
764
762
767
764
766
771
771
764
760
761
759
757
759
755
753
758
757
755
749
751
755
752
754
754
755
757
756
756
758
757
758
756
755
756
757
758
759
755
756
755
758
753
754
753
755
757
755
758
761
763
766
770
771
775
772
772
770
766
764
768
768
773
774
775
771
772
773
775
776
776
776
778
777
775
771
773
772
777
781
783
781
775
774
772
773
775
777
776
776
777
779
780
782
782
781
782
787
786
789
786
790
787
786
781
777
785
781
782
778
779
783
785
782
782
781
779
775
774
777
775
769
773
771
765
769
769
765
763
764
765
767
770
771
770
770
765
769
768
768
768
771
770
771
771
769
767
770
767
770
769
769
770
773
774
776
774
774
770
768
769
768
768
768
770
771
772
772
772
776
775
776
778
778
779
780
781
780
778
780
782
783
785
788
786
785
786
785
786
786
788
790
789
789
789
787
787
790
787
789
789
790
791
791
791
789
791
794
791
794
794
793
790
788
792
791
792
794
793
796
793
791
791
791
788
788
786
788
787
790
792
793
795
793
794
793
792
794
796
793
793
795
799
798
800
802
807
808
809
813
810
809
809
809
802
807
811
809
808
805
804
801
805
803
804
810
812
814
810
805
805
807
808
805
808
808
807
812
813
811
813
809
808
809
810
808
809
811
807
808
812
806
804
801
799
802
802
803
798
802
800
797
793
794
796
795
794
799
798
799
799
798
800
803
801
800
801
807
808
808
808
808
806
813
815
809
812
813
815
812
814
811
809
805
803
800
797
803
805
805
806
807
803
804
802
798
797
799
798
803
809
806
810
808
804
802
801
803
805
806
803
806
806
808
813
813
810
814
814
812
812
815
816
814
817
815
815
813
814
814
815
816
818
812
813
813
816
816
820
819
822
816
815
813
812
814
816
816
818
816
820
818
819
815
813
814
812
808
810
811
814
812
815
814
816
813
813
815
812
810
812
815
817
819
820
815
810
808
812
812
811
807
804
806
803
800
801
802
802
805
811
809
811
818
816
816
817
813
812
808
810
810
813
810
811
808
810
810
809
811
808
810
810
813
815
807
809
809
809
805
808
810
813
810
808
805
805
804
805
806
806
806
808
811
814
815
810
807
806
802
799
796
801
796
797
794
793
795
794
800
803
803
801
800
799
796
797
800
800
802
799
798
796
796
796
794
798
789
790
791
789
789
788
788
788
789
790
789
785
789
789
791
794
800
796
795
796
796
794
798
802
806
805
807
812
811
807
809
806
805
805
806
804
804
807
806
802
800
800
803
801
801
806
799
800
799
799
797
801
800
803
799
798
801
801
803
800
798
800
804
808
806
808
805
803
804
803
808
810
812
814
814
814
817
815
815
817
813
808
805
807
806
803
801
807
810
813
809
804
800
801
802
803
803
803
804
806
807
808
806
810
807
807
805
800
802
803
798
804
806
807
806
807
806
810
810
810
806
805
805
805
809
810
806
806
804
798
796
796
803
803
800
798
801
802
803
802
797
796
797
800
799
804
806
806
806
804
802
796
794
794
795
792
794
792
790
792
795
794
786
787
782
781
779
778
773
773
770
770
768
770
767
769
769
768
766
771
774
776
777
775
776
776
774
772
769
771
777
778
781
780
776
777
781
783
780
782
781
785
782
784
788
791
789
787
787
785
786
786
783
786
784
787
792
791
791
793
788
791
783
778
780
784
784
778
781
778
780
781
776
776
777
782
790
788
783
782
782
779
776
775
778
773
775
772
772
773
769
770
768
767
770
776
777
778
777
778
774
777
773
781
780
776
778
781
780
778
783
786
785
785
790
789
787
799
801
797
798
792
792
795
793
796
794
795
792
787
781
782
782
783
781
776
779
782
780
784
785
788
789
789
790
791
790
789
791
791
789
788
789
788
787
787
787
789
787
790
786
787
791
796
798
798
797
796
794
794
794
792
792
793
790
790
791
789
791
793
794
793
795
797
797
799
798
797
797
800
802
803
803
805
803
801
798
800
801
799
794
791
793
789
793
791
796
797
797
801
803
798
798
796
796
800
800
798
800
798
799
800
796
796
796
797
800
806
806
808
813
815
818
814
810
807
805
803
806
807
813
814
811
811
810
806
808
805
808
806
807
804
803
806
811
809
814
816
812
815
811
808
808
807
805
806
808
811
816
813
815
818
815
810
809
809
811
809
812
812
815
817
820
819
822
828
827
826
828
826
826
823
819
818
819
817
813
808
809
811
808
805
807
803
806
807
805
809
809
810
811
812
813
813
815
811
812
814
816
817
822
817
814
816
811
808
808
808
807
805
802
799
802
803
808
809
817
811
811
811
805
804
808
804
805
803
803
803
801
800
800
802
802
802
800
804
804
808
807
804
805
806
799
802
798
800
803
798
794
791
796
796
798
796
794
795
789
789
790
789
792
795
796
799
800
799
797
792
797
801
802
805
805
805
806
804
802
803
803
799
797
801
803
802
801
801
802
802
805
806
805
798
794
789
789
786
788
788
792
793
794
792
792
790
789
788
790
792
792
793
795
794
794
795
791
791
793
789
789
789
789
788
783
787
791
794
795
796
796
799
802
802
802
804
802
801
800
800
799
794
796
797
797
797
798
796
798
798
803
807
806
803
806
805
802
805
805
803
803
808
813
816
817
814
815
817
814
812
810
807
814
814
811
810
811
811
803
800
800
801
805
806
806
806
808
806
804
807
809
810
809
811
814
812
813
816
817
813
818
814
816
821
823
822
825
828
832
830
831
833
830
833
828
826
823
823
822
824
822
820
816
815
808
810
805
805
809
807
809
809
811
809
811
809
807
808
809
809
812
813
813
813
807
811
811
812
816
816
815
816
816
814
814
809
810
811
813
814
809
811
812
816
817
817
817
807
803
801
803
802
802
805
807
806
806
805
804
803
806
810
810
808
810
810
807
806
808
806
808
808
807
807
807
810
814
813
814
814
815
816
818
821
819
821
820
821
823
821
817
813
813
814
810
804
806
803
802
803
800
798
802
806
804
802
802
799
800
801
802
799
801
804
804
807
805
808
808
802
806
805
808
805
808
810
809
812
809
809
805
805
809
814
808
804
806
808
806
809
811
815
814
815
815
813
811
808
809
809
807
808
809
809
807
811
811
810
812
808
809
807
810
811
807
806
809
809
806
810
803
802
799
794
793
793
798
799
795
795
795
795
794
792
794
791
792
793
794
794
796
797
798
793
790
790
789
789
790
788
792
793
793
799
794
798
798
795
796
795
797
795
798
796
793
795
792
794
795
798
797
800
799
801
798
795
796
795
794
797
796
801
804
802
802
797
801
799
800
804
802
800
798
793
790
784
788
790
792
796
797
792
793
795
797
793
791
789
787
788
787
790
793
794
801
793
795
792
793
787
789
785
782
784
785
785
790
791
793
791
794
795
794
793
792
790
793
795
799
801
808
801
797
796
800
800
801
804
804
804
806
809
812
811
809
813
810
816
814
814
811
813
809
811
810
806
801
800
803
806
807
806
807
809
807
810
810
811
812
814
812
813
815
814
812
810
808
811
810
812
811
813
816
815
816
816
817
816
813
815
811
813
811
814
818
823
819
823
824
825
824
817
816
820
819
822
827
823
827
829
829
828
826
825
826
818
818
816
818
817
818
811
812
812
808
810
811
810
813
812
809
815
814
812
815
814
816
819
815
813
813
812
811
809
816
819
817
818
821
824
825
819
818
817
821
823
827
826
826
828
829
828
832
826
826
827
826
828
832
828
829
834
832
830
829
828
834
836
837
834
834
835
834
833
834
839
839
834
835
836
836
832
835
835
835
830
831
833
838
841
840
839
837
837
839
838
839
837
834
837
836
839
833
838
837
836
830
833
827
829
829
827
827
829
830
831
835
831
831
832
833
833
830
828
830
829
830
830
828
826
827
831
828
827
830
831
825
825
826
823
824
824
825
824
820
821
820
822
827
827
828
825
827
827
826
829
828
829
829
831
830
833
835
834
834
832
825
827
824
826
827
827
827
822
827
832
828
828
826
824
821
822
820
827
828
829
827
823
821
820
815
817
819
820
820
821
825
820
821
820
820
819
823
828
826
820
822
821
818
820
818
820
822
823
827
827
826
827
823
824
824
821
821
821
817
818
822
824
823
819
821
823
819
820
822
826
824
824
822
819
818
817
818
815
816
813
815
821
821
824
824
826
829
824
825
830
830
830
827
826
824
825
828
822
821
824
823
821
821
825
828
830
832
829
828
831
833
827
830
828
832
831
836
837
833
830
831
828
823
820
824
828
836
833
834
828
826
827
826
821
818
817
816
813
815
815
815
816
817
824
822
822
821
822
818
816
811
816
814
820
820
817
820
814
813
815
817
814
812
813
806
805
804
803
802
804
802
802
801
803
803
801
804
809
809
807
807
805
810
810
810
811
807
808
806
807
805
804
807
809
814
814
808
810
810
811
815
812
814
813
813
810
811
812
811
812
810
815
812
812
809
805
807
809
809
810
814
809
813
812
811
813
816
818
818
817
814
814
815
811
813
813
805
804
804
807
807
810
810
809
809
807
811
817
816
817
817
819
822
818
821
822
827
824
824
817
816
817
817
820
823
826
827
827
827
824
822
820
827
825
828
826
829
831
829
831
833
835
837
835
833
831
831
832
829
829
834
830
829
830
824
824
823
826
825
822
827
827
824
823
823
823
825
828
827
828
828
826
827
824
823
822
827
822
824
822
821
823
