0.0005903448275862068 0.00021482758620689656
300
292
293
290
288
287
286
287
285
286
288
290
289
288
286
286
287
288
284
283
284
283
283
285
286
285
285
286
287
287
288
290
291
291
291
292
291
292
289
291
288
286
289
289
290
290
290
291
291
292
292
289
287
285
284
284
285
287
288
288
288
288
288
291
291
294
296
297
296
297
295
297
296
295
294
293
294
291
291
291
292
288
287
289
289
289
290
294
295
297
298
298
300
301
304
302
301
299
297
298
296
297
298
297
298
300
300
298
298
296
295
296
297
294
296
298
300
301
297
296
296
298
298
298
299
298
299
301
302
304
304
307
310
308
306
306
304
302
301
302
303
302
301
304
307
306
307
309
307
307
306
305
304
303
303
303
305
305
306
307
306
309
310
306
305
306
308
310
310
307
308
308
306
305
306
309
308
307
309
308
307
307
311
310
307
309
306
304
303
306
307
305
305
304
304
304
306
307
308
309
308
308
306
306
307
306
306
308
309
314
312
310
312
311
311
314
315
316
316
316
316
314
315
315
314
314
316
314
314
315
312
312
312
312
310
310
311
312
312
311
312
310
310
313
314
314
315
313
312
311
310
311
310
310
309
312
311
309
309
310
309
311
312
312
312
312
312
311
312
314
316
317
317
318
318
320
322
323
324
324
323
322
323
326
326
322
321
321
320
319
321
321
320
318
319
317
318
320
320
320
320
317
319
321
319
319
318
321
320
319
318
316
316
316
316
317
318
321
323
322
322
322
323
321
325
323
326
325
326
325
325
326
324
324
326
328
329
327
325
324
324
324
324
324
323
324
324
324
325
326
326
323
319
321
322
321
322
322
323
323
326
324
331
330
329
329
331
330
329
329
329
329
330
329
326
327
327
329
331
330
331
331
332
333
338
339
335
334
333
333
334
334
334
334
335
336
337
338
338
339
339
339
339
338
334
335
338
338
340
339
341
340
341
339
342
344
347
347
347
347
348
349
351
348
347
347
345
350
349
348
349
352
352
354
355
353
354
352
355
357
354
355
356
357
360
360
363
363
366
361
361
361
360
363
360
360
361
360
361
363
365
363
366
366
367
366
367
365
366
365
366
368
367
365
364
360
359
360
363
362
364
364
365
367
369
369
368
370
370
369
369
371
370
371
373
373
373
373
372
371
373
376
375
376
374
375
374
374
374
375
375
374
373
377
377
377
375
373
373
377
377
375
373
375
376
375
375
375
374
375
375
377
376
376
379
379
382
382
379
376
377
375
376
376
377
376
375
376
376
378
380
378
378
379
378
381
380
382
380
379
379
380
382
381
381
381
377
377
378
378
379
377
376
378
376
375
375
375
376
376
378
378
378
381
383
384
384
379
379
380
382
382
381
382
381
381
384
382
384
385
383
383
387
389
388
393
392
390
388
389
389
389
388
386
389
390
389
392
391
388
383
381
381
380
381
381
381
381
383
383
386
384
385
387
386
385
384
383
388
383
386
381
382
382
385
386
384
384
386
383
384
385
384
384
386
386
384
382
382
383
383
382
381
381
380
383
384
384
382
381
382
382
383
384
386
386
387
387
388
390
391
389
391
391
394
396
394
394
394
393
394
393
392
392
391
389
391
390
389
391
390
391
393
395
397
394
393
392
394
392
392
394
393
393
395
396
397
394
394
393
393
393
394
394
395
395
396
397
397
398
399
405
407
408
406
408
408
409
409
406
405
403
404
405
407
407
403
402
403
404
405
403
403
404
405
405
404
400
401
401
401
397
396
397
397
398
399
400
400
401
402
400
401
402
403
405
407
404
404
402
404
404
403
402
402
403
403
402
403
400
402
401
402
405
405
404
404
405
404
404
403
403
404
405
406
408
407
408
407
410
410
409
408
408
405
405
405
405
404
404
404
401
402
403
406
404
404
404
405
405
405
405
404
405
407
408
404
402
401
402
404
405
408
407
409
410
411
406
406
404
407
408
408
408
409
408
408
407
408
409
407
408
405
407
404
403
404
401
401
398
398
398
401
404
402
400
400
402
401
399
405
403
401
403
400
400
400
401
402
403
403
407
408
411
408
410
410
411
412
411
410
411
410
410
411
410
413
414
412
413
409
410
409
403
401
402
402
403
399
400
400
400
399
398
398
401
405
403
404
403
404
403
403
403
405
405
405
407
407
408
406
404
402
403
405
404
407
406
405
404
404
405
408
406
406
406
406
406
405
405
407
408
408
411
410
408
408
408
409
412
413
413
412
412
410
413
410
410
409
407
409
412
416
412
412
411
409
410
412
412
410
407
408
406
405
406
406
405
404
410
407
406
406
406
403
405
405
406
404
408
408
406
408
412
410
411
415
415
415
414
417
416
419
416
417
420
420
423
422
422
420
419
420
423
423
422
422
421
421
422
422
421
419
418
419
415
414
412
411
413
412
411
410
411
411
411
409
407
407
408
409
409
409
410
411
414
415
416
416
417
415
415
418
417
413
415
413
409
413
412
410
413
415
415
416
414
416
413
413
411
416
416
417
415
416
414
417
419
419
415
414
415
414
412
408
410
411
410
409
412
412
416
415
415
411
412
408
410
409
409
407
409
413
413
414
413
408
412
413
418
417
417
419
422
423
423
423
422
423
419
420
422
422
423
424
423
422
420
418
420
419
420
421
423
422
426
424
422
423
424
422
423
424
425
425
423
425
417
416
417
415
413
412
414
414
415
415
414
415
413
413
412
411
411
413
410
408
411
410
411
410
410
407
406
406
408
408
405
403
403
404
404
405
408
407
408
409
411
410
411
413
415
414
413
414
411
411
413
417
417
415
415
416
419
418
419
422
419
416
417
417
419
420
423
418
420
416
416
418
417
418
417
417
418
420
418
417
423
423
421
418
418
417
417
416
416
415
416
414
416
415
416
414
414
416
416
414
413
412
412
413
414
412
412
413
414
414
414
411
415
415
415
415
415
414
415
415
417
415
417
419
419
417
418
418
420
420
420
422
422
420
424
423
426
427
425
425
431
434
432
433
432
429
432
432
434
437
441
439
436
435
434
437
439
437
436
435
436
437
440
440
433
432
431
431
434
436
437
438
441
446
447
449
448
450
446
445
448
446
447
446
446
450
449
452
453
454
452
451
452
450
449
446
446
447
448
453
455
457
457
461
464
462
460
462
462
462
464
462
463
467
464
466
465
465
464
466
467
464
464
462
462
461
460
459
459
460
458
456
460
461
463
461
463
463
458
460
462
461
460
459
462
465
464
462
463
461
461
459
458
456
458
458
457
462
460
460
462
459
461
461
459
455
454
455
456
456
455
457
456
456
452
453
452
453
451
455
453
456
456
457
451
452
450
450
450
450
450
447
447
447
450
450
450
451
449
447
446
445
447
450
449
446
449
453
454
453
453
453
453
453
453
452
452
453
455
454
457
455
457
458
459
460
461
463
464
466
466
464
464
464
463
463
463
461
462
466
469
467
464
464
466
465
465
465
468
466
468
471
468
467
466
468
468
468
465
461
463
466
465
467
468
467
468
471
468
467
464
469
468
467
470
467
464
463
466
465
463
461
458
459
461
461
462
460
459
458
457
458
464
464
466
466
469
471
472
474
473
473
474
470
467
468
468
468
467
469
468
467
471
468
469
469
470
468
469
463
465
466
468
469
467
470
468
468
467
468
469
467
468
469
469
469
464
462
463
465
470
470
468
467
467
469
470
466
467
468
470
473
472
468
469
470
470
471
472
475
475
476
478
482
483
485
484
481
484
485
487
488
488
489
485
486
486
483
485
484
485
484
485
488
486
485
485
484
482
483
485
486
486
491
494
491
493
493
495
492
493
493
489
491
492
492
490
493
496
494
494
497
495
493
493
491
487
489
485
485
487
487
483
484
487
486
487
493
493
493
490
492
491
491
493
494
492
492
493
496
498
498
499
500
501
501
498
498
498
499
498
500
500
501
505
504
506
507
509
507
504
504
501
501
499
501
500
498
499
498
497
499
501
501
501
498
500
501
502
502
503
501
494
495
493
495
492
494
492
495
493
492
491
492
491
492
490
490
487
486
487
486
484
484
483
482
485
488
488
490
492
492
490
490
492
494
496
497
496
492
494
497
497
496
496
498
498
498
502
503
500
497
498
498
499
499
500
503
504
499
497
496
495
495
496
499
501
499
498
497
496
500
503
499
498
497
497
497
499
500
498
498
497
495
495
495
498
498
499
501
500
501
500
501
501
501
502
499
500
501
499
505
507
503
499
502
497
493
495
497
496
500
507
506
504
502
501
502
502
505
503
502
503
502
500
501
500
500
497
495
497
495
494
493
493
493
493
493
495
491
491
491
492
492
494
492
492
491
488
491
491
492
494
494
493
493
493
496
497
494
494
494
492
492
488
491
492
493
494
492
490
488
490
492
495
493
495
499
498
496
496
494
497
495
494
496
496
498
491
492
493
488
488
488
487
486
485
485
484
484
486
488
488
491
493
495
497
496
498
495
493
491
490
489
491
489
488
489
489
488
493
495
494
495
494
495
493
495
489
493
491
489
490
492
495
493
496
496
494
498
498
496
499
501
502
498
500
499
500
499
498
498
496
494
492
488
487
486
486
484
484
486
488
489
490
490
491
490
487
487
489
489
496
494
495
494
497
496
497
498
498
496
498
500
498
493
492
489
490
490
490
490
490
489
490
489
489
490
487
483
483
483
483
483
482
483
482
481
485
482
481
483
483
482
480
478
477
474
473
474
476
476
478
480
480
480
483
485
486
483
484
486
488
488
489
489
490
490
492
492
495
499
498
498
500
498
499
499
497
500
498
494
493
491
493
492
488
488
491
492
493
493
495
494
495
496
497
494
494
494
495
495
494
494
495
491
493
494
496
499
498
497
497
499
495
497
497
496
497
498
499
496
496
496
496
498
496
493
495
494
493
495
497
495
496
495
496
494
497
499
495
494
491
490
492
492
494
496
500
500
500
501
497
495
495
495
498
498
498
496
500
496
497
499
498
497
495
497
498
503
505
505
507
507
504
502
499
496
497
495
493
493
494
495
493
493
495
494
494
495
494
494
497
495
493
493
495
495
493
493
494
492
491
488
489
490
492
493
496
499
498
495
495
495
493
494
495
499
496
494
493
494
494
494
492
491
492
493
493
494
492
493
494
493
498
500
501
500
496
496
495
494
498
498
496
493
495
498
499
499
496
496
495
498
498
497
498
500
499
498
498
496
494
491
491
491
491
492
493
492
491
490
487
491
493
493
490
489
492
492
489
491
497
500
498
500
500
497
497
496
493
492
492
488
485
486
486
484
488
488
489
488
489
487
488
491
494
491
488
486
482
485
485
485
487
483
480
480
480
479
483
484
486
486
486
485
484
485
485
483
483
482
483
487
486
484
480
484
483
481
483
486
485
484
485
487
492
492
489
491
491
489
488
487
484
485
485
485
489
489
484
482
481
482
483
481
484
486
485
485
485
485
487
489
488
489
489
487
489
493
492
488
490
489
489
487
488
490
489
491
492
490
493
491
490
491
494
493
491
495
498
498
496
496
496
493
492
491
490
490
489
489
491
491
490
489
487
489
492
493
488
490
492
492
491
490
492
491
489
496
494
494
494
497
495
498
496
495
495
496
494
497
494
495
498
498
496
497
498
496
498
497
497
497
497
495
494
494
494
493
492
493
494
492
493
494
498
495
495
496
497
495
493
495
496
497
497
498
502
501
499
498
497
497
500
501
498
497
495
493
493
493
496
492
496
492
495
490
491
487
487
486
486
489
490
490
488
490
492
490
492
494
491
487
488
489
495
497
497
494
494
493
490
492
489
495
496
498
498
496
494
497
498
494
494
493
495
494
496
498
499
499
501
499
501
504
507
509
509
507
507
507
504
504
506
505
506
506
501
500
503
500
503
503
503
505
502
503
501
504
505
502
503
501
502
501
504
503
505
507
508
510
511
514
516
515
513
511
513
512
515
513
518
515
517
513
509
509
509
511
509
508
510
511
507
507
504
504
503
505
502
502
499
502
502
504
505
502
503
506
506
509
509
509
508
511
512
514
511
511
512
507
506
509
510
506
507
508
508
509
511
513
518
515
518
518
518
516
518
515
511
513
510
510
512
510
507
506
504
503
502
504
505
503
502
502
501
502
503
503
507
506
509
510
511
512
514
512
508
504
507
510
508
508
512
513
515
513
512
513
515
516
513
516
517
518
518
518
519
515
514
512
512
516
516
513
510
510
509
511
507
508
510
512
510
512
513
515
513
512
509
510
504
504
503
502
504
504
504
504
504
506
506
512
513
512
512
510
506
504
506
506
505
505
504
506
505
507
504
507
508
508
508
507
507
508
507
503
510
512
509
508
506
506
507
508
509
508
508
505
500
501
501
499
499
500
504
499
497
499
498
498
496
498
500
499
502
500
501
500
501
501
501
502
502
501
499
496
499
502
501
501
500
501
500
504
504
506
510
509
511
514
516
514
518
517
519
518
517
517
515
515
515
513
515
511
509
511
512
511
514
513
514
516
517
517
516
517
518
521
519
523
523
517
516
519
518
523
520
520
519
518
516
513
514
515
514
515
517
515
514
516
515
518
519
518
521
522
522
522
520
522
520
519
522
517
517
520
520
522
526
526
524
522
521
517
515
517
516
514
512
513
514
514
514
516
515
515
515
517
516
518
518
521
519
518
521
520
518
521
522
524
525
523
523
521
523
525
524
526
528
525
526
523
522
525
522
524
524
521
523
524
526
526
524
527
527
526
527
529
532
532
529
534
532
533
532
530
533
533
537
536
530
531
532
533
532
532
532
533
534
534
535
533
534
533
534
535
537
539
539
542
539
536
534
539
534
534
532
528
526
528
526
528
527
527
529
533
530
533
534
533
528
527
527
525
524
525
523
524
524
524
523
521
521
520
517
519
519
516
513
516
516
518
515
517
518
521
521
527
525
524
525
525
527
527
526
526
527
529
532
533
530
528
528
528
527
526
527
526
522
521
522
523
523
522
519
520
522
522
521
522
523
525
521
517
517
518
517
518
519
521
519
521
521
522
521
524
524
525
529
528
526
529
528
528
526
524
521
520
527
526
526
525
524
521
524
526
524
522
526
529
528
526
525
526
530
530
526
525
523
524
524
525
522
522
521
522
519
520
518
519
522
521
520
518
518
519
522
521
522
522
525
528
528
528
530
530
531
532
534
533
532
535
534
533
531
530
529
531
532
533
534
536
538
537
540
537
538
537
537
538
536
536
537
539
537
533
535
538
536
538
540
537
534
535
535
537
540
539
538
542
543
545
545
546
546
543
544
546
543
539
542
543
543
541
544
543
547
546
541
540
539
539
539
541
539
538
541
539
538
540
541
541
538
540
538
536
538
542
543
544
545
548
552
550
549
551
550
550
554
553
551
551
549
548
550
552
550
547
547
547
545
544
544
547
548
548
550
550
551
548
546
547
550
552
549
553
555
555
559
559
557
558
557
559
559
559
558
560
562
559
558
559
559
559
560
564
564
561
561
562
562
559
558
560
558
552
551
548
548
548
550
550
548
549
550
550
551
552
551
550
551
552
554
557
558
558
562
559
561
559
558
557
556
562
560
559
560
559
555
553
550
550
548
547
547
547
548
548
547
549
546
549
544
543
541
542
541
540
542
543
544
544
543
542
541
546
545
547
546
545
544
550
551
548
547
550
549
554
559
559
554
558
555
555
553
554
558
557
555
553
551
551
552
551
550
553
552
549
552
553
552
553
553
556
554
554
551
555
560
562
559
558
556
559
558
556
556
558
560
558
557
556
553
553
550
556
559
559
560
559
560
561
561
558
560
560
554
557
555
554
551
553
555
555
556
554
552
552
550
552
550
550
552
554
556
554
555
555
551
554
552
554
553
556
556
553
548
546
543
543
547
550
552
549
548
548
547
547
547
546
545
543
545
543
540
537
537
537
537
536
542
542
543
538
539
537
537
537
539
538
538
537
535
535
537
540
540
539
545
547
546
545
546
546
553
548
549
550
547
547
546
545
544
543
541
541
541
549
548
544
546
547
546
548
549
544
540
542
542
541
541
540
540
541
539
540
542
546
548
547
544
545
549
547
547
545
547
548
548
551
550
552
553
553
556
558
557
554
557
555
554
557
556
556
556
555
555
553
550
550
549
554
555
555
553
550
551
552
552
553
555
556
562
561
557
558
555
551
552
554
551
550
550
549
549
551
551
550
550
551
552
554
556
552
553
554
556
554
551
555
554
553
559
561
562
565
564
563
559
559
556
554
554
557
556
555
554
556
556
554
557
554
554
556
559
556
556
561
562
565
565
567
567
571
573
570
569
569
570
569
564
564
565
569
573
573
573
576
575
574
574
575
572
571
571
571
575
576
575
570
570
571
569
571
569
570
570
571
574
571
573
573
570
570
569
569
569
570
574
577
580
584
585
583
582
581
581
580
583
583
586
585
582
583
585
586
586
588
585
585
589
591
592
589
588
586
586
588
584
586
589
589
590
588
584
586
586
580
579
580
585
584
584
587
586
591
593
588
586
590
593
596
595
591
586
587
584
581
581
581
580
581
580
581
583
584
589
587
587
586
586
587
588
590
588
585
584
583
582
582
578
578
579
583
584
581
582
579
579
583
585
583
584
583
585
586
584
584
583
584
585
583
588
586
588
591
593
592
591
592
594
595
591
589
591
590
591
591
591
593
592
590
587
587
581
584
586
586
586
590
589
588
584
585
585
582
583
585
585
586
589
587
588
588
588
587
585
588
588
585
586
584
583
585
588
586
591
591
594
594
594
592
592
598
598
599
600
599
598
599
597
593
592
590
596
595
594
595
590
589
589
586
587
591
591
592
594
593
594
591
592
594
591
589
590
592
590
591
587
588
588
588
587
587
588
588
591
595
594
595
594
591
588
588
587
587
587
586
585
584
586
590
591
590
590
587
589
589
590
593
591
590
591
592
590
592
590
588
590
591
588
583
582
581
578
580
577
576
577
581
581
579
579
579
576
579
578
577
577
575
576
575
572
570
572
567
566
566
570
569
570
570
567
567
567
569
572
574
577
575
572
573
572
573
572
577
575
577
577
574
574
578
574
577
577
578
579
579
580
578
577
579
579
577
578
581
581
582
578
577
579
580
582
582
580
580
581
582
584
581
580
581
580
580
581
580
579
579
579
578
575
576
577
577
577
577
580
578
580
577
578
576
575
578
578
578
575
576
580
578
578
578
579
579
579
578
580
578
577
579
581
577
577
580
584
586
586
586
586
589
590
589
590
587
588
587
588
587
589
587
587
585
584
582
581
583
581
585
583
584
580
581
584
582
580
577
578
578
579
581
586
584
587
583
583
585
583
584
588
593
594
596
596
594
592
597
595
595
595
597
598
593
592
594
591
591
590
588
591
589
589
590
588
587
586
588
588
589
588
592
588
589
586
584
584
583
582
587
580
582
582
579
580
583
584
584
584
581
577
573
573
573
576
578
580
580
577
580
580
581
581
581
580
581
580
581
584
584
585
586
588
587
586
588
587
587
587
590
589
590
586
585
587
583
583
584
581
580
581
580
580
578
576
578
579
582
581
584
583
585
585
589
590
590
591
592
590
590
588
587
590
586
584
583
585
585
584
583
580
580
583
587
584
584
583
584
587
585
582
582
587
586
583
585
585
584
583
581
580
582
581
584
583
582
577
579
580
578
577
576
579
578
580
583
585
587
590
589
588
592
592
592
588
594
595
595
603
601
606
600
603
603
600
599
597
595
597
600
601
600
600
604
602
602
602
598
595
593
593
592
590
589
591
593
595
596
601
602
605
602
599
598
596
595
595
592
593
594
598
599
600
599
605
600
599
600
599
596
595
594
593
596
594
595
595
595
595
593
593
595
594
593
593
592
592
591
594
593
589
591
590
590
587
586
587
587
591
594
592
594
595
595
593
595
592
591
593
594
598
602
599
597
598
596
599
601
599
599
599
598
598
596
597
595
595
596
596
596
598
598
601
604
604
603
601
601
605
607
603
605
607
607
603
601
600
600
601
600
600
602
605
604
605
605
607
609
613
608
609
607
609
610
606
605
606
609
612
611
605
610
609
609
605
606
607
607
608
607
608
608
604
602
600
600
601
601
603
603
606
607
609
608
609
611
614
612
607
606
607
606
609
606
604
607
611
613
612
613
616
617
618
614
618
610
610
606
609
611
615
618
615
610
610
608
603
607
606
603
601
600
598
597
598
597
600
601
601
599
599
603
602
604
606
604
604
605
604
607
608
604
606
608
608
606
612
614
617
616
615
618
620
619
616
614
616
617
622
622
620
620
621
620
622
622
621
621
617
615
618
621
619
616
618
618
620
620
618
623
625
626
624
629
626
625
626
625
629
625
624
621
624
624
622
622
619
622
624
626
626
631
631
627
627
625
628
628
627
633
632
629
624
623
624
627
625
621
620
621
622
621
621
619
610
610
608
609
608
611
615
618
623
619
620
624
625
625
627
632
630
627
626
621
622
621
622
625
621
621
621
618
619
620
618
619
617
617
616
615
616
617
614
615
615
615
612
616
614
619
619
617
617
614
616
614
614
613
611
613
616
620
617
614
617
620
620
619
619
616
613
608
610
612
609
607
605
607
606
609
611
609
608
609
610
609
608
611
610
614
615
615
615
616
614
613
613
612
615
615
615
618
620
619
621
621
621
618
622
626
625
624
623
621
619
618
619
621
620
622
624
624
623
622
623
620
619
622
623
627
624
626
626
624
623
621
620
623
620
625
622
622
621
618
618
621
624
624
622
624
627
630
631
632
632
635
637
635
632
630
630
632
632
632
631
629
625
623
622
622
621
624
621
618
616
612
615
616
619
617
618
618
616
617
613
613
610
611
616
614
614
612
608
607
606
603
603
605
607
605
600
605
605
605
606
608
610
612
614
617
614
611
613
613
616
615
615
615
610
609
608
609
612
611
610
611
611
608
609
607
606
609
610
611
611
612
617
613
609
610
605
608
611
610
610
614
612
608
609
610
607
608
606
608
607
610
610
605
604
605
606
607
606
606
606
606
610
612
615
613
614
620
619
621
620
620
617
615
612
612
612
612
612
610
608
605
603
606
606
603
602
602
605
604
606
605
601
605
606
607
605
600
601
603
604
604
603
602
602
599
603
601
602
602
598
599
601
599
597
597
598
595
597
598
597
598
597
598
600
601
602
602
603
606
606
604
608
607
606
608
611
610
609
608
609
610
614
616
615
611
613
612
612
614
615
615
613
615
614
612
613
611
610
608
609
609
608
610
611
609
612
611
613
611
611
609
610
613
608
606
606
606
607
607
607
610
612
612
609
608
607
605
606
601
600
602
601
602
599
599
601
602
604
601
602
603
606
604
601
597
594
591
590
590
590
592
591
591
592
592
590
588
590
