0.0008975862068965518 0.0007610344827586207
300
293
288
284
283
277
272
269
264
258
253
250
250
248
247
243
241
238
239
237
235
235
234
236
236
236
236
235
235
235
234
233
231
226
227
227
227
227
226
226
227
228
229
228
229
227
229
229
227
224
225
227
228
226
225
225
226
226
225
225
224
224
224
224
223
223
224
223
222
221
221
219
221
221
222
220
221
219
219
221
219
221
220
220
221
217
219
218
216
214
213
212
212
213
212
212
212
212
211
212
209
209
211
212
212
212
213
213
213
214
212
213
213
213
215
215
216
215
216
217
217
218
219
219
219
219
220
219
217
216
217
218
218
217
216
215
214
213
212
210
209
210
210
207
208
208
207
207
208
208
208
208
208
210
211
210
210
211
210
209
208
208
211
211
212
213
214
214
212
213
212
214
215
215
216
216
215
214
214
212
213
212
214
215
215
215
214
214
213
212
212
213
214
214
216
218
217
214
214
213
211
210
211
210
212
213
212
209
209
209
209
209
209
210
211
209
208
209
211
211
212
213
213
214
214
213
213
211
210
210
209
210
208
208
209
208
207
207
210
210
209
210
210
209
210
212
210
210
209
209
213
212
213
214
214
214
214
216
217
219
221
220
219
219
220
219
219
220
220
216
216
216
214
214
214
210
210
211
210
212
210
211
212
210
210
208
208
208
208
209
210
212
213
213
216
217
216
218
218
217
217
217
218
219
220
219
220
221
222
220
216
215
214
214
215
215
213
213
211
213
213
214
213
215
218
218
217
215
214
214
216
215
215
214
213
211
208
208
207
207
205
204
204
204
205
206
207
209
207
205
203
202
201
199
196
196
195
196
196
196
198
199
199
199
199
201
200
199
201
200
200
198
198
199
198
198
199
198
197
196
197
196
197
196
196
195
197
198
199
198
200
198
199
200
197
196
194
194
197
198
196
197
196
196
198
199
199
198
198
200
200
199
198
199
198
197
198
199
200
200
201
202
203
204
204
203
203
201
201
202
203
204
201
202
200
200
201
201
201
203
203
203
205
206
207
206
206
206
207
203
204
205
203
203
203
203
204
203
201
197
197
196
193
193
193
193
193
195
196
199
200
199
198
200
200
197
196
197
197
193
195
198
199
197
198
199
197
198
197
198
199
201
201
201
200
199
200
199
199
197
199
200
199
198
197
196
196
197
198
197
196
197
198
196
194
194
194
194
194
195
194
193
194
196
197
196
195
194
195
197
200
199
198
196
197
198
198
197
198
197
196
195
194
193
195
194
194
194
193
197
196
195
195
194
193
193
192
194
194
194
192
193
194
195
193
192
192
190
188
187
188
183
184
183
184
184
185
185
185
184
182
183
182
183
183
183
183
183
185
185
184
185
185
185
186
187
188
190
190
189
188
187
184
182
182
181
181
180
180
180
180
181
182
184
186
187
188
188
190
190
189
190
190
189
190
190
189
189
189
189
192
191
191
192
191
189
190
191
193
192
190
190
189
189
189
188
189
186
186
186
186
187
185
184
182
182
182
181
180
180
181
182
184
182
184
183
182
183
183
183
183
183
182
183
184
184
185
184
182
183
182
182
186
185
184
184
183
183
182
181
181
180
181
182
184
184
184
184
184
182
182
183
184
183
183
181
181
182
179
178
179
179
178
179
182
183
184
184
184
186
188
187
184
185
184
185
182
181
181
183
182
181
181
181
178
177
174
173
173
175
175
174
173
172
174
174
175
175
176
176
176
178
178
179
177
177
176
176
177
176
176
176
176
176
174
175
175
174
174
175
175
175
175
175
176
178
178
180
181
180
182
182
181
182
181
181
182
181
180
183
184
183
185
183
181
181
181
179
180
180
180
180
181
182
183
184
185
188
188
189
190
190
192
193
194
193
193
195
195
196
197
197
196
194
194
194
194
193
189
187
188
188
188
184
185
185
183
183
182
180
182
182
181
181
180
180
178
178
177
178
178
178
179
179
178
177
177
174
175
175
176
174
173
174
175
175
174
175
174
176
176
172
174
173
171
169
170
171
171
170
172
172
173
171
172
171
172
173
175
173
173
174
175
173
171
172
173
173
173
172
173
171
170
170
171
171
171
172
172
172
173
172
170
172
170
173
173
172
173
173
173
175
175
177
179
179
179
179
180
179
177
178
177
177
177
176
176
177
177
178
176
175
174
174
173
177
178
177
177
176
177
178
175
171
171
170
170
170
169
169
170
172
168
169
169
169
171
170
168
168
168
170
172
171
173
173
175
175
171
170
171
170
171
169
169
170
169
167
167
168
168
165
167
165
166
166
167
166
168
170
169
168
168
170
170
173
173
173
173
175
175
174
174
174
173
173
172
171
169
169
169
170
172
172
172
169
168
169
169
167
167
166
166
167
169
169
169
168
167
165
165
167
166
165
165
165
164
163
162
162
162
162
163
163
163
164
164
165
166
167
167
169
170
170
170
170
169
169
169
169
170
170
170
170
172
172
172
171
174
174
173
173
174
173
173
172
172
172
170
169
165
165
167
166
167
167
166
165
165
162
163
164
163
165
166
167
167
167
165
164
166
168
169
169
170
170
172
171
171
174
176
174
173
175
175
175
173
175
175
173
173
170
171
172
172
173
172
172
171
171
171
169
168
168
166
168
169
168
168
169
170
169
168
168
167
167
166
167
169
172
172
171
172
173
174
174
173
174
173
172
171
171
168
168
167
167
167
166
167
169
170
170
168
168
168
168
169
169
170
169
166
168
168
164
164
165
166
169
169
169
169
170
167
167
168
169
168
169
169
168
170
170
170
172
171
171
174
172
176
177
177
176
174
172
173
171
170
171
171
171
172
171
171
171
171
172
173
173
173
173
174
172
170
170
170
170
171
172
169
170
170
168
169
166
168
168
170
169
170
169
172
171
171
170
171
169
168
169
168
167
167
168
167
167
168
168
169
168
167
165
165
164
165
165
165
165
165
165
165
165
164
164
164
165
165
163
163
163
163
163
165
165
165
167
166
164
166
165
163
163
163
162
162
161
160
161
160
161
162
162
162
163
164
163
162
161
161
162
161
160
161
164
164
163
160
160
160
159
160
159
160
161
163
161
163
163
162
163
163
164
162
162
162
163
163
163
164
162
162
161
163
161
161
159
160
159
157
155
155
156
157
157
157
158
158
158
163
163
162
160
160
160
160
160
159
158
156
157
158
158
161
161
160
161
158
157
157
157
158
158
158
158
158
159
160
159
159
159
160
159
158
159
158
157
158
158
158
159
159
158
161
161
161
162
161
159
160
158
158
158
160
160
160
159
159
157
157
156
158
161
160
161
160
160
160
161
161
161
160
159
156
155
158
157
157
158
157
158
157
157
156
157
156
156
156
157
158
156
157
157
156
158
155
155
154
154
155
155
154
155
155
156
156
157
159
159
157
158
158
158
159
160
161
161
161
161
160
161
162
162
163
161
161
162
162
160
160
161
159
160
162
159
159
159
159
159
159
159
160
161
162
162
162
162
162
163
162
163
162
162
162
161
160
162
162
162
161
160
161
165
167
167
166
165
166
167
168
168
166
164
165
164
164
165
164
164
163
162
161
162
163
163
162
162
161
161
160
158
159
160
160
160
160
160
158
158
159
158
156
156
157
157
158
158
158
158
159
159
158
160
160
160
160
159
159
160
161
160
159
160
160
158
158
160
159
159
159
158
160
162
160
159
159
158
157
157
157
158
158
159
159
162
162
162
164
164
165
164
162
161
160
161
162
162
162
162
160
159
160
162
162
163
163
163
162
163
163
162
162
162
162
161
163
161
162
161
162
162
160
160
159
157
157
157
158
158
159
158
158
157
158
157
157
157
157
157
156
155
156
157
159
158
158
155
155
157
160
159
159
159
159
159
159
159
159
160
159
159
159
158
158
159
158
158
158
156
156
159
158
158
157
157
158
158
158
158
161
162
160
161
161
160
161
160
161
162
160
161
161
161
161
160
161
161
161
159
160
162
160
161
160
161
163
161
163
160
159
161
163
161
161
160
159
158
157
157
158
158
156
155
158
159
160
158
157
156
158
161
160
159
157
157
157
156
155
155
156
157
157
156
156
155
156
156
156
157
157
156
155
154
154
155
158
159
159
159
162
162
163
163
162
161
160
160
157
156
157
158
157
157
156
156
156
155
155
156
155
155
154
153
153
152
151
153
154
156
156
156
155
156
156
156
154
152
151
151
151
152
151
152
152
153
153
152
152
150
152
153
153
152
150
148
148
149
150
151
151
152
151
151
151
152
152
151
151
149
149
149
148
148
150
148
148
150
150
150
152
152
153
153
152
153
153
152
151
150
150
150
149
150
149
150
151
149
147
148
150
148
146
146
146
145
145
145
147
147
147
148
148
148
148
148
148
151
149
151
150
149
150
150
150
152
150
150
152
153
152
151
152
152
154
157
159
159
155
155
154
152
152
151
152
153
153
153
154
154
153
155
154
154
154
151
151
150
151
150
153
152
152
153
154
154
151
152
150
148
148
151
151
150
148
147
146
146
146
145
146
144
146
147
148
148
146
145
147
148
148
143
143
143
144
144
144
146
146
145
145
144
143
142
140
140
139
139
140
140
140
140
140
141
142
142
140
141
142
142
143
140
141
141
140
140
140
140
140
140
139
140
142
143
144
142
140
143
142
141
139
140
140
141
141
143
144
144
144
144
144
143
141
141
143
141
144
144
143
144
145
145
146
148
149
149
149
149
150
150
152
153
150
150
149
148
150
149
150
150
151
150
149
147
146
145
142
141
143
145
145
145
145
144
144
142
141
140
140
140
140
142
143
143
142
142
144
144
144
144
144
146
144
144
143
143
146
145
144
147
148
147
147
147
146
143
142
144
143
143
145
146
145
142
140
141
140
141
141
141
142
140
140
139
140
141
141
139
141
141
141
141
141
141
141
141
142
141
141
140
141
141
141
141
143
144
144
145
145
145
146
146
148
147
148
149
151
150
150
148
150
149
149
149
149
151
152
149
150
149
147
148
147
149
150
149
148
147
148
147
147
146
146
147
149
150
151
151
150
149
148
148
151
151
150
150
150
149
150
148
145
145
146
147
146
145
143
144
143
143
143
142
143
144
142
144
145
144
144
143
143
142
142
143
143
141
141
141
140
140
139
140
140
140
140
140
140
140
140
139
140
140
142
141
143
143
142
143
144
144
144
143
143
143
142
142
141
142
143
143
145
143
143
143
143
141
140
142
143
142
143
141
141
140
140
141
141
140
141
141
141
141
143
141
140
141
143
143
143
142
142
142
140
141
141
142
142
142
142
142
141
140
140
142
140
140
141
142
142
142
143
145
144
143
142
142
142
143
143
144
145
145
145
145
146
148
147
147
146
146
146
146
144
143
143
142
141
141
141
142
140
142
143
144
145
144
144
144
144
144
145
145
144
146
149
151
150
150
150
152
150
151
150
150
151
150
152
152
150
151
152
149
153
152
153
152
152
152
152
153
153
153
153
153
152
153
151
151
152
152
153
153
153
154
153
151
150
148
148
148
148
148
150
150
150
150
152
153
153
155
156
156
156
154
155
155
154
152
152
151
150
149
149
147
146
146
145
146
145
146
147
148
148
149
149
149
147
147
146
146
146
146
146
146
145
143
143
144
143
144
143
144
144
142
142
144
144
143
143
140
139
141
139
138
139
139
139
138
137
137
138
138
142
142
145
142
144
144
145
145
145
146
147
145
145
144
143
143
143
143
144
143
141
142
142
145
144
145
145
146
145
145
145
146
145
144
143
143
142
142
142
142
143
147
148
146
145
145
145
144
144
144
144
145
145
145
144
144
144
144
144
144
145
145
146
145
145
144
146
146
147
146
148
148
146
144
145
145
146
146
148
149
147
146
147
147
147
147
147
147
147
147
146
147
148
145
146
145
146
148
147
148
149
149
150
151
152
152
153
153
154
154
152
152
151
151
150
150
150
152
150
148
148
147
146
145
146
146
145
146
145
147
148
149
148
148
147
148
148
147
146
145
144
144
146
146
147
147
147
147
149
149
150
151
151
151
151
150
151
150
151
150
148
148
152
152
149
149
149
150
152
148
148
148
147
147
149
149
149
148
149
148
148
149
148
143
142
142
142
142
139
141
142
142
141
141
142
145
144
143
142
144
142
141
139
140
140
139
136
136
134
133
133
135
135
136
134
134
134
134
133
133
132
131
131
134
135
136
136
138
137
138
138
138
136
138
138
135
135
134
133
133
132
133
134
134
132
132
131
133
133
133
134
136
134
134
132
134
136
138
138
139
139
137
136
135
136
136
136
136
136
134
132
132
132
132
132
133
132
132
132
134
133
133
132
131
131
132
132
131
132
132
133
133
135
136
134
134
134
133
134
135
134
135
136
137
137
138
138
138
138
138
137
137
137
138
139
138
138
137
136
136
136
135
135
136
136
135
135
135
135
133
134
133
133
134
135
134
135
135
134
133
134
135
131
132
134
135
135
133
132
136
137
135
135
136
135
134
134
135
135
137
137
136
136
137
138
136
136
136
134
134
134
136
135
135
136
136
136
138
137
137
138
137
137
136
141
139
138
138
137
137
136
134
135
135
134
133
132
133
134
132
132
131
132
130
130
131
133
132
131
133
131
131
131
133
132
132
133
132
131
132
131
132
133
136
136
135
138
138
139
139
138
141
139
139
140
141
141
140
141
141
139
141
141
140
139
136
135
135
136
135
134
134
134
133
132
132
132
133
132
133
134
135
134
134
135
136
134
134
135
135
137
137
138
138
137
136
135
134
132
132
133
133
134
134
134
136
137
136
134
135
133
134
135
136
135
136
136
136
137
137
136
137
137
136
136
135
135
134
134
136
135
134
134
136
136
137
137
137
136
136
137
135
134
134
133
133
133
133
134
136
135
134
135
135
133
133
133
134
133
135
135
135
134
133
135
135
135
134
134
136
133
133
132
131
132
132
132
133
133
133
133
131
131
130
131
132
132
133
132
132
132
130
130
130
129
129
129
129
130
131
132
133
133
133
135
134
131
131
130
130
130
130
129
129
131
130
131
133
133
133
133
133
133
134
135
135
134
132
132
132
133
133
133
132
132
131
130
131
133
133
132
133
134
133
134
135
134
133
135
136
140
140
143
143
143
143
142
141
141
139
139
138
138
137
136
136
135
136
137
137
137
137
138
139
138
138
140
139
139
139
141
140
140
140
141
141
140
142
143
143
144
144
145
146
145
146
147
143
143
144
144
143
140
141
143
144
144
144
145
147
148
148
148
147
146
145
144
144
144
144
144
143
145
145
146
146
144
145
143
143
143
142
142
141
140
140
140
141
141
143
142
145
146
143
144
144
145
144
143
143
141
140
142
143
142
140
140
138
138
137
138
139
138
139
140
139
138
138
138
138
136
136
138
139
139
141
141
140
137
137
137
137
138
138
137
137
138
138
139
139
138
138
139
139
138
136
137
137
137
137
137
136
138
139
139
140
138
138
138
139
138
137
136
136
137
137
138
140
140
139
142
143
144
141
140
139
138
137
137
136
136
137
138
138
138
139
139
141
141
139
141
141
141
142
143
142
144
145
147
147
144
143
141
141
140
141
142
141
141
141
141
141
141
141
142
139
137
137
137
136
134
134
134
135
135
135
136
136
136
136
138
138
136
137
137
137
139
139
140
140
139
141
141
138
138
139
139
139
140
140
140
140
139
139
139
140
139
135
134
133
133
133
134
134
138
139
139
140
140
141
140
137
138
138
139
139
139
138
139
139
139
139
139
140
138
141
141
141
140
141
138
139
138
139
139
136
136
138
139
138
139
139
138
138
136
134
131
134
135
135
136
139
138
139
139
137
137
138
140
140
139
138
140
141
141
140
140
140
141
142
142
142
143
143
144
143
143
142
138
139
139
140
141
142
140
138
138
136
136
134
134
133
133
133
134
133
133
131
132
131
132
131
132
132
131
131
129
130
128
128
128
127
126
126
126
129
128
128
130
130
129
129
130
131
130
130
128
128
128
128
128
128
126
128
129
128
128
127
127
127
126
126
126
126
125
125
125
125
126
125
124
124
125
126
128
127
127
128
129
128
129
129
129
130
129
129
129
130
131
131
131
130
129
129
130
129
129
129
129
130
131
130
130
131
130
130
131
132
132
132
133
133
134
135
135
133
133
131
130
130
131
131
131
131
130
130
130
130
131
132
131
131
130
131
131
132
132
132
131
132
132
133
134
133
133
133
133
134
134
134
134
135
135
135
133
133
132
133
133
133
134
134
135
136
132
130
130
129
128
127
124
124
124
123
123
123
122
122
123
123
122
120
120
119
120
122
121
121
125
126
128
129
128
129
128
128
127
126
127
127
126
127
126
127
126
126
128
129
125
125
125
125
125
125
124
125
125
124
124
122
121
122
122
120
120
120
122
123
123
121
121
120
121
121
121
122
122
122
122
122
122
121
121
121
120
118
119
119
119
119
119
118
118
119
119
118
119
119
120
121
121
121
120
121
121
121
120
120
120
120
121
121
121
121
121
121
122
123
123
123
123
123
122
121
121
121
120
120
120
121
120
120
121
121
121
122
123
124
123
122
122
122
125
126
126
126
125
124
121
120
120
121
120
120
119
118
116
119
118
118
119
118
118
118
118
117
117
117
116
116
116
116
116
116
116
116
116
116
116
116
116
116
117
115
116
116
117
117
118
118
119
119
120
120
120
120
120
121
121
120
120
120
121
121
122
121
122
122
122
122
122
123
124
124
123
123
121
122
121
121
122
123
122
120
120
121
120
118
118
119
120
120
121
118
118
117
119
121
122
122
121
122
122
122
119
119
119
119
119
119
119
119
118
116
116
116
115
115
115
116
119
121
122
122
120
120
120
120
120
120
120
119
119
120
120
119
119
119
120
120
119
120
119
120
120
119
118
118
117
116
117
116
115
115
115
115
116
116
115
115
115
116
115
114
115
114
116
115
115
115
115
116
115
116
117
116
117
117
117
117
115
116
115
115
116
116
116
117
118
118
120
120
121
121
121
121
121
120
118
119
120
119
118
118
118
120
119
116
116
115
115
115
115
116
116
117
115
114
112
111
112
112
113
113
112
112
112
112
113
112
114
115
115
114
113
113
112
114
112
111
111
111
111
113
113
113
114
113
112
112
112
112
113
113
113
114
114
115
117
117
117
116
116
118
117
117
115
115
115
114
114
115
114
116
117
118
117
117
117
117
116
115
115
114
115
114
114
115
114
115
114
115
115
115
114
114
114
114
114
113
114
114
114
114
114
115
117
117
118
116
117
117
117
117
117
118
118
118
117
118
118
118
119
118
117
117
117
117
116
114
116
117
117
117
118
117
117
117
117
118
118
120
118
118
117
117
117
117
115
116
115
115
116
116
116
116
116
115
115
116
116
116
115
115
115
115
117
116
116
116
117
116
116
117
116
119
116
116
117
117
118
117
117
117
117
117
118
118
118
117
117
117
119
119
118
118
118
118
118
117
117
116
117
118
120
120
120
120
121
123
123
123
123
123
123
122
122
123
121
121
121
121
120
121
120
120
120
120
120
120
120
120
120
121
120
119
119
118
117
118
119
118
118
117
117
117
115
116
117
117
117
118
117
117
117
117
117
118
117
116
116
116
116
117
117
117
117
116
116
115
115
115
116
115
116
117
115
115
114
114
114
114
114
114
114
114
114
114
116
116
115
116
116
116
117
116
117
119
118
117
117
118
121
121
121
118
118
118
115
115
116
116
116
115
116
117
116
117
115
115
114
114
114
114
114
114
114
114
114
115
114
114
114
115
116
115
115
115
115
115
116
116
114
114
114
113
114
114
114
114
113
114
116
115
115
115
115
115
117
118
117
117
117
117
117
117
119
117
117
117
117
117
118
118
119
121
121
118
117
118
117
117
117
117
117
117
116
116
114
114
114
115
115
115
116
116
114
114
113
114
115
115
115
117
117
117
118
118
118
117
117
118
118
119
119
117
116
115
115
115
114
114
113
113
113
115
116
116
116
117
116
118
121
124
125
123
123
121
119
119
118
117
117
118
116
114
114
113
112
111
111
111
111
112
112
112
114
114
115
116
115
116
117
117
119
120
121
120
119
118
118
118
119
118
118
117
117
116
117
116
116
119
120
120
121
121
122
122
121
121
121
121
121
122
122
121
119
117
117
116
116
116
116
116
117
117
117
118
118
117
116
116
116
116
114
114
114
115
115
115
115
116
117
118
119
118
119
119
119
119
120
119
120
120
120
121
121
122
120
119
119
118
119
117
119
119
116
115
114
114
114
114
116
113
113
114
116
116
115
116
117
117
116
116
117
118
118
119
118
118
118
117
117
117
118
118
118
118
118
117
118
118
117
117
117
119
120
120
122
123
123
122
122
123
122
122
122
123
124
124
124
123
121
120
120
121
121
122
124
124
123
122
123
121
121
119
119
119
119
121
121
121
120
121
121
123
121
121
121
119
118
119
119
120
118
118
116
118
119
119
119
119
119
120
119
119
118
117
116
116
116
119
118
118
118
116
116
118
119
119
119
117
117
117
118
119
118
118
118
118
115
116
116
117
117
117
116
116
117
116
116
117
119
119
117
117
116
117
118
116
116
114
114
114
114
114
113
112
115
115
114
114
114
114
114
116
117
116
117
117
115
115
115
115
114
114
113
113
113
113
114
115
114
116
116
117
118
118
118
118
119
119
118
118
120
120
120
121
121
116
117
116
116
117
118
119
119
119
119
118
116
114
115
115
115
114
114
115
115
115
115
116
116
118
117
116
116
115
115
115
117
117
117
118
117
117
117
116
118
118
122
123
122
123
122
122
122
121
120
120
120
119
119
120
120
120
120
120
120
120
117
118
118
119
118
120
120
120
120
120
120
120
120
119
119
119
119
119
119
118
118
118
117
117
117
117
117
116
117
116
115
116
114
115
112
111
113
114
115
113
113
113
114
114
113
113
114
114
117
117
119
120
118
119
118
118
118
118
119
121
122
122
120
119
119
118
121
118
118
120
121
122
119
119
119
119
118
119
120
120
120
119
119
118
117
116
116
115
115
115
116
115
117
116
116
115
114
114
113
114
114
115
115
117
117
116
116
116
116
116
116
116
117
118
117
117
118
118
118
118
119
118
120
120
120
120
121
121
120
118
120
118
118
118
120
122
121
121
121
122
121
120
120
120
121
121
119
118
118
120
120
120
121
122
122
122
121
121
121
122
122
122
119
118
118
120
120
119
121
121
121
122
120
121
122
122
122
121
122
122
121
121
121
121
123
123
123
123
123
122
122
125
125
126
124
124
122
123
122
124
124
123
122
120
120
120
120
120
122
122
122
121
122
123
123
123
123
123
124
124
122
122
122
123
123
122
122
122
123
123
124
124
126
128
127
127
126
126
126
127
126
128
