0.0002831034482758621 0.00021482758620689656
300
294
295
291
289
286
281
281
281
283
282
280
277
278
277
277
281
282
282
283
285
284
283
283
285
284
281
280
277
276
278
275
274
273
272
274
276
278
278
280
282
281
282
281
280
279
277
276
277
280
281
282
282
280
279
279
275
276
275
272
274
273
275
276
273
272
276
274
273
274
273
272
273
270
269
271
270
269
271
271
271
273
273
273
273
272
270
270
269
269
270
269
267
267
268
267
269
270
269
269
269
269
270
270
271
270
270
271
270
270
270
270
271
272
273
274
272
276
276
280
279
280
280
279
279
280
278
277
276
279
277
278
276
276
277
273
273
272
272
274
276
275
274
275
272
271
272
272
271
271
272
272
272
272
274
275
275
276
276
275
274
273
272
273
270
269
270
269
268
267
267
266
269
271
273
276
273
272
271
274
272
271
272
269
269
268
268
268
270
269
271
267
266
266
264
265
266
266
265
264
264
263
264
267
265
264
266
265
264
263
262
262
262
264
265
266
266
268
267
267
269
269
270
268
267
266
267
266
267
266
266
267
266
266
265
266
268
268
267
266
267
268
269
267
267
266
267
270
268
268
267
268
266
268
268
267
269
269
267
269
268
267
265
266
266
264
264
264
264
264
265
266
267
266
268
267
266
267
267
267
266
266
265
267
266
266
269
271
270
271
271
272
272
271
272
270
268
268
269
272
272
271
272
271
271
272
272
272
272
269
269
271
271
270
268
268
267
268
266
267
266
266
266
266
264
266
266
267
267
267
267
267
266
266
267
265
265
265
264
265
264
262
262
260
259
258
260
260
260
259
259
260
259
260
260
259
258
258
259
257
257
258
260
259
260
259
259
255
255
255
255
256
258
257
257
256
254
253
256
255
257
259
260
259
260
261
259
259
259
257
257
257
257
258
259
257
258
260
257
257
258
259
259
258
256
257
256
257
257
256
255
255
255
255
254
254
254
254
254
255
253
252
250
251
252
252
253
253
254
252
252
253
255
254
255
255
254
253
255
255
256
255
255
257
257
258
260
261
262
262
262
261
262
263
262
263
262
262
260
260
261
263
262
262
262
262
261
262
262
262
263
263
264
263
263
260
264
262
263
262
260
259
257
258
257
257
255
255
255
254
257
253
251
251
254
254
252
253
254
253
254
253
254
254
254
255
255
256
258
258
257
260
261
260
259
261
262
258
257
257
257
255
256
256
254
255
256
255
254
254
254
254
253
254
254
254
255
256
255
255
253
255
254
253
254
253
253
253
255
257
257
256
256
255
255
255
252
253
253
253
254
254
255
258
254
255
257
258
258
259
257
258
258
258
257
257
256
260
260
259
259
259
259
259
259
260
261
260
262
256
255
257
254
255
254
256
257
255
255
256
255
254
254
254
256
259
258
257
257
257
255
255
256
258
258
259
259
260
259
259
258
261
261
263
264
264
266
266
266
264
266
265
264
263
262
262
261
263
263
262
263
265
263
264
262
263
265
264
263
264
264
262
262
263
262
261
261
263
266
265
264
264
265
263
263
261
260
261
259
260
263
260
261
263
261
259
258
257
257
258
259
257
256
257
257
257
260
259
259
259
260
258
257
257
257
256
257
257
258
257
256
257
257
260
260
258
262
260
262
261
260
259
260
258
257
257
256
257
257
257
256
256
256
255
255
254
253
253
253
255
256
255
255
255
256
257
258
255
254
253
252
253
252
252
254
254
255
253
251
254
253
253
251
252
254
252
250
250
249
249
248
249
251
249
250
250
250
251
252
250
251
252
252
253
254
255
256
254
253
252
253
253
254
255
255
251
250
252
251
252
252
251
250
250
250
250
248
247
247
246
247
246
246
247
246
246
249
247
247
249
250
250
252
252
250
248
248
245
247
245
248
246
244
243
244
245
244
244
243
242
243
245
247
247
247
246
246
246
247
249
249
246
245
248
248
246
245
244
244
246
247
246
246
245
244
246
248
246
245
245
245
246
246
245
244
242
241
241
241
244
244
245
245
244
239
238
238
240
242
240
241
242
243
240
241
241
242
243
242
242
240
240
240
240
241
241
241
240
240
238
237
238
240
239
239
239
239
241
241
240
239
239
238
239
242
243
242
241
242
241
242
242
242
242
242
240
240
239
238
239
239
237
238
238
237
238
237
238
237
237
236
236
237
238
239
238
237
237
236
239
238
238
237
238
241
240
238
238
238
238
240
237
238
237
236
235
237
238
238
238
242
239
240
239
241
243
244
245
244
246
244
245
244
245
246
243
242
241
238
238
237
238
239
240
241
242
242
241
239
238
240
240
240
240
239
240
238
238
239
240
242
240
241
242
242
241
240
241
240
241
239
238
237
237
239
239
237
238
238
238
237
238
239
237
235
235
235
236
236
237
239
239
240
239
238
237
239
241
240
240
238
238
237
240
239
239
240
239
240
240
241
240
241
243
244
244
243
243
243
243
244
244
246
247
247
247
249
249
250
251
250
249
248
246
246
243
243
244
246
246
245
244
245
245
247
245
245
245
244
245
246
245
244
244
243
243
244
244
245
244
243
244
242
243
243
242
242
244
242
243
243
243
242
241
241
241
237
238
241
246
242
245
241
238
236
236
236
236
235
236
236
235
237
235
236
236
236
234
234
234
235
236
236
235
235
234
233
234
231
232
231
232
232
231
231
233
231
232
231
231
229
231
232
231
229
228
227
229
228
231
228
229
228
228
228
229
228
228
227
229
229
229
230
229
229
229
229
228
227
227
229
227
227
227
227
225
223
223
225
225
225
225
225
225
224
224
224
225
226
227
226
226
227
227
225
226
225
225
224
224
227
227
228
228
230
230
232
232
230
229
230
230
229
228
229
230
229
230
231
228
227
229
227
229
229
228
228
229
229
227
225
226
226
225
224
224
224
225
225
226
227
230
230
229
229
229
229
227
226
225
227
227
226
226
227
227
227
227
226
227
226
227
228
231
232
232
231
231
231
234
231
233
232
232
232
230
232
233
232
235
234
235
236
233
232
231
231
231
231
231
229
228
229
229
229
230
229
228
228
227
227
229
229
227
226
225
226
227
225
224
224
226
227
227
227
228
229
227
227
228
228
229
230
230
231
231
230
229
229
229
229
230
230
231
231
228
229
230
231
232
232
230
230
231
233
232
231
231
229
231
231
231
231
232
232
230
232
234
231
230
228
228
230
231
229
228
230
231
232
230
230
230
229
229
228
227
228
231
231
231
233
232
233
231
231
231
232
233
233
235
235
234
233
232
232
232
231
231
230
230
230
229
231
231
228
226
226
227
228
227
229
230
229
227
229
229
227
229
229
230
228
228
228
229
228
228
229
227
227
228
230
231
230
226
225
223
224
224
225
225
226
227
227
229
225
222
223
223
223
224
225
224
223
221
221
221
222
220
220
221
223
223
223
224
225
227
227
227
226
225
224
225
224
224
227
229
231
227
228
226
225
226
227
224
222
222
222
222
223
223
223
220
221
222
223
224
223
223
223
225
228
229
230
228
228
226
228
228
227
227
227
229
227
226
226
225
226
225
224
224
224
225
227
227
228
231
229
229
228
228
229
229
228
228
228
228
227
225
226
224
226
226
226
226
226
225
223
222
222
222
220
221
221
222
222
222
222
224
225
227
227
226
224
225
225
225
226
227
229
230
230
226
229
229
229
230
231
231
229
225
226
224
224
225
225
226
223
225
227
227
227
227
227
226
224
223
222
222
222
225
225
222
219
218
218
219
222
223
221
219
219
220
219
220
220
220
222
221
220
219
220
220
222
222
225
225
224
225
223
226
223
224
224
225
226
226
228
225
224
223
222
221
220
218
218
219
223
226
225
225
225
222
222
223
222
223
221
221
223
222
222
224
221
218
217
217
219
219
219
218
213
211
212
213
213
213
214
214
214
216
215
215
215
214
217
216
214
212
214
214
213
214
214
213
212
213
213
212
212
212
212
212
212
213
213
213
212
215
216
212
213
213
212
212
211
211
212
213
213
211
211
211
211
212
215
215
212
213
212
212
212
212
212
212
211
210
212
211
212
212
213
212
211
209
210
210
210
211
212
213
213
214
215
214
215
216
217
218
216
215
217
219
216
216
215
215
216
217
219
214
214
215
213
211
213
214
215
216
217
217
215
214
216
218
217
218
216
216
216
213
215
215
212
213
212
213
213
214
214
215
215
215
212
213
214
214
216
216
218
216
215
214
214
212
213
213
215
216
217
217
215
215
215
215
215
217
215
215
212
212
212
211
211
211
211
211
211
212
212
213
214
213
213
213
214
214
212
212
214
214
214
214
213
213
211
211
212
212
212
213
212
212
212
212
214
215
215
216
217
217
217
216
216
218
218
216
215
214
215
217
216
216
216
218
217
217
217
217
216
214
214
215
215
216
216
217
212
213
213
214
215
215
216
217
220
220
221
222
222
220
218
219
219
219
220
216
216
216
217
213
213
214
214
216
216
217
219
219
219
219
217
217
217
214
214
213
215
216
215
215
214
215
217
217
218
216
216
216
215
214
215
216
218
218
217
216
217
217
217
219
219
220
219
217
217
217
217
218
219
220
221
220
218
217
219
218
219
217
217
216
218
218
215
216
217
213
214
214
214
214
215
215
216
213
212
213
214
212
213
213
212
211
211
211
211
210
210
213
213
215
211
212
212
211
212
212
212
211
209
208
208
208
208
208
207
207
206
206
208
208
209
209
207
208
209
210
209
209
209
210
208
207
207
206
206
206
206
206
206
207
208
207
208
206
208
207
205
207
208
207
206
205
207
204
209
205
204
204
203
202
203
203
202
205
204
204
204
205
205
205
207
207
207
206
207
206
207
204
204
205
205
206
205
205
206
205
204
204
205
204
205
204
206
206
205
203
203
204
203
202
204
205
206
207
206
206
205
206
206
205
205
206
206
206
206
208
210
209
209
207
208
209
207
208
209
206
206
206
207
207
207
208
209
209
209
211
212
212
208
207
208
209
211
212
213
211
208
208
207
207
206
206
208
208
207
207
207
208
208
207
207
204
205
205
205
205
207
206
208
208
206
203
204
204
203
203
202
203
204
205
203
204
204
205
206
206
206
208
208
208
208
206
205
203
202
202
202
199
199
199
199
199
199
199
199
199
200
201
201
202
203
205
207
206
205
203
202
202
202
203
203
203
206
206
209
208
209
209
208
208
208
207
206
207
207
207
208
207
207
208
208
207
206
204
206
206
206
207
207
206
206
206
206
207
209
209
208
209
208
206
206
206
206
206
206
208
209
209
209
210
208
206
205
202
202
202
203
204
204
205
205
204
204
206
206
206
205
205
205
204
204
204
206
205
204
205
206
205
204
206
205
204
204
204
204
204
204
205
206
206
209
207
206
205
205
204
204
203
203
203
203
204
205
204
202
201
199
200
201
201
204
203
204
203
203
203
201
201
199
200
203
201
200
199
200
200
200
202
200
200
200
199
200
201
201
202
202
201
201
199
199
200
200
198
198
199
200
200
199
201
199
199
199
198
198
199
200
200
200
201
203
200
201
202
202
202
206
205
207
208
205
205
205
207
206
206
204
203
204
204
202
200
198
198
201
202
204
203
201
201
199
198
199
198
200
202
203
203
203
205
204
202
202
202
201
201
202
200
200
199
199
199
200
200
201
201
202
200
200
200
201
204
202
201
200
200
201
202
202
203
204
203
204
203
202
203
203
203
202
202
201
201
200
198
197
197
196
200
200
199
198
198
198
199
199
200
203
203
204
205
205
204
205
205
205
205
202
202
203
202
200
201
201
201
201
201
200
200
201
200
199
199
197
197
196
197
198
196
195
197
198
200
201
198
199
199
199
200
201
201
201
201
199
199
199
197
199
198
198
198
198
196
196
196
196
195
195
196
196
196
196
198
195
194
194
194
194
193
194
196
195
196
197
195
193
193
194
196
195
194
195
195
193
192
192
195
194
193
195
195
194
194
193
192
193
192
193
192
192
193
192
192
192
191
191
190
192
192
191
191
191
190
191
191
192
191
192
192
192
191
190
190
190
189
189
189
190
191
191
193
192
192
192
193
192
192
190
191
190
191
191
192
191
191
193
193
194
194
193
191
192
192
190
190
190
191
192
194
194
194
193
194
192
193
193
192
191
190
190
190
189
190
190
188
189
190
189
189
189
189
189
188
188
188
189
190
191
193
195
194
195
195
194
192
192
191
191
190
191
191
192
191
190
191
190
190
188
187
189
189
189
192
191
191
189
189
189
189
190
191
193
195
192
191
192
193
193
193
193
193
192
189
190
190
190
190
193
193
189
188
187
187
186
185
186
184
183
182
182
182
183
185
185
183
183
184
184
184
184
183
184
183
183
184
184
183
185
184
184
184
184
184
182
183
186
185
183
183
181
182
182
183
185
185
184
184
184
183
183
184
184
183
183
183
182
182
182
179
180
180
180
181
181
181
182
182
181
180
182
183
182
182
181
181
181
182
186
184
185
184
185
184
185
184
186
186
185
184
184
186
185
184
185
186
187
186
186
186
186
185
185
185
182
182
183
181
179
179
178
179
179
178
181
181
180
181
182
180
180
179
180
179
181
180
180
180
181
181
178
178
177
179
180
181
182
181
181
182
181
179
178
176
177
177
176
174
175
176
176
177
177
178
176
177
176
175
176
177
176
176
177
176
178
179
179
178
177
178
177
177
176
176
177
176
175
175
175
179
178
179
179
179
180
181
184
184
183
182
181
179
180
179
180
179
179
182
184
183
181
181
182
182
182
182
180
180
181
177
177
178
177
176
177
176
177
177
175
175
177
177
178
176
176
178
177
177
176
176
177
176
176
178
177
176
179
180
181
180
180
181
179
179
177
178
180
178
179
178
178
178
178
179
178
176
178
180
181
180
181
180
180
179
178
178
178
177
176
175
174
173
174
174
172
172
172
172
172
173
170
171
171
170
170
173
173
174
172
172
172
172
173
176
175
175
176
177
178
180
179
177
173
173
175
177
176
173
173
173
174
173
173
173
173
174
176
177
176
176
173
171
173
174
175
174
172
174
173
173
174
175
174
173
174
172
171
171
171
171
171
172
174
173
173
173
174
174
175
177
175
175
174
174
174
174
173
173
173
173
173
173
173
174
175
173
173
173
172
173
170
171
171
171
171
169
169
171
170
170
170
170
170
172
172
173
172
171
171
171
171
172
172
171
172
172
172
171
171
171
171
173
174
172
173
173
172
172
173
174
172
172
172
170
171
173
173
172
172
174
174
172
173
174
175
174
174
173
175
173
172
171
171
171
173
173
172
170
169
169
168
170
170
170
171
171
174
175
178
177
175
173
174
174
174
175
175
173
172
173
173
171
171
173
174
173
173
174
176
177
177
178
177
178
176
177
177
178
178
178
179
179
180
179
177
177
176
177
178
181
177
176
175
175
175
175
176
177
176
176
175
178
177
176
177
175
177
176
174
174
175
173
173
173
173
173
174
171
171
171
170
169
169
168
167
168
168
169
168
170
170
170
170
168
169
168
167
167
169
171
170
170
170
170
171
174
172
171
172
172
171
171
169
169
169
169
170
169
169
169
170
169
169
171
171
171
171
171
171
169
168
168
167
167
165
164
164
164
163
163
165
164
163
166
167
167
166
169
167
166
168
168
168
167
166
166
165
166
166
165
165
164
164
164
165
164
164
165
165
165
165
166
165
166
163
163
163
163
164
162
162
161
161
161
161
161
161
162
162
163
164
164
165
164
164
163
162
163
163
164
163
163
163
163
162
162
163
163
164
164
164
164
164
164
164
163
161
161
160
162
162
161
161
162
162
163
163
165
165
166
166
167
167
167
167
168
168
168
167
166
166
165
166
166
167
167
168
164
166
166
165
165
164
165
165
165
164
165
165
165
164
164
164
164
165
165
165
166
164
163
163
163
167
166
166
166
167
165
166
166
166
166
167
168
166
166
168
167
169
170
169
168
167
167
167
168
169
170
169
168
168
168
168
168
168
168
167
169
169
168
168
165
164
164
164
164
164
164
164
164
164
164
165
166
165
165
166
166
166
166
168
170
170
170
168
166
166
167
166
165
165
165
165
166
166
165
165
165
165
166
165
167
167
166
165
164
164
162
162
162
162
162
163
163
164
164
165
164
164
166
169
169
168
167
168
168
167
167
168
166
165
165
167
165
166
165
165
166
167
166
165
165
165
162
163
161
161
161
162
163
161
161
161
161
161
162
161
161
161
161
161
163
160
160
161
162
162
161
161
162
162
163
162
161
162
162
163
163
162
162
163
164
165
162
161
160
158
158
158
159
159
159
160
160
160
161
162
162
164
163
165
164
162
164
165
164
164
164
163
163
163
163
162
163
161
160
160
158
158
158
160
160
162
161
161
161
161
162
162
161
160
160
161
161
159
159
161
160
161
161
160
160
160
160
160
159
159
160
161
162
163
163
163
164
163
164
164
165
165
165
164
164
163
163
164
163
163
163
161
161
161
161
160
160
160
159
159
159
161
162
162
161
163
164
162
162
162
161
160
160
160
160
160
160
159
158
159
159
158
157
157
156
156
157
158
158
159
156
157
157
157
156
155
155
155
155
156
156
156
156
157
158
158
157
157
158
158
156
156
156
156
156
156
157
157
160
160
158
158
158
159
158
159
158
158
157
157
157
157
157
156
156
156
156
157
160
162
163
161
160
160
159
157
156
154
156
158
157
157
157
155
156
155
155
154
154
154
155
155
157
157
159
160
160
160
160
160
161
162
164
162
162
161
162
162
162
161
160
160
159
159
159
159
158
158
160
160
161
160
159
160
159
159
161
162
162
160
160
161
160
160
159
160
160
158
158
156
156
154
153
155
156
156
156
157
158
157
157
157
156
155
154
156
154
154
154
154
155
155
154
154
154
154
154
154
155
156
155
157
156
157
158
159
158
159
156
156
156
156
157
157
157
157
158
158
158
159
159
158
158
158
158
159
159
159
159
160
159
158
158
158
157
157
155
155
156
156
157
156
155
157
156
155
155
155
154
155
155
156
156
157
157
158
159
159
161
158
158
158
158
159
160
161
161
162
163
163
163
163
163
163
162
163
163
163
165
165
165
164
164
164
163
163
163
160
159
157
157
157
158
158
159
158
157
156
155
155
154
153
153
153
154
156
155
155
155
155
155
156
157
157
157
156
157
157
157
161
163
162
162
162
161
161
161
162
163
162
160
160
159
160
157
157
156
156
157
160
159
159
159
161
159
160
158
157
157
157
157
157
157
157
159
160
158
158
158
158
157
158
158
159
158
158
159
159
159
159
159
159
160
160
159
160
160
160
157
155
153
154
154
153
153
152
153
154
155
154
153
153
153
152
150
151
150
150
151
149
148
148
149
147
147
148
148
149
150
150
152
151
149
148
150
150
149
149
149
150
150
150
152
152
153
151
151
152
151
151
150
149
148
148
151
152
152
152
151
149
148
147
148
149
149
148
148
147
147
146
146
146
147
145
144
144
145
145
147
147
147
149
146
145
145
145
146
147
148
148
148
148
147
147
144
144
145
145
146
148
146
146
146
144
145
147
148
147
147
147
147
148
147
147
149
149
148
148
148
147
147
148
148
148
146
146
148
149
149
151
149
149
149
149
149
149
149
148
147
148
148
146
145
145
145
145
144
144
144
144
144
144
144
147
147
146
146
146
147
146
146
147
147
147
147
148
148
148
148
148
148
148
150
151
150
153
153
155
152
149
149
150
150
150
149
148
147
148
149
149
151
153
152
152
151
150
150
152
151
150
151
151
152
153
152
153
153
154
154
153
154
155
155
155
155
158
159
158
159
160
159
159
160
157
157
156
156
154
153
154
155
155
157
157
155
154
154
156
156
156
156
156
153
155
154
154
154
153
153
154
155
155
156
156
155
154
153
153
152
154
154
153
153
153
153
152
152
154
155
157
155
154
153
153
153
153
153
153
153
153
153
154
155
155
155
155
155
155
155
153
153
153
153
153
153
152
152
152
151
151
150
152
151
151
151
150
152
152
151
151
151
150
150
150
149
150
150
151
152
152
151
152
150
150
151
151
151
150
151
151
151
151
152
151
150
150
150
151
149
150
151
151
153
153
152
149
149
149
149
149
149
149
152
155
155
155
155
154
153
153
152
152
153
152
152
150
150
150
150
149
150
151
151
151
151
151
152
153
151
151
151
151
152
153
153
152
153
151
151
151
151
151
151
151
151
150
150
150
150
151
152
152
151
152
153
153
154
155
154
155
154
155
155
155
155
154
154
154
156
155
154
153
151
151
153
153
153
151
152
152
152
154
155
154
154
153
153
153
152
152
152
153
154
153
155
154
153
154
153
151
152
152
152
153
154
154
154
153
155
153
151
152
151
151
151
151
150
151
151
151
152
152
152
153
153
155
155
155
155
154
155
152
153
152
154
153
152
151
151
151
151
150
153
153
151
150
150
151
150
150
152
152
154
153
152
151
151
148
148
147
150
150
155
152
150
149
151
150
150
149
151
151
151
150
148
147
147
147
148
148
149
149
150
148
148
147
147
148
147
148
148
147
149
150
150
150
149
149
149
149
149
149
148
148
148
150
150
150
151
150
150
151
151
151
151
151
152
151
152
152
152
152
152
151
153
155
155
155
154
154
154
152
153
156
152
153
154
153
153
152
150
149
148
148
149
150
150
150
149
151
148
150
148
148
148
148
148
149
149
148
148
150
150
150
148
149
148
149
149
149
148
149
149
151
151
151
151
151
150
150
151
152
153
152
153
151
151
150
150
150
150
150
149
149
150
150
151
151
151
151
151
151
151
151
152
152
152
152
151
149
151
152
151
152
152
153
152
153
153
153
152
152
151
152
152
152
151
153
153
150
151
153
153
152
151
151
150
150
152
153
154
151
151
152
152
152
153
153
151
153
153
155
155
155
157
154
156
155
155
155
156
156
157
157
157
157
156
155
155
154
151
152
153
153
153
154
155
154
154
154
155
156
157
157
157
157
155
153
153
154
155
154
154
154
155
154
152
153
153
156
155
155
154
154
153
153
153
152
151
152
153
152
152
151
151
152
153
152
152
152
150
150
150
151
152
151
152
150
150
151
149
149
149
150
149
148
148
148
147
148
148
148
149
149
147
147
146
144
144
144
144
144
144
144
144
145
145
146
146
145
146
147
146
144
143
143
143
143
143
144
144
145
144
143
143
145
145
145
144
142
145
143
144
145
145
144
143
142
143
143
144
145
144
143
141
142
141
142
142
142
143
144
141
143
143
145
144
145
144
144
143
143
144
143
142
142
143
143
141
141
141
139
139
139
138
139
140
139
139
140
138
139
139
138
138
139
139
139
140
141
141
142
142
141
139
139
139
141
141
141
143
142
143
142
143
142
140
140
140
141
139
140
142
140
140
