0.00014655172413793104 0.0006244827586206897
300
298
295
292
286
282
278
278
277
275
271
270
271
268
268
267
264
262
261
260
261
261
261
258
258
258
259
258
258
258
258
257
258
258
258
259
258
258
257
258
256
258
257
258
258
258
256
257
259
258
258
258
258
258
258
258
256
257
256
257
254
254
254
255
255
255
256
257
258
259
258
258
260
260
260
259
257
259
258
258
257
256
255
253
253
253
253
255
255
255
254
254
256
255
255
257
257
258
258
257
258
258
258
259
260
260
260
258
257
257
259
259
258
258
258
259
259
258
258
257
256
254
256
255
257
257
255
255
254
256
255
255
255
254
255
255
254
254
254
253
254
253
253
254
253
254
254
255
255
255
254
255
254
253
254
253
255
254
253
253
253
253
255
253
253
253
251
251
251
253
253
252
251
252
253
255
255
258
256
255
255
256
256
258
257
255
255
255
257
256
256
255
253
253
252
251
252
253
252
253
253
252
252
253
252
252
251
253
253
252
252
253
253
253
252
251
252
252
252
252
251
251
251
251
252
253
254
253
252
253
253
253
252
252
253
253
254
257
257
257
257
256
256
255
256
257
257
257
255
255
257
257
256
258
259
260
258
259
259
257
259
258
257
255
256
254
254
252
252
252
254
254
255
257
254
253
251
251
250
250
251
251
252
251
252
254
254
254
253
253
253
252
254
253
254
255
254
251
251
252
252
251
253
251
251
252
253
253
252
253
254
255
255
254
254
254
253
253
252
251
250
250
249
248
248
249
250
251
252
251
252
253
253
253
252
250
248
248
248
247
247
247
247
247
246
245
245
246
246
245
244
245
244
247
247
248
249
251
249
249
248
246
246
245
245
246
245
245
246
246
245
246
246
243
243
243
242
242
243
243
245
245
244
245
245
245
246
245
243
243
242
243
243
244
243
241
241
242
242
243
244
244
243
242
244
244
245
243
241
241
242
243
243
243
242
242
243
243
241
242
241
242
242
242
241
242
242
241
241
242
242
241
241
241
241
242
242
242
242
242
241
241
244
244
245
244
244
245
245
244
246
246
246
245
246
246
247
246
245
245
243
244
244
244
244
245
244
245
245
245
244
244
243
244
244
244
242
243
242
244
245
247
247
247
245
244
244
244
245
244
243
243
243
243
244
241
239
238
236
238
239
238
239
239
240
240
240
240
238
239
239
239
241
241
240
240
240
240
241
241
241
238
236
237
237
238
236
238
239
239
239
238
238
238
238
239
239
239
241
239
238
239
237
236
236
236
236
236
237
236
236
237
236
237
237
236
237
238
240
240
242
243
243
242
243
242
241
240
239
240
241
242
243
243
245
243
244
245
240
239
239
239
237
237
238
237
237
241
242
241
240
239
240
240
241
239
238
239
237
237
237
235
234
235
236
236
236
234
232
231
231
231
231
231
231
231
231
232
233
233
233
234
234
232
232
234
234
233
233
233
233
234
234
234
233
233
234
234
233
233
232
233
232
231
232
234
236
236
235
234
233
233
232
232
232
232
232
232
232
235
235
237
237
239
239
238
236
235
234
233
232
232
232
231
232
232
232
232
231
232
232
231
231
232
232
233
233
234
234
234
233
234
233
232
232
229
230
231
231
233
233
233
232
231
231
232
234
233
233
232
231
232
233
234
233
233
232
231
231
230
231
230
228
229
229
231
231
230
230
230
230
230
230
229
229
230
230
231
232
231
231
231
233
233
232
233
235
233
233
234
234
235
235
235
235
236
236
236
236
237
237
238
234
234
234
234
234
234
234
235
236
237
237
236
236
236
235
235
233
232
233
235
235
235
236
237
239
238
239
236
237
235
233
232
232
232
232
233
232
232
232
232
232
232
234
235
235
234
236
236
234
233
232
232
231
231
231
233
232
230
230
230
232
232
232
232
232
232
233
235
235
235
234
233
234
233
232
232
232
232
233
232
232
232
232
233
235
235
234
234
236
236
234
234
234
236
235
235
231
231
231
234
234
237
238
236
238
238
236
234
234
234
234
233
231
232
231
231
232
234
233
232
233
234
234
234
234
234
233
235
235
232
232
232
232
233
232
233
233
234
235
235
232
230
233
233
233
232
231
231
231
232
233
234
235
235
236
237
234
232
232
232
228
227
228
230
231
232
233
233
232
233
233
233
234
233
232
230
230
230
228
228
228
228
228
228
228
226
225
226
226
226
226
226
227
227
227
228
226
225
225
225
225
225
225
225
226
226
226
226
227
227
225
225
225
226
226
226
226
226
226
226
226
227
228
226
226
226
227
228
227
228
228
228
227
228
228
229
230
232
233
232
233
232
232
231
229
230
232
231
231
233
231
232
230
228
229
231
230
231
231
229
230
230
231
233
232
226
228
227
227
227
228
228
226
226
226
226
228
229
228
229
228
227
227
227
225
225
226
227
226
227
227
226
226
225
225
228
227
227
227
230
230
230
230
231
231
230
230
229
228
227
228
227
229
227
227
226
228
229
230
230
233
233
233
232
231
228
229
231
232
230
229
231
231
231
231
230
230
229
229
230
227
227
228
227
228
228
228
227
229
228
229
230
230
228
228
228
228
228
228
228
227
227
227
228
226
227
227
227
229
228
228
228
229
229
229
230
229
227
228
228
226
226
227
227
227
228
228
229
228
226
226
226
225
225
225
225
225
225
226
225
225
224
223
224
224
224
224
226
225
228
227
227
227
226
226
226
229
228
228
229
229
228
227
227
229
228
228
228
228
227
227
226
227
226
227
226
228
227
228
229
229
229
230
230
230
232
231
230
230
229
228
227
227
228
229
228
229
230
230
230
230
231
231
230
229
229
231
230
230
229
230
229
228
227
227
227
227
229
230
230
230
228
229
228
230
230
230
230
229
229
231
232
230
230
229
228
227
229
229
229
229
228
228
229
228
226
225
225
222
221
222
222
222
223
225
225
225
225
225
225
224
225
226
225
224
224
225
224
223
223
223
223
223
224
224
222
222
223
224
224
223
223
224
224
223
222
224
224
224
223
223
223
223
223
223
223
222
222
221
221
221
222
223
222
222
223
223
223
223
222
220
220
220
220
221
221
224
224
224
223
222
222
220
222
222
221
222
221
221
223
223
223
224
223
222
221
221
221
222
221
220
220
220
222
221
221
219
219
220
220
220
219
219
219
218
219
220
217
219
219
219
219
219
219
217
218
218
218
220
220
220
221
220
220
218
218
218
218
218
219
219
220
219
219
218
218
218
218
218
218
219
218
218
219
220
220
222
223
224
225
224
225
224
223
223
222
222
222
221
223
222
222
222
223
222
222
222
221
223
222
222
223
223
221
221
219
219
219
219
219
219
218
219
218
219
220
219
218
219
219
219
219
219
219
220
220
220
219
219
219
219
218
217
217
218
218
218
218
218
219
219
220
220
219
219
219
218
218
216
216
215
217
218
217
218
218
217
217
216
217
217
219
219
219
219
218
217
217
218
218
217
217
217
216
217
217
219
219
218
217
218
218
218
216
216
216
215
215
215
215
215
214
214
213
213
214
214
214
215
215
215
214
214
214
214
216
216
216
216
215
215
215
217
216
216
216
216
217
218
218
218
219
219
219
220
218
219
218
218
218
218
216
217
217
217
217
217
219
218
218
217
216
214
216
216
219
220
218
218
218
218
218
218
217
214
214
214
215
217
217
218
217
217
216
214
214
214
213
213
211
211
211
211
212
212
212
212
212
212
212
212
212
214
214
214
216
216
215
215
214
214
214
215
215
215
215
215
214
215
216
216
215
214
214
212
212
212
214
214
215
215
215
216
215
216
217
217
217
217
218
217
218
216
215
216
217
217
216
215
215
216
215
213
213
213
214
212
213
213
213
214
214
212
212
211
210
211
212
213
214
213
213
212
213
213
214
213
214
213
213
213
213
214
213
214
213
213
214
214
215
216
216
214
213
211
210
210
211
211
212
211
211
211
211
210
211
210
210
211
211
211
212
212
212
214
215
215
216
214
215
215
214
212
211
211
212
211
211
211
210
211
210
210
210
210
210
209
209
210
210
210
210
210
211
211
211
212
212
212
213
214
215
215
215
214
217
217
218
218
219
220
221
219
220
217
212
211
212
211
208
208
208
209
209
209
210
208
209
209
209
208
208
208
208
209
209
208
209
209
209
209
208
208
208
207
208
208
207
208
208
208
208
207
207
208
208
208
208
209
209
210
211
210
210
209
210
210
210
210
210
210
210
212
213
211
211
210
211
211
212
214
212
212
211
211
210
210
209
209
209
211
211
211
212
210
210
211
211
211
212
210
210
210
210
211
211
210
211
211
211
212
211
207
208
207
207
208
208
206
206
205
205
205
205
207
209
209
209
208
206
206
207
207
207
207
207
208
208
210
211
211
210
208
208
206
206
204
204
204
204
204
204
204
205
203
202
203
203
204
203
203
204
203
203
206
207
207
207
207
206
207
205
206
206
206
206
206
206
208
208
209
211
211
211
209
209
209
210
209
209
210
212
210
210
209
207
208
209
209
207
207
206
204
202
203
203
203
203
203
203
204
202
202
201
200
200
200
200
200
201
201
201
201
200
201
201
201
200
200
200
200
200
201
202
202
202
203
203
204
204
205
205
204
203
202
202
202
203
204
206
208
208
206
207
207
206
205
207
206
206
208
208
207
206
206
206
206
206
207
207
206
205
204
204
203
202
203
203
203
203
202
201
201
201
201
201
201
201
201
201
202
203
202
202
204
206
207
207
206
206
205
206
205
204
204
204
204
203
204
203
202
201
202
202
202
202
202
200
200
200
200
200
200
201
201
201
201
201
201
201
202
201
203
204
205
205
205
205
204
204
203
203
204
204
204
204
204
204
205
204
205
205
205
204
205
205
205
202
202
202
203
204
203
202
201
201
201
200
200
202
202
203
203
204
204
202
202
203
204
202
202
201
201
201
201
202
202
201
200
201
201
202
202
202
203
203
204
202
200
200
201
203
201
201
200
203
202
202
201
199
197
197
196
196
197
196
196
197
197
197
197
198
199
197
197
196
196
196
196
196
197
197
197
196
196
196
196
196
196
197
196
197
197
196
195
196
196
196
196
196
196
196
197
197
197
197
197
197
196
198
198
198
198
197
198
198
198
197
198
198
197
197
197
197
197
196
195
194
195
195
196
196
198
197
197
198
199
199
199
198
198
198
196
195
196
196
194
194
194
195
195
195
196
196
194
195
195
195
195
196
195
197
197
197
197
197
197
197
197
196
197
199
199
199
198
198
196
198
196
195
196
196
197
197
198
199
200
200
200
198
199
196
196
196
196
196
196
199
199
198
198
199
199
200
200
200
200
200
199
199
197
196
195
195
195
195
196
196
198
197
199
199
198
197
196
196
197
198
195
195
193
193
194
195
194
193
193
192
193
193
192
192
192
192
193
194
193
193
193
193
194
195
194
193
194
194
193
193
193
191
191
191
191
191
191
191
192
190
190
190
191
191
190
190
191
192
192
190
189
189
189
189
189
190
190
190
192
191
190
192
192
192
191
191
191
191
191
191
192
192
193
193
192
192
191
192
192
192
192
192
192
191
192
192
192
192
192
192
192
192
192
192
192
192
193
193
192
192
192
194
192
192
191
191
192
192
191
192
192
192
192
192
192
192
194
194
193
192
192
192
193
193
193
193
193
194
193
194
193
193
192
192
191
191
191
191
192
193
192
192
192
191
191
191
191
191
191
193
193
193
194
194
194
195
195
195
195
197
196
194
192
192
192
193
193
193
192
193
193
194
194
193
193
193
193
193
194
193
192
192
192
192
191
192
192
192
192
192
192
192
192
192
192
192
192
192
191
190
191
191
191
192
192
192
192
192
192
192
192
192
192
191
191
192
193
193
193
193
192
192
192
191
191
191
191
192
192
192
193
194
194
192
193
192
192
192
192
192
192
190
191
191
192
192
192
194
194
193
194
192
192
192
191
192
192
192
192
191
192
193
192
191
191
192
192
193
194
194
194
194
194
195
196
196
196
195
194
194
194
194
194
193
192
192
193
193
192
192
193
192
192
192
192
192
192
192
192
190
190
190
191
190
191
191
192
191
190
190
191
191
191
191
191
191
191
193
193
192
191
190
191
190
190
192
193
194
194
194
194
195
194
194
194
196
196
197
193
193
193
193
193
194
193
192
192
191
191
191
191
190
190
189
189
190
189
191
191
192
191
191
191
192
192
192
192
191
190
192
192
194
193
193
192
190
190
191
190
190
190
190
192
191
190
189
188
190
190
190
190
189
189
188
187
187
188
189
190
191
190
190
190
189
188
190
187
187
187
187
186
186
187
187
187
187
187
186
186
186
186
186
186
187
187
186
186
188
187
188
189
189
189
189
187
187
187
187
186
185
185
185
185
185
186
186
186
186
186
186
187
188
188
188
188
187
187
186
187
187
187
188
188
189
188
188
189
188
187
187
187
187
188
189
189
186
186
186
186
188
187
188
189
189
188
187
187
186
186
187
187
188
189
188
188
188
188
190
190
189
190
190
191
193
191
190
189
189
189
189
191
191
189
189
188
188
188
188
188
188
188
189
189
188
186
186
186
187
189
188
187
187
187
187
185
185
185
187
186
186
186
185
186
186
185
185
184
184
185
185
185
184
184
184
184
185
185
185
183
183
183
184
184
184
185
185
185
184
184
184
184
184
184
186
186
186
186
185
186
186
185
184
182
182
182
183
183
183
183
183
183
182
183
182
181
181
182
183
182
182
180
181
181
181
181
181
181
182
182
182
182
182
182
182
183
183
182
183
183
184
184
184
183
183
184
183
183
183
182
183
182
181
180
181
181
181
182
181
183
185
184
184
182
181
181
181
182
182
180
180
180
180
180
180
181
181
180
180
180
180
181
181
182
182
182
182
182
182
181
181
180
180
180
180
179
179
180
180
181
181
181
181
181
181
181
181
181
182
182
182
181
182
182
182
182
183
184
185
184
183
182
182
182
183
182
182
182
184
182
183
182
182
182
181
181
181
182
182
182
184
185
183
183
184
185
184
183
183
183
183
183
183
183
183
183
184
184
184
184
183
183
183
182
185
182
182
181
180
180
181
181
182
182
181
181
181
181
180
180
180
180
181
181
181
181
182
182
183
182
182
184
184
184
183
184
184
183
182
181
181
181
181
181
182
181
181
181
180
180
180
180
180
179
179
180
180
181
181
180
180
181
180
180
180
180
180
181
182
182
181
181
181
182
182
181
181
182
181
181
182
183
182
183
183
183
182
181
182
184
184
184
184
183
184
185
186
185
186
184
181
181
181
181
180
180
180
181
181
181
180
180
180
181
181
181
181
182
182
182
182
182
183
184
184
183
184
183
181
180
180
181
180
181
181
182
182
181
182
181
182
180
181
181
181
181
182
182
182
182
182
182
181
181
181
181
181
181
181
181
180
180
181
181
180
180
180
180
180
180
181
181
181
181
181
184
183
182
182
182
182
182
182
182
183
183
181
181
181
181
180
179
179
178
178
178
179
179
179
181
181
180
180
181
181
182
181
181
181
181
181
180
179
179
180
180
182
182
182
182
182
182
182
182
182
182
179
179
178
178
178
178
178
178
178
178
178
180
181
181
181
181
181
180
180
182
181
182
182
180
180
179
179
179
179
180
179
180
179
179
179
178
179
180
181
181
182
183
184
181
181
183
183
183
180
179
178
178
176
176
175
175
177
178
178
178
177
179
178
177
177
176
175
176
177
177
177
177
177
178
179
178
179
178
178
177
178
177
177
177
178
179
181
182
182
182
181
180
183
183
181
179
180
180
180
179
179
179
179
180
180
179
179
178
178
179
179
179
180
180
182
183
184
183
182
181
183
182
181
180
181
181
179
178
177
180
179
178
178
178
179
179
179
180
180
180
180
180
178
178
178
178
178
177
177
177
177
177
176
175
175
175
176
176
176
176
177
174
174
174
174
173
174
174
174
174
174
174
174
173
174
176
176
178
179
177
176
177
177
177
179
179
179
179
178
178
178
177
177
177
177
177
178
180
181
181
181
181
181
182
184
186
184
184
183
183
182
183
182
182
181
181
181
181
180
179
179
179
178
177
177
177
177
177
176
177
178
177
177
177
178
179
178
178
178
179
181
181
181
180
179
179
179
179
180
181
180
181
182
180
180
178
179
179
179
179
180
180
180
179
179
179
178
178
177
178
179
178
178
177
178
180
180
180
180
180
179
179
179
179
179
178
178
178
178
178
178
178
178
177
178
179
182
180
178
177
177
177
177
178
178
178
179
179
178
179
180
181
180
180
180
180
181
179
179
178
179
179
178
178
178
177
177
176
176
176
176
176
176
178
177
178
177
177
178
178
179
179
178
179
179
179
179
179
178
178
178
179
179
180
176
176
175
174
174
174
175
175
175
176
176
175
175
175
175
176
178
176
176
176
176
176
176
176
176
176
175
176
178
178
177
177
177
177
178
177
178
177
177
178
178
179
181
181
179
178
177
176
176
176
176
176
176
177
177
176
174
175
176
176
176
176
175
176
176
176
176
177
176
179
180
180
179
179
179
178
178
179
179
179
177
176
175
177
177
177
177
176
178
180
178
178
178
178
177
177
177
176
176
176
176
176
178
178
177
177
176
176
175
174
174
174
174
174
174
176
175
176
176
175
175
177
176
176
176
177
177
177
176
176
176
177
177
177
177
176
176
176
175
175
175
176
176
176
177
177
177
177
176
175
174
175
175
175
175
174
175
174
174
174
175
176
176
177
179
177
177
176
176
176
176
176
176
175
176
174
173
174
175
177
177
177
177
175
174
174
174
173
174
175
175
176
176
175
175
174
175
175
175
175
174
174
176
175
175
177
177
176
176
177
177
176
176
174
175
175
175
176
176
174
174
174
174
175
175
175
174
174
174
174
174
174
173
172
172
173
173
174
173
174
174
174
174
175
175
177
177
177
177
177
178
177
176
176
177
178
179
180
179
178
178
179
179
178
178
178
178
179
178
178
178
180
182
184
183
183
181
178
178
179
179
179
177
176
176
176
176
177
177
178
178
179
178
177
175
172
172
172
172
172
173
173
173
176
174
174
174
174
173
173
173
174
174
173
173
173
173
174
173
171
170
170
170
169
169
171
171
173
172
172
173
173
174
174
173
173
174
174
173
174
175
174
174
172
172
172
171
171
170
171
171
173
173
173
172
172
173
172
172
172
172
172
173
174
174
174
174
175
176
175
174
174
173
173
172
172
172
171
172
172
171
171
172
172
172
174
173
172
172
172
172
172
171
171
171
172
172
172
174
175
174
173
175
176
176
176
176
177
176
175
176
176
176
176
174
175
175
176
177
178
177
177
176
174
174
174
176
176
176
176
176
173
174
174
173
173
173
172
173
173
173
172
172
172
171
172
173
172
172
173
173
171
171
172
171
171
171
170
170
170
172
172
172
173
173
175
175
175
175
175
174
174
173
173
173
173
172
172
169
168
169
169
170
171
171
171
171
171
171
170
169
170
170
171
171
171
170
170
171
171
171
170
170
170
168
168
168
168
169
169
169
170
169
168
168
168
169
169
169
168
168
170
170
170
170
170
170
170
169
169
170
170
170
170
170
170
170
170
171
171
170
170
171
170
170
169
169
169
169
169
170
171
171
173
173
174
175
175
175
173
174
172
172
171
170
172
172
170
169
169
169
169
169
168
168
168
168
168
169
170
170
170
170
170
170
170
170
170
170
171
172
171
171
173
172
172
173
173
173
173
174
173
172
172
174
176
174
174
173
172
172
172
172
172
172
168
168
169
170
170
175
177
176
175
175
175
177
175
175
175
173
172
172
172
172
171
171
172
173
174
174
174
174
172
173
172
170
169
169
170
169
168
167
168
168
168
169
170
169
168
168
168
168
167
167
167
167
167
166
166
166
166
166
167
167
167
168
169
169
167
169
170
169
170
168
169
169
169
169
169
169
168
168
168
168
168
168
168
168
169
168
168
168
168
170
172
173
174
172
173
173
172
172
173
171
171
170
170
169
168
168
168
168
169
171
171
171
172
172
172
173
174
175
173
172
172
172
173
171
171
171
171
172
171
171
171
171
172
173
173
173
173
173
172
172
172
171
172
171
171
171
172
171
172
171
170
170
170
170
168
167
167
167
168
168
168
169
168
170
171
171
169
169
169
168
170
171
171
171
172
172
171
171
172
173
173
173
172
173
173
172
172
171
168
168
169
170
170
169
169
169
169
170
170
171
171
171
170
168
166
166
166
166
166
166
165
166
167
168
170
169
169
169
170
170
168
167
167
168
168
169
169
168
167
168
168
168
167
169
169
169
169
169
169
169
169
168
168
170
170
170
169
169
169
169
168
169
168
167
166
166
167
168
167
166
166
166
166
166
166
166
166
167
167
168
168
166
166
165
167
168
168
169
168
168
168
168
169
169
169
168
168
168
166
166
166
166
167
167
167
167
167
167
167
168
167
166
166
166
167
168
168
166
166
166
163
163
164
164
163
163
163
162
162
162
163
163
163
163
164
165
165
166
168
169
169
168
167
167
168
168
167
168
168
169
168
167
168
168
168
166
167
167
167
167
167
167
167
165
165
165
166
166
166
166
167
168
167
167
167
168
167
167
167
165
164
164
164
163
164
164
164
165
165
165
165
166
166
166
165
165
165
164
164
163
164
163
164
164
163
163
163
164
164
166
166
166
166
165
165
165
165
164
163
163
163
163
163
163
163
163
163
163
163
164
163
164
165
165
165
165
166
165
166
166
166
165
166
164
162
162
163
162
163
163
164
164
165
163
162
162
163
163
163
163
163
163
163
163
163
163
165
165
165
165
165
164
165
166
166
166
167
166
167
168
168
168
169
168
168
168
169
169
170
170
170
169
168
168
167
165
166
166
166
165
166
164
165
165
166
166
166
167
166
166
167
167
166
161
161
161
162
163
164
166
164
164
164
164
164
164
164
164
163
165
165
165
165
166
165
165
164
167
166
166
164
164
161
161
162
161
161
161
161
161
162
162
162
162
162
163
162
163
161
161
161
161
162
161
161
162
163
163
163
163
163
164
164
162
161
163
163
161
162
162
161
160
161
162
161
159
159
158
158
159
160
160
160
160
161
161
161
161
160
161
161
161
161
161
160
161
161
160
160
160
161
159
159
159
160
160
160
160
160
160
160
160
161
161
162
163
164
164
164
162
162
162
161
161
161
161
161
161
161
160
160
159
159
159
161
161
161
164
163
163
163
164
164
165
163
164
164
163
163
163
163
162
162
163
163
161
160
160
160
161
161
161
161
163
162
162
163
163
163
163
162
162
162
159
159
159
159
160
161
159
158
158
158
158
158
158
158
158
158
159
160
160
160
160
160
160
160
159
159
160
162
162
161
162
161
161
162
163
164
165
164
163
164
161
161
162
