0.0008975862068965518 0.0005562068965517242
300
288
283
279
276
274
272
268
268
268
266
263
261
258
259
257
255
257
257
258
253
254
252
250
247
247
245
243
245
243
244
245
245
245
243
242
243
243
244
246
247
247
248
250
248
249
248
248
246
246
243
242
242
242
241
239
240
239
236
235
237
236
234
236
236
237
240
240
240
240
240
242
241
244
242
241
240
238
237
237
236
232
232
233
233
233
227
226
224
224
223
223
222
222
222
222
225
227
228
230
229
229
230
231
230
228
227
227
224
224
224
224
222
223
223
222
222
223
225
223
222
225
227
228
226
223
224
223
222
223
224
223
222
222
221
220
222
222
222
223
223
224
225
226
224
224
226
225
225
227
227
229
225
224
224
224
224
226
226
226
228
228
225
224
225
224
225
224
224
224
223
222
224
225
224
224
224
223
221
220
222
225
225
225
226
230
230
230
227
229
229
231
229
228
228
228
229
232
228
228
229
232
231
232
233
235
236
233
235
233
234
235
230
231
231
226
225
224
222
224
224
228
231
229
230
230
232
231
233
233
232
232
233
233
232
232
233
234
235
236
233
232
229
230
229
231
230
231
231
231
230
227
226
226
228
227
227
228
227
228
230
230
230
231
231
231
232
232
231
230
230
229
228
228
227
227
224
224
225
226
225
225
225
226
226
225
224
223
224
225
223
222
222
220
222
220
219
219
218
216
216
216
217
217
217
218
220
218
219
218
218
216
215
217
214
214
214
214
213
215
216
218
218
218
220
219
219
218
220
220
218
219
217
216
217
218
218
220
221
221
221
219
219
219
218
218
219
219
219
218
219
219
218
220
224
221
223
225
226
224
224
222
221
221
221
218
218
218
217
217
219
220
220
220
221
224
223
222
221
221
221
220
220
219
220
220
221
221
221
221
222
222
222
225
224
225
225
226
226
226
223
221
221
220
219
220
219
218
219
217
218
218
219
218
216
216
217
220
219
220
220
221
221
221
219
218
218
218
216
217
216
220
220
220
222
222
221
222
221
219
218
219
218
215
215
213
213
214
213
212
214
213
211
211
212
213
215
216
216
216
214
215
218
219
217
219
221
218
217
216
215
216
216
218
218
220
221
220
221
221
219
221
220
221
221
222
223
223
222
223
223
222
221
223
223
222
219
220
220
219
219
218
217
217
219
218
218
217
217
217
217
217
216
216
216
217
215
215
214
214
216
217
215
214
214
215
215
215
216
216
217
217
218
218
218
220
220
220
223
225
225
225
225
222
220
220
218
218
219
220
223
222
221
217
217
218
219
218
218
216
214
215
211
212
211
210
209
211
212
214
219
221
221
218
217
218
218
216
217
216
215
214
215
215
216
216
216
217
216
216
216
215
215
216
217
216
217
216
219
218
218
219
218
218
219
219
218
217
218
218
219
223
222
222
221
220
218
217
217
216
216
216
217
216
216
217
218
217
219
220
218
219
218
218
216
215
215
215
213
215
217
215
213
213
213
213
214
215
214
213
214
213
214
216
218
220
222
225
226
225
226
224
225
226
222
224
222
224
223
221
220
219
219
218
218
216
215
216
217
219
217
216
216
214
215
216
215
215
216
216
217
218
216
216
217
217
215
217
216
216
217
218
219
218
219
220
221
220
221
221
221
220
219
219
220
216
218
217
215
216
217
216
218
219
219
219
220
221
220
224
224
223
222
223
221
223
225
226
225
224
225
223
222
222
223
225
224
221
222
221
222
225
223
223
220
220
219
216
217
218
218
217
218
218
219
219
219
218
219
221
221
221
222
221
221
221
221
223
223
221
221
223
223
223
223
223
222
220
222
222
223
222
221
221
222
220
220
219
217
216
219
219
220
220
221
221
221
220
217
215
213
215
214
212
214
214
212
213
216
218
217
217
218
217
217
216
215
215
215
214
215
216
215
214
215
215
214
215
216
216
219
219
217
218
219
219
219
219
219
219
220
220
220
223
222
223
221
221
221
221
221
220
220
220
216
219
219
218
218
218
214
215
217
217
216
218
220
217
218
218
217
215
214
211
211
210
212
213
214
214
214
214
213
214
218
218
218
220
218
216
213
214
214
212
210
208
209
208
209
208
207
205
205
207
208
209
209
209
211
210
208
206
205
205
204
203
203
204
205
204
205
206
207
206
206
206
207
208
211
211
211
211
210
213
213
211
213
213
216
215
217
217
217
215
216
215
214
214
216
215
215
215
215
216
216
216
215
215
216
215
215
215
214
214
213
212
210
211
210
210
211
214
215
216
218
218
218
219
221
218
216
216
217
218
215
212
213
213
212
211
212
215
216
214
216
216
217
216
217
220
222
222
223
223
217
217
220
219
218
218
218
217
217
216
216
217
215
214
215
216
215
217
220
221
220
220
220
218
217
218
217
218
219
216
212
211
212
210
211
211
210
209
211
213
214
214
212
212
212
213
211
212
213
213
211
211
213
215
213
213
215
213
212
214
213
213
212
212
211
210
210
210
211
209
208
207
206
206
209
210
211
209
208
208
208
208
207
207
207
206
207
207
207
207
206
205
204
206
205
203
203
203
204
202
204
205
206
206
204
202
202
203
206
205
206
205
203
204
204
203
201
200
198
200
201
201
203
202
200
201
202
201
201
202
202
201
201
201
201
200
198
198
198
196
197
199
199
199
200
200
200
200
198
199
199
200
200
201
200
200
202
201
200
200
200
200
199
201
199
198
198
197
197
197
197
197
197
196
197
197
195
195
195
194
193
194
195
195
196
197
195
195
195
196
195
195
197
199
200
198
199
199
197
197
199
199
197
196
198
198
198
197
196
195
196
196
195
196
194
195
195
194
194
194
193
193
192
193
194
195
197
197
197
197
197
197
197
197
197
197
197
197
199
198
199
199
201
201
199
199
201
200
199
198
199
196
196
196
196
196
197
198
196
197
195
196
194
195
197
199
198
199
196
192
192
191
192
195
195
196
195
195
195
196
193
192
192
191
192
194
195
195
195
198
199
200
199
197
197
198
198
199
200
200
199
197
196
196
191
192
192
192
193
192
193
196
195
197
196
196
194
195
196
194
193
193
192
192
192
193
193
192
191
191
193
194
193
193
194
194
194
194
193
194
197
196
198
199
198
198
196
195
195
196
196
197
199
201
200
200
201
201
200
199
199
199
200
200
199
199
198
200
199
199
199
199
196
198
199
199
200
199
200
204
203
203
202
200
200
201
202
200
201
201
199
200
199
198
197
196
196
195
194
194
191
191
191
193
194
194
193
192
192
193
194
192
193
192
195
196
197
199
198
196
196
195
196
196
197
198
200
199
197
197
199
200
201
200
199
199
199
200
198
198
196
194
194
194
197
197
196
196
195
194
195
194
194
196
197
197
196
197
199
199
195
194
193
192
192
193
192
190
191
191
191
190
190
190
190
191
191
192
191
193
193
193
194
193
192
192
193
193
193
193
192
192
193
193
193
193
193
193
193
193
193
194
193
193
192
193
193
193
193
195
196
200
199
197
196
194
193
193
193
192
189
190
190
189
189
189
188
187
189
190
191
191
192
193
193
193
194
197
195
197
200
202
198
196
193
194
194
195
194
195
195
195
195
195
195
195
196
197
197
197
196
196
197
196
195
197
197
198
199
199
202
201
202
200
197
199
197
195
196
195
198
196
197
198
199
200
200
199
199
200
199
198
196
198
197
198
197
197
198
196
198
199
201
202
201
201
200
198
198
197
199
202
203
203
203
202
203
203
203
199
199
198
196
195
196
197
198
198
197
197
196
195
196
198
197
196
195
194
191
190
189
190
192
191
192
193
190
191
189
190
189
190
192
193
190
190
190
191
191
191
187
189
189
189
189
190
191
193
193
191
190
191
189
189
189
190
190
188
187
186
186
185
185
184
184
184
186
186
186
185
185
187
188
189
189
191
190
190
189
187
190
190
189
189
189
189
189
190
191
192
194
194
194
191
191
191
191
191
191
192
191
193
193
192
193
193
195
194
193
193
193
193
194
193
194
192
190
188
186
186
186
187
188
188
188
189
190
191
191
190
190
190
190
190
188
188
187
186
187
185
186
188
189
191
192
193
193
192
192
192
192
194
193
196
197
198
196
196
195
195
195
195
195
195
197
201
198
197
197
197
198
200
199
200
198
200
199
198
197
198
197
197
198
198
198
200
200
200
198
198
198
199
199
199
199
197
195
193
192
193
193
196
195
194
194
196
197
196
195
196
195
192
192
191
191
191
190
190
189
191
192
191
192
193
193
193
192
192
193
190
191
191
190
190
188
188
189
188
187
186
185
186
186
187
189
189
189
191
189
189
189
189
187
186
186
187
186
185
184
185
184
184
185
186
186
186
186
184
184
183
182
185
186
188
187
188
190
191
192
189
188
190
187
187
186
185
185
185
184
184
183
181
180
179
181
181
181
181
181
181
181
180
180
182
181
180
182
181
181
182
182
183
184
185
184
184
185
189
190
187
187
186
188
188
187
184
184
182
181
178
178
179
179
180
181
181
181
181
181
181
180
180
182
183
186
186
187
186
183
181
183
181
182
181
182
182
182
183
182
185
185
185
185
186
187
186
186
187
186
186
185
187
188
189
187
187
187
188
189
191
190
190
190
189
189
190
189
188
187
187
189
189
190
190
191
192
192
189
189
190
191
190
191
192
193
196
194
197
195
196
194
193
192
191
190
191
188
188
187
189
189
187
188
188
187
187
187
186
186
185
186
187
187
186
186
184
185
185
186
186
189
189
190
189
190
189
189
190
189
189
188
189
189
190
192
192
193
192
192
192
190
192
191
188
187
189
189
189
191
191
191
191
192
192
193
192
192
193
194
192
192
192
192
193
193
192
192
192
192
192
190
190
190
191
190
190
192
193
193
191
191
190
190
190
190
189
191
190
191
190
189
189
190
191
193
190
189
186
187
186
185
185
186
186
186
186
186
186
185
187
187
190
190
189
188
189
190
191
189
188
187
186
189
190
190
189
190
193
192
194
193
196
195
195
193
190
188
187
188
186
186
186
186
186
186
187
187
187
187
191
190
190
190
191
192
191
192
190
192
192
193
193
191
192
190
192
193
194
196
193
195
192
190
190
190
190
192
192
192
192
192
192
193
190
191
191
192
190
191
191
191
191
192
192
191
190
188
188
188
188
188
188
187
186
185
186
186
186
185
185
187
186
185
185
184
184
185
185
183
183
184
184
183
182
182
182
183
183
184
184
184
182
183
184
184
186
186
187
185
184
184
182
183
183
181
181
180
179
179
180
181
181
184
184
186
186
186
185
184
184
186
187
187
188
190
191
191
190
189
189
190
190
191
190
190
190
191
193
194
191
189
191
192
192
191
189
189
189
190
191
191
190
191
191
189
189
189
191
193
194
196
194
194
193
193
193
193
192
193
193
193
194
194
194
194
193
193
196
195
196
198
196
195
199
198
199
199
199
198
199
199
199
197
194
195
194
193
192
190
190
192
193
193
194
194
197
200
199
199
202
203
204
204
204
203
200
199
198
199
199
196
198
197
196
195
195
196
196
194
193
194
195
195
195
196
195
196
196
196
197
195
194
193
192
192
194
194
193
195
194
193
195
193
192
194
194
195
196
195
194
194
194
193
193
194
193
193
191
191
190
190
192
193
192
192
192
192
192
195
196
192
193
193
194
193
195
193
194
194
193
192
192
191
191
191
191
192
192
191
191
191
189
188
190
191
191
191
187
187
187
189
190
190
190
190
190
190
189
187
186
190
189
189
188
187
186
186
187
186
184
186
185
185
186
187
186
187
188
189
188
188
189
188
187
187
188
187
189
189
190
191
190
190
189
188
191
194
193
194
195
195
196
196
196
198
199
199
200
199
199
200
198
199
201
200
200
199
197
196
195
195
195
195
196
199
201
202
203
203
201
203
201
203
201
201
200
199
199
200
199
197
200
200
196
198
197
196
196
199
197
197
199
197
195
195
196
194
191
192
193
194
194
196
196
195
195
195
194
193
193
192
192
190
190
190
192
192
191
188
188
188
189
192
191
192
193
194
195
196
197
196
195
196
197
198
198
200
199
197
196
194
194
194
195
194
195
192
192
189
189
188
187
188
189
189
189
189
188
187
188
188
189
189
188
190
191
191
192
191
191
191
189
192
189
189
187
188
188
189
187
189
189
189
189
189
187
187
187
188
189
188
187
185
186
187
189
188
186
188
188
188
188
188
189
190
188
187
185
186
187
187
188
189
187
189
190
188
189
190
186
186
187
187
186
186
187
185
187
189
189
189
190
188
185
187
188
188
187
188
185
185
186
186
186
187
186
183
183
183
182
183
184
186
188
186
186
185
186
187
187
187
187
186
186
186
187
188
188
183
179
177
178
178
179
181
180
182
182
183
181
183
183
184
186
190
188
189
188
187
186
185
183
184
185
186
186
187
187
187
189
188
188
189
189
189
191
189
187
189
186
187
187
188
188
190
191
190
191
190
191
191
190
190
189
189
191
189
188
189
188
187
186
187
185
186
188
188
189
187
186
185
185
183
182
181
181
182
182
183
183
184
185
184
183
184
183
185
186
187
186
187
187
184
182
184
184
184
186
184
184
185
185
185
185
185
186
188
188
190
188
186
185
182
183
183
185
184
184
183
182
182
182
182
184
184
185
185
184
185
184
182
181
181
181
181
181
183
183
182
183
184
183
184
184
186
183
184
183
183
181
182
184
182
185
185
186
183
183
184
184
183
184
183
182
184
186
186
185
184
185
186
187
187
187
189
189
189
191
190
188
188
188
188
187
187
189
190
190
190
191
190
186
186
186
187
188
188
187
184
183
183
184
187
183
184
186
188
187
187
186
183
182
181
180
180
181
183
184
184
185
185
185
183
183
186
184
185
185
184
182
180
181
183
183
183
183
182
182
181
182
181
181
182
182
181
178
180
183
184
185
184
184
184
186
184
184
182
182
183
182
181
181
181
181
180
181
180
177
177
177
179
177
177
176
178
179
179
179
179
180
183
183
183
184
183
182
181
180
180
181
180
178
177
179
179
181
179
178
178
178
178
178
177
177
176
175
177
177
177
179
175
177
179
179
179
179
178
177
177
178
177
177
176
175
177
178
179
181
181
180
181
182
183
184
184
185
185
184
183
182
183
184
184
184
184
187
185
185
184
181
181
180
181
181
180
181
182
182
181
181
180
180
182
184
183
184
182
183
182
182
182
183
184
185
185
186
186
186
187
187
186
186
185
187
187
186
184
185
185
186
185
186
186
185
184
186
184
185
183
183
185
184
185
188
189
190
191
192
189
188
187
187
187
186
187
187
188
189
189
190
188
193
194
195
195
194
194
194
196
197
198
200
201
202
201
197
198
200
197
197
196
195
195
192
191
191
192
190
190
191
191
191
190
190
190
189
191
190
193
196
195
195
195
196
196
194
196
195
192
193
192
193
194
193
194
197
198
197
195
194
194
193
192
190
190
190
190
189
188
189
187
189
190
189
188
188
190
189
190
191
194
193
195
195
194
191
188
188
188
189
189
189
190
186
185
186
185
184
183
184
185
184
185
185
185
187
189
189
192
195
197
199
199
198
197
194
193
193
193
192
192
193
192
193
194
195
194
195
197
196
196
196
195
195
195
194
194
193
192
192
190
189
191
194
193
196
196
196
198
197
196
194
195
196
194
192
191
190
192
192
191
191
190
187
185
185
185
185
186
186
185
187
187
187
187
187
187
187
188
188
188
188
188
190
188
187
187
187
186
187
187
187
186
186
187
186
186
185
184
184
185
186
187
186
187
187
187
186
187
190
189
189
189
192
193
190
190
190
189
189
186
187
186
184
183
185
188
188
188
186
184
183
183
183
183
180
180
180
182
183
183
183
183
185
188
190
190
191
190
187
186
189
190
191
190
190
193
194
196
197
197
198
196
198
196
194
194
192
191
191
191
191
192
190
190
190
190
190
187
189
189
187
187
190
190
188
187
187
187
186
186
186
187
189
190
189
188
186
185
185
186
185
189
189
189
190
189
187
188
187
187
187
187
186
186
186
186
188
186
184
184
184
184
185
185
185
184
183
184
187
188
189
189
189
191
190
193
193
190
190
189
189
188
189
187
189
188
189
189
188
186
186
187
186
185
185
183
183
183
183
183
183
183
182
182
184
184
182
181
182
182
182
182
184
180
180
180
179
180
179
179
179
180
183
183
184
184
185
185
182
182
184
182
182
183
181
180
180
183
183
182
181
182
180
179
178
179
179
181
180
180
182
181
181
179
180
179
180
181
181
182
181
177
178
176
175
175
175
175
175
174
174
173
173
176
175
175
176
177
177
178
178
178
178
177
177
177
178
179
181
181
181
182
184
182
182
182
182
182
182
182
182
181
180
178
178
179
180
182
182
180
181
182
182
183
184
184
184
183
181
179
179
178
179
178
178
178
179
180
180
182
183
182
185
184
185
184
184
183
185
185
184
182
182
183
184
186
189
188
188
188
187
187
189
187
188
187
187
188
187
185
187
184
185
185
184
184
185
184
186
184
183
182
182
180
179
178
180
182
183
182
182
183
181
182
182
183
182
180
179
179
179
179
179
179
181
181
180
181
182
184
183
182
182
183
183
181
182
182
183
179
179
179
179
181
181
182
182
183
182
182
182
183
181
180
179
179
180
179
179
179
178
176
176
173
174
178
177
178
177
176
175
174
175
175
175
174
173
172
171
171
172
173
172
171
170
173
173
174
174
175
174
174
174
174
173
174
175
174
176
176
175
175
175
175
174
177
176
178
179
179
179
180
178
178
179
181
181
182
181
181
177
177
177
179
179
180
178
177
177
177
177
177
176
176
175
176
174
177
178
177
176
176
176
174
173
173
174
175
173
173
175
177
178
178
177
178
176
175
178
178
178
177
177
175
177
178
178
178
178
177
177
177
178
178
179
180
181
181
181
179
181
183
184
184
182
183
183
184
182
184
186
185
185
186
187
185
184
185
186
186
184
184
181
180
181
178
179
179
179
182
181
183
184
182
182
183
185
184
184
187
187
187
186
187
186
185
185
184
183
184
183
183
185
185
185
185
188
186
184
184
185
185
186
188
187
186
186
186
186
184
185
185
184
185
184
185
185
185
185
185
186
186
187
188
190
194
195
194
192
191
192
191
190
188
189
189
189
187
187
187
190
185
187
186
186
186
188
187
188
189
189
187
187
187
186
185
183
183
180
181
181
182
182
182
182
182
181
181
181
181
179
178
178
177
178
180
180
180
180
179
177
178
177
180
179
180
182
182
180
179
180
181
180
182
183
183
183
184
183
182
181
181
180
185
183
185
182
181
180
180
181
178
177
177
177
178
181
180
182
181
181
180
182
182
182
182
183
183
185
184
183
183
183
183
183
183
184
185
186
186
186
186
186
186
186
189
188
187
187
185
186
185
185
182
183
184
183
183
182
183
182
183
186
185
185
183
183
182
180
181
182
180
180
179
180
180
180
183
182
181
182
182
183
183
185
186
185
185
183
183
182
181
179
182
183
183
181
180
179
179
179
180
181
182
182
182
182
183
181
181
181
181
181
182
184
184
183
184
184
183
182
181
182
183
181
180
181
181
179
179
180
180
181
180
180
180
181
182
183
182
180
180
179
180
178
178
179
178
178
178
181
182
184
182
184
182
182
184
185
184
184
183
181
180
180
180
179
180
181
184
183
182
182
181
183
184
185
184
188
190
190
191
190
187
186
186
183
180
178
177
177
177
176
175
175
176
176
177
176
178
177
177
178
178
180
180
180
178
178
179
179
180
184
183
183
184
184
185
186
185
185
185
184
183
180
180
180
180
179
178
179
177
178
180
180
180
180
180
180
179
179
178
179
180
180
180
179
177
178
178
176
176
176
177
178
178
180
181
181
181
181
181
183
183
183
183
183
186
186
186
186
186
184
183
183
182
183
182
181
180
179
178
177
177
177
178
178
180
181
182
182
181
183
184
184
185
185
185
183
184
185
182
181
181
182
185
185
185
186
186
186
186
185
186
186
183
183
182
184
184
187
187
186
186
187
186
187
188
184
184
185
186
185
184
185
184
182
183
183
182
179
180
180
183
183
184
182
183
183
183
184
186
184
184
184
183
185
184
185
184
184
183
184
184
184
183
184
185
184
184
185
186
185
186
188
185
186
186
190
191
191
190
188
188
189
189
187
186
188
190
191
190
190
188
188
189
189
187
186
185
185
185
185
186
186
185
187
188
187
186
186
185
182
182
182
183
182
182
184
184
186
189
190
189
190
188
187
186
187
188
188
188
186
186
186
185
184
186
186
184
184
184
186
183
185
186
185
186
186
187
185
185
184
184
182
182
185
185
184
185
187
188
186
186
186
186
187
187
186
186
187
188
189
189
190
189
189
188
187
185
185
187
185
185
185
187
187
185
185
185
182
182
183
186
186
185
186
186
186
187
186
184
185
182
181
180
180
180
176
177
177
179
178
176
178
178
178
179
179
179
180
179
180
180
179
177
178
177
176
176
178
179
182
183
183
182
182
181
182
184
185
183
183
183
183
183
185
184
183
182
182
180
182
186
183
183
183
183
183
183
184
185
185
183
183
184
184
184
185
183
184
183
182
181
181
183
184
180
179
178
179
177
176
176
177
178
176
175
175
175
173
171
172
172
172
172
172
172
172
172
170
171
172
173
173
174
175
175
175
175
176
173
170
171
172
172
172
173
173
174
174
173
173
174
173
173
174
174
176
175
176
176
175
176
177
177
177
178
176
177
177
178
178
177
177
177
177
177
178
178
177
176
177
177
178
179
179
179
178
178
179
179
179
180
181
184
186
188
186
185
188
188
190
190
189
189
188
187
188
187
187
186
183
184
185
183
183
183
182
181
182
182
182
182
183
184
186
185
188
190
188
188
185
186
186
186
185
185
185
185
185
185
185
187
187
186
187
186
186
189
188
187
188
187
188
187
189
188
188
188
187
186
187
189
188
189
191
191
188
187
187
188
188
187
186
185
183
183
181
180
180
181
181
183
185
184
187
188
189
190
192
192
191
190
190
192
190
188
187
186
185
184
183
184
184
185
185
184
184
183
181
182
181
180
180
182
181
182
183
183
183
181
180
181
181
181
182
181
181
183
181
182
180
179
177
176
176
178
181
181
182
181
183
184
186
186
185
184
184
185
186
186
184
185
185
184
184
185
184
183
184
184
185
185
186
185
185
185
186
187
186
186
188
186
187
187
185
186
187
188
189
190
190
188
187
186
189
187
188
187
187
186
186
185
185
185
185
184
183
182
181
181
179
178
178
178
178
178
178
179
181
181
183
182
182
181
182
181
180
181
180
182
182
181
182
183
184
182
180
178
178
179
181
183
182
184
185
185
185
183
181
183
182
182
183
182
181
180
179
179
180
181
182
181
181
