0.0009317241379310344 0.000863448275862069
300
293
292
288
283
280
279
273
265
261
260
258
255
253
250
247
247
244
245
244
243
242
239
234
232
230
227
228
226
227
225
223
222
219
217
215
215
213
212
211
211
210
210
211
212
212
211
211
213
211
208
208
207
207
206
205
207
207
203
200
200
199
200
202
202
202
201
201
202
201
201
199
196
196
195
195
195
196
194
195
195
195
195
196
195
196
196
194
193
194
193
193
193
192
192
192
192
193
193
193
193
193
193
193
193
194
196
195
197
196
196
194
195
193
196
196
197
199
199
196
196
194
194
193
193
192
193
191
191
190
192
192
191
190
190
187
188
187
184
185
186
187
185
182
183
183
182
182
184
184
187
187
189
189
186
187
188
188
188
189
189
189
189
189
191
190
191
191
192
194
194
192
189
190
190
188
189
187
189
190
189
189
188
188
192
192
191
190
190
189
190
189
189
189
187
187
187
189
190
189
190
189
194
192
192
193
193
193
194
193
195
194
194
195
195
195
194
196
194
194
194
193
193
190
190
191
191
192
191
192
190
191
190
190
190
193
191
191
188
187
186
186
186
187
187
187
186
186
186
185
185
185
185
185
185
184
185
186
185
186
187
184
181
181
180
180
177
177
178
179
180
180
180
180
180
180
180
180
180
179
178
179
179
178
180
180
180
179
179
179
180
178
178
175
176
176
175
176
175
174
175
175
174
174
172
173
173
172
172
173
173
173
173
173
174
174
174
174
175
177
177
177
176
178
177
177
176
175
173
174
173
175
177
177
178
178
179
180
180
179
179
178
178
180
178
179
180
179
180
180
180
180
181
181
182
182
182
181
181
179
178
178
180
180
179
177
176
177
177
176
174
175
175
175
173
175
176
176
177
176
177
177
178
178
177
175
173
173
174
173
174
173
174
176
177
176
177
175
173
172
172
170
170
171
170
170
170
171
170
170
171
170
169
170
169
168
168
169
169
170
170
171
170
170
171
170
171
172
174
174
177
176
175
174
174
173
174
173
172
173
171
171
169
170
167
168
169
168
168
169
169
168
166
169
169
169
169
169
169
170
169
170
165
164
165
164
163
163
163
163
164
163
164
164
164
164
163
164
163
163
165
166
166
165
165
164
165
166
167
168
168
170
170
170
168
168
169
170
170
170
170
168
170
171
171
172
171
170
171
171
172
170
168
167
167
169
168
169
169
171
172
173
174
173
170
171
171
169
169
170
170
169
169
168
166
166
165
165
166
166
165
164
163
161
160
160
160
160
160
160
158
158
157
158
158
157
158
158
159
159
158
158
157
157
159
159
157
156
156
156
156
157
159
160
161
161
160
160
162
162
161
162
160
159
159
161
161
165
164
165
166
166
163
163
160
160
160
159
157
158
160
161
162
161
161
161
162
162
162
164
165
164
166
166
165
164
163
162
162
160
159
159
160
160
162
163
165
165
164
166
163
164
161
162
163
163
163
163
163
163
162
161
162
163
165
164
164
165
164
164
164
167
166
164
164
163
162
162
161
160
161
161
161
161
161
160
159
158
158
159
159
159
160
160
159
159
160
161
161
161
161
161
161
162
164
166
166
166
166
168
167
166
165
164
162
160
159
161
158
158
158
158
158
158
157
156
156
157
157
158
158
157
156
157
157
159
158
157
156
156
155
155
153
152
151
152
152
152
153
154
154
153
154
153
153
153
154
152
152
152
153
153
154
154
153
153
154
154
155
155
155
158
158
158
156
156
157
157
157
158
158
156
154
153
154
155
154
153
153
153
154
153
154
153
153
152
154
156
156
157
158
157
157
157
157
158
161
162
162
163
164
164
163
161
161
161
162
163
163
163
161
160
158
157
157
155
154
155
156
159
160
162
162
162
162
161
164
163
160
161
161
163
161
161
160
161
161
160
160
156
157
157
157
156
156
159
159
160
159
159
159
160
159
158
158
156
154
155
155
155
155
154
154
154
153
154
154
156
156
154
154
154
154
154
155
156
157
156
159
158
157
156
157
157
157
157
159
158
158
157
156
155
155
155
154
155
155
155
154
153
155
155
155
154
154
156
157
157
158
157
156
157
157
157
156
156
156
157
157
158
156
157
158
160
160
162
162
161
161
160
160
160
157
156
157
160
160
159
158
158
159
157
157
157
160
161
159
161
161
161
161
158
161
163
163
161
162
161
158
158
159
158
156
154
153
154
153
154
154
155
155
155
157
156
154
156
157
155
155
155
155
156
156
156
155
155
154
153
154
153
154
154
156
156
156
156
159
156
153
153
153
154
152
151
152
153
153
154
154
155
154
154
155
153
153
153
153
154
154
154
155
156
156
154
154
152
153
155
154
155
154
154
155
154
154
153
153
155
155
156
156
156
156
157
157
156
155
154
155
155
154
155
155
156
157
158
159
157
157
158
157
155
155
151
150
150
150
150
150
150
151
152
151
152
152
155
157
157
156
154
154
154
154
154
154
154
154
155
156
154
153
153
152
151
151
152
152
152
154
153
151
151
149
148
148
148
148
148
148
150
150
152
152
154
152
149
152
151
152
151
151
150
150
150
149
148
146
146
146
146
146
146
149
151
151
151
151
151
151
150
150
150
152
153
155
154
154
153
154
153
156
158
157
158
157
156
156
155
157
156
157
156
156
156
153
154
155
155
156
156
155
155
154
153
154
155
156
154
153
156
155
155
154
155
155
155
154
154
155
153
150
150
149
151
151
150
153
154
151
149
149
150
150
150
149
150
150
151
151
151
150
151
151
150
150
151
151
152
153
149
151
152
153
153
154
155
155
156
154
155
154
154
153
150
149
148
148
149
148
147
146
148
151
150
150
152
151
150
150
150
149
149
149
149
150
148
148
148
148
148
149
150
150
150
149
147
148
149
149
146
145
145
145
144
143
142
142
142
141
141
141
141
142
143
144
143
143
143
146
146
146
147
148
148
148
151
150
151
153
152
153
151
151
151
152
150
148
149
150
150
148
147
148
148
149
149
149
150
150
150
150
150
152
154
152
152
152
153
154
153
153
154
154
154
154
153
153
155
154
153
154
156
156
155
151
151
149
149
150
150
150
150
149
150
151
150
151
150
151
152
151
151
149
149
150
151
151
148
148
150
151
150
150
150
149
147
147
148
148
149
150
149
148
149
151
151
151
151
150
150
149
148
147
146
146
147
147
147
147
146
145
146
146
146
146
145
145
145
145
145
145
147
147
147
148
149
148
148
150
151
152
152
152
154
154
154
152
152
152
153
153
153
152
151
150
150
150
153
151
151
149
147
147
147
147
146
146
146
146
147
145
146
147
147
147
147
148
148
146
146
148
147
146
147
147
148
150
151
150
147
147
147
146
147
148
150
150
151
151
151
151
151
151
150
151
151
151
153
153
152
152
152
152
155
155
157
155
156
156
156
156
157
156
155
156
156
154
153
153
152
154
152
154
154
153
153
155
154
154
154
154
153
153
153
155
155
153
153
152
153
153
153
153
152
153
153
153
153
152
153
154
155
156
155
155
155
157
156
154
153
151
148
149
148
147
146
147
148
148
148
146
147
147
149
152
152
153
152
154
154
155
154
154
153
152
154
158
159
156
157
155
153
152
151
150
151
149
151
151
152
154
152
150
150
150
150
149
146
147
146
146
147
145
146
146
147
146
146
146
144
144
144
144
144
144
146
147
147
147
148
148
151
152
153
152
151
149
149
147
145
146
145
145
145
147
147
149
148
148
148
148
147
148
149
150
152
152
151
150
149
150
150
151
151
150
149
151
148
149
148
146
146
146
146
146
146
141
140
139
139
140
141
143
143
143
143
143
144
144
143
141
141
141
142
142
144
143
143
142
142
142
143
141
141
141
141
140
140
139
139
139
141
142
142
142
142
143
146
145
143
142
142
143
143
143
142
141
142
142
144
144
144
144
145
143
143
142
143
142
142
142
142
142
141
143
143
145
143
145
144
143
141
142
142
141
142
141
141
141
141
142
143
143
143
143
143
141
139
139
138
138
137
136
138
138
138
140
139
139
140
141
140
141
141
143
143
144
144
143
143
144
141
141
141
142
141
142
142
142
141
143
144
144
143
142
140
140
140
139
139
139
142
142
142
142
143
143
144
144
144
144
142
143
144
143
144
141
142
142
141
140
141
141
143
145
145
144
145
143
143
143
145
146
146
145
145
146
145
145
145
145
146
145
145
146
147
147
148
146
146
146
147
146
145
145
143
143
143
140
142
144
144
145
143
142
142
142
141
141
141
143
143
143
143
144
145
146
147
146
144
144
142
142
142
142
142
142
143
143
143
143
144
144
144
144
143
144
144
144
145
146
146
147
146
146
145
145
144
144
143
142
142
142
143
142
141
141
141
142
142
142
141
142
140
138
139
138
139
139
139
139
140
141
142
142
143
143
144
147
147
147
147
148
146
147
147
148
147
148
148
147
148
148
149
149
149
148
148
149
149
149
151
149
148
148
147
147
146
145
145
146
146
145
144
143
143
144
145
144
144
142
143
143
143
143
143
143
142
142
143
144
145
144
144
145
144
144
147
147
148
150
152
148
148
147
147
143
143
142
142
143
143
142
142
142
143
143
142
144
144
145
146
149
149
150
151
152
152
152
152
152
153
154
150
149
146
147
147
146
145
144
144
144
144
144
144
143
144
145
146
146
145
145
144
144
144
145
145
145
146
147
149
150
150
149
150
149
149
149
150
149
151
149
149
149
151
151
152
149
149
148
147
146
146
145
145
145
146
148
147
146
144
143
143
142
144
143
142
142
142
143
143
142
142
143
143
142
143
143
142
144
141
141
142
141
142
141
142
142
144
144
144
145
145
143
143
142
142
143
144
143
143
142
142
143
144
144
145
147
146
147
148
148
147
147
145
144
144
145
145
145
145
145
145
144
145
145
145
144
145
147
146
143
144
145
144
145
145
147
144
145
145
146
143
144
144
145
144
144
146
144
145
147
147
148
151
150
150
148
149
150
152
154
153
151
151
151
152
152
150
150
150
149
149
149
149
149
148
148
148
150
151
150
151
150
150
149
149
147
146
145
146
145
145
146
148
147
147
146
147
147
147
147
145
143
142
142
142
143
142
143
143
144
144
144
142
143
143
143
142
141
141
141
141
141
142
141
141
140
140
140
139
138
138
138
139
139
139
139
141
139
139
139
139
138
140
140
140
140
142
142
140
141
140
140
140
139
140
141
141
141
141
142
143
143
143
146
147
146
147
146
145
144
145
145
145
143
143
144
145
147
146
146
146
146
146
145
142
142
140
137
136
135
136
136
137
137
137
138
138
138
138
138
139
137
136
135
135
136
135
135
135
135
136
136
135
135
135
135
135
135
135
136
136
137
138
138
139
138
140
142
141
142
142
141
142
142
142
142
142
142
141
140
141
140
139
138
139
139
139
139
139
138
139
139
139
141
140
141
141
140
140
140
141
139
139
139
138
139
139
138
138
138
139
140
140
140
141
142
144
143
141
142
142
141
141
141
141
141
141
142
143
142
141
140
140
141
141
142
141
141
141
140
140
142
142
142
143
143
143
143
144
144
144
144
143
142
144
145
145
146
147
149
149
147
147
146
145
142
138
139
139
139
139
140
140
139
139
137
140
139
136
136
138
139
139
140
140
139
138
138
140
141
141
140
140
138
138
138
137
138
138
138
138
138
140
141
141
143
143
141
142
141
139
138
137
136
137
135
134
135
135
136
133
133
133
133
134
135
135
135
133
134
135
135
135
135
134
136
137
138
138
137
135
134
135
136
136
138
140
142
141
141
143
141
140
140
140
141
140
139
138
138
139
138
137
136
136
136
136
137
136
136
136
137
137
136
138
138
139
139
139
141
140
138
136
136
135
136
138
138
135
135
135
135
135
136
136
137
137
136
135
134
134
133
132
132
132
132
133
134
134
135
138
140
140
140
143
142
143
143
144
141
141
143
143
144
146
146
144
145
144
144
144
146
148
147
147
146
147
146
144
145
143
145
145
145
144
143
143
141
138
139
142
142
142
142
139
140
139
138
139
140
138
138
138
137
137
137
139
138
139
139
139
139
138
139
140
142
140
139
140
141
141
139
140
140
140
139
138
140
142
142
142
140
139
141
141
139
139
138
138
138
138
140
138
138
138
137
137
135
136
137
137
137
136
136
134
133
133
133
133
134
133
136
137
137
136
138
138
136
138
139
141
138
138
136
136
136
136
135
135
135
136
136
135
135
134
135
135
136
136
136
136
134
134
132
131
130
130
131
132
132
132
134
135
134
132
132
131
132
131
131
130
129
127
127
127
128
129
130
130
130
130
130
131
133
134
133
132
131
131
129
128
128
128
129
129
128
130
127
128
129
129
128
127
125
125
126
127
130
126
126
126
125
125
124
125
126
127
126
127
127
128
127
129
130
129
128
130
130
131
132
132
132
131
131
131
131
131
132
131
130
127
128
128
128
129
128
128
127
128
125
125
125
125
128
129
129
130
128
126
125
124
124
125
125
126
126
126
126
126
127
128
129
129
130
131
131
131
131
132
135
136
137
135
135
137
137
136
136
135
136
137
138
136
136
136
136
135
135
135
133
133
132
132
132
132
131
130
129
129
130
131
132
133
132
132
132
135
134
133
131
130
129
129
130
129
128
130
131
132
132
132
132
132
132
132
132
130
132
135
135
133
133
133
131
132
134
135
135
136
136
137
137
135
134
131
132
132
132
132
132
132
131
131
131
132
133
132
133
134
132
130
129
130
130
130
131
132
134
134
136
135
134
133
132
133
132
129
129
129
128
129
128
129
128
129
129
131
135
135
135
134
134
134
134
134
134
133
132
132
134
133
132
132
131
131
130
129
128
129
129
130
130
130
130
130
129
128
129
129
128
128
130
131
131
132
132
132
133
133
134
136
135
137
138
138
137
138
137
137
139
139
137
137
138
139
138
138
137
137
135
135
135
134
133
132
131
131
132
130
130
132
132
135
134
134
133
134
135
135
133
133
132
132
131
127
127
127
127
127
126
127
128
128
128
126
127
126
125
125
125
126
125
124
124
127
127
125
125
123
123
126
126
125
125
126
125
126
124
123
124
125
125
127
124
125
125
125
124
123
123
123
121
122
123
124
125
125
125
124
124
125
124
125
125
126
126
127
126
125
127
127
127
127
126
127
127
125
122
121
120
119
119
120
120
121
121
120
122
120
118
118
118
119
118
118
119
119
119
120
120
120
121
121
121
121
121
121
121
122
121
119
118
118
118
119
120
120
121
123
122
122
122
120
121
121
121
121
120
121
121
121
121
123
123
123
126
127
126
126
125
124
124
125
125
124
124
123
123
121
122
123
125
124
122
121
122
121
122
121
120
121
122
122
121
120
119
120
120
121
122
122
123
123
124
123
121
122
123
123
123
123
123
123
125
125
124
123
123
123
124
126
127
128
127
126
127
129
127
127
127
130
130
130
130
129
130
130
131
129
130
129
129
128
127
128
127
128
128
126
126
127
126
129
129
128
128
128
128
124
125
124
125
125
126
126
126
126
127
127
125
126
126
126
127
128
128
129
129
129
128
125
125
125
124
123
123
123
123
123
124
124
125
122
122
121
121
122
121
121
120
119
120
120
120
120
120
121
119
119
119
121
121
122
121
120
120
122
122
122
123
125
126
127
125
126
125
125
126
125
124
124
124
123
123
123
124
124
123
124
123
123
122
122
123
124
125
124
124
125
123
122
125
125
125
125
125
125
126
127
126
125
124
125
125
124
124
123
122
123
123
123
122
121
122
122
123
123
122
123
124
126
124
123
123
121
121
121
121
122
121
121
121
122
122
119
118
119
121
122
122
122
121
121
120
119
118
118
120
119
118
121
120
119
119
119
119
117
116
116
117
117
116
114
115
115
117
119
120
120
119
118
119
119
119
118
116
116
117
117
117
117
117
117
119
118
119
118
118
118
118
118
119
118
118
119
120
120
121
119
119
118
118
119
120
121
122
121
121
121
120
120
119
120
120
119
120
120
118
118
118
118
117
116
117
117
117
117
116
116
117
116
115
115
115
115
115
115
115
114
114
116
116
116
116
117
116
116
118
118
118
118
119
120
120
119
119
119
119
122
121
120
120
120
122
122
122
121
121
122
122
122
123
124
124
122
123
123
123
124
123
123
123
122
121
121
121
118
118
119
120
120
122
121
121
121
119
117
116
115
115
115
115
115
116
116
116
117
117
117
117
117
117
116
116
117
116
116
118
119
118
116
114
113
112
112
112
112
112
112
115
115
115
115
115
116
116
116
115
115
115
115
116
117
116
117
117
117
117
117
118
120
118
118
118
118
117
116
117
117
117
115
115
118
118
118
118
119
120
121
119
119
118
119
117
117
116
118
116
117
116
115
116
114
114
114
114
114
112
112
112
111
111
111
111
111
112
112
112
113
114
114
114
114
114
114
115
114
113
114
114
116
115
115
114
114
113
115
115
115
114
114
113
113
114
115
115
115
116
113
114
115
116
118
118
118
117
118
119
118
118
118
117
118
118
117
116
117
118
118
119
119
116
117
116
116
118
117
117
117
117
116
115
115
116
116
116
115
114
113
111
111
113
114
117
116
114
113
112
112
113
112
113
113
113
114
113
112
113
113
114
113
112
111
111
111
111
110
115
115
115
115
116
113
114
114
114
115
114
112
112
112
112
113
113
113
112
112
112
113
113
115
115
113
113
113
113
113
113
115
115
114
115
114
112
113
113
114
114
114
114
114
115
111
111
111
111
114
114
114
113
114
113
114
115
115
115
115
115
114
114
115
118
117
117
116
116
116
116
117
115
115
116
115
115
115
115
115
115
115
115
116
116
117
118
117
119
118
118
118
119
118
118
118
117
117
117
116
115
115
115
115
115
115
117
117
117
119
119
120
119
118
118
120
121
121
122
121
121
120
121
120
120
121
123
123
124
122
122
122
121
122
122
123
125
124
124
126
124
121
121
123
122
122
122
124
123
123
121
124
122
125
124
124
122
121
121
121
121
123
120
119
118
116
117
117
117
118
121
118
118
119
119
120
120
120
120
119
118
118
120
120
120
119
119
120
120
120
116
116
116
115
115
115
116
116
117
117
116
116
117
117
118
118
117
115
114
115
115
115
115
116
113
113
112
112
111
112
112
112
113
114
112
114
113
113
113
112
112
112
111
111
110
109
110
113
113
113
113
114
113
112
112
113
113
113
114
115
115
116
114
115
116
116
117
116
115
115
115
115
117
116
116
118
118
116
114
114
114
117
116
116
115
114
116
116
116
116
116
115
113
111
111
110
110
111
112
112
113
113
114
112
112
114
115
115
116
115
115
116
116
116
115
115
116
116
117
117
116
116
116
117
115
114
113
112
112
111
111
113
111
111
111
111
111
109
110
110
111
110
110
108
109
110
110
110
110
111
111
110
110
109
110
110
112
114
113
111
111
112
112
113
113
112
112
112
110
111
112
112
113
112
112
113
113
113
111
109
109
111
110
110
111
111
112
111
111
111
111
112
112
112
112
112
112
113
113
112
112
113
113
112
111
110
111
111
111
110
111
111
110
111
111
113
112
111
112
113
114
114
113
114
115
114
115
114
112
112
111
111
112
111
113
115
114
113
113
112
112
114
115
116
119
119
119
117
118
116
116
116
117
117
116
117
118
117
116
117
116
118
118
119
119
118
117
116
116
116
116
116
115
115
117
116
117
117
118
117
119
118
118
117
117
115
114
115
116
115
118
116
117
117
115
114
115
117
116
118
117
116
116
114
112
111
110
110
111
111
111
112
111
111
110
110
110
111
111
111
113
113
113
114
113
114
114
115
114
113
110
110
111
114
115
115
116
117
117
118
116
115
116
115
115
114
112
112
112
113
113
114
115
115
115
113
113
111
111
111
111
111
112
111
111
110
110
110
111
112
112
112
114
114
114
116
116
115
115
115
112
112
113
113
112
112
112
112
112
112
114
114
114
114
115
116
117
118
117
117
116
115
115
114
114
113
113
113
112
113
113
112
112
113
114
114
114
113
112
113
113
111
111
111
111
111
109
110
111
111
110
111
110
110
111
112
113
113
110
111
109
110
109
109
109
108
108
108
107
107
107
108
108
109
108
107
107
104
105
103
103
104
103
102
102
101
101
100
101
102
103
103
103
104
102
102
102
103
103
103
103
103
104
102
102
102
101
101
101
101
101
100
100
102
105
106
107
107
107
107
107
106
105
106
106
106
106
105
104
104
103
103
106
106
105
104
104
105
103
102
103
103
103
105
105
104
103
102
103
103
103
103
104
104
104
104
104
103
103
106
106
107
107
109
110
110
109
111
111
111
112
111
110
111
110
110
110
110
110
110
111
110
112
113
112
112
111
109
110
110
110
108
109
108
108
105
105
106
105
104
105
104
103
103
103
101
101
101
102
102
103
102
105
105
105
105
107
105
105
105
105
105
104
106
105
103
102
102
102
103
103
104
103
103
103
103
103
103
103
103
103
105
105
105
105
106
104
104
104
107
106
107
109
108
106
106
104
104
104
100
101
103
103
102
101
100
100
101
101
102
102
102
103
101
102
102
103
103
103
103
103
101
101
101
101
102
102
100
100
100
101
99
99
102
102
102
102
102
102
102
103
103
102
101
101
101
100
100
100
100
100
101
100
99
99
99
99
99
99
100
100
100
101
100
100
100
100
100
99
99
100
99
98
98
98
99
99
100
101
103
103
104
102
102
102
100
99
98
97
97
97
97
98
98
99
101
101
101
103
102
102
102
102
102
102
101
101
101
100
98
98
97
97
97
95
95
95
95
95
96
96
96
97
97
97
96
96
96
97
96
95
96
97
97
98
98
98
98
98
98
97
97
98
98
98
100
101
100
100
99
97
98
97
98
101
101
99
98
98
98
98
97
95
96
95
94
95
97
98
98
97
97
95
94
95
95
95
95
95
95
96
95
95
95
95
95
95
95
95
95
94
93
94
94
93
93
93
93
95
94
95
95
94
95
95
96
95
96
98
98
96
96
96
97
97
97
99
99
98
98
98
97
96
96
95
96
95
95
94
95
95
93
92
93
91
92
92
93
93
93
93
93
93
93
93
93
94
94
94
94
93
93
93
94
94
93
93
93
93
93
93
92
92
93
94
94
93
92
94
95
94
93
93
91
92
93
94
94
93
93
94
95
95
94
93
93
94
93
93
93
95
96
96
96
96
98
98
99
99
98
98
99
98
98
99
99
99
97
97
97
99
95
94
94
94
94
93
93
94
94
94
96
96
98
97
97
98
97
96
94
95
95
95
94
93
93
92
92
94
95
95
96
95
95
96
97
95
95
96
96
96
96
95
96
95
95
96
95
94
94
94
94
94
94
93
93
94
94
94
96
96
96
96
97
98
98
98
97
98
99
