0.0005903448275862068 0.0006586206896551723
300
296
284
282
276
268
261
262
259
255
255
249
248
246
245
245
247
248
251
253
249
246
247
242
242
239
238
236
233
233
231
231
231
231
230
229
229
229
229
227
227
223
223
223
220
219
220
220
220
221
221
221
218
218
218
217
217
217
219
220
221
221
219
216
218
218
217
215
216
215
213
213
215
217
216
214
213
215
212
214
211
211
211
212
213
214
214
213
212
212
213
213
213
213
214
213
211
209
211
208
206
206
205
206
206
205
206
206
207
206
204
203
202
202
202
202
202
202
202
201
203
202
201
200
201
202
204
200
201
202
202
201
204
203
203
204
204
204
204
203
201
201
201
202
202
201
201
203
204
205
207
206
209
209
209
209
209
209
209
209
207
207
205
206
207
206
203
206
205
203
204
204
203
202
202
204
205
206
204
201
198
196
194
196
196
198
199
199
201
200
199
200
198
198
200
200
199
199
198
199
198
199
199
198
197
196
196
196
199
197
198
196
196
195
195
196
197
197
198
199
199
199
199
199
198
200
200
199
200
198
197
198
199
198
197
193
194
195
196
194
194
193
193
196
197
195
194
195
195
196
197
197
196
195
194
196
197
197
196
195
194
193
193
195
198
198
199
200
198
195
193
196
197
199
200
198
197
198
195
195
195
194
194
194
193
192
191
194
192
192
192
192
193
192
191
191
190
191
192
191
190
191
190
191
192
193
193
193
193
193
193
192
190
190
189
190
187
186
185
186
187
189
190
190
190
188
189
190
190
190
191
190
189
191
190
189
190
190
190
188
188
188
187
186
188
189
190
189
190
192
191
192
191
191
191
187
190
190
192
191
190
190
188
186
186
185
184
183
184
182
183
185
182
183
182
182
181
185
184
183
182
182
183
184
185
185
185
186
187
187
186
186
187
187
187
188
187
187
185
184
185
185
184
185
184
184
183
183
183
181
180
181
182
182
183
184
183
183
184
183
184
185
185
186
185
183
182
183
185
185
184
183
184
183
182
183
184
184
184
184
185
186
186
186
184
184
184
183
183
184
184
184
183
182
182
181
181
182
182
182
181
182
183
183
182
182
182
181
181
181
181
180
178
179
179
179
179
179
179
179
179
181
180
181
181
181
180
180
181
180
179
178
179
178
178
177
177
176
176
178
178
178
179
179
181
181
179
180
179
178
178
180
183
183
184
183
183
184
184
184
183
183
182
183
182
183
184
184
183
182
184
184
183
182
182
182
183
184
183
182
181
180
180
181
181
181
180
179
179
179
178
178
178
178
178
177
177
178
178
179
178
178
178
178
179
178
178
177
178
178
178
179
178
177
177
180
179
177
177
176
176
175
175
176
176
176
177
177
178
181
179
179
178
178
178
178
177
177
178
177
178
176
177
177
174
174
174
175
176
175
175
174
173
173
173
174
174
174
175
175
177
177
178
175
175
175
179
179
178
177
176
177
177
176
176
176
177
177
177
176
176
176
177
177
177
175
176
176
178
179
178
178
179
179
178
177
176
176
176
175
174
173
174
173
175
175
176
176
176
174
174
173
173
173
172
170
172
172
172
173
174
174
173
173
172
172
172
174
175
174
174
174
173
174
174
173
174
175
172
173
173
173
175
175
176
175
176
175
174
175
174
174
174
174
174
173
175
177
177
177
180
181
181
179
178
179
178
179
182
184
183
180
179
178
176
175
176
177
174
173
172
171
171
172
171
171
172
172
173
174
174
173
172
173
173
170
170
170
172
172
173
175
176
178
178
175
176
177
179
177
181
182
181
181
179
179
179
179
181
177
178
177
177
177
174
174
175
174
174
173
174
175
176
177
177
178
178
177
175
175
175
174
174
174
173
171
170
172
173
174
173
173
173
172
171
171
171
172
172
173
175
176
176
176
175
177
177
174
174
174
176
177
176
177
174
174
172
173
172
173
174
176
176
179
178
175
175
174
174
174
175
175
175
179
175
173
171
172
170
170
172
172
173
175
174
174
174
174
172
173
173
172
172
172
173
175
173
174
174
174
173
173
173
174
174
172
174
175
174
173
173
174
174
176
174
174
175
173
172
174
176
176
175
175
175
176
176
177
175
174
175
174
176
175
175
175
174
173
175
174
174
171
170
167
167
169
169
168
168
167
167
167
167
167
169
169
170
168
169
168
172
173
175
174
174
174
173
172
171
168
167
167
169
168
166
168
168
168
168
166
166
167
168
168
172
172
171
171
171
174
175
173
173
172
172
173
173
173
174
174
174
173
175
175
176
177
178
176
177
177
178
177
177
177
176
175
174
175
175
176
176
177
176
176
178
178
178
177
179
178
180
178
177
174
174
174
173
173
173
171
171
171
173
173
172
172
169
169
170
170
172
173
171
171
170
171
173
174
173
172
169
170
170
169
169
168
168
166
166
166
164
161
161
161
161
161
161
162
163
163
162
161
161
161
162
162
162
162
162
162
162
163
164
164
164
165
167
167
166
164
164
165
168
166
168
168
169
169
170
171
171
169
169
169
168
168
169
166
167
168
169
169
167
168
169
167
166
165
166
167
167
166
167
166
164
163
164
165
164
167
167
167
167
168
168
168
166
166
165
165
166
165
163
165
164
164
163
163
164
165
164
166
168
167
167
166
164
163
161
162
163
164
164
166
168
168
166
164
162
161
163
163
163
164
164
164
164
164
163
164
164
163
162
163
162
161
162
162
162
163
163
160
160
160
161
161
162
161
162
161
161
161
162
162
163
164
164
162
162
161
161
160
162
160
160
158
160
160
161
162
162
162
162
163
164
164
162
163
163
162
161
159
159
159
160
161
162
162
161
162
163
164
163
162
160
160
160
162
161
164
165
167
165
165
165
164
165
157
156
156
157
156
157
156
155
156
156
158
158
158
158
159
159
158
159
159
158
158
157
158
159
158
159
159
159
159
159
160
159
158
156
154
154
154
154
154
154
154
155
156
157
157
156
156
155
156
156
154
153
154
154
154
155
155
154
155
156
156
156
156
156
157
158
158
157
158
159
159
159
159
159
160
161
163
165
166
166
167
164
164
163
161
161
161
161
162
161
159
159
158
159
158
160
159
159
160
159
157
155
155
154
155
156
155
154
154
154
153
153
153
153
153
154
154
154
155
154
153
153
153
153
154
155
155
155
153
155
155
157
157
157
157
157
157
156
155
156
158
159
157
156
157
158
158
157
157
157
157
157
157
157
158
157
158
155
155
156
156
156
155
156
155
155
156
157
158
156
156
158
156
157
159
159
159
158
157
158
157
154
156
158
156
157
158
158
158
158
158
157
159
158
157
158
155
154
156
156
156
157
157
156
156
156
156
157
156
158
157
155
154
155
155
155
157
157
156
156
156
154
153
153
153
154
153
154
153
152
150
150
150
149
149
150
150
150
150
152
152
152
151
151
150
150
150
151
151
151
152
151
151
150
150
151
152
151
150
150
151
151
151
151
149
150
149
148
147
147
148
148
149
149
148
151
151
150
152
152
151
151
151
151
150
151
151
152
151
151
149
149
150
149
148
148
149
149
151
149
152
154
152
150
149
149
149
151
150
152
154
157
155
153
152
152
153
154
153
153
150
151
152
153
153
155
155
156
154
153
155
156
156
155
154
156
156
156
157
155
155
155
157
157
154
152
152
154
152
152
154
152
151
152
153
151
150
149
150
151
151
152
153
154
154
155
156
157
158
157
157
156
154
154
151
151
151
151
151
152
151
151
150
150
151
150
150
149
148
148
149
148
148
149
153
155
155
155
156
155
154
155
152
152
151
152
152
152
153
154
154
152
152
151
151
153
154
154
155
155
153
153
155
154
151
154
156
155
155
154
155
155
155
154
155
157
157
156
155
154
152
150
150
150
148
148
148
146
147
147
148
150
148
147
147
149
150
151
151
150
151
152
151
150
150
150
150
149
148
147
146
146
146
146
147
147
145
146
146
146
145
145
146
146
147
147
148
148
149
149
151
151
150
150
149
150
151
149
150
149
149
149
148
149
149
149
151
152
154
153
154
155
152
151
151
154
155
154
155
154
155
155
156
154
155
155
155
154
153
154
155
154
151
150
150
149
150
150
151
150
150
151
152
151
150
149
149
148
147
148
151
150
150
151
150
150
149
147
146
146
146
145
143
143
142
142
142
143
144
144
147
147
146
148
146
146
148
148
148
148
148
147
146
150
149
149
149
151
150
151
150
149
150
150
150
151
151
150
149
149
147
147
146
146
147
146
145
145
146
147
148
146
147
148
149
151
151
149
151
151
151
152
153
152
152
151
151
151
151
152
151
153
153
152
149
149
147
147
147
149
148
149
150
150
149
149
149
150
149
146
146
146
148
150
152
150
151
151
151
151
152
152
151
151
152
153
155
155
153
151
149
149
147
146
146
147
147
147
149
150
150
151
149
150
149
147
147
146
145
145
145
146
147
148
147
146
147
151
151
152
151
150
151
152
150
149
147
147
149
149
150
150
150
149
148
148
148
148
147
147
147
148
148
147
146
146
144
144
141
141
144
143
142
142
143
143
144
144
144
145
147
148
147
147
147
148
148
147
147
146
146
147
148
149
149
148
148
148
148
148
147
145
145
145
144
145
147
150
152
148
148
149
149
147
146
145
145
148
146
145
146
146
147
145
145
146
146
146
146
147
147
147
148
147
148
146
146
146
147
147
145
144
144
147
147
146
146
145
144
143
141
141
140
141
141
140
140
143
141
140
141
141
143
144
144
144
145
143
143
144
142
143
142
142
140
140
139
140
139
138
139
139
138
139
139
138
139
138
139
140
137
137
137
137
140
139
139
138
138
139
138
138
139
138
138
138
138
141
143
143
143
144
146
146
146
145
144
144
144
146
147
147
145
147
146
143
145
146
148
147
146
146
145
141
143
141
140
139
139
139
140
140
140
140
139
140
141
141
138
137
136
136
136
136
138
137
137
138
138
139
138
138
138
137
136
138
139
139
139
139
140
142
141
140
139
141
140
139
140
141
142
141
141
141
141
139
138
140
140
140
142
141
138
137
138
138
139
139
139
140
140
140
138
138
139
136
136
136
137
137
137
136
136
138
138
138
140
141
141
140
141
141
140
139
138
138
138
138
136
136
138
139
140
140
137
139
139
140
140
140
138
136
137
137
137
139
140
142
141
141
140
141
141
142
140
139
140
139
139
140
141
140
141
141
142
140
139
139
139
138
138
138
138
138
138
136
136
136
137
137
136
137
138
137
139
139
139
139
137
137
138
139
138
139
137
139
139
137
136
135
136
137
139
138
138
139
136
138
138
138
139
139
137
138
137
137
136
137
138
137
137
136
138
138
139
139
139
139
141
142
145
145
144
144
145
145
144
144
142
143
142
142
143
143
142
144
143
141
141
141
141
140
139
139
138
138
139
139
139
139
137
138
137
137
136
135
135
135
135
134
134
134
134
134
134
134
133
133
133
133
133
133
134
133
133
133
134
134
135
135
137
139
138
138
138
139
139
140
139
139
139
139
140
139
139
137
137
137
137
137
138
139
138
139
139
140
140
140
140
138
138
138
138
137
137
137
140
141
140
139
138
135
135
134
134
136
137
137
138
138
139
136
136
136
135
135
136
135
135
133
134
134
136
136
136
136
135
134
134
134
135
135
135
135
135
135
137
137
139
139
140
140
140
139
139
140
140
139
143
140
140
140
139
139
138
138
139
137
137
140
140
140
143
141
142
143
141
140
136
137
137
139
141
141
140
139
139
140
137
137
136
135
136
136
136
136
134
134
131
134
134
132
132
132
133
133
135
135
135
135
135
136
136
134
135
138
136
136
135
135
133
134
134
134
134
135
134
134
135
135
135
135
135
137
135
135
135
134
135
137
138
134
135
135
135
136
134
135
135
134
130
130
129
131
130
132
130
132
131
131
131
131
130
130
132
132
133
133
133
133
133
134
133
131
130
130
131
130
130
131
131
131
131
131
132
134
135
135
135
137
137
137
137
137
136
135
136
136
135
133
133
133
133
132
131
131
132
132
132
132
130
130
131
131
130
131
131
131
132
131
132
133
132
132
134
133
134
132
133
133
133
133
134
134
135
135
136
135
134
133
133
132
131
131
131
131
130
129
129
128
129
132
133
132
131
131
130
131
129
129
127
128
128
130
129
129
129
130
131
130
130
129
128
128
127
126
127
126
125
126
125
125
124
126
126
126
125
125
125
125
127
127
126
125
125
124
124
124
123
125
127
127
127
128
125
125
125
126
126
126
126
126
126
127
125
125
126
126
127
127
126
126
125
126
127
126
127
126
125
126
127
127
126
126
125
123
124
125
125
125
124
123
124
125
125
124
124
124
124
124
125
126
125
124
124
124
126
127
128
128
126
125
125
124
126
127
128
130
129
128
129
129
129
127
128
127
128
129
130
130
131
131
129
129
129
128
128
126
127
125
125
125
124
124
123
123
122
123
123
123
123
123
123
123
122
122
123
122
122
122
123
122
121
121
121
122
123
124
127
127
129
131
129
128
129
128
127
126
127
127
128
128
126
126
127
128
127
127
128
128
130
130
130
129
130
127
127
128
128
130
131
130
129
129
126
126
124
125
125
125
125
125
126
127
126
127
127
127
127
127
127
129
129
130
130
127
127
125
125
126
128
128
127
128
129
130
130
129
131
132
131
130
131
127
125
125
124
123
122
125
125
125
125
125
126
126
125
125
125
125
124
123
122
122
123
125
126
125
127
127
127
127
127
125
125
125
124
124
124
124
126
128
128
129
128
128
126
126
125
126
125
125
125
126
127
127
127
125
126
126
126
127
127
127
126
127
128
126
126
126
126
127
128
127
127
126
126
126
127
126
125
124
125
123
122
122
123
123
123
123
123
124
124
125
126
124
124
123
123
123
122
122
122
122
122
122
122
121
121
121
122
122
123
122
122
123
122
123
123
124
123
123
123
122
122
122
122
122
122
123
123
124
123
124
123
123
122
123
123
123
122
123
123
124
123
124
123
122
121
121
123
123
123
124
124
125
126
125
125
127
129
128
129
129
127
127
128
128
127
126
126
126
125
126
126
128
126
126
126
126
125
123
123
121
122
121
121
120
120
119
119
119
118
118
120
120
120
120
121
122
122
122
123
124
123
122
124
123
123
122
123
123
123
122
121
120
121
120
119
119
120
121
122
123
123
123
121
120
120
120
120
119
119
121
121
121
121
121
121
120
120
120
121
123
125
126
126
127
124
125
126
128
129
129
129
129
129
127
128
129
128
128
127
127
127
127
127
127
129
129
127
125
122
122
122
122
122
122
122
122
122
122
123
125
127
125
125
125
125
124
125
125
124
124
124
125
123
123
123
123
124
124
125
125
125
125
125
126
126
125
124
124
125
125
126
127
127
129
129
127
129
128
126
126
124
124
124
125
125
126
125
126
125
124
124
124
124
124
123
123
124
124
124
124
125
126
126
127
127
126
126
128
129
129
128
128
129
131
129
129
130
131
129
129
127
127
128
127
127
126
127
127
128
128
127
127
128
128
127
127
126
126
126
125
125
126
127
128
127
126
126
129
130
128
128
129
129
130
129
127
126
126
127
128
129
129
129
130
129
128
129
130
129
128
129
129
129
130
131
131
130
130
131
130
129
129
130
130
130
128
128
128
128
129
129
131
133
134
135
137
138
137
136
133
131
131
131
131
130
129
130
131
130
128
129
130
128
126
126
126
127
127
127
127
127
126
128
129
130
130
129
130
131
130
131
132
132
131
132
131
130
130
131
130
131
133
129
130
129
128
127
127
126
126
125
126
126
127
126
129
130
127
127
126
126
128
127
128
130
129
128
129
130
130
128
129
130
131
128
128
128
127
126
127
127
127
126
126
126
125
126
124
124
124
125
124
124
124
125
125
125
124
124
124
124
124
124
124
124
122
123
125
125
124
124
125
125
125
126
127
128
127
128
129
130
130
130
130
130
129
127
128
128
127
128
126
124
123
123
123
123
125
127
127
127
127
127
126
122
122
124
126
125
124
124
124
124
125
125
125
123
123
124
125
126
127
126
127
127
126
127
127
126
126
126
128
125
125
125
126
126
126
124
124
125
124
124
124
124
125
125
125
127
126
126
127
129
128
127
124
125
126
126
127
126
126
125
126
126
126
126
125
125
125
124
123
125
125
125
125
125
125
126
127
128
128
128
128
128
128
129
128
126
126
126
126
125
123
121
121
121
121
121
121
120
120
120
120
121
122
122
123
123
122
123
122
121
121
121
119
121
122
120
119
121
120
119
120
122
122
122
120
120
120
121
121
122
122
123
122
121
120
119
119
120
119
117
115
114
115
115
114
114
115
116
116
117
118
118
119
119
120
119
119
118
118
118
118
118
117
117
118
117
117
116
116
117
117
116
116
117
117
117
117
118
119
119
116
116
116
117
116
117
118
116
117
115
115
115
115
115
117
116
116
116
117
119
119
118
117
117
116
116
116
114
114
115
115
115
113
113
111
112
112
112
112
112
112
110
110
110
110
111
112
112
113
113
115
116
116
116
114
115
116
115
116
117
117
115
114
115
115
115
113
113
114
116
116
116
116
115
114
114
114
115
113
112
112
113
113
114
114
115
115
114
114
113
113
113
114
114
113
112
112
112
113
113
114
114
114
113
112
112
113
113
114
113
114
114
114
113
113
112
112
112
112
112
112
111
111
111
110
110
111
109
109
110
110
110
110
110
110
110
110
110
110
111
112
111
112
112
111
112
114
115
115
113
113
113
113
114
113
114
114
115
115
115
115
114
114
115
116
116
115
115
114
115
115
114
114
115
115
114
114
114
113
114
114
115
114
114
115
113
112
114
114
114
115
114
115
116
116
117
117
117
117
116
117
118
120
119
118
115
116
114
113
112
112
112
112
112
113
112
112
112
112
113
112
113
114
115
115
115
115
113
113
113
110
110
108
108
109
110
109
110
111
112
113
114
114
114
114
113
113
112
112
111
112
112
112
112
113
113
114
114
115
115
114
114
115
114
114
114
113
111
110
111
112
110
111
111
111
112
112
112
113
111
111
112
113
113
113
113
114
115
115
115
113
113
113
111
112
114
115
116
116
116
117
116
115
115
114
114
115
115
116
115
114
115
113
113
113
113
112
111
112
111
112
111
111
111
111
112
112
113
113
114
112
112
112
111
111
111
110
109
109
109
110
107
108
106
106
106
106
106
106
106
108
108
108
107
106
106
105
106
106
106
106
107
107
107
107
107
107
106
107
107
108
108
108
108
108
108
108
108
108
108
109
109
109
108
108
109
109
110
109
110
110
110
109
109
108
109
109
108
108
107
108
108
108
108
109
109
109
110
111
111
110
108
109
108
108
107
108
108
108
108
108
107
106
106
107
108
110
110
111
110
110
109
109
109
109
108
109
109
108
109
109
108
108
108
108
108
109
109
109
109
109
109
109
109
109
109
109
109
108
109
109
108
109
109
109
111
111
109
109
109
109
107
106
107
107
107
108
107
105
105
105
105
106
108
109
110
110
109
109
109
109
109
111
110
111
112
112
110
110
110
110
109
108
108
110
108
108
107
108
109
111
109
110
109
109
109
110
111
109
108
108
109
108
107
106
106
107
108
107
107
106
107
107
107
107
107
106
106
105
105
107
107
107
107
109
109
109
109
108
107
108
108
109
109
110
110
109
108
108
108
108
108
109
108
108
108
108
108
107
107
108
108
109
109
109
107
106
106
106
106
106
106
106
107
107
107
108
108
108
108
109
109
107
108
108
109
109
109
110
112
112
112
111
111
110
110
110
111
112
111
111
111
111
111
111
111
112
112
112
113
111
109
109
110
110
110
110
109
109
109
108
109
110
110
110
110
109
110
111
111
113
113
114
112
111
110
110
110
110
110
109
109
108
107
108
108
108
108
108
108
108
108
107
106
107
107
107
107
107
107
107
108
109
110
110
110
109
109
111
111
112
114
112
112
111
110
110
109
110
109
110
109
109
111
110
112
112
112
112
111
109
110
111
107
108
108
108
108
109
109
109
107
107
109
109
108
107
109
109
109
109
108
110
110
109
109
108
108
108
109
109
109
109
109
109
108
107
108
108
109
109
109
108
108
111
110
109
109
110
110
108
107
107
109
109
109
109
109
108
108
106
106
106
106
107
107
106
106
106
106
106
106
106
105
104
105
105
105
105
106
104
107
107
107
107
107
107
109
109
110
110
108
108
108
109
109
111
109
108
107
107
106
107
107
108
108
108
109
110
109
109
109
108
110
111
111
113
114
113
113
113
113
109
109
109
111
111
113
113
113
111
112
112
114
115
112
111
111
110
110
110
108
109
109
108
107
108
108
105
105
104
104
105
105
107
106
107
107
106
106
106
106
104
104
103
103
103
103
103
103
103
104
104
105
105
105
104
104
105
105
105
104
103
104
104
104
104
105
106
106
109
111
112
110
108
107
108
109
108
108
108
108
109
108
105
107
107
104
104
104
104
104
103
103
102
104
104
106
107
107
108
108
108
108
108
108
107
107
108
108
109
110
110
110
110
111
111
111
112
112
112
113
113
113
113
113
111
109
109
109
107
107
107
107
107
106
106
106
105
105
105
106
108
108
108
106
106
106
108
108
108
107
107
106
107
106
106
104
104
104
105
105
104
104
105
104
104
104
104
105
104
104
104
105
106
106
107
107
107
107
108
106
105
105
105
105
105
106
106
107
107
106
105
106
106
106
107
107
109
111
109
109
110
110
107
103
103
103
105
105
105
104
104
105
104
104
104
103
102
102
102
102
102
102
102
101
101
101
101
101
102
104
104
104
104
105
106
106
105
106
105
105
105
105
105
105
105
105
105
105
105
104
104
106
106
106
106
106
105
105
105
105
106
108
108
108
109
109
109
109
108
109
108
108
108
108
108
108
108
107
106
110
111
110
110
110
110
109
109
110
110
110
109
108
108
108
110
112
110
110
110
109
108
108
107
105
106
108
107
107
106
106
106
106
107
106
107
106
107
108
108
109
110
110
109
109
108
108
109
108
108
108
108
109
109
109
109
110
110
109
113
111
108
108
108
108
110
107
107
106
106
106
104
105
106
106
107
107
106
106
106
105
104
105
105
106
104
103
103
103
103
102
103
104
105
105
105
103
103
103
105
105
106
105
105
104
105
106
105
103
104
106
107
104
106
106
107
107
107
107
106
109
108
108
106
106
106
107
107
108
109
110
108
109
108
108
107
108
109
109
108
108
108
107
107
107
107
105
106
107
108
107
107
106
106
105
105
105
105
105
103
103
103
104
105
106
106
106
107
107
105
104
104
103
102
102
103
103
104
104
104
104
104
103
104
103
103
103
102
103
103
103
103
102
104
104
103
103
103
105
105
105
105
105
105
105
104
104
105
105
106
107
108
108
108
106
