0.00021482758620689656 0.0007268965517241379
300
298
293
289
287
286
284
280
278
277
272
270
265
265
265
266
265
262
260
259
257
257
255
253
253
253
252
253
253
253
253
252
252
253
253
253
253
251
250
249
249
252
252
253
254
254
257
257
260
260
257
257
258
259
259
258
255
253
254
254
253
253
252
252
252
253
253
253
252
253
251
253
252
252
252
253
254
256
256
255
254
258
258
257
258
258
257
259
257
255
257
257
255
255
254
252
251
251
250
252
251
252
255
256
257
254
255
257
257
256
257
256
255
255
253
254
253
252
251
252
252
253
255
253
253
252
252
255
253
252
253
253
253
253
253
253
252
253
252
253
250
251
252
251
250
251
253
255
254
253
251
251
250
251
251
248
246
246
246
246
247
246
245
245
246
247
247
246
248
248
248
248
247
248
249
246
245
246
247
247
247
247
247
247
246
246
247
247
247
248
248
248
249
249
250
251
251
250
250
248
249
250
248
248
248
245
250
250
247
250
251
251
251
250
250
250
249
248
252
252
249
246
247
247
246
246
245
246
243
243
244
244
245
243
243
242
241
241
241
241
242
242
245
244
247
248
245
244
244
244
242
243
244
244
244
245
243
243
247
244
242
241
239
239
237
238
239
238
239
240
241
240
241
238
239
240
239
238
238
237
237
237
237
239
238
238
236
235
234
233
235
235
235
236
238
237
238
236
237
238
237
237
235
235
235
234
232
235
236
237
238
239
240
238
238
238
235
236
235
235
235
235
234
233
233
235
233
230
230
232
232
232
232
232
232
230
230
231
233
233
233
235
237
235
236
232
232
231
229
228
228
227
226
226
228
227
227
227
228
229
230
230
229
229
228
229
230
229
230
231
233
233
233
233
234
235
235
236
235
233
235
235
236
234
231
232
232
233
234
234
234
235
232
230
230
230
228
228
228
227
226
226
226
226
227
227
226
226
227
227
227
227
227
228
229
227
228
230
230
231
232
230
231
231
231
231
234
235
235
235
235
233
233
234
233
232
232
233
231
231
230
229
229
230
229
229
233
234
234
233
230
229
229
228
230
224
224
225
226
229
230
230
230
228
228
226
228
227
227
227
229
227
226
226
226
225
225
225
225
225
224
225
226
226
224
224
224
225
227
228
229
228
227
225
227
227
228
225
224
224
225
223
225
226
227
227
227
227
226
225
224
226
227
226
226
229
228
228
226
226
226
226
227
225
225
224
225
225
225
225
222
222
222
222
223
223
224
224
223
221
221
222
220
220
220
221
221
222
222
222
223
224
223
223
221
222
221
222
221
220
221
221
221
220
221
220
219
219
217
218
218
218
218
220
221
221
221
221
220
222
222
222
221
222
221
222
222
222
222
221
221
221
220
222
222
222
223
221
220
218
219
220
219
219
219
219
219
220
221
221
221
220
222
224
224
225
223
223
223
224
223
223
221
221
220
221
220
222
222
223
224
224
226
228
228
225
225
224
225
225
224
223
225
225
227
226
226
225
226
227
227
226
223
223
221
221
217
218
219
221
221
221
222
224
222
222
221
220
220
222
221
219
218
219
220
215
215
215
216
216
217
216
216
215
217
216
216
216
216
217
217
216
215
215
217
216
216
216
216
215
216
216
216
216
214
214
214
214
214
214
216
218
219
221
221
220
221
218
217
216
216
216
216
216
215
215
215
215
214
215
214
214
216
216
215
216
215
216
216
216
217
215
215
214
214
214
214
213
212
211
212
212
212
211
211
213
212
212
213
212
213
210
210
213
213
213
211
211
211
210
209
210
211
211
211
211
211
211
212
212
211
211
212
211
212
211
211
211
211
212
212
213
214
214
214
214
214
216
216
215
215
216
215
215
215
215
216
216
216
216
216
217
216
217
219
215
212
211
210
211
211
211
213
214
214
215
216
216
214
212
213
214
212
210
210
211
211
211
211
211
213
213
214
213
211
212
215
212
211
210
211
211
212
213
212
212
212
212
213
214
214
212
212
212
212
212
213
212
210
209
209
209
212
213
214
216
214
213
213
213
211
212
213
214
214
215
215
217
218
220
218
219
218
218
219
221
221
218
217
218
218
216
213
213
214
212
212
212
210
210
211
210
210
211
209
209
209
212
213
212
212
212
213
214
213
211
212
211
211
211
211
211
211
212
213
214
214
214
215
214
213
214
212
213
214
214
215
216
215
215
214
214
214
214
215
214
214
214
215
214
213
214
212
212
213
211
211
210
209
210
211
211
212
212
212
213
212
210
208
208
209
210
209
209
209
209
209
211
211
211
211
211
211
213
213
213
213
214
213
213
213
213
212
213
212
210
210
210
211
210
210
208
209
207
208
208
207
207
207
207
207
207
207
208
208
207
210
208
208
209
209
210
209
209
207
206
207
207
208
208
208
209
210
210
211
211
212
213
215
213
214
215
214
214
214
213
213
212
211
209
208
207
208
206
206
206
206
206
207
207
208
208
208
207
207
207
208
208
208
208
208
208
209
212
212
214
216
215
211
210
210
210
210
210
210
211
212
212
210
211
209
208
206
205
207
208
208
207
207
207
205
205
207
208
208
209
207
207
207
208
206
207
207
207
206
206
205
206
204
204
205
208
206
207
208
208
208
208
208
208
207
206
206
204
206
206
207
208
208
207
207
207
206
206
205
205
205
207
211
212
210
210
209
211
211
211
210
209
209
209
208
207
204
204
205
206
207
210
209
209
210
209
207
205
206
207
207
207
207
206
206
206
208
208
208
210
210
210
211
209
208
206
206
206
204
204
205
205
207
208
207
206
205
205
204
204
204
204
204
204
204
205
204
205
205
206
207
207
207
207
207
207
206
206
207
205
206
206
207
205
205
204
204
205
203
203
203
202
203
202
203
205
202
202
201
201
202
202
203
203
201
201
201
200
200
199
200
200
201
202
202
203
203
204
204
204
204
205
204
205
206
206
206
206
207
206
207
204
204
204
204
203
205
206
204
207
205
203
201
202
203
202
204
203
205
204
205
204
203
204
204
204
202
202
200
200
200
202
201
200
201
201
201
201
199
198
200
201
201
201
201
201
202
203
204
205
205
205
206
206
205
205
203
203
202
203
203
203
202
203
203
204
202
202
202
203
203
204
204
204
203
203
203
203
203
202
201
201
201
201
201
202
203
203
204
203
203
202
200
200
199
199
199
201
200
200
200
199
199
199
200
200
202
202
203
203
202
202
205
206
204
206
205
205
204
203
203
204
204
202
202
203
202
204
204
205
205
206
206
206
206
204
204
204
204
202
200
199
200
199
200
202
202
203
203
202
203
203
206
205
202
202
202
202
203
202
202
202
202
202
203
202
203
203
200
202
202
202
202
205
205
206
206
204
205
204
204
205
204
204
202
202
203
202
202
202
203
203
203
202
202
204
203
203
202
203
203
203
203
204
202
202
202
203
202
202
200
202
202
199
199
199
201
201
202
201
202
203
202
203
204
206
205
204
203
200
200
200
201
202
201
201
202
201
201
201
200
200
199
200
199
198
199
199
200
200
200
198
198
198
199
199
200
201
202
203
203
204
204
202
200
200
200
201
200
200
201
201
201
201
203
203
202
204
201
201
199
199
199
198
198
198
198
199
199
200
199
198
199
199
197
197
197
197
197
199
200
199
200
200
200
200
200
200
199
198
198
198
196
196
197
197
197
197
198
198
199
198
198
199
201
197
198
199
200
199
200
199
199
199
199
201
199
199
201
203
202
203
204
202
202
203
204
204
202
204
201
201
202
201
199
200
202
203
202
201
201
201
200
199
197
198
199
195
195
196
200
200
200
200
200
200
200
200
200
200
200
202
202
202
203
203
206
205
203
201
201
200
200
199
198
197
197
197
197
196
197
197
198
197
197
196
195
195
195
196
196
196
198
198
199
197
198
199
200
201
200
201
202
202
203
204
203
204
204
201
201
202
202
201
202
200
199
199
197
198
199
200
203
204
204
203
202
201
199
199
199
198
199
199
198
198
199
197
199
199
199
199
198
197
197
198
200
200
197
197
196
196
196
196
196
195
194
194
194
194
194
192
193
193
191
192
192
192
192
193
194
194
196
196
197
199
199
199
197
196
196
197
198
196
196
197
198
198
198
198
198
197
197
196
196
197
197
196
196
195
197
195
195
195
195
195
194
195
198
198
198
197
197
196
196
195
194
194
193
194
195
195
195
195
196
197
198
197
197
197
196
198
197
195
193
193
194
194
195
196
197
197
197
197
196
195
198
196
195
196
196
198
198
198
199
199
196
196
196
196
195
196
197
196
197
200
200
198
198
199
200
199
198
198
196
196
194
195
196
196
196
195
196
196
196
198
198
197
196
195
196
197
196
196
197
197
196
194
194
196
196
196
197
197
195
195
194
194
195
195
194
196
195
194
195
195
195
197
198
199
199
198
200
198
196
195
196
196
197
197
198
198
199
199
199
199
200
200
198
199
199
199
199
200
200
200
203
203
203
203
200
199
198
198
199
199
200
200
199
199
199
200
200
198
198
199
199
199
198
200
198
198
196
196
198
199
200
200
200
201
201
201
201
200
202
203
205
205
203
200
200
199
200
201
200
202
201
200
198
198
200
200
200
202
202
200
201
201
201
200
200
198
199
198
197
199
199
199
198
200
200
199
199
200
200
199
200
198
198
198
197
199
199
198
197
197
196
193
193
193
193
193
193
192
192
192
193
193
194
194
195
197
197
197
198
198
198
197
198
198
199
198
200
200
197
195
196
195
196
195
196
196
198
198
198
198
200
202
202
199
199
199
199
200
200
199
202
201
200
200
200
200
198
199
202
199
195
195
193
193
194
195
195
195
196
194
195
195
196
196
195
195
195
194
193
190
191
193
194
193
193
195
194
194
193
193
193
194
193
194
193
194
195
197
197
195
195
195
195
195
195
195
195
196
196
197
198
200
201
201
199
198
198
197
199
198
200
199
199
197
198
198
196
196
197
198
198
197
193
195
195
195
195
194
194
195
194
194
193
194
194
195
194
194
195
194
194
192
190
190
190
191
193
195
195
196
197
199
198
198
195
195
194
194
193
194
194
194
195
196
196
196
199
198
197
196
197
196
198
197
197
197
197
196
197
197
198
197
197
198
196
196
197
196
197
198
195
194
194
194
192
194
194
193
194
194
193
192
192
192
192
192
191
191
192
191
192
192
190
191
191
191
191
193
195
196
197
198
198
200
199
198
199
196
197
196
195
195
194
196
197
197
196
196
197
195
195
195
195
194
193
193
193
193
193
193
192
191
192
190
190
190
190
189
189
191
191
191
192
193
194
193
193
193
193
193
194
194
197
196
196
196
193
193
191
191
195
197
197
197
197
196
197
196
196
195
196
195
195
195
194
193
193
193
194
193
193
193
193
194
194
194
195
194
196
197
196
196
197
197
197
196
194
194
193
193
193
192
192
193
194
195
194
197
196
195
192
192
192
192
192
191
191
191
190
191
191
191
192
193
194
195
195
197
196
194
195
196
196
198
198
198
198
199
198
198
198
199
198
195
193
192
192
192
191
190
191
191
191
191
190
188
189
190
191
192
191
191
192
193
194
192
192
193
193
191
193
195
195
195
195
193
195
196
196
196
195
196
194
194
191
193
194
193
193
193
194
192
190
191
191
190
192
192
192
191
192
193
192
191
188
188
185
186
188
188
188
187
187
187
187
187
189
189
189
190
189
188
188
190
190
191
192
191
192
192
191
189
189
189
191
190
191
191
191
190
188
187
188
188
188
190
190
191
191
191
192
191
190
190
190
188
189
188
187
188
189
189
190
190
190
191
191
191
193
193
190
190
189
188
188
189
190
190
189
188
188
189
191
192
194
191
192
192
193
193
192
192
192
190
189
189
190
190
190
190
191
190
191
193
192
189
190
190
189
189
188
188
187
185
185
185
185
186
185
186
186
186
186
184
184
184
185
184
185
185
186
186
187
188
189
191
189
192
190
189
187
187
187
188
190
190
193
193
192
191
190
188
188
188
187
186
186
187
187
188
187
186
185
184
184
184
184
183
185
186
186
186
186
184
184
183
183
184
184
185
186
186
186
185
185
186
187
187
190
191
189
188
188
187
186
185
185
184
183
183
184
184
184
184
182
185
186
186
184
184
187
186
186
187
186
185
184
183
183
185
186
186
186
186
187
188
188
186
185
184
184
185
186
186
186
186
185
185
185
186
187
185
185
186
187
186
188
188
186
186
185
185
184
183
182
182
182
181
182
181
183
182
181
181
180
180
180
180
179
179
179
181
181
181
180
180
179
181
181
183
181
182
183
183
185
185
182
183
184
185
184
184
183
182
182
183
185
185
184
184
184
182
182
180
179
183
185
185
184
182
183
183
184
182
182
183
183
184
182
183
183
183
183
184
183
183
183
184
182
181
181
181
181
180
179
179
179
179
181
181
181
181
182
182
184
184
184
183
183
183
182
182
182
180
180
182
182
184
184
184
185
185
185
184
183
183
183
182
182
182
184
184
184
184
183
182
182
182
182
181
181
181
182
181
184
185
187
186
185
185
185
184
184
183
183
183
183
182
182
183
182
183
185
184
184
184
184
184
183
182
182
183
182
182
182
182
181
182
181
182
182
182
182
180
181
181
181
181
182
182
181
183
184
183
184
183
185
186
187
187
186
186
187
187
186
187
188
187
188
188
189
187
187
187
188
187
185
185
185
183
183
179
179
180
180
178
178
177
178
177
178
178
179
178
178
177
176
177
178
177
177
178
178
180
180
180
180
180
180
180
180
179
180
180
181
182
181
181
181
180
181
181
180
181
183
183
184
184
183
183
182
182
182
183
181
183
183
183
182
182
180
178
178
179
178
178
179
179
178
177
180
180
179
179
177
177
177
178
177
177
178
178
177
177
177
177
180
180
180
180
179
178
180
180
180
178
178
178
177
176
178
177
177
179
182
183
182
182
181
183
181
181
180
181
181
180
178
177
177
177
177
178
179
180
179
177
178
178
177
176
175
176
175
175
178
180
179
178
176
174
175
175
175
177
177
177
176
178
176
176
176
175
174
178
176
175
177
176
176
177
177
178
180
181
183
183
182
179
179
179
179
179
180
179
180
179
178
177
179
179
179
178
177
178
178
179
179
178
178
179
180
179
178
179
180
178
179
178
178
179
179
181
180
180
179
178
179
178
178
177
176
177
176
176
177
178
178
179
179
178
179
178
179
179
179
177
176
177
178
180
180
180
180
178
178
179
178
177
176
175
174
176
177
177
177
176
173
174
174
175
175
174
175
176
175
175
176
175
175
176
178
179
180
178
178
177
174
176
176
175
174
173
174
174
173
174
174
174
175
175
174
173
172
175
176
175
175
174
174
174
173
174
174
174
174
176
175
175
176
176
176
176
174
174
173
174
174
175
173
173
173
174
174
174
172
174
175
175
175
174
173
174
175
175
176
176
177
178
177
176
177
177
177
177
174
175
174
173
174
174
174
174
175
175
177
176
175
174
176
176
175
175
175
175
176
176
176
177
177
177
177
178
177
178
176
174
174
173
173
172
172
173
173
177
177
178
178
177
176
177
176
175
175
176
176
176
176
175
174
174
174
172
172
172
171
172
171
170
170
170
170
170
171
171
172
171
171
173
172
171
172
172
171
170
170
170
170
170
170
169
168
168
168
169
169
169
170
172
172
172
173
173
173
173
174
172
172
171
170
171
172
173
173
173
172
175
175
175
175
175
176
176
178
178
174
174
173
173
173
173
172
173
173
172
172
171
171
173
173
172
172
172
170
171
172
172
172
172
171
170
171
171
171
171
171
172
173
173
172
172
172
172
170
170
170
169
168
169
169
168
169
168
169
169
169
171
172
171
171
170
170
169
170
171
172
172
172
174
173
172
172
172
172
172
172
172
170
170
170
171
171
170
169
169
171
170
169
169
171
170
168
169
169
169
168
169
169
170
168
169
169
170
170
169
170
172
172
170
170
170
170
170
170
169
169
168
169
169
169
169
169
169
170
170
169
170
170
170
171
170
171
172
174
174
173
172
170
170
169
169
169
170
171
172
172
172
172
172
172
172
171
173
174
174
174
173
174
175
174
173
173
173
173
173
173
173
173
175
175
173
172
170
170
172
171
170
170
169
169
170
169
168
168
169
170
169
169
169
168
169
168
168
168
169
169
168
168
168
168
169
169
169
169
169
169
168
167
167
167
167
167
168
168
167
168
170
169
170
171
169
168
168
170
170
170
170
170
171
170
170
169
170
169
169
168
168
168
168
168
167
167
168
168
168
169
170
170
170
170
170
170
169
169
169
170
170
169
170
170
169
169
169
169
169
170
170
171
171
171
171
171
171
170
171
170
170
170
170
170
171
171
172
173
174
173
173
171
171
172
172
169
169
169
169
168
169
168
168
169
169
168
168
169
170
172
171
170
170
170
170
169
171
169
168
168
168
169
168
167
167
166
166
166
167
167
167
166
165
166
166
166
167
168
170
169
170
169
169
169
168
168
167
167
167
164
164
164
164
166
167
167
166
166
167
167
167
167
167
169
171
169
168
168
168
171
171
171
172
172
172
172
171
171
171
170
170
170
170
169
169
168
168
168
168
167
168
168
169
170
169
169
169
169
169
170
170
169
169
167
167
167
167
167
167
170
169
169
170
173
173
172
172
172
170
170
170
167
166
167
167
166
168
168
167
168
169
170
171
170
170
170
170
170
170
170
170
170
170
169
169
169
169
169
171
171
170
171
171
171
171
173
173
173
171
171
171
170
171
171
171
168
169
170
169
170
169
169
169
170
171
171
171
170
169
170
169
167
167
167
167
169
169
169
168
168
168
169
169
170
172
172
171
170
169
169
168
166
166
166
166
166
166
167
167
167
165
165
165
164
164
164
165
165
166
168
167
167
168
168
168
170
169
169
171
172
170
171
171
171
174
174
176
175
174
172
173
171
170
170
169
169
169
169
168
168
169
167
166
166
165
165
166
168
167
166
166
166
166
165
166
165
165
164
165
164
165
165
167
166
167
167
168
169
169
170
170
169
170
171
169
168
168
168
167
167
167
167
167
168
168
166
166
166
168
169
168
169
169
170
171
173
172
172
170
169
167
168
167
167
169
169
169
169
169
169
168
169
170
166
167
166
164
164
164
163
162
162
162
162
162
162
163
164
162
162
163
165
166
167
167
167
167
168
169
167
167
167
167
166
167
163
163
161
160
160
160
160
160
160
159
159
159
159
160
160
160
160
161
161
163
163
163
162
162
161
163
163
163
162
162
162
162
165
166
166
168
167
167
166
165
163
164
163
162
163
163
162
161
161
161
161
161
161
160
160
160
159
158
158
158
158
160
162
164
161
162
162
161
161
161
161
163
162
162
163
164
165
166
168
167
169
167
166
164
164
164
163
162
162
162
163
163
163
164
164
164
166
166
166
164
164
163
166
166
168
167
166
164
165
164
165
164
164
163
162
161
162
163
162
162
163
162
162
162
162
162
163
162
162
162
162
162
162
161
159
159
159
159
159
159
159
159
159
159
160
160
161
162
162
163
163
164
164
165
164
166
165
165
165
165
165
166
166
167
165
166
167
167
166
165
163
163
162
161
162
163
163
162
163
163
164
167
167
167
167
166
166
164
166
167
169
167
165
164
164
164
164
163
165
165
164
164
163
162
160
160
160
160
160
160
160
161
160
161
162
162
163
163
163
163
164
164
163
163
162
163
163
163
164
161
161
161
161
161
161
161
161
162
162
163
163
164
164
164
162
163
163
164
164
163
162
162
161
162
162
161
161
163
163
163
163
163
163
163
163
164
164
164
164
164
162
163
166
168
167
167
166
165
164
164
167
167
164
164
164
164
163
161
162
162
163
166
163
162
163
165
164
164
163
164
165
163
164
163
163
163
162
162
161
163
161
163
164
164
166
164
164
165
164
162
161
161
160
160
160
160
159
159
159
160
161
160
161
161
160
161
163
163
161
161
161
162
159
159
159
159
160
159
159
158
159
159
160
160
161
160
160
160
160
160
161
162
161
159
160
162
162
162
162
163
164
162
161
161
161
161
161
161
161
162
162
162
162
162
163
160
160
159
159
160
160
159
157
157
157
156
156
156
157
157
158
161
161
161
160
159
159
159
158
157
158
158
159
158
158
158
158
159
159
159
159
159
159
159
159
160
161
162
162
162
162
162
163
164
163
164
165
164
164
164
162
161
162
163
163
163
163
163
163
163
164
163
163
163
162
161
161
163
162
163
163
163
164
163
163
161
162
162
159
159
161
161
162
162
163
161
160
159
159
159
158
158
158
159
160
158
160
160
161
161
159
158
158
158
158
158
161
160
159
159
158
157
157
157
156
157
158
160
159
159
159
157
160
162
162
164
161
161
161
161
161
161
161
162
161
161
161
159
159
160
162
162
162
163
164
164
163
165
164
164
164
165
164
163
164
166
166
165
165
167
168
168
168
166
162
162
160
160
161
162
161
162
164
164
164
163
164
163
164
165
167
167
166
166
164
163
163
164
163
163
162
162
161
159
158
158
158
158
158
157
158
157
158
158
160
159
158
158
158
157
158
157
156
156
155
156
156
157
157
157
157
157
158
159
159
158
159
157
158
157
157
158
157
158
158
159
160
159
161
160
159
159
159
159
158
157
157
157
157
157
156
155
155
157
157
157
156
156
156
159
160
159
159
159
159
158
159
161
160
160
159
158
160
161
161
160
159
158
159
159
159
161
162
161
161
159
159
159
156
157
158
158
159
157
157
158
157
156
156
156
156
156
155
155
155
154
154
154
154
154
157
156
156
156
157
158
158
158
156
156
157
156
156
157
157
157
157
157
157
158
159
158
158
157
157
158
158
158
157
156
155
155
155
154
156
155
155
154
155
155
154
155
156
158
156
157
157
157
157
156
156
156
156
155
153
153
152
152
153
153
155
153
153
155
157
157
157
158
158
158
159
158
159
157
157
158
156
156
157
157
156
156
156
157
156
156
157
156
156
156
156
155
155
156
155
155
155
155
155
155
156
158
158
156
156
154
155
156
156
154
153
152
152
153
153
152
152
153
152
152
150
150
150
149
149
149
149
150
150
150
152
153
154
155
155
155
155
153
153
154
154
154
154
154
154
156
156
156
156
157
158
157
157
155
156
156
155
155
156
156
157
156
156
157
156
158
157
157
156
156
157
156
155
156
154
152
153
155
155
155
154
155
156
156
154
154
154
154
154
153
152
153
152
152
152
152
151
153
154
154
154
154
153
154
154
152
153
152
153
152
152
155
153
152
154
153
153
152
153
154
152
152
152
151
152
150
150
150
150
150
151
152
151
150
151
151
151
151
151
149
149
147
147
148
148
148
148
149
148
148
148
148
146
146
146
146
147
147
147
146
144
145
145
146
147
147
145
146
