0.0006927586206896553 0.0002831034482758621
300
292
292
289
287
285
285
287
282
282
281
279
277
276
275
272
271
273
273
272
271
273
274
272
272
273
272
275
274
274
275
274
275
273
274
275
275
277
277
276
278
280
280
279
281
281
282
282
284
287
289
289
285
286
287
288
287
286
285
286
284
286
286
287
285
282
285
288
292
292
293
293
296
296
295
294
295
295
293
291
291
294
294
295
295
296
300
300
302
302
304
303
304
303
299
302
301
302
304
303
304
303
304
304
301
302
304
305
302
303
303
302
302
303
301
301
303
303
303
302
301
301
302
302
302
304
305
307
306
306
307
304
305
304
307
307
308
310
309
310
309
309
307
307
307
307
308
308
308
308
307
307
306
307
307
307
305
305
305
304
308
308
309
310
312
312
312
315
315
316
315
312
312
311
310
307
308
308
311
310
311
315
313
311
312
312
312
309
310
314
312
313
314
314
311
310
310
310
310
313
310
310
311
312
314
314
318
318
320
321
320
319
318
319
315
317
317
316
317
316
315
312
311
313
312
312
309
308
307
310
310
308
305
307
308
308
309
307
311
311
311
311
315
317
316
318
316
317
316
312
313
311
310
313
313
314
312
310
310
311
311
311
311
311
310
312
312
311
311
312
314
311
311
309
309
308
309
308
310
311
311
312
312
312
313
315
314
315
315
316
314
315
314
315
315
316
316
316
316
315
317
318
317
316
316
319
320
321
322
322
321
322
324
327
323
322
322
322
320
320
321
317
316
319
316
316
317
319
320
320
319
318
320
321
320
322
324
322
321
322
326
326
326
328
328
327
327
328
327
328
328
329
331
331
330
332
333
336
337
342
343
344
336
335
335
336
335
337
337
333
332
332
332
334
333
331
332
333
328
328
326
323
325
325
324
325
325
325
327
329
328
326
328
327
327
329
330
331
330
331
329
332
329
333
334
333
331
331
332
332
335
335
333
334
335
337
340
335
335
336
335
336
337
335
333
334
337
338
341
342
342
343
343
345
344
343
344
342
341
340
337
338
335
333
332
332
333
334
334
334
334
333
334
334
334
335
335
335
335
334
334
335
335
334
332
330
330
331
333
334
334
335
335
334
335
335
338
340
341
340
339
338
334
336
338
340
339
340
338
339
338
339
342
338
336
337
338
337
339
338
340
342
342
343
343
343
343
342
343
345
343
340
341
340
338
336
339
337
337
339
340
342
339
340
341
337
337
339
339
336
337
336
337
339
340
336
336
338
336
340
341
343
343
343
341
340
344
346
349
347
349
348
347
346
347
346
348
351
348
349
347
345
346
348
347
346
345
345
342
342
342
341
343
342
342
342
340
339
342
341
340
342
343
343
345
341
341
341
341
341
340
339
338
340
341
341
340
341
341
339
338
338
339
340
341
341
341
342
345
342
342
345
345
343
342
342
339
338
338
339
340
340
339
342
343
344
344
344
344
344
344
347
347
347
345
342
343
343
343
344
343
341
340
341
341
340
343
343
345
344
345
345
344
348
348
347
348
348
350
352
353
352
350
349
349
348
351
351
354
350
352
352
353
355
358
358
359
361
363
361
356
354
356
358
355
353
353
352
354
352
351
353
355
354
354
354
356
358
356
356
358
359
359
362
361
361
359
363
362
363
364
364
363
360
362
359
359
359
359
361
364
363
361
365
366
366
365
367
367
364
365
368
366
368
365
364
361
358
360
359
360
360
361
362
359
362
364
364
363
362
363
364
364
364
363
366
369
369
369
369
372
372
371
367
365
364
365
367
365
366
367
370
373
374
370
371
371
372
371
371
369
368
368
369
368
368
368
366
366
366
368
368
371
370
370
370
369
372
374
374
372
374
372
372
373
371
372
373
372
374
378
378
379
377
377
376
378
378
377
376
377
380
380
380
379
378
381
382
380
379
377
375
375
376
375
373
374
375
375
373
371
369
368
371
371
369
369
370
371
372
373
373
376
377
374
375
381
379
379
381
379
377
380
378
380
379
381
379
375
375
376
378
377
376
375
377
375
375
373
371
372
372
373
370
370
375
373
375
377
374
374
376
378
378
378
381
383
380
380
376
376
379
381
382
382
382
380
380
383
383
382
382
382
385
389
387
390
389
391
391
389
388
385
381
382
382
383
384
384
382
379
381
382
384
386
387
386
388
389
389
389
387
389
384
387
388
386
389
386
386
386
386
382
381
382
381
382
380
381
378
379
380
381
380
380
375
374
374
370
369
368
370
372
375
374
376
379
378
377
379
380
382
381
381
383
384
381
379
380
378
380
383
383
384
389
389
394
390
388
387
387
384
384
388
386
383
385
387
381
384
387
387
388
385
384
385
385
386
387
390
391
391
390
388
391
391
388
388
388
388
388
386
387
387
386
385
386
386
389
388
387
384
384
383
386
382
381
382
383
382
382
382
381
384
388
384
387
387
388
388
389
391
387
383
382
385
385
383
383
380
379
375
374
376
375
377
377
378
377
375
376
380
381
383
383
383
385
383
383
385
385
386
386
388
387
389
386
386
387
388
388
390
390
393
392
391
391
391
387
388
385
385
382
383
385
381
382
378
380
381
379
380
381
383
383
385
388
386
389
391
389
391
389
390
389
385
384
385
383
380
380
381
380
379
380
377
379
380
377
380
380
376
376
376
375
372
374
373
374
376
374
378
376
379
380
375
373
374
370
368
367
368
369
371
371
370
367
367
366
366
365
367
366
364
364
365
364
368
366
368
371
372
372
373
373
375
374
374
373
375
378
374
374
372
371
369
369
370
370
370
370
370
371
370
373
375
377
378
375
375
375
371
370
368
368
367
368
370
371
374
374
375
373
373
374
368
370
370
372
376
379
379
379
375
374
372
374
374
375
373
373
376
375
376
375
374
374
376
378
377
376
378
377
378
375
377
377
377
378
376
378
380
383
382
379
381
382
384
384
387
384
383
383
381
382
381
380
380
382
381
383
384
382
381
381
380
380
381
379
381
379
381
381
384
383
381
377
378
381
384
385
385
383
382
381
382
382
382
384
387
385
387
389
394
392
392
390
391
393
392
394
392
393
393
392
392
393
395
397
396
394
394
399
399
398
397
397
396
391
391
390
390
389
390
388
386
387
390
392
393
395
395
397
402
401
400
400
399
400
397
397
395
394
396
391
393
395
393
389
391
389
387
386
384
384
385
388
387
391
393
394
394
392
393
394
393
391
387
387
385
388
389
388
388
388
390
391
390
390
388
391
391
390
390
390
391
392
392
391
392
391
391
394
391
388
390
389
388
389
391
392
393
396
393
393
391
393
393
393
390
389
388
388
394
396
397
392
393
394
395
395
397
400
402
402
403
403
407
409
410
409
411
410
408
403
403
404
404
401
401
401
401
404
405
405
404
405
408
408
410
409
412
410
411
412
417
415
417
415
412
411
410
410
408
406
405
405
406
407
407
405
406
407
408
410
410
408
409
407
408
406
402
405
406
410
407
408
406
409
407
408
407
408
409
409
410
408
407
408
408
407
410
415
415
416
416
417
418
417
418
417
418
415
414
417
420
421
419
415
416
417
415
417
418
416
413
414
411
412
414
416
416
414
415
415
415
418
416
418
417
414
412
414
416
415
414
414
414
411
410
410
409
408
409
409
410
416
417
414
415
414
418
422
423
421
427
428
424
422
422
422
424
426
429
428
428
423
426
424
427
424
423
419
419
418
414
414
414
415
415
415
415
416
418
418
417
416
417
411
413
412
413
414
413
414
418
420
427
425
425
426
426
428
426
429
431
429
431
431
429
430
432
433
430
430
430
427
428
422
421
422
422
421
419
421
421
424
425
425
428
431
428
429
427
431
428
426
427
424
424
424
420
419
418
416
416
414
411
410
411
410
410
411
415
417
415
419
418
421
418
419
423
424
425
421
421
422
423
424
427
427
426
422
422
426
429
427
424
421
421
421
422
420
421
422
418
417
417
417
418
418
421
420
421
419
424
428
430
428
424
424
426
427
430
428
426
428
430
427
428
426
424
423
423
421
418
416
418
422
421
418
418
420
420
421
417
418
422
421
422
422
421
419
420
424
423
424
425
428
427
424
426
422
424
425
426
425
423
425
420
420
423
424
421
421
422
423
423
425
423
422
422
420
416
415
414
413
414
415
417
417
417
417
420
419
422
422
417
416
416
416
417
419
422
422
421
421
416
418
417
418
415
413
413
411
410
413
413
415
413
413
415
413
412
415
414
413
414
412
413
413
413
415
415
417
419
419
418
418
419
417
419
415
415
418
417
417
415
413
416
415
416
416
417
418
419
421
418
417
417
417
418
416
416
411
411
412
412
412
412
412
413
414
415
416
418
415
417
420
418
416
419
423
420
421
422
421
423
422
421
422
424
423
423
420
420
417
418
415
415
415
416
418
416
413
418
420
419
416
416
416
418
419
422
421
416
415
416
415
419
419
421
421
419
420
422
424
425
426
422
421
422
424
426
426
427
428
431
432
430
426
427
424
424
424
422
421
419
422
420
423
422
425
422
421
416
414
415
416
416
417
417
417
415
418
417
417
418
418
419
416
418
422
427
425
426
429
429
428
431
429
431
428
429
433
431
432
431
429
427
427
426
427
427
426
427
427
427
426
423
427
425
422
427
427
429
428
426
425
429
425
425
424
427
424
423
425
427
423
425
429
429
428
428
429
430
428
433
434
436
438
435
432
431
431
431
427
424
422
418
419
419
421
425
426
427
428
427
422
421
420
417
417
418
417
415
415
414
414
413
411
412
412
415
416
413
413
414
413
413
413
416
413
414
413
413
415
418
423
420
421
420
419
419
418
418
418
417
420
420
421
420
422
422
422
421
419
421
419
420
424
425
425
423
420
421
422
419
420
420
423
424
424
424
429
428
427
429
430
430
428
430
429
429
431
435
437
435
435
439
437
434
432
434
429
426
426
424
425
423
424
421
423
425
423
424
424
422
424
424
426
427
425
426
426
425
423
421
421
423
423
424
422
422
421
423
423
424
422
425
430
428
426
427
426
427
425
423
421
422
421
421
422
423
423
424
423
424
425
422
423
422
423
423
425
422
422
422
420
417
418
418
418
420
421
421
423
420
420
421
422
423
423
424
421
415
415
415
417
417
419
418
417
415
417
418
420
422
417
417
418
420
421
420
420
418
418
420
420
419
418
419
420
420
421
417
419
417
418
418
416
418
419
424
421
424
426
424
423
422
424
423
424
421
420
420
418
418
421
421
422
423
424
423
424
425
424
422
425
427
429
426
426
428
429
431
432
431
428
430
429
426
426
427
426
425
427
425
423
422
423
418
417
417
416
418
417
419
422
421
423
421
421
420
420
421
422
422
421
423
424
422
424
424
423
421
421
421
420
415
415
414
416
416
417
421
417
417
419
419
418
422
420
420
417
417
417
416
417
416
414
415
414
413
416
413
414
413
411
413
412
411
411
409
409
410
410
411
410
410
411
407
407
408
409
410
407
406
406
405
407
411
410
410
411
412
414
414
414
415
411
412
412
413
411
411
412
410
410
411
407
405
404
406
406
407
408
410
412
413
417
416
416
413
416
416
417
414
414
415
415
412
416
417
421
420
424
421
422
424
422
424
424
420
421
419
418
420
415
416
414
410
412
411
412
414
414
413
415
415
416
414
412
411
415
413
413
414
415
413
409
412
408
408
408
407
406
407
408
410
410
409
409
409
408
409
408
408
409
412
415
417
414
413
413
411
408
410
411
410
410
410
412
415
416
415
408
405
403
404
404
404
404
405
408
409
411
413
413
415
419
414
417
416
412
413
411
412
414
411
409
408
405
410
412
411
410
408
410
409
407
408
408
405
405
404
409
410
408
409
406
407
408
410
410
413
416
418
414
413
412
415
411
414
412
411
410
409
411
411
412
412
412
411
410
412
413
418
418
421
420
417
419
417
418
417
418
417
417
417
416
415
417
419
417
413
414
414
412
411
407
408
408
409
410
410
410
409
408
410
408
407
407
406
405
406
407
407
406
408
408
408
405
405
406
409
411
409
412
413
414
413
413
414
412
409
408
407
407
410
409
411
412
415
411
414
414
416
415
418
415
411
409
410
413
411
411
412
411
409
407
409
406
404
402
404
403
402
401
401
403
406
407
407
408
406
406
407
409
409
406
411
412
409
406
406
406
407
406
407
406
405
404
404
405
405
405
404
404
404
404
405
406
408
408
408
409
407
407
409
408
409
410
411
411
410
409
407
408
407
407
407
408
410
412
413
412
409
410
413
414
415
417
416
416
416
414
414
414
417
417
417
417
416
417
415
417
418
421
420
421
423
425
424
425
422
421
422
421
420
420
421
420
421
422
421
420
418
420
420
420
421
419
420
418
420
421
421
420
419
418
420
420
419
418
420
418
422
425
422
426
422
425
427
424
424
426
421
420
421
426
428
426
425
424
421
420
420
420
418
417
416
417
419
418
421
421
420
420
419
418
420
423
423
424
424
425
429
430
430
428
426
426
427
426
428
431
424
423
424
424
422
423
424
424
421
421
422
423
421
422
423
422
424
427
431
426
426
424
423
423
424
424
424
425
425
426
426
426
423
420
418
417
418
418
420
419
422
425
427
427
427
428
432
429
429
427
425
425
424
424
422
424
420
422
423
423
423
424
421
417
419
421
419
416
416
418
418
417
417
415
414
415
417
416
417
418
416
418
420
421
421
421
422
421
420
420
420
419
419
420
422
422
422
422
420
419
419
421
423
424
428
430
428
426
424
424
425
427
423
426
428
427
426
428
427
426
427
429
431
428
429
431
429
430
432
427
426
429
431
432
432
431
434
431
436
435
438
435
435
435
433
434
435
437
436
437
439
437
435
437
434
430
429
430
431
431
427
427
430
431
431
431
432
435
434
438
437
435
437
440
444
445
447
445
442
441
443
445
447
448
443
443
443
445
446
446
444
445
443
442
444
444
443
445
442
443
443
442
441
443
446
446
447
447
449
449
447
446
445
442
439
440
442
446
446
448
448
443
441
444
442
443
442
445
445
442
439
440
439
439
439
440
441
442
445
443
442
445
447
444
446
445
445
447
447
445
443
441
443
440
443
443
444
443
441
439
440
443
440
442
445
443
444
444
440
440
438
442
441
441
439
441
442
441
440
438
442
441
441
441
441
442
446
446
447
448
444
444
447
444
440
442
441
443
442
445
446
447
447
447
450
450
451
451
451
452
450
454
455
457
453
453
452
451
450
452
452
448
448
448
448
446
444
446
449
449
449
448
447
444
446
446
448
449
449
448
447
447
452
450
449
447
446
444
444
444
447
446
447
445
445
443
443
443
446
447
445
445
446
446
445
444
447
448
449
446
445
446
444
442
440
444
443
442
443
441
440
443
441
441
442
443
445
449
445
449
448
450
449
447
449
448
448
444
448
449
448
451
453
452
453
453
450
451
451
451
450
450
449
452
450
447
448
447
444
444
447
448
445
444
446
450
454
451
449
450
452
454
452
451
453
451
448
446
448
450
447
447
450
450
446
448
449
449
447
451
451
451
449
449
451
452
457
454
454
452
453
450
448
445
446
446
444
440
438
438
437
438
435
437
437
437
437
441
442
443
444
444
443
444
445
442
444
445
442
445
447
445
446
443
442
442
441
442
444
444
446
442
439
441
440
440
439
440
439
441
443
442
443
441
443
445
444
443
440
441
442
439
439
439
440
439
440
443
443
441
441
441
443
444
444
443
445
446
446
443
443
446
442
443
443
444
444
444
445
450
452
448
447
453
453
448
446
444
446
445
445
447
442
439
440
439
439
439
439
440
441
439
444
445
445
441
439
439
438
441
441
443
444
444
443
443
442
439
438
440
439
441
440
444
444
443
443
444
446
447
449
448
447
445
444
447
448
448
445
446
445
441
438
440
441
444
444
443
445
447
453
452
453
455
459
458
456
459
457
452
453
455
452
449
450
451
452
453
454
453
452
451
454
452
452
452
456
458
454
454
452
452
455
457
455
453
455
453
455
453
453
456
458
456
455
459
458
456
455
456
458
456
459
461
460
459
460
458
457
454
453
453
454
455
452
450
451
453
452
453
451
448
449
446
443
439
439
438
441
444
443
443
446
445
445
448
449
450
448
449
451
453
451
453
452
455
456
455
452
449
451
449
447
447
447
447
443
446
445
445
445
446
447
449
448
446
448
448
446
449
446
446
447
445
446
448
450
450
452
449
449
449
452
453
455
455
456
456
456
459
459
460
459
457
455
458
459
459
459
460
460
460
460
462
463
463
467
463
464
464
467
466
468
467
468
466
466
465
466
466
466
464
463
464
464
466
463
466
467
468
464
465
465
465
467
465
466
463
466
465
465
467
467
465
466
470
467
465
464
465
465
467
467
471
471
471
470
471
470
469
467
466
464
462
463
461
462
463
465
463
464
462
462
461
463
462
460
460
462
465
470
468
470
473
467
466
464
465
466
463
463
467
469
466
465
465
465
466
462
464
466
466
465
467
463
460
464
460
461
461
463
462
463
467
465
463
462
462
461
462
461
460
459
459
454
455
459
463
465
467
463
463
461
461
465
466
466
463
462
459
457
458
458
461
461
461
462
463
461
463
468
465
464
463
463
461
458
457
458
459
462
460
460
460
460
462
461
464
465
467
468
463
464
467
469
469
470
469
471
473
472
467
471
470
472
473
469
470
470
468
465
464
467
465
465
466
466
466
469
473
471
468
469
469
468
463
463
465
465
466
467
471
471
469
468
466
466
467
462
463
461
459
458
460
460
459
462
459
461
455
455
456
458
461
459
458
457
458
458
463
467
465
462
462
462
456
453
456
456
455
453
452
453
456
455
456
457
460
459
459
459
460
457
456
459
458
460
459
455
453
451
451
452
450
453
452
445
446
447
450
451
450
452
453
453
452
450
450
449
448
450
450
453
455
456
457
458
458
456
460
458
461
464
463
461
459
460
460
459
461
460
461
462
463
461
463
460
460
462
461
460
459
457
459
462
462
462
463
460
461
462
460
458
456
458
460
462
464
463
465
467
468
466
465
464
464
466
463
461
462
468
468
468
469
467
466
467
466
466
467
467
467
468
465
463
463
465
465
462
462
463
465
467
466
466
465
464
461
460
462
466
463
462
460
460
460
460
458
461
461
459
459
457
458
456
458
455
457
458
459
461
459
459
458
460
459
458
456
457
457
458
457
461
459
458
457
458
458
454
458
454
452
449
447
447
450
448
452
450
451
451
453
453
454
454
453
454
452
454
452
452
449
450
452
452
455
453
448
452
454
451
450
446
449
450
450
448
448
449
450
448
449
448
446
445
449
449
451
446
447
446
448
449
451
452
454
453
454
457
459
455
455
456
458
459
457
454
453
454
455
454
455
455
459
459
456
456
454
453
456
454
457
457
460
456
460
462
463
464
464
458
457
456
456
454
455
457
454
458
455
459
458
457
457
453
450
449
446
453
452
453
449
450
449
450
452
454
454
453
453
451
445
445
446
447
450
449
449
450
446
447
447
449
448
443
444
447
449
448
449
449
448
445
447
444
444
447
444
445
442
444
442
442
445
445
445
443
444
444
445
447
448
450
449
450
449
447
446
447
446
445
446
446
448
452
452
450
450
451
450
453
453
450
450
450
449
447
447
448
449
448
443
442
446
446
445
448
446
447
448
448
449
451
452
452
451
450
452
452
454
453
452
454
456
457
455
454
453
452
453
451
449
451
452
450
452
452
451
450
450
454
456
457
456
453
452
453
449
450
451
452
451
450
451
452
450
451
448
449
447
448
451
451
453
454
451
451
453
454
454
455
456
456
456
458
459
456
454
455
455
455
454
452
450
451
455
456
459
458
457
457
461
458
457
454
455
457
457
455
452
455
456
459
457
459
461
461
464
464
465
466
460
459
454
450
449
448
449
448
449
448
448
448
449
452
456
455
455
453
455
459
462
463
462
460
463
462
459
459
459
461
463
465
463
461
462
462
459
459
458
457
458
460
458
458
459
461
462
461
463
466
466
466
463
462
462
458
461
461
461
461
460
462
462
461
462
465
465
464
467
468
468
465
460
457
458
457
457
459
456
457
454
455
454
456
456
458
458
457
459
461
462
463
464
462
462
464
463
466
464
464
468
463
463
466
468
469
463
465
464
465
468
470
469
472
470
468
466
465
465
463
467
467
465
463
463
463
466
468
471
470
474
470
467
467
465
462
461
459
457
461
461
459
458
459
462
461
462
461
459
460
461
462
468
468
469
467
462
458
457
455
455
456
458
457
458
455
458
458
458
460
466
467
465
465
464
460
459
457
457
458
461
464
468
468
464
465
466
465
467
469
468
464
462
459
460
461
460
464
460
460
459
457
455
461
460
457
457
456
454
457
454
453
456
458
458
460
460
459
461
460
461
458
461
460
459
461
464
464
462
462
461
459
460
460
462
462
463
463
463
462
462
461
465
464
462
465
466
467
466
466
467
467
468
469
469
467
465
466
465
465
465
467
470
462
461
459
457
461
459
461
461
463
464
463
462
464
463
463
464
462
462
463
463
464
470
472
471
468
468
468
468
468
464
462
462
463
462
463
464
462
464
461
461
462
461
462
462
460
461
461
460
460
463
461
460
457
457
454
455
455
452
453
452
451
452
453
456
456
456
454
456
457
455
455
455
453
453
453
458
461
460
462
460
458
460
461
461
459
458
463
464
461
463
461
458
460
459
455
454
452
453
453
454
457
458
457
461
457
458
459
461
462
458
458
457
457
459
457
461
457
454
453
454
456
456
458
459
456
457
457
455
456
454
455
455
456
459
460
461
456
456
456
454
456
455
454
456
456
456
459
455
453
451
453
457
459
460
462
461
459
459
457
459
458
460
457
457
457
458
458
459
458
461
460
459
460
463
464
466
466
464
462
461
462
463
460
457
459
459
460
461
460
463
465
469
469
469
471
469
469
468
467
466
469
465
466
468
468
463
463
463
463
462
461
461
464
464
461
463
467
466
462
461
457
457
459
461
461
459
458
459
457
459
459
458
457
458
460
460
462
463
461
461
463
464
463
464
465
462
458
458
455
458
457
457
456
458
456
457
458
459
461
462
462
467
470
470
470
469
467
466
465
465
464
463
467
465
465
465
468
467
468
468
468
466
466
462
466
471
470
472
471
470
466
465
467
470
469
467
466
467
467
468
466
467
467
469
469
469
473
471
473
473
473
472
471
473
473
474
475
474
475
476
477
478
478
474
466
468
469
470
471
469
469
467
469
469
468
468
467
467
467
470
472
470
470
470
471
471
474
475
477
474
473
471
473
472
472
475
476
473
473
474
474
476
477
475
473
474
472
470
472
471
473
473
475
473
472
473
472
475
476
473
477
472
469
469
460
459
460
460
460
460
461
460
461
460
461
464
464
466
468
