0.0004196551724137932 0.00031724137931034486
300
299
295
290
284
283
280
281
277
274
272
273
272
270
267
267
266
263
266
264
263
261
260
259
258
258
256
256
257
258
260
259
260
261
267
268
268
269
270
271
267
266
267
266
265
264
264
263
262
262
261
260
258
258
256
259
256
257
257
256
259
257
257
258
260
258
258
258
260
259
261
262
260
261
258
258
258
259
259
259
259
259
258
258
257
256
257
256
256
258
255
256
255
255
253
254
254
255
255
254
253
254
256
257
257
257
258
258
256
256
258
255
256
257
255
254
251
250
250
253
253
254
254
254
253
250
251
252
252
254
257
255
253
250
247
247
247
246
248
250
250
249
250
251
249
250
251
250
249
250
250
249
248
246
248
249
250
250
251
251
253
253
252
252
252
255
255
253
251
251
251
250
252
252
249
248
248
249
251
252
253
251
252
255
251
252
253
254
247
244
243
243
245
246
248
247
248
247
246
246
245
245
246
247
248
248
249
249
251
250
249
250
250
250
250
250
253
254
252
252
252
252
251
250
247
247
250
248
249
247
246
243
244
243
246
247
246
246
244
244
240
237
237
237
238
239
240
239
241
243
243
242
243
243
244
243
243
244
243
243
243
243
242
242
242
243
243
243
244
245
245
244
243
241
243
244
244
244
246
246
246
246
246
246
246
247
244
242
241
241
241
242
243
245
243
243
243
244
245
245
244
245
244
245
245
246
246
247
251
249
247
246
247
246
246
244
245
248
249
248
249
249
248
249
249
249
250
251
251
250
250
250
250
248
249
249
248
249
250
247
249
252
251
252
250
251
249
250
250
252
251
252
253
252
250
249
246
246
246
247
248
248
247
249
251
252
251
249
246
247
247
247
247
250
251
253
253
252
253
252
255
254
252
252
253
251
251
247
246
247
247
246
246
245
245
246
248
248
248
245
246
244
247
246
246
248
247
246
245
247
247
247
244
244
245
246
247
247
245
248
246
245
244
245
245
244
244
243
243
243
245
244
244
244
245
246
246
245
245
245
246
247
245
246
246
248
248
247
248
252
252
255
255
254
253
251
250
249
248
248
247
245
244
245
246
244
244
243
244
243
243
242
243
240
239
239
239
238
237
237
237
237
237
237
237
237
238
240
239
239
240
240
239
240
241
240
239
237
237
237
238
238
239
242
242
239
240
241
242
239
235
234
234
234
233
233
233
233
234
235
235
234
234
235
237
236
237
236
235
236
237
238
237
239
239
240
239
240
241
242
242
244
246
245
243
242
246
245
242
242
242
244
244
244
241
240
236
237
237
234
235
234
234
234
234
235
235
234
235
238
239
236
238
235
236
235
237
236
234
233
233
232
232
232
231
231
231
232
233
233
234
234
232
232
233
233
235
235
236
236
236
232
231
230
230
230
230
232
230
231
231
231
231
231
230
231
232
231
232
231
235
236
236
235
237
234
233
234
234
234
234
237
237
235
234
233
235
233
235
235
237
234
233
231
233
232
233
232
232
231
232
232
231
233
232
230
231
230
231
231
230
230
229
230
231
232
232
233
232
232
232
231
230
230
232
231
232
232
233
233
232
233
234
235
235
236
235
232
233
233
235
232
232
231
232
231
230
230
232
232
231
229
229
229
230
231
232
236
235
231
233
228
230
230
228
228
227
227
227
226
226
227
227
228
229
229
231
232
230
232
233
232
237
233
233
231
231
230
230
228
230
230
231
231
234
234
238
236
235
234
233
234
236
233
234
233
236
231
229
228
229
227
227
228
228
227
229
231
231
230
229
230
227
230
229
228
230
227
227
228
229
231
228
227
226
228
228
228
229
228
227
226
227
228
227
228
228
230
229
228
228
226
226
225
225
227
229
231
231
233
233
232
232
233
232
230
230
229
231
231
233
233
233
232
230
227
227
228
227
228
230
233
233
234
236
236
236
233
236
235
234
229
230
231
231
230
230
229
228
227
228
230
231
230
233
231
231
231
229
229
230
230
230
230
228
228
229
229
229
227
226
226
229
227
227
227
228
228
226
226
225
226
225
223
221
221
223
223
224
226
225
225
224
224
224
225
224
224
226
225
225
225
224
225
223
222
223
222
220
221
220
220
220
220
220
220
220
220
221
221
221
222
222
222
223
222
221
222
221
223
223
226
225
224
225
226
227
226
224
225
223
227
224
224
223
223
225
225
222
222
224
224
224
225
224
219
219
218
216
217
218
219
220
221
222
220
220
219
218
219
219
219
222
220
221
221
224
225
224
224
223
224
223
223
223
222
220
221
219
220
220
223
222
222
221
221
222
224
224
225
225
222
223
222
220
219
219
219
220
219
220
220
217
218
218
219
218
219
219
221
222
222
219
218
218
218
217
218
218
220
218
217
217
216
217
218
219
217
217
219
222
222
221
221
221
221
220
220
219
218
218
218
218
219
218
220
221
221
221
218
219
222
223
224
224
223
223
223
220
220
220
220
221
221
220
222
223
223
223
223
225
225
229
229
229
230
230
227
225
225
224
223
221
222
223
224
225
223
221
222
223
222
220
221
225
223
221
222
220
220
220
222
223
221
217
219
219
219
219
217
220
220
222
220
220
220
219
218
222
222
222
223
226
224
223
222
221
221
220
220
220
221
221
222
222
224
223
222
220
219
219
219
219
219
219
220
220
220
220
219
217
217
218
216
216
216
216
216
215
214
212
212
212
212
212
213
214
215
216
219
219
219
218
216
217
215
215
214
213
214
216
216
217
218
218
219
218
216
215
214
215
215
217
217
217
216
212
212
214
213
212
212
212
211
212
212
212
212
209
209
211
211
211
210
209
210
212
212
213
213
213
213
213
215
214
214
213
212
211
211
213
214
213
213
213
215
217
217
217
217
216
215
213
211
212
211
212
213
213
213
214
214
215
216
214
215
215
215
214
213
214
214
214
214
214
214
212
212
212
212
212
215
215
216
215
213
212
213
213
211
213
212
215
217
215
213
214
215
216
212
213
214
215
214
215
217
219
220
219
218
218
217
217
218
219
218
218
218
216
216
215
215
215
213
214
212
213
215
214
214
213
213
214
214
214
216
213
212
210
211
210
211
209
209
210
209
209
208
209
209
213
209
209
209
208
210
213
212
211
212
212
212
212
213
216
215
214
217
218
217
216
214
218
217
212
212
212
213
215
214
213
211
212
209
209
210
212
211
212
212
211
213
213
213
214
216
215
215
215
215
215
215
214
214
212
211
212
211
211
210
212
211
211
213
214
214
214
212
212
213
212
211
211
211
210
210
212
211
210
210
210
210
210
210
210
209
210
213
213
214
214
214
214
215
215
216
215
214
214
216
216
215
216
213
213
214
212
211
212
210
211
214
210
209
209
209
209
211
209
208
208
209
207
207
208
209
207
209
206
206
207
207
209
209
209
208
209
208
209
206
208
208
209
209
208
208
208
208
207
209
210
210
212
211
211
212
213
213
214
213
212
211
211
210
209
209
209
209
208
209
209
208
206
206
206
205
205
205
205
204
206
207
208
209
210
210
211
211
209
209
210
210
209
207
207
206
206
205
204
205
205
205
204
203
203
204
205
205
206
207
206
206
205
205
205
205
201
200
201
202
201
200
199
200
202
201
203
204
201
202
201
200
200
201
203
204
202
203
200
199
198
197
198
197
198
198
199
198
200
199
198
199
199
200
200
201
201
202
201
201
201
202
200
199
199
199
198
196
196
199
197
196
195
196
198
201
200
200
201
202
203
203
203
204
206
207
202
200
201
200
202
203
202
201
199
200
196
199
200
199
198
199
198
197
196
195
196
199
197
198
198
197
195
194
194
193
195
192
192
193
195
193
193
194
194
193
193
192
192
193
193
193
192
191
191
192
194
194
193
193
193
194
194
193
194
193
192
193
194
195
194
195
195
197
195
194
196
195
195
198
197
199
197
196
196
198
198
198
197
197
195
196
196
196
195
197
195
194
193
195
195
193
192
190
189
191
193
192
192
192
191
191
196
198
198
198
196
196
196
193
191
192
193
194
194
195
194
195
199
198
198
197
194
193
193
194
194
195
197
195
195
195
195
195
195
196
198
194
193
193
190
189
190
191
190
191
193
190
191
190
190
191
192
189
189
188
187
189
188
187
188
190
190
191
191
190
190
190
189
190
188
188
190
186
186
186
187
187
187
188
187
188
188
188
187
187
188
190
189
189
189
190
190
190
188
188
189
187
186
185
185
185
184
185
186
186
186
187
187
187
186
186
186
184
183
184
185
185
185
185
185
186
185
185
186
186
187
186
186
186
186
185
186
186
185
186
189
191
193
190
190
190
190
190
191
190
190
189
188
187
188
189
189
191
191
190
189
190
191
192
192
192
192
191
193
193
193
191
191
190
189
189
190
189
188
187
189
188
189
189
188
188
189
191
190
191
193
193
193
193
193
192
193
194
194
193
194
195
195
196
195
196
196
198
197
197
197
198
195
196
196
199
201
198
197
196
194
193
194
192
193
192
192
190
190
190
189
187
187
188
187
187
187
187
186
186
185
185
186
186
186
185
185
185
188
188
187
186
185
184
184
184
184
184
185
185
186
188
186
183
183
186
186
186
186
185
185
185
188
187
187
187
188
188
190
187
187
190
189
189
189
190
190
187
186
186
186
191
191
191
190
190
192
191
192
190
190
190
190
191
190
192
192
189
188
187
186
185
186
186
186
187
188
188
187
186
187
187
187
186
184
183
184
185
187
188
187
188
189
187
185
186
188
187
186
184
182
183
182
181
182
182
182
183
183
184
182
181
181
185
183
185
180
180
181
181
181
182
181
181
184
183
181
181
181
180
180
182
182
182
181
180
179
179
180
179
179
179
178
179
179
179
180
180
180
180
179
181
181
183
183
183
182
185
183
183
183
183
183
185
185
184
184
183
183
183
183
182
182
183
183
183
182
181
182
181
181
182
180
180
180
180
182
182
181
180
181
182
182
181
181
182
181
181
185
185
184
182
181
181
180
181
181
181
181
181
181
181
181
181
180
183
183
183
183
184
184
184
185
185
184
183
183
183
184
181
180
180
182
182
184
184
184
185
185
187
184
182
182
182
182
184
185
185
183
181
179
179
179
179
180
179
182
181
181
181
182
181
182
181
178
177
178
178
178
178
177
178
174
174
175
174
174
174
174
174
175
175
176
177
177
176
176
175
175
176
176
177
179
178
178
176
173
174
174
174
174
174
174
175
174
173
174
172
171
171
171
170
171
171
173
174
173
175
174
175
175
177
178
179
178
178
179
180
179
175
177
175
177
177
177
179
179
179
179
180
180
179
179
179
181
181
183
181
182
181
182
182
181
178
177
177
177
179
176
176
176
174
174
175
175
176
175
176
176
176
177
179
180
179
179
180
181
182
183
185
186
185
186
185
184
184
182
182
183
185
187
184
183
181
182
181
181
180
180
180
180
182
180
178
178
180
183
182
182
179
178
179
179
179
179
181
180
179
179
179
179
179
180
178
177
177
177
177
177
178
178
178
177
179
181
180
177
179
180
177
179
178
177
177
177
175
176
176
177
175
175
176
175
177
177
177
177
177
176
175
177
176
176
177
176
177
177
174
176
178
180
180
180
179
174
175
174
174
173
174
175
175
175
175
176
177
174
173
172
173
173
174
175
175
173
174
174
174
174
173
171
172
173
175
176
175
175
177
175
175
175
175
176
175
175
173
171
171
169
169
168
171
172
172
172
171
170
169
169
169
170
169
170
170
172
170
172
173
171
172
171
171
172
172
170
169
167
167
168
170
167
168
167
169
169
169
169
169
170
170
170
170
169
169
168
168
169
168
167
168
164
166
167
166
166
166
166
168
168
168
165
166
168
167
168
166
166
166
169
169
169
169
169
171
171
170
168
167
168
167
167
166
166
168
168
168
167
168
168
166
166
166
166
166
166
167
168
169
170
170
170
169
164
164
166
165
164
164
164
164
164
165
166
166
164
164
164
161
159
160
161
161
164
163
164
164
164
163
163
164
165
165
166
167
168
168
169
169
167
167
168
167
166
167
165
164
164
164
163
164
164
165
164
164
165
164
166
164
165
163
164
165
164
164
162
164
164
164
164
164
165
165
163
163
163
163
164
165
165
166
166
166
166
166
166
166
164
166
167
167
167
166
167
164
162
162
163
163
163
163
163
163
164
165
165
167
166
166
167
167
167
167
167
167
167
167
167
165
166
165
165
166
167
167
166
167
168
166
166
166
165
164
165
166
166
165
165
165
164
164
167
167
167
166
165
166
167
168
168
168
168
167
167
168
167
168
166
167
167
169
169
168
167
168
169
168
168
167
167
167
167
168
169
170
170
171
173
172
172
171
171
170
170
170
169
170
169
167
167
168
168
168
168
167
167
166
164
164
164
164
164
166
166
166
167
167
167
168
169
170
170
169
169
167
166
166
166
164
164
164
164
166
165
164
165
165
166
168
168
169
171
170
170
168
169
169
168
168
167
166
166
166
167
168
169
169
168
167
166
167
167
166
166
166
167
169
167
167
169
167
168
168
169
168
166
166
166
165
165
165
165
165
164
164
164
164
165
165
165
166
166
165
168
167
166
168
169
168
167
167
166
168
169
167
167
166
167
167
169
168
168
168
168
167
169
168
169
168
170
168
169
169
169
171
170
170
172
172
172
171
168
167
167
167
166
166
168
168
168
169
168
169
169
168
165
166
166
164
162
162
162
163
163
165
165
165
166
164
164
164
163
162
164
165
163
164
164
165
164
166
164
162
161
161
160
161
164
160
162
160
160
161
160
161
159
158
158
158
159
159
159
161
159
159
159
159
158
157
157
157
157
158
158
158
158
159
159
160
160
161
161
160
159
158
158
158
159
159
159
160
161
161
161
160
160
160
164
164
163
162
163
162
162
162
162
165
165
165
164
165
163
163
165
165
165
167
164
162
161
162
161
160
159
160
160
160
161
160
161
163
160
160
161
160
160
159
160
161
159
159
160
160
160
159
160
160
160
160
161
161
162
162
161
161
162
162
162
163
163
162
162
162
162
160
159
159
159
159
159
159
159
158
159
158
159
160
162
162
162
163
163
163
162
162
162
164
164
164
164
164
164
164
164
165
165
167
168
168
168
169
169
171
172
171
171
171
171
170
170
170
170
172
170
170
169
168
167
166
166
165
165
165
167
167
168
169
168
166
167
167
168
168
168
168
169
168
170
169
168
167
167
165
166
166
167
167
167
167
167
168
167
169
171
171
172
172
172
173
173
174
174
176
175
174
174
175
175
174
176
173
171
170
168
169
169
168
167
167
168
167
168
168
169
169
169
169
170
170
170
168
168
168
167
167
167
169
169
170
170
169
167
166
167
168
168
171
170
170
171
171
171
168
167
169
167
167
167
168
169
168
168
165
165
165
166
164
165
166
166
165
165
165
165
165
167
168
169
169
169
169
166
165
165
166
164
163
165
166
164
163
163
162
163
162
161
159
160
161
162
164
165
165
165
165
166
165
166
164
164
165
166
166
166
164
163
160
159
158
158
159
159
159
159
159
158
158
158
158
158
158
158
158
158
158
158
157
157
158
161
162
163
163
162
161
160
161
162
162
162
160
162
160
161
160
160
160
159
160
159
160
160
159
160
158
159
159
157
157
158
158
159
160
159
160
160
160
160
159
157
159
161
162
162
162
159
158
156
156
156
157
158
159
158
158
159
159
159
159
159
159
159
159
160
160
159
160
160
159
159
162
160
161
161
162
164
161
160
158
158
158
158
158
160
160
161
162
163
163
160
160
158
157
156
156
156
155
156
156
157
157
155
155
157
157
157
158
159
158
157
159
159
157
155
155
155
156
156
155
156
156
156
159
159
160
160
160
159
160
161
160
158
157
156
154
157
157
157
157
157
157
157
157
157
158
157
156
158
157
156
156
156
154
154
156
157
157
156
156
158
157
158
160
159
160
158
156
156
156
156
158
157
158
159
159
158
159
157
157
158
160
160
160
159
157
156
156
157
157
156
157
156
156
156
160
157
156
157
157
156
157
156
159
159
160
159
161
160
161
162
161
161
160
159
161
162
160
161
159
159
159
158
158
157
157
157
157
159
158
157
157
158
158
157
158
159
161
160
160
159
161
158
158
156
156
157
156
156
158
158
157
159
160
158
156
157
158
159
159
158
157
156
157
156
156
156
155
156
156
156
156
157
159
157
159
160
161
161
159
160
160
160
159
159
160
160
160
160
161
161
160
160
160
160
159
158
159
161
159
159
156
155
155
155
155
155
155
156
156
156
155
154
155
154
153
152
152
152
154
155
155
156
153
154
155
155
152
152
152
153
153
153
153
149
150
151
150
150
150
152
149
149
147
148
147
149
150
150
151
152
150
148
147
147
146
146
146
148
149
149
149
150
150
150
152
150
149
150
150
149
148
148
148
149
150
150
151
151
151
151
151
150
151
147
145
145
148
148
148
149
149
148
148
147
148
147
146
146
148
146
146
144
144
145
146
145
145
146
146
147
147
148
148
148
148
146
148
146
146
145
144
143
142
142
142
141
142
142
142
142
142
142
143
143
143
144
146
146
145
144
144
143
144
144
144
143
143
143
144
145
145
145
145
146
146
145
144
143
142
144
145
145
146
145
145
147
146
146
146
147
146
148
148
148
149
148
148
153
151
150
147
148
147
148
147
147
146
144
146
148
147
147
147
148
146
147
147
145
145
145
147
149
148
147
146
146
146
148
147
147
147
146
145
144
143
143
145
146
145
145
146
146
147
148
147
148
148
149
147
148
147
147
147
149
148
149
149
147
148
148
149
150
149
151
152
152
152
152
151
152
154
151
150
150
151
149
150
150
149
150
150
149
149
149
149
148
148
148
149
150
149
149
148
150
150
148
149
148
149
148
148
149
149
150
148
148
146
146
146
145
146
148
148
147
146
146
146
146
148
146
147
147
149
150
149
150
148
147
147
148
148
147
147
146
146
146
147
147
148
147
148
148
148
147
147
148
148
149
148
146
147
147
147
144
144
144
145
145
145
144
144
144
144
144
144
145
145
145
148
147
146
147
147
148
147
146
147
147
147
147
148
147
149
151
153
151
152
151
151
152
151
151
152
151
151
152
154
153
151
152
152
151
151
151
150
150
149
149
150
151
151
151
152
150
150
150
151
151
150
151
151
151
152
153
154
153
152
152
152
149
150
150
149
149
148
149
149
149
149
148
148
149
149
149
149
148
148
149
149
151
150
149
149
148
149
148
148
149
149
149
150
153
155
154
153
153
153
150
148
149
149
149
149
148
148
148
148
147
147
147
147
149
148
147
147
147
147
146
146
146
146
146
146
147
147
146
147
147
147
146
147
147
148
148
151
150
150
150
151
152
153
153
153
153
154
156
156
156
156
156
158
158
156
156
158
156
156
157
157
155
153
153
153
153
153
152
151
151
154
154
154
155
154
153
154
155
156
153
157
155
154
152
152
152
151
151
151
153
153
153
153
150
150
152
154
153
153
152
152
154
154
154
154
154
154
153
153
153
153
153
153
153
153
152
152
153
155
154
153
153
154
153
153
151
150
150
150
152
153
152
153
154
154
151
150
150
150
154
155
154
154
156
156
156
156
157
156
156
155
156
156
156
155
158
157
155
155
156
155
154
154
153
152
152
152
153
152
149
150
149
149
150
150
150
150
150
149
149
150
150
151
154
154
155
155
154
155
155
155
155
157
156
157
157
156
156
155
153
152
151
151
149
149
151
151
148
148
150
148
150
150
149
149
150
150
150
151
152
155
155
153
153
151
151
151
152
153
153
155
153
152
150
151
152
151
150
148
148
148
148
149
148
147
145
145
145
145
145
147
146
145
145
145
145
145
145
145
145
146
146
146
147
147
147
147
147
148
148
149
147
149
149
148
147
148
147
149
150
148
150
151
152
151
152
152
151
151
152
150
150
150
152
152
151
153
152
152
154
154
155
155
153
154
155
154
154
154
155
153
153
153
153
153
150
149
149
148
148
148
148
148
148
149
149
151
150
151
150
150
149
151
151
150
151
151
150
151
152
153
153
154
154
154
153
153
152
150
150
148
149
151
153
153
154
155
153
153
151
151
150
149
149
148
148
149
148
148
146
146
147
146
147
147
147
146
145
145
146
146
144
145
145
144
145
145
146
145
148
148
148
149
149
150
149
147
148
148
147
146
147
147
147
145
145
144
144
143
143
143
143
143
143
143
143
144
145
145
145
146
146
146
146
145
144
143
144
143
145
144
145
144
146
143
142
142
142
141
142
141
141
141
142
142
143
143
143
145
144
145
145
145
148
148
147
146
147
148
146
146
143
143
143
143
143
145
145
146
147
147
147
145
146
142
142
141
141
141
142
142
142
143
143
144
143
143
143
142
142
141
141
142
141
140
140
140
141
141
141
141
140
140
140
140
140
143
144
144
146
145
143
144
144
145
144
144
144
143
143
143
144
142
142
143
143
144
144
145
145
145
145
145
145
146
146
147
145
144
142
143
144
142
141
142
142
143
145
144
143
143
145
147
146
146
145
143
142
142
142
140
140
140
140
141
141
141
143
143
142
142
143
143
144
144
145
143
142
142
142
141
141
142
142
142
142
144
142
142
141
139
141
139
140
139
139
140
140
142
143
140
140
139
139
140
142
142
142
142
143
142
141
142
140
139
140
139
139
140
141
141
139
139
141
141
142
142
145
143
143
143
143
144
142
142
142
142
142
142
141
139
139
139
139
141
139
139
139
140
140
140
138
139
139
141
141
140
140
140
138
138
138
138
138
138
139
140
140
141
140
139
139
139
139
139
138
138
138
140
140
140
140
139
139
138
140
140
139
141
143
144
144
143
141
139
139
137
137
135
135
135
134
134
137
136
136
137
137
137
137
138
137
135
136
136
136
136
136
136
136
134
134
135
134
135
134
135
137
138
136
138
138
138
138
138
138
138
138
139
138
138
136
137
137
137
137
136
138
137
137
136
136
136
136
136
134
135
136
137
137
137
137
136
137
136
136
137
138
139
138
138
138
138
138
138
137
137
136
137
137
138
138
137
139
140
141
142
140
142
143
142
144
143
143
142
142
143
138
139
138
136
136
135
135
136
137
136
137
136
138
138
138
138
138
136
134
134
134
134
134
134
134
135
134
134
133
131
131
131
132
132
132
131
132
132
132
132
133
133
133
134
133
135
136
135
136
135
135
137
137
135
134
134
133
131
132
133
131
131
131
129
129
128
129
129
132
130
130
129
129
128
128
129
130
130
131
131
131
131
131
129
130
130
130
130
128
129
129
129
129
129
131
130
130
130
131
131
130
131
132
132
133
134
134
134
134
137
136
137
136
134
133
132
134
132
133
134
134
134
134
134
133
134
135
134
134
134
134
133
131
132
132
131
134
134
134
133
