0.000863448275862069 0.00031724137931034486
300
290
284
278
276
276
273
265
265
264
262
260
261
262
264
262
260
261
260
259
259
260
259
256
257
257
258
258
258
258
257
260
260
259
257
257
258
258
258
259
262
259
260
258
259
259
258
261
260
259
261
262
262
261
261
262
261
261
260
258
259
260
261
261
261
260
260
263
265
264
264
265
265
263
264
264
261
261
263
260
262
263
265
267
266
264
263
264
265
264
266
268
268
268
268
268
266
266
265
265
265
263
263
268
266
269
270
272
273
271
271
272
273
273
271
272
271
272
273
268
272
273
272
273
272
270
270
271
273
273
273
271
270
271
271
271
271
272
272
272
271
272
273
275
273
273
273
273
273
271
272
272
273
273
273
271
270
270
271
271
271
269
270
269
270
271
269
267
267
267
269
270
270
273
270
271
271
269
269
270
269
270
269
270
270
272
272
270
271
271
274
275
277
277
278
276
276
275
276
277
278
278
277
275
276
275
276
277
276
277
276
274
274
275
275
275
275
275
273
276
275
276
277
279
279
279
279
279
280
280
283
285
285
284
285
286
286
286
286
286
285
287
288
289
289
288
288
283
287
285
287
288
287
287
287
287
286
286
287
284
281
279
279
279
281
281
280
282
281
280
280
280
281
281
282
282
285
286
286
287
288
290
293
292
290
291
291
290
288
289
290
291
290
291
292
293
295
296
295
295
296
297
299
301
300
301
301
302
300
301
300
297
298
299
296
297
296
296
295
295
297
298
298
300
299
299
300
300
299
297
298
297
297
297
294
295
293
296
296
297
298
298
302
303
305
302
304
302
300
299
301
300
302
305
303
302
303
303
300
301
300
302
302
303
302
300
301
300
301
300
300
299
302
303
302
302
303
303
302
301
303
302
303
304
306
308
309
307
310
309
309
311
312
310
310
311
312
315
316
316
317
317
318
317
315
316
315
313
314
315
316
315
316
312
309
311
313
315
316
317
315
314
313
313
313
311
312
313
316
315
312
312
311
310
310
312
313
311
311
309
308
309
311
312
313
312
313
314
314
315
319
318
318
318
320
321
322
323
321
322
319
317
317
316
318
318
320
319
321
318
317
318
318
318
318
321
320
319
318
322
320
319
320
319
319
321
324
323
324
320
319
317
318
315
314
315
315
314
316
315
315
315
315
315
316
316
315
313
315
316
316
314
315
316
316
317
319
320
319
319
317
317
317
318
317
315
315
315
316
317
317
316
318
321
321
321
320
321
320
323
324
326
323
326
327
328
327
328
329
329
330
327
326
322
324
325
326
328
328
326
327
326
329
329
329
329
333
333
335
334
335
335
333
333
332
334
334
335
335
332
332
331
330
330
328
328
327
328
329
324
327
327
328
327
329
328
327
328
329
328
330
331
332
330
330
330
329
329
327
329
326
326
326
326
327
329
327
326
326
326
326
326
327
327
330
332
332
331
330
329
329
333
333
332
335
337
337
337
338
338
340
341
339
337
337
336
337
339
339
338
337
336
335
335
338
339
338
340
339
338
341
336
336
337
339
342
341
340
339
340
341
343
342
340
338
340
339
339
338
336
337
337
338
339
339
339
342
342
344
344
342
342
340
342
340
341
342
345
347
347
346
347
347
346
348
347
349
346
346
343
343
343
342
338
334
337
335
332
330
334
333
332
332
332
335
336
335
334
334
332
333
332
332
332
334
331
334
336
338
341
343
346
345
346
346
345
344
345
346
346
347
343
344
345
345
346
349
349
348
349
350
350
350
349
349
350
354
356
357
356
360
359
358
356
356
357
355
355
357
355
357
359
358
358
356
358
357
360
359
358
360
359
359
361
363
363
364
362
361
359
360
360
361
361
362
367
367
368
365
366
367
370
369
369
370
371
371
368
368
371
370
366
365
366
366
366
366
364
364
365
365
363
364
363
365
369
370
371
370
371
371
368
368
367
364
362
364
364
366
366
368
366
367
368
369
369
370
373
373
373
374
373
372
371
371
373
375
377
379
380
383
386
384
387
387
388
389
388
390
389
388
381
380
376
378
376
377
381
380
377
377
374
373
373
373
376
377
375
377
378
380
378
378
378
378
374
375
376
378
378
379
382
380
382
383
385
384
381
380
380
381
383
385
383
382
381
382
382
380
379
380
382
384
383
382
384
388
392
393
392
390
391
390
393
392
390
392
392
388
384
385
386
388
387
384
384
387
385
385
389
392
391
391
390
388
388
389
391
390
394
392
392
389
388
385
381
382
380
377
381
383
385
385
384
385
387
387
386
385
384
386
389
385
383
381
382
382
381
383
384
387
387
387
388
388
387
389
388
388
388
385
388
386
383
381
381
381
380
378
380
378
379
379
379
380
382
381
379
380
380
380
382
379
380
384
384
384
382
382
384
382
382
381
383
387
385
386
386
388
390
390
389
392
395
394
391
392
392
390
389
390
390
393
394
396
396
398
399
399
402
404
405
404
403
401
401
401
401
401
401
401
400
402
402
400
400
399
400
403
403
403
404
403
406
405
404
402
401
399
400
401
398
397
401
401
403
403
403
405
405
408
409
409
411
411
411
409
405
404
402
403
404
407
406
409
411
409
408
406
407
408
406
406
409
409
403
405
408
409
410
411
409
408
407
405
403
405
402
404
405
406
408
408
410
410
410
410
409
407
405
410
409
412
412
410
408
406
405
407
409
409
410
408
408
408
408
411
411
409
406
404
406
408
410
413
413
414
413
414
415
414
412
409
409
406
404
402
402
403
405
405
407
407
407
412
410
413
407
406
407
408
408
408
409
411
411
409
407
407
408
406
407
409
411
413
413
414
416
415
412
411
414
413
415
414
415
411
409
409
410
411
413
413
415
413
413
414
416
415
412
409
407
408
408
410
414
410
413
413
414
414
414
414
418
417
415
416
417
417
418
422
423
423
419
418
420
421
421
424
422
421
422
419
417
418
418
418
419
421
422
423
421
420
421
421
422
421
420
418
424
425
426
423
420
421
420
422
421
418
420
422
420
418
419
416
417
419
422
422
424
427
428
430
430
426
427
428
428
427
424
424
428
429
426
428
429
431
430
428
428
429
429
426
424
425
427
427
428
424
423
425
425
422
420
421
418
416
417
418
416
416
417
416
419
419
419
418
417
418
416
419
419
419
418
417
418
415
417
420
420
419
421
422
422
418
417
420
420
424
424
425
425
422
420
421
422
423
422
422
425
426
427
427
425
424
422
422
427
427
427
426
426
422
425
423
424
421
422
422
422
424
424
424
423
426
425
424
427
427
429
432
433
432
432
434
434
438
436
433
434
435
437
437
434
435
432
429
427
426
428
426
425
424
424
425
425
425
422
421
420
424
425
427
425
423
421
424
424
424
423
422
424
426
425
424
424
424
427
423
421
422
424
426
429
429
431
427
426
424
425
424
425
426
428
429
430
425
424
425
426
422
421
425
425
425
428
429
429
425
426
427
425
427
425
426
427
425
425
425
427
425
424
426
423
424
424
423
423
423
422
420
425
427
425
425
427
427
430
430
431
433
435
437
435
435
434
433
432
433
432
433
434
430
428
426
426
428
430
425
429
429
429
428
429
429
429
429
427
428
429
430
431
431
431
433
435
431
428
430
429
428
428
426
429
428
426
425
425
423
426
423
419
417
420
419
420
425
426
424
424
424
426
427
426
426
427
425
428
429
429
430
427
426
421
424
423
423
424
426
425
427
427
426
425
426
430
433
433
433
431
434
436
433
435
433
432
428
429
429
427
426
427
433
431
431
427
427
429
429
429
429
428
428
429
431
430
431
429
425
426
426
425
426
426
429
432
433
428
428
430
431
438
434
433
431
433
434
435
436
438
437
436
436
437
440
441
444
447
447
447
443
442
443
444
441
440
441
443
441
446
446
447
447
444
444
440
443
445
442
441
441
444
442
443
443
441
442
439
442
440
439
436
434
436
433
435
433
433
434
436
435
433
433
436
433
435
435
434
434
436
436
437
442
439
442
442
444
445
444
442
443
444
440
441
441
441
439
441
441
437
435
436
438
438
436
437
437
435
434
437
434
434
434
434
435
435
439
436
438
438
439
441
446
448
447
445
445
444
444
446
448
448
447
450
452
453
454
451
450
450
448
452
450
450
448
450
449
446
446
449
447
443
447
444
443
444
446
448
450
447
444
445
445
446
444
443
445
444
444
443
443
442
441
440
439
441
436
437
436
436
437
439
436
435
436
435
435
437
434
433
437
438
436
436
434
435
438
437
438
437
435
435
438
437
438
440
440
443
440
442
441
445
442
441
442
440
439
436
437
436
440
442
444
442
441
440
439
441
438
435
433
435
435
439
440
435
437
440
438
435
435
438
438
440
440
437
437
440
440
440
441
441
442
441
441
442
440
439
442
441
440
434
432
433
431
432
432
434
431
429
429
431
430
430
430
433
434
433
431
429
433
434
435
438
438
441
442
441
444
445
445
447
448
450
448
445
446
446
447
450
451
452
451
450
445
446
447
449
449
451
452
450
448
448
450
454
456
458
456
455
457
454
449
450
455
455
461
461
461
461
462
461
460
461
461
462
463
463
463
463
460
460
458
456
457
459
461
461
465
464
461
462
462
463
462
465
461
462
462
463
468
471
468
471
471
474
475
476
475
473
473
476
475
476
478
483
483
482
481
485
485
485
485
487
484
484
480
478
479
482
480
479
481
480
479
481
476
475
478
477
473
473
468
468
469
468
469
470
469
467
470
471
467
469
470
468
468
469
471
472
472
475
472
473
473
473
474
475
475
471
470
467
470
471
469
470
468
469
465
466
465
467
466
468
466
470
468
465
466
467
466
467
467
465
465
465
464
463
464
465
465
468
467
472
471
469
470
469
470
468
471
472
467
464
466
470
469
468
466
464
463
463
468
469
469
471
474
468
468
467
467
468
468
472
472
473
474
476
478
477
480
480
478
482
482
484
485
486
489
486
484
484
487
486
488
486
483
483
484
484
484
485
487
488
486
481
481
484
482
483
481
485
486
483
484
488
486
484
484
485
484
479
478
478
481
482
479
477
479
480
483
483
484
481
484
485
485
485
483
484
482
482
480
481
483
481
482
478
478
475
476
476
475
468
469
470
472
470
469
472
470
471
472
473
470
470
471
469
474
476
477
476
478
478
480
481
483
484
485
484
485
489
487
488
488
490
485
487
485
487
484
483
481
480
481
484
484
479
481
482
481
486
486
479
480
482
486
486
490
489
487
487
486
480
482
484
485
483
486
485
485
482
478
481
479
478
480
477
476
477
476
474
475
476
476
477
476
474
479
479
480
478
480
481
479
481
478
479
476
477
476
478
474
474
472
472
469
469
470
470
470
471
470
473
473
475
474
473
474
470
469
465
466
468
472
475
475
476
473
474
475
471
475
471
471
466
467
466
466
467
464
461
461
459
461
460
461
464
464
466
468
470
472
472
470
470
472
471
472
472
474
472
472
472
470
468
469
470
469
470
473
476
474
469
471
473
472
471
473
475
475
473
474
472
471
470
474
472
467
470
471
472
475
476
478
477
478
478
479
481
484
484
484
482
483
483
481
485
482
482
476
479
482
481
478
476
475
477
480
484
483
481
481
478
479
476
474
478
479
481
479
481
482
482
481
481
481
483
484
481
480
479
478
480
479
478
477
479
481
479
480
481
481
482
480
478
477
478
474
474
478
481
484
480
482
479
478
478
478
477
476
478
474
476
476
474
475
476
477
476
476
474
476
475
474
476
477
479
478
479
477
479
479
480
481
480
478
483
485
486
487
485
484
485
485
485
484
484
485
483
481
480
479
479
477
475
477
479
481
478
478
483
483
483
480
482
480
479
483
483
484
486
483
485
484
481
482
482
482
481
486
485
487
480
481
482
482
482
485
485
484
480
479
478
479
481
479
479
480
483
483
484
481
480
479
478
478
477
474
472
475
474
473
474
472
474
476
477
476
481
482
484
479
482
482
483
486
479
476
476
478
480
480
478
476
476
479
479
477
477
477
479
478
477
475
475
478
476
478
479
478
477
473
476
476
478
475
475
473
474
476
471
470
471
471
473
471
471
471
472
471
472
475
477
474
472
471
472
474
473
476
472
476
477
477
478
478
479
482
484
478
477
474
475
475
475
477
480
480
481
480
478
478
480
481
482
482
484
480
480
479
478
479
481
486
488
488
485
483
481
478
477
479
482
480
484
481
484
487
488
486
484
483
484
485
485
489
490
489
491
488
486
486
488
489
487
486
482
483
483
482
485
485
485
484
483
484
483
482
480
480
483
485
486
483
483
482
481
483
483
484
485
485
485
486
485
484
485
483
482
482
482
482
482
484
485
487
487
487
489
489
489
492
492
490
487
491
490
490
492
494
497
498
500
496
497
495
495
493
495
498
499
499
498
494
493
493
496
495
494
497
497
498
498
498
496
498
500
503
500
499
501
499
495
492
492
495
495
493
496
498
500
500
499
500
500
501
500
500
501
502
503
501
502
505
506
505
506
501
502
504
505
504
501
502
502
502
500
501
502
501
504
503
500
504
502
503
504
501
501
498
498
498
496
498
501
498
496
496
495
494
495
495
494
500
500
499
499
503
503
503
501
498
501
500
500
503
502
503
508
507
506
503
503
504
506
504
505
508
506
506
506
505
502
502
505
504
505
505
502
505
503
508
510
516
512
515
518
517
515
509
508
508
507
506
503
498
498
499
497
498
498
496
497
496
500
500
503
502
498
498
500
499
500
501
494
492
491
493
493
497
498
501
498
496
496
493
497
496
495
494
491
492
491
493
489
489
494
496
495
495
497
502
505
505
506
502
501
498
499
497
498
496
495
495
498
497
499
499
499
501
500
499
500
500
499
501
501
501
500
500
500
501
502
503
500
502
498
497
497
496
499
500
497
493
492
490
493
494
491
493
492
495
490
488
485
481
482
481
479
477
476
476
476
478
479
482
484
487
486
485
486
487
483
488
485
488
491
494
496
500
499
497
495
496
495
497
496
494
492
493
494
493
492
490
491
491
491
488
491
493
492
492
492
493
491
493
494
492
492
493
497
497
497
496
495
494
495
491
494
493
493
493
495
494
497
499
498
502
501
502
501
503
504
502
501
500
499
497
496
496
499
502
502
505
502
500
502
498
498
498
500
500
501
498
498
496
496
499
500
499
501
500
499
502
503
503
503
502
501
500
500
502
501
505
505
506
509
508
508
509
510
517
519
518
518
524
523
523
520
519
518
518
511
509
508
507
506
506
505
508
507
506
507
506
504
503
502
500
498
500
501
497
497
498
497
496
497
499
499
499
502
504
503
501
504
506
505
508
511
514
513
512
515
513
514
514
514
512
511
510
511
501
499
499
496
502
502
500
503
503
504
502
502
501
502
505
507
504
504
504
502
504
504
504
504
501
502
501
503
504
501
500
503
505
507
508
505
510
508
506
503
502
502
503
504
506
508
507
507
507
506
505
506
504
504
505
506
507
505
505
503
504
505
503
503
506
501
500
499
499
499
498
496
495
495
494
494
497
496
498
496
496
493
494
495
492
491
493
494
495
494
491
490
493
490
492
495
493
496
494
497
498
498
495
499
499
498
498
496
493
492
491
492
493
492
491
493
492
493
492
498
499
497
498
499
500
503
502
502
502
501
503
499
497
497
498
496
494
500
497
498
497
493
495
496
497
499
498
497
497
497
498
495
495
491
491
491
491
488
484
486
489
489
493
495
495
496
493
494
493
497
496
495
492
493
493
494
496
495
492
490
488
488
488
489
491
488
487
489
493
489
490
492
491
491
490
489
490
493
497
498
497
497
494
493
492
492
493
492
492
493
492
490
493
488
488
486
486
487
486
485
486
485
485
482
480
481
483
483
486
483
487
488
487
482
483
483
483
484
487
486
484
486
487
487
486
483
483
484
483
484
483
483
483
484
485
486
486
485
485
486
486
482
484
486
485
487
486
485
485
485
485
484
484
484
484
480
480
480
478
478
477
480
478
478
480
477
479
479
480
481
479
478
482
483
482
485
482
478
476
476
475
478
479
478
479
477
478
480
483
485
485
487
491
489
488
484
485
485
484
486
486
486
490
488
486
485
486
485
487
484
485
484
485
486
490
489
489
492
485
487
489
490
488
486
485
480
481
482
481
480
479
480
478
480
480
481
484
484
484
485
485
486
486
487
484
484
481
480
477
477
475
475
473
472
471
473
477
480
481
480
484
481
482
481
481
481
478
478
477
478
478
475
475
477
478
476
478
482
482
482
486
486
483
486
486
485
485
484
481
482
482
482
478
481
480
485
483
482
481
482
483
482
478
480
483
483
482
478
479
481
484
484
484
486
484
485
484
487
488
487
489
487
488
492
495
493
492
492
492
494
494
497
495
492
496
495
496
500
501
500
496
496
499
496
495
494
493
494
493
492
492
489
486
488
487
487
490
487
488
489
491
494
494
489
492
492
491
490
492
492
492
492
492
492
490
493
494
496
497
496
498
498
496
496
494
495
499
501
503
504
502
501
497
495
498
496
494
498
499
497
496
497
496
497
495
494
497
499
499
500
497
496
492
490
493
494
495
494
494
491
494
496
495
495
497
498
495
495
492
492
490
490
491
492
494
497
496
497
496
496
499
500
499
495
495
495
498
496
497
501
502
500
497
496
500
502
502
501
498
498
501
504
503
508
507
505
506
504
503
501
500
502
501
500
500
500
501
499
499
499
499
496
496
497
500
500
503
505
505
510
510
505
506
507
508
509
509
507
509
509
512
509
504
504
503
505
504
506
510
508
506
502
505
504
503
505
508
506
506
506
505
507
507
508
507
507
508
507
507
509
508
507
509
509
510
511
512
514
516
515
515
513
510
505
502
505
505
503
505
506
506
506
504
507
504
504
505
507
506
507
508
508
510
512
511
508
511
515
512
514
517
514
514
510
508
507
503
504
502
501
499
497
500
497
500
502
503
502
503
504
505
502
503
501
499
499
498
497
494
496
499
498
499
499
500
498
500
501
500
505
503
503
504
506
506
505
506
505
504
503
505
505
504
507
510
508
508
507
503
503
504
502
506
506
506
505
506
505
507
502
500
500
497
496
497
497
499
498
496
495
500
500
501
501
503
503
501
500
499
501
498
495
495
495
494
497
497
495
497
495
497
497
499
496
496
495
496
502
502
501
499
497
498
500
498
499
499
500
498
500
500
501
500
499
497
498
498
498
499
499
499
498
497
497
495
498
497
496
494
496
495
491
489
489
489
490
490
495
495
496
495
495
497
501
497
498
500
502
503
499
501
500
501
503
505
505
502
501
499
498
498
499
498
497
501
504
501
501
504
505
504
503
504
505
502
502
505
506
505
506
507
502
502
500
499
503
503
504
502
500
501
502
501
502
504
506
507
506
507
507
509
509
506
506
506
505
505
505
503
506
508
509
510
514
514
510
512
512
511
509
510
509
510
507
507
506
505
509
512
511
508
506
509
507
508
510
509
508
509
509
507
507
509
508
509
510
509
509
510
509
507
508
511
507
507
509
509
510
504
504
503
504
504
499
500
497
498
499
496
496
499
502
499
498
498
496
497
495
494
496
495
493
494
490
490
489
491
491
491
492
494
493
491
491
493
494
494
498
495
495
495
497
497
497
496
497
500
500
503
503
502
503
500
499
499
497
495
495
494
493
492
493
490
492
491
490
488
487
487
485
487
486
490
491
490
489
491
489
489
492
493
490
491
490
490
489
490
491
494
497
498
497
495
494
497
495
496
496
494
494
496
494
495
494
494
492
491
491
494
494
497
496
499
500
503
504
504
503
505
510
511
513
513
516
514
513
512
509
507
505
504
507
507
505
505
507
508
508
508
506
506
503
501
505
504
501
502
501
501
499
503
503
504
504
507
509
511
506
508
507
509
506
507
506
504
508
505
505
504
501
503
505
505
504
503
503
504
504
501
499
496
496
499
499
496
495
493
494
497
499
499
498
496
497
502
501
499
500
499
499
498
498
499
501
500
503
503
504
501
500
498
501
496
497
501
500
502
505
504
504
502
500
500
503
498
498
500
500
500
503
503
503
504
504
506
511
510
511
509
504
504
503
504
505
504
506
505
507
505
505
507
506
509
508
503
502
501
500
496
497
497
498
497
499
501
500
500
500
500
499
497
498
501
500
502
503
508
509
508
511
511
513
511
513
513
511
513
510
508
507
507
512
511
513
513
511
514
517
517
517
518
521
520
523
522
522
522
521
515
514
515
512
511
512
512
513
513
516
519
522
521
524
527
529
530
531
529
530
531
531
528
527
525
522
522
523
524
524
522
521
522
522
521
520
521
524
524
525
527
527
526
526
525
528
530
527
526
526
525
523
522
525
523
523
524
521
519
522
522
522
525
522
520
519
520
520
522
520
519
517
518
520
518
518
515
517
521
522
521
520
521
520
522
522
522
522
522
524
523
524
525
521
518
519
518
515
518
519
525
526
526
522
528
532
533
533
532
532
527
524
529
527
524
522
518
516
518
516
515
513
512
516
520
521
519
521
521
520
522
522
523
523
525
524
525
518
520
517
516
517
516
519
516
512
509
509
506
504
500
504
507
509
510
510
513
506
506
507
510
514
516
518
517
517
514
512
516
517
519
517
519
522
523
519
516
517
515
512
510
508
510
506
509
511
512
511
512
512
510
509
509
511
511
514
511
514
513
513
514
516
514
513
513
513
512
513
515
519
517
521
520
515
515
514
514
516
516
518
520
519
517
520
521
519
520
521
521
521
520
521
523
521
525
523
527
527
529
525
528
529
528
529
532
536
538
538
535
535
533
530
534
535
536
540
540
542
537
535
535
537
541
540
537
536
533
531
531
532
533
532
532
530
529
526
525
525
525
525
527
529
528
529
527
524
525
524
524
525
523
522
520
520
521
522
521
521
520
527
524
527
529
531
529
526
524
526
530
528
528
527
530
530
531
526
527
530
532
533
538
534
533
533
534
535
536
538
536
533
532
537
539
533
536
532
531
530
527
527
527
530
527
528
530
530
530
527
528
531
535
538
534
533
538
534
531
531
528
530
531
535
535
534
534
534
533
532
531
531
533
533
528
530
530
531
530
529
526
523
523
528
527
529
531
527
526
527
527
529
534
533
534
535
533
536
533
533
532
533
536
537
541
542
541
539
541
545
540
537
540
539
543
545
546
546
541
540
539
547
548
548
549
546
547
545
548
549
549
550
545
543
547
546
547
547
546
541
542
540
541
541
540
541
538
543
541
543
541
541
545
545
544
548
548
551
549
549
550
549
548
545
546
548
548
548
552
553
552
549
547
551
549
550
555
555
556
555
558
560
560
562
564
565
562
566
565
559
561
567
568
566
561
560
562
561
560
560
559
561
563
559
558
557
555
555
555
558
555
554
