0.0009317241379310344 0.0006244827586206897
300
291
288
284
281
276
272
269
265
263
256
254
253
254
254
252
249
248
243
244
240
239
238
236
235
235
233
235
236
236
236
235
236
236
235
236
237
237
236
235
236
234
236
236
236
238
238
238
234
233
233
233
235
234
233
232
231
234
234
232
233
232
232
232
231
231
230
228
229
230
231
231
230
230
230
231
228
227
227
225
226
224
224
224
222
221
218
219
220
218
217
218
217
216
216
219
218
216
218
218
218
218
220
222
220
219
220
219
219
219
219
218
216
217
217
216
217
218
218
219
219
219
217
220
221
223
223
223
223
223
222
222
221
221
219
220
220
221
220
222
224
220
222
222
221
220
221
220
217
221
222
221
222
221
223
222
221
223
224
225
229
229
228
227
224
223
223
223
223
223
224
224
226
225
227
227
226
225
224
222
223
222
222
220
219
220
220
220
219
219
218
220
219
219
221
222
222
220
220
218
218
217
217
215
213
213
213
215
217
221
221
222
222
220
220
219
219
220
220
219
219
221
217
217
217
215
216
215
214
214
216
217
217
217
216
216
215
215
216
218
216
216
216
216
217
216
215
217
218
219
219
219
218
215
214
213
215
216
217
218
217
215
213
212
213
211
211
211
211
211
211
211
212
213
215
216
217
217
218
217
216
217
218
218
218
216
219
219
216
214
213
213
214
213
214
214
214
213
212
211
210
209
208
209
208
209
208
206
207
207
205
205
205
204
204
206
207
207
208
210
211
210
209
212
211
212
212
211
212
211
211
212
212
213
213
212
212
212
213
214
215
214
215
216
216
214
213
214
215
214
212
215
215
214
215
213
213
213
215
216
216
216
215
216
214
215
214
214
216
216
216
216
215
212
214
216
214
214
213
212
213
213
212
213
213
212
211
211
209
211
213
214
213
212
211
210
210
210
210
210
211
214
214
213
212
212
215
216
217
216
216
214
214
214
214
213
213
210
212
212
214
213
214
217
219
219
218
213
213
212
214
213
213
212
212
210
210
210
211
210
209
210
210
209
210
210
209
208
207
208
209
210
213
212
212
212
211
211
213
213
216
218
213
216
215
213
213
211
210
211
212
213
213
212
210
212
214
216
215
215
216
212
210
212
213
213
209
207
209
207
206
208
207
207
207
209
209
208
207
208
209
210
209
212
212
210
210
213
214
215
215
216
215
215
215
215
218
221
222
225
226
225
223
221
220
218
218
217
217
216
215
217
217
217
216
217
217
216
216
216
218
220
218
219
218
218
219
217
218
219
223
225
224
223
226
227
227
224
222
222
221
223
224
225
223
223
223
221
225
225
227
227
223
222
220
220
221
221
219
220
222
223
223
222
219
221
220
219
220
219
219
218
216
216
215
215
215
217
219
219
219
219
218
221
220
219
217
218
217
218
216
214
215
216
216
218
218
219
221
220
221
221
220
221
218
220
222
223
219
221
218
222
220
219
219
219
220
219
218
217
218
217
217
218
219
218
217
217
216
217
218
218
217
215
216
215
216
216
217
214
213
213
211
211
209
209
212
212
212
213
214
212
211
212
213
213
213
212
212
214
215
214
212
211
211
209
208
207
207
207
211
211
212
212
213
211
211
213
213
210
210
208
208
210
210
210
212
212
212
211
210
210
210
212
210
208
209
208
209
210
210
211
208
209
207
209
209
208
208
207
209
210
208
209
210
211
212
212
211
211
215
217
216
213
212
213
214
214
215
215
216
215
214
211
213
213
213
212
211
211
212
215
215
216
214
213
210
210
209
210
210
209
208
208
209
209
208
208
209
210
210
212
212
211
209
208
209
209
209
208
208
208
207
207
209
209
208
208
208
205
205
205
204
202
200
198
198
200
200
200
201
200
200
201
202
201
200
200
198
199
199
201
202
202
202
202
203
203
203
204
202
202
201
201
200
201
202
202
201
199
199
201
201
203
203
202
202
202
205
205
205
205
205
205
203
202
202
203
203
204
204
204
203
203
202
202
204
205
204
204
204
203
204
204
206
206
206
206
203
204
204
205
203
202
203
204
205
206
206
206
205
207
206
205
206
206
205
207
207
207
206
206
205
206
206
205
205
203
203
202
201
199
198
198
199
200
201
202
202
204
205
204
204
204
205
205
206
206
208
207
211
212
214
214
212
210
210
210
211
212
210
210
211
210
210
210
209
208
207
207
207
207
208
209
211
212
212
212
213
212
211
212
212
211
211
210
209
210
209
208
208
208
204
205
204
206
207
207
207
208
210
211
211
211
210
212
210
210
209
207
208
208
208
208
207
205
205
205
204
204
204
203
205
204
207
204
206
206
207
205
202
202
204
206
207
208
207
207
208
209
209
208
209
208
208
209
209
211
211
210
208
209
207
206
207
207
210
209
206
207
208
207
208
209
209
208
205
204
202
201
203
203
202
201
202
201
200
200
199
200
200
200
200
200
199
199
204
203
204
205
202
201
201
201
204
204
205
205
204
203
202
201
199
199
200
200
202
202
204
205
203
201
202
202
200
199
201
202
203
205
205
206
207
210
210
210
208
210
210
212
210
210
210
212
214
214
214
213
212
211
208
209
207
206
204
203
204
205
208
209
207
207
205
205
207
209
207
207
207
206
206
208
210
210
209
207
204
203
204
202
201
203
203
201
202
202
201
203
205
205
205
204
205
205
203
202
201
201
200
200
198
197
196
194
194
194
193
192
192
193
192
192
192
192
191
194
194
195
195
194
195
196
197
197
200
197
196
195
194
196
195
198
198
199
199
198
197
197
201
200
200
200
199
197
197
198
201
201
203
203
203
202
203
204
205
204
206
207
205
205
204
204
203
204
203
205
203
202
201
202
201
203
203
201
200
202
201
203
201
202
201
199
199
199
198
199
198
197
197
197
196
197
197
197
197
198
199
197
195
196
196
196
196
195
194
194
197
200
198
200
201
198
198
198
197
198
198
199
199
199
197
197
197
197
198
196
198
201
199
197
196
198
199
199
197
198
198
198
198
198
198
198
197
197
197
199
201
202
200
201
200
202
202
202
201
202
203
203
204
202
203
205
205
205
205
203
205
204
203
201
199
198
197
196
200
200
198
198
200
200
200
200
201
204
205
203
203
201
199
198
199
199
199
199
199
198
198
197
198
197
199
198
199
198
199
197
197
199
201
200
199
199
197
196
195
195
195
196
196
197
198
199
198
197
196
196
196
195
194
195
196
196
194
195
196
195
194
193
192
191
192
192
194
195
197
196
196
197
197
196
194
194
198
197
200
198
200
201
201
201
200
200
200
200
200
200
201
202
201
198
198
196
196
197
195
197
196
196
196
197
196
195
194
195
194
194
193
192
192
191
191
191
193
193
192
195
195
196
196
193
191
191
191
193
194
196
193
192
191
191
190
192
190
190
190
191
192
193
193
191
190
190
192
192
191
190
190
191
193
194
194
194
194
195
195
195
195
194
192
192
194
194
193
193
194
195
193
194
195
195
194
194
194
194
193
194
194
193
194
193
192
190
190
191
190
191
191
191
191
193
191
191
191
188
190
191
191
189
189
187
188
187
186
189
188
190
187
187
189
191
190
189
188
188
189
188
187
187
189
189
189
189
188
187
187
188
188
188
188
188
189
190
189
189
190
189
190
189
187
186
186
187
188
188
189
189
188
184
185
186
184
184
185
184
185
188
186
185
183
182
183
183
183
185
186
188
188
187
188
190
186
186
187
185
185
184
186
187
188
186
187
186
187
184
184
185
188
188
188
188
187
185
185
186
183
183
182
184
184
184
185
184
181
180
180
179
179
180
180
179
179
179
180
181
180
180
180
179
181
179
179
177
178
178
177
177
176
176
178
178
178
179
178
178
179
178
180
177
175
176
176
176
176
176
176
178
178
179
180
181
182
184
185
185
184
183
182
182
179
181
183
182
183
183
185
186
184
184
184
184
184
183
182
181
182
182
183
184
184
183
181
182
183
181
182
182
184
186
186
187
186
184
185
185
187
185
185
185
185
186
186
185
188
188
187
189
189
188
188
187
186
188
186
185
185
187
188
186
182
182
182
183
179
179
179
179
179
180
181
182
182
182
183
182
183
182
182
182
182
181
182
185
184
184
183
183
182
182
184
183
186
186
187
187
186
186
186
184
183
184
185
185
183
185
185
185
185
186
186
188
188
186
184
185
184
184
183
184
183
184
185
186
186
186
186
184
184
183
181
180
180
180
181
181
181
179
180
179
179
179
178
178
181
181
182
182
181
182
182
180
180
181
180
182
181
182
182
182
185
187
188
187
186
185
184
184
183
185
183
180
180
180
178
177
177
179
179
179
180
180
181
183
181
179
180
180
181
181
180
181
180
179
179
180
180
181
182
182
181
181
182
185
186
186
185
184
185
187
186
184
185
184
184
186
188
189
189
189
189
188
190
192
192
192
194
195
195
195
196
196
195
195
195
192
192
191
190
190
189
190
191
192
190
190
190
191
189
190
191
191
192
193
192
191
191
189
190
187
185
187
187
185
185
185
185
184
185
184
183
183
182
182
185
186
186
186
187
187
187
188
187
189
188
188
189
189
188
190
190
191
193
194
194
194
196
195
196
196
195
191
193
189
188
187
187
188
187
187
187
187
188
189
189
189
187
187
188
187
187
187
188
192
191
193
192
193
194
193
193
194
192
189
188
189
189
189
190
189
189
190
190
190
189
191
192
191
189
186
185
185
186
187
186
187
187
186
187
190
190
188
188
188
189
189
188
184
184
184
184
185
184
185
187
186
185
184
183
183
183
182
182
181
181
182
181
180
181
182
181
181
183
181
182
183
181
181
179
179
179
181
181
180
180
180
180
181
180
181
182
183
185
184
184
183
184
185
186
187
187
188
188
188
187
187
188
187
188
188
189
191
192
191
189
190
190
188
188
183
183
183
183
183
182
181
180
179
179
180
183
183
184
184
184
186
188
189
190
188
185
185
184
187
185
187
186
184
185
184
183
185
187
189
189
190
188
189
190
190
191
191
190
190
191
190
190
189
188
186
186
187
189
191
190
190
188
187
186
187
185
186
184
184
182
183
183
183
185
187
187
186
187
188
190
188
189
185
185
187
187
186
187
187
187
186
186
188
189
188
189
191
189
188
187
185
184
185
185
185
186
186
186
186
186
183
182
182
183
185
184
183
183
184
185
184
184
184
184
183
183
181
181
181
182
183
184
185
184
187
186
185
186
185
185
185
185
184
185
185
186
187
187
187
188
188
187
186
185
186
185
186
187
187
185
184
183
183
183
183
183
185
185
184
184
185
185
186
185
184
181
181
181
181
181
181
181
182
183
182
183
184
184
182
182
182
184
185
186
187
187
185
187
188
187
188
188
187
188
185
186
185
186
183
185
183
185
185
184
183
181
182
183
180
179
177
178
177
177
176
176
176
176
177
178
177
177
177
179
179
178
177
179
178
178
177
177
178
178
178
179
179
179
179
181
180
179
181
179
179
180
181
182
182
183
183
183
183
183
182
182
182
181
183
182
180
179
178
178
178
179
179
179
178
179
180
181
180
181
183
182
183
183
185
183
184
184
184
181
181
179
180
180
180
180
180
177
177
176
177
177
174
174
174
175
175
175
178
178
180
183
181
179
180
180
180
179
179
177
177
178
180
179
177
176
176
178
177
179
181
182
181
179
179
180
181
181
180
181
181
180
179
179
179
179
180
181
180
178
179
180
179
179
177
177
176
176
177
177
176
176
176
176
174
171
172
172
174
174
175
175
175
175
176
176
174
175
178
177
176
178
176
176
179
177
176
174
174
174
176
176
175
177
176
175
175
173
172
171
170
171
171
172
173
174
173
172
172
171
171
171
172
171
172
174
172
174
173
176
177
179
181
178
176
174
175
175
175
176
177
177
177
176
177
177
177
178
178
178
178
177
178
177
177
178
177
176
177
178
176
178
175
175
173
172
173
173
172
171
171
171
173
172
173
173
173
171
173
174
173
175
176
175
174
174
173
171
170
171
172
172
173
173
175
176
177
177
176
176
175
176
175
176
179
178
179
179
180
179
180
182
180
178
178
179
177
179
179
180
185
185
183
180
180
180
178
177
177
177
177
178
177
175
174
173
174
175
175
175
177
173
172
172
171
172
173
173
174
174
174
174
174
173
171
170
170
170
172
170
171
170
171
170
170
170
170
168
168
168
168
167
167
168
169
169
171
169
168
168
167
166
170
171
171
172
174
174
174
173
172
171
171
173
170
168
169
168
168
169
168
168
167
166
165
165
164
164
163
163
163
163
159
162
162
163
164
163
163
164
164
163
164
164
162
160
160
160
161
162
162
162
160
161
160
162
162
159
158
157
159
159
158
156
157
157
157
158
157
158
159
159
159
160
157
158
158
158
159
159
158
158
157
157
157
158
159
161
161
160
159
159
160
160
160
160
160
159
159
160
161
160
158
158
157
156
156
156
158
160
160
163
161
161
158
159
160
161
161
160
160
159
158
157
158
157
157
158
158
159
158
158
158
158
159
159
157
156
157
158
158
158
159
162
163
163
164
164
162
162
162
161
161
161
160
161
163
162
161
162
162
161
162
161
161
162
162
163
163
164
165
165
165
161
163
162
161
162
163
165
163
165
168
165
166
165
165
161
161
161
162
162
164
164
164
163
163
162
164
164
162
161
158
157
156
158
157
158
158
159
160
159
160
160
160
160
161
159
157
159
160
159
161
161
161
162
162
161
159
157
158
157
157
157
158
158
158
157
159
158
157
157
156
156
156
155
155
153
154
154
153
154
156
155
155
155
155
156
156
155
156
158
159
159
157
156
157
155
157
157
160
160
159
157
158
158
158
158
158
158
160
161
160
159
161
162
164
163
163
162
161
161
160
161
162
163
163
163
163
164
165
167
164
165
165
166
166
164
164
163
162
162
164
164
163
162
164
165
164
162
161
162
164
164
163
163
165
163
163
161
160
160
164
162
161
161
161
162
161
161
163
163
164
162
164
163
165
165
166
168
168
169
166
166
167
168
168
169
169
168
168
168
169
169
170
169
169
168
168
170
170
171
171
173
175
174
172
174
174
174
174
175
174
173
173
174
174
175
175
177
176
174
173
174
175
174
175
177
176
175
173
170
167
167
167
167
166
166
166
166
166
165
168
169
167
166
165
165
166
166
166
168
168
168
167
167
168
167
167
166
165
164
164
162
164
166
165
164
163
163
162
162
161
161
160
159
161
161
160
160
162
160
159
159
159
157
156
157
160
160
160
160
159
160
161
160
159
160
159
160
159
159
158
158
159
159
163
159
159
159
158
158
157
157
158
160
159
159
159
157
159
159
157
157
156
156
156
155
156
156
156
155
156
156
156
155
155
155
153
153
154
157
156
158
156
156
156
155
155
157
157
155
155
155
157
157
158
157
155
155
155
156
157
155
155
156
157
158
159
156
156
156
155
156
156
158
159
156
156
156
156
155
154
154
154
154
154
157
157
156
156
157
157
158
157
157
157
158
157
157
157
160
160
161
162
163
161
162
163
163
163
161
163
161
161
160
160
161
162
162
161
161
162
163
162
162
162
161
161
160
159
160
160
160
158
160
158
159
159
158
158
156
156
156
158
158
157
158
157
156
158
158
158
158
160
157
157
157
156
158
158
157
159
158
160
160
161
159
158
158
159
159
160
160
162
161
160
160
160
163
160
160
160
161
163
164
164
162
160
161
161
161
162
162
163
165
165
162
162
161
161
160
160
159
159
161
162
161
160
160
161
160
160
158
159
159
160
160
160
162
162
162
162
162
164
164
163
164
164
165
166
166
165
165
166
167
163
164
165
166
164
163
163
166
166
166
165
168
164
168
167
167
167
167
165
166
165
166
166
166
166
166
167
164
164
164
165
165
165
165
164
164
163
163
162
162
160
161
160
160
159
158
158
157
158
159
158
158
157
157
157
157
158
158
158
157
157
158
159
158
158
158
157
159
159
160
160
158
159
160
159
159
160
158
157
157
155
155
154
155
156
155
155
156
156
156
158
158
157
157
157
156
156
155
155
154
154
155
156
158
159
160
159
158
158
158
161
161
161
160
159
158
158
156
156
155
151
150
150
151
151
151
151
149
148
148
149
150
151
150
152
152
153
154
154
154
157
157
156
157
157
159
158
158
159
159
159
158
158
160
160
159
157
158
158
160
160
160
159
159
157
156
157
157
157
157
155
156
155
155
155
154
154
154
154
156
156
158
159
158
159
159
159
160
160
160
160
160
160
160
162
161
160
161
159
158
162
162
162
160
159
156
156
157
157
155
155
154
155
155
155
156
158
158
156
155
154
154
155
156
154
154
153
151
151
151
151
151
151
151
152
152
151
148
148
149
151
152
155
157
156
156
156
157
158
159
159
163
163
162
163
164
163
160
162
162
161
162
162
162
161
160
156
155
155
153
153
153
151
151
148
149
149
150
151
151
149
153
153
155
156
156
155
155
156
155
157
157
158
158
158
158
157
154
157
157
155
153
153
152
152
153
150
152
152
152
153
151
151
151
151
151
151
152
152
153
155
157
156
157
157
154
156
157
157
155
154
153
152
152
152
154
155
157
157
158
158
158
161
162
161
160
160
160
162
161
160
160
157
156
158
159
159
160
160
160
160
159
159
159
160
159
156
154
154
154
154
155
155
155
155
156
154
155
153
154
155
155
155
155
156
156
155
152
152
149
148
150
149
149
149
146
146
145
143
142
142
141
141
143
144
144
143
143
142
140
142
141
141
140
141
141
140
139
139
139
140
140
141
143
141
142
142
142
144
145
145
147
147
148
145
145
145
144
143
145
144
144
144
145
145
146
148
149
149
151
150
150
152
151
151
151
149
149
149
148
148
148
149
149
148
147
148
149
148
148
149
149
148
148
148
147
146
147
149
149
151
147
148
148
148
148
148
146
147
147
147
148
148
148
148
148
147
147
148
150
151
151
151
150
149
149
150
149
149
149
150
150
149
149
151
152
152
153
152
149
150
150
150
150
150
150
150
149
150
152
152
151
147
147
147
147
150
147
147
149
149
150
150
149
151
150
152
151
151
149
148
148
147
147
147
147
148
148
148
148
148
146
147
148
148
147
148
148
148
149
151
149
150
151
151
150
150
150
151
151
150
150
150
151
151
150
151
151
151
150
150
149
148
147
147
147
147
146
146
145
146
145
145
145
145
145
145
145
146
147
147
147
149
150
149
149
149
149
150
150
150
150
151
152
152
152
153
153
152
151
151
154
155
156
156
153
153
153
153
155
154
154
155
151
151
151
153
152
151
152
152
154
156
157
158
159
162
162
162
159
159
159
159
159
160
161
161
163
164
165
166
166
166
165
164
164
163
164
164
165
164
161
160
161
161
161
161
161
160
161
163
162
162
163
161
162
163
163
164
164
166
165
165
167
164
165
165
165
166
167
167
167
168
167
168
164
163
161
159
159
159
160
160
161
161
161
161
161
161
164
163
164
163
163
164
160
160
160
160
159
158
159
159
159
158
160
161
159
159
158
158
158
157
157
157
157
157
158
158
158
158
161
163
159
158
157
156
158
158
159
159
158
158
158
156
157
156
156
156
156
156
156
155
153
153
153
155
155
156
155
156
155
157
156
157
156
157
157
156
154
152
155
156
157
154
152
152
152
154
154
153
153
152
152
152
152
150
150
152
151
153
155
154
153
153
153
152
152
152
153
150
149
149
149
149
149
150
150
149
150
149
149
148
148
148
149
150
150
148
151
153
152
152
153
155
155
155
155
156
156
156
155
155
154
154
154
155
155
153
154
154
154
154
152
151
152
152
153
153
151
151
153
153
151
150
149
149
149
148
148
149
148
148
147
148
149
150
150
150
148
146
147
146
146
146
146
147
147
147
148
149
148
149
150
150
150
150
149
146
146
146
147
146
147
146
147
147
147
147
150
152
150
149
152
153
151
151
146
147
145
145
145
147
148
148
147
147
145
145
145
144
146
146
145
143
143
143
143
144
145
146
148
148
149
148
149
149
149
148
149
149
149
149
150
151
149
149
148
148
149
148
147
147
147
148
148
148
148
146
146
146
146
146
146
147
148
148
150
150
150
149
149
147
146
146
147
146
143
144
144
145
145
146
146
147
147
147
146
148
150
150
151
150
149
149
149
150
151
150
151
152
153
151
152
150
150
150
150
151
151
150
150
151
150
150
151
151
152
152
153
152
152
151
153
154
155
158
157
158
158
158
158
158
157
157
157
158
158
159
158
158
155
155
153
152
154
153
153
152
152
153
150
150
149
149
149
149
149
149
149
150
150
150
150
150
150
150
147
149
149
150
150
153
152
150
150
152
151
154
155
157
157
156
154
153
154
154
156
159
160
160
160
160
160
162
160
158
155
155
155
156
156
158
157
156
157
159
158
159
160
160
160
159
158
157
158
158
156
156
159
159
158
157
156
156
155
154
154
155
154
153
153
151
151
150
151
151
151
151
150
150
151
150
150
151
152
152
153
152
150
150
151
151
151
154
156
157
156
157
156
157
158
157
156
156
157
154
154
154
156
156
151
152
148
149
147
146
147
146
144
146
146
146
146
147
148
147
147
145
144
144
144
144
144
145
146
146
146
148
147
147
147
147
148
150
149
148
147
147
147
147
146
147
145
145
145
144
144
144
144
143
141
141
141
141
141
140
139
138
139
138
138
138
139
138
138
138
139
138
137
137
137
138
138
138
138
139
139
139
139
141
142
141
140
141
142
141
140
140
140
139
138
138
138
138
138
137
137
139
138
138
137
139
139
140
140
140
141
141
142
142
141
140
137
137
138
138
138
139
139
139
139
139
138
138
140
141
142
141
140
140
140
139
139
139
139
139
139
138
138
138
138
138
139
139
141
140
140
140
140
141
140
141
142
141
143
143
143
144
144
143
144
145
145
146
146
145
146
146
148
146
146
147
146
148
148
149
149
148
148
148
148
147
146
146
147
147
147
147
148
148
150
147
146
146
146
146
144
144
145
143
144
143
144
145
144
143
143
142
142
142
140
140
140
141
144
144
146
145
145
144
143
144
144
145
144
143
144
143
146
146
146
146
144
145
145
145
145
144
144
144
144
145
144
144
143
142
141
142
142
141
142
142
144
144
144
143
144
144
145
143
143
144
143
143
143
144
142
142
145
145
145
145
146
146
146
145
143
146
145
145
146
148
149
146
148
148
149
149
147
147
147
147
146
145
146
146
144
144
144
144
144
146
146
145
146
148
148
147
148
148
146
146
146
146
146
148
149
149
149
149
148
147
148
149
150
149
147
149
149
150
151
150
147
146
146
145
145
145
143
142
143
143
143
143
144
144
144
145
147
146
145
145
145
145
145
145
146
147
147
146
146
146
147
147
148
149
149
149
150
151
151
151
151
151
152
154
