0.0006927586206896553 0.0001124137931034483
300
299
297
294
291
294
294
293
296
297
300
301
298
298
299
301
299
301
302
301
300
300
300
302
304
304
305
305
305
307
307
308
312
312
311
311
311
312
315
318
320
322
323
320
322
323
323
323
323
326
328
329
332
333
332
331
332
335
335
337
336
339
341
342
343
343
346
347
349
349
352
352
353
354
353
355
351
352
352
352
355
358
359
359
362
364
365
366
365
366
365
365
365
363
368
369
370
369
369
373
372
372
372
374
374
374
374
374
374
375
377
377
378
379
383
384
384
385
385
384
385
390
391
391
391
392
391
392
392
392
396
397
396
396
398
400
402
403
405
405
404
405
405
407
406
407
411
411
413
412
415
419
420
420
421
420
419
420
421
418
418
418
422
422
423
426
426
426
427
429
428
428
431
430
430
431
431
432
434
435
435
436
437
440
441
443
445
444
445
446
449
451
449
451
454
455
457
459
460
463
462
459
460
462
462
463
464
465
467
469
473
477
480
481
484
484
485
486
484
485
487
490
491
494
495
496
496
497
499
498
499
501
499
500
502
501
503
504
504
506
507
507
506
507
508
511
509
506
506
507
507
509
510
511
513
516
518
519
521
523
521
519
521
522
523
527
530
527
529
528
526
530
530
532
534
531
533
535
538
541
543
546
545
544
542
543
547
548
549
550
549
550
552
551
550
551
551
552
554
559
557
560
563
558
556
557
558
560
564
565
564
565
565
565
570
573
576
576
581
579
580
579
583
581
581
588
590
588
588
588
586
586
588
589
593
595
599
603
602
604
603
607
607
608
609
612
612
615
615
614
616
616
612
615
619
625
625
626
626
625
629
629
631
631
630
631
634
636
636
642
639
637
640
644
642
643
644
646
648
644
643
641
644
645
644
649
651
652
653
655
655
656
657
661
666
666
668
672
671
670
672
672
672
669
672
671
675
676
675
678
678
677
676
677
685
687
688
688
692
694
694
696
693
695
697
699
696
694
698
697
699
699
697
699
704
706
709
708
709
705
706
707
708
710
713
713
713
714
717
723
724
727
723
722
722
725
726
727
729
732
732
735
737
735
736
735
738
740
741
743
739
742
743
744
747
746
753
758
757
758
760
763
765
767
771
768
765
760
761
761
760
761
762
762
765
765
767
770
770
775
772
771
776
779
785
787
788
786
790
795
793
791
794
789
792
790
789
789
789
790
790
792
795
797
795
800
802
804
806
809
806
807
807
810
814
816
818
817
819
815
810
811
813
814
814
811
810
808
808
810
812
815
814
817
817
822
820
819
823
822
821
826
826
826
832
834
835
838
839
839
844
848
848
847
847
848
846
847
848
849
855
854
856
857
858
857
861
864
867
867
868
869
871
872
868
872
871
871
871
872
870
872
870
870
873
877
882
888
888
892
897
898
900
903
901
904
905
902
905
912
917
918
923
926
924
925
921
922
925
926
928
924
922
919
920
922
926
930
930
930
936
939
940
940
947
947
944
947
947
950
954
958
961
963
962
959
964
971
972
973
972
973
976
979
981
980
982
984
989
992
992
995
999
1005
1004
1003
1001
1003
1007
1003
1002
1004
1006
1011
1008
1009
1006
1006
1010
1014
1018
1022
1027
1030
1029
1033
1030
1030
1032
1030
1031
1033
1035
1039
1036
1036
1040
1042
1040
1041
1042
1045
1048
1052
1054
1056
1054
1059
1059
1056
1059
1061
1062
1064
1071
1069
1071
1069
1072
1076
1069
1072
1067
1064
1069
1072
1076
1078
1074
1075
1072
1075
1077
1077
1082
1083
1085
1094
1104
1102
1103
1105
1104
1104
1107
1108
1102
1105
1102
1105
1113
1115
1117
1117
1120
1119
1118
1117
1123
1124
1120
1125
1125
1131
1129
1127
1133
1135
1136
1138
1139
1141
1144
1146
1150
1156
1164
1163
1160
1163
1163
1165
1165
1164
1166
1165
1167
1172
1171
1173
1171
1174
1176
1179
1179
1182
1185
1190
1190
1190
1189
1192
1192
1192
1194
1196
1195
1196
1199
1199
1207
1206
1207
1217
1217
1213
1213
1218
1215
1208
1213
1209
1210
1216
1217
1216
1215
1215
1213
1210
1212
1213
1215
1218
1220
1222
1226
1231
1237
1237
1241
1243
1244
1251
1247
1244
1243
1246
1246
1242
1245
1242
1242
1242
1247
1244
1248
1247
1249
1250
1249
1249
1252
1255
1257
1255
1256
1257
1258
1260
1263
1266
1262
1264
1269
1277
1280
1278
1283
1281
1288
1289
1290
1288
1297
1298
1295
1297
1303
1304
1306
1309
1312
1309
1306
1310
1310
1307
1311
1312
1312
1310
1318
1322
1322
1324
1325
1332
1338
1340
1345
1347
1344
1344
1344
1348
1352
1349
1349
1349
1351
1360
1364
1372
1377
1372
1367
1367
1368
1369
1373
1373
1378
1376
1382
1384
1383
1380
1379
1381
1386
1387
1384
1384
1381
1380
1384
1383
1392
1396
1398
1397
1400
1398
1401
1406
1408
1415
1417
1414
1409
1403
1403
1402
1404
1409
1411
1413
1414
1421
1425
1424
1430
1425
1428
1422
1424
1429
1430
1434
1434
1436
1440
1441
1441
1445
1448
1448
1450
1451
1453
1451
1454
1465
1466
1467
1464
1459
1459
1458
1458
1461
1458
1462
1454
1456
1461
1459
1461
1460
1459
1455
1461
1463
1465
1469
1475
1484
1481
1484
1485
1488
1490
1492
1490
1494
1495
1497
1502
1497
1505
1504
1507
1506
1505
1505
1507
1511
1515
1511
1513
1513
1514
1512
1516
1514
1512
1514
1513
1517
1516
1518
1524
1520
1523
1520
1523
1521
1522
1521
1521
1523
1524
1522
1524
1525
1521
1522
1523
1522
1523
1527
1531
1536
1534
1538
1543
1546
1549
1551
1551
1550
1547
1554
1557
1549
1552
1551
1548
1549
1548
1550
1553
1555
1560
1562
1562
1563
1556
1554
1558
1560
1554
1554
1556
1551
1553
1550
1548
1548
1550
1559
1560
1560
1563
1567
1563
1566
1569
1565
1565
1567
1569
1563
1562
1565
1565
1566
1567
1567
1570
1571
1570
1573
1572
1576
1579
1585
1595
1599
1596
1592
1590
1597
1601
1607
1609
1606
1614
1615
1623
1626
1629
1629
1631
1627
1624
1625
1627
1627
1631
1628
1636
1638
1638
1629
1636
1634
1638
1638
1644
1645
1646
1653
1658
1656
1658
1662
1666
1666
1665
1662
1666
1669
1668
1670
1672
1669
1669
1673
1673
1677
1676
1679
1679
1680
1682
1685
1687
1688
1686
1688
1689
1694
1693
1692
1691
1687
1685
1686
1684
1687
1691
1693
1692
1694
1691
1694
1697
1697
1698
1698
1703
1703
1705
1710
1711
1712
1719
1727
1730
1730
1734
1736
1730
1728
1725
1725
1722
1721
1727
1726
1732
1731
1729
1738
1732
1737
1737
1748
1754
1749
1756
1762
1770
1769
1773
1771
1777
1773
1767
1768
1766
1765
1766
1773
1775
1768
1771
1772
1766
1764
1764
1765
1765
1766
1766
1772
1770
1773
1783
1783
1793
1794
1792
1798
1797
1804
1807
1807
1808
1811
1816
1819
1817
1825
1829
1827
1833
1827
1832
1830
1833
1839
1846
1838
1834
1841
1849
1845
1847
1848
1857
1861
1855
1851
1849
1848
1848
1846
1843
1849
1852
1852
1856
1850
1846
1851
1855
1857
1863
1858
1861
1863
1866
1871
1867
1871
1874
1877
1875
1880
1884
1883
1883
1882
1890
1890
1884
1890
1896
1891
1890
1892
1897
1897
1896
1897
1905
1905
1908
1910
1911
1908
1907
1908
1911
1914
1913
1913
1912
1914
1914
1912
1914
1914
1922
1921
1928
1923
1929
1932
1927
1930
1930
1933
1944
1943
1949
1943
1940
1943
1942
1940
1946
1950
1959
1957
1961
1961
1963
1970
1968
1963
1970
1967
1967
1967
1978
1979
1972
1975
1974
1981
1981
1986
1987
1988
1988
1993
1984
1988
1991
1989
1996
1990
1993
1994
1987
1991
1993
2002
1999
2002
2011
2014
2010
2013
2009
2010
2010
2014
2016
2020
2019
2018
2015
2024
2024
2019
2026
2030
2040
2046
2041
2050
2047
2051
2063
2059
2059
2064
2059
2057
2057
2061
2062
2063
2067
2066
2067
2067
2070
2080
2078
2076
2074
2073
2073
2078
2077
2080
2084
2091
2091
2103
2110
2114
2111
2114
2112
2115
2108
2110
2116
2117
2120
2123
2125
2133
2136
2137
2132
2134
2141
2140
2139
2137
2135
2141
2142
2140
2140
2141
2145
2151
2144
2157
2168
2171
2173
2182
2186
2186
2187
2187
2189
2188
2189
2187
2184
2179
2178
2173
2180
2180
2189
2189
2192
2186
2193
2194
2196
2204
2205
2205
2206
2207
2212
2211
2209
2212
2214
2215
2220
2228
2229
2234
2232
2235
2238
2239
2237
2238
2237
2241
2245
2248
2251
2258
2262
2269
2263
2267
2260
2267
2274
2280
2282
2280
2292
2294
2293
2294
2295
2298
2298
2294
2303
2301
2304
2302
2304
2301
2302
2300
2302
2314
2310
2314
2314
2314
2315
2317
2325
2322
2316
2313
2313
2317
2329
2324
2323
2326
2327
2333
2331
2337
2338
2333
2335
2330
2336
2343
2347
2346
2348
2354
2355
2361
2372
2370
2363
2361
2375
2376
2374
2372
2376
2376
2384
2383
2388
2391
2391
2393
2394
2398
2400
2403
2408
2407
2399
2392
2390
2393
2397
2399
2398
2401
2410
2411
2411
2407
2416
2415
2419
2427
2430
2427
2423
2426
2423
2426
2433
2439
2436
2437
2439
2435
2444
2451
2455
2459
2455
2453
2455
2457
2465
2467
2462
2460
2460
2462
2466
2477
2474
2481
2484
2484
2491
2491
2496
2502
2504
2503
2505
2506
2500
2506
2506
2517
2513
2510
2519
2521
2520
2514
2510
2509
2518
2526
2519
2521
2518
2520
2525
2526
2532
2527
2526
2518
2522
2529
2532
2526
2533
2523
2523
2524
2524
2534
2530
2533
2534
2537
2533
2540
2541
2537
2539
2539
2533
2543
2542
2548
2545
2544
2553
2552
2559
2565
2568
2566
2566
2569
2575
2577
2579
2589
2592
2590
2584
2588
2588
2589
2593
2599
2604
2613
2610
2608
2610
2613
2607
2610
2611
2618
2614
2615
2623
2623
2615
2618
2623
2626
2625
2622
2630
2630
2633
2641
2641
2647
2648
2660
2662
2661
2667
2678
2682
2682
2684
2693
2694
2691
2690
2692
2698
2701
2706
2699
2701
2704
2704
2707
2708
2703
2701
2698
2701
2702
2710
2715
2717
2713
2718
2715
2713
2712
2715
2721
2728
2727
2722
2719
2722
2727
2724
2731
2740
2733
2733
2739
2746
2736
2735
2744
2746
2752
2756
2756
2752
2760
2770
2771
2767
2766
2775
2776
2781
2786
2779
2780
2787
2795
2799
2805
2794
2794
2788
2791
2793
2796
2800
2805
2798
2806
2806
2802
2812
2808
2812
2809
2805
2815
2814
2818
2818
2826
2830
2835
2831
2829
2826
2825
2827
2836
2841
2832
2838
2838
2845
2853
2858
2869
2861
2867
2867
2867
2864
2865
2866
2877
2882
2886
2887
2899
2896
2903
2898
2900
2905
2909
2922
2935
2932
2925
2913
2918
2909
2910
2919
2922
2916
2917
2920
2920
2923
2923
2931
2937
2939
2942
2947
2949
2949
2947
2957
2968
2966
2961
2965
2955
2958
2960
2963
2959
2960
2962
2953
2954
2955
2958
2964
2971
2982
2989
2985
2983
2973
2970
2974
2982
2997
2994
2994
2996
2997
3007
3017
3015
3017
3013
3023
3015
3014
3017
3019
3029
3032
3040
3037
3037
3039
3042
3037
3032
3039
3043
3049
3056
3065
3064
3067
3068
3075
3082
3088
3091
3098
3095
3089
3098
3098
3099
3094
3104
3107
3121
3124
3126
3129
3136
3141
3141
3144
3142
3143
3144
3148
3143
3147
3149
3151
3153
3155
3162
3160
3173
3173
3178
3177
3176
3175
3180
3179
3188
3192
3191
3190
3187
3191
3199
3191
3193
3195
3205
3215
3205
3217
3213
3207
3220
3219
3217
3227
3237
3235
3232
3229
3234
3238
3238
3234
3240
3239
3247
3247
3257
3265
3271
3281
3274
3268
3273
3274
3279
3280
3275
3279
3273
3263
3252
3260
3270
3273
3270
3278
3279
3271
3276
3288
3296
3298
3284
3289
3289
3299
3297
3291
3302
3305
3313
3311
3317
3317
3310
3308
3313
3307
3305
3311
3316
3323
3323
3325
3326
3337
3332
3335
3332
3341
3341
3339
3342
3335
3338
3342
3357
3359
3362
3367
3360
3364
3362
3367
3372
3371
3368
3372
3370
3369
3370
3381
3378
3382
3382
3377
3377
3380
3377
3381
3387
3387
3391
3385
3385
3380
3390
3397
3403
3399
3398
3400
3405
3405
3407
3403
3406
3401
3408
3411
3419
3420
3423
3423
3432
3435
3444
3445
3447
3445
3453
3464
3463
3466
3470
3475
3467
3470
3467
3477
3480
3480
3486
3485
3482
3491
3494
3487
3502
3510
3508
3505
3506
3505
3504
3505
3512
3512
3516
3511
3510
3511
3511
3516
3512
3513
3516
3525
3526
3535
3544
3539
3531
3533
3538
3525
3522
3536
3534
3533
3541
3548
3542
3531
3535
3537
3537
3544
3536
3547
3546
3551
3539
3543
3556
3552
3554
3557
3560
3558
3557
3558
3561
3567
3569
3575
3588
3597
3600
3607
3609
3608
3601
3605
3611
3614
3616
3609
3607
3609
3611
3622
3625
3620
3626
3626
3636
3642
3645
3638
3644
3654
3653
3652
3647
3651
3653
3663
3662
3662
3669
3674
3673
3668
3669
3672
3671
3669
3678
3690
3684
3685
3685
3686
3683
3691
3698
3694
3691
3698
3702
3696
3695
3702
3696
3708
3702
3703
3697
3702
3701
3707
3724
3727
3734
3735
3725
3723
3733
3731
3729
3737
3736
3735
3742
3748
3748
3750
3748
3740
3741
3744
3736
3734
3752
3751
3759
3766
3765
3761
3758
3759
3767
3777
3777
3778
3781
3790
3802
3797
3800
3788
3785
3788
3801
3801
3808
3812
3812
3810
3810
3825
3824
3819
3823
3826
3821
3823
3824
3833
3837
3847
3844
3853
3850
3856
3854
3868
3873
3863
3869
3865
3875
3876
3879
3881
3873
3885
3889
3887
3885
3900
3900
3904
3908
3914
3916
3917
3936
3938
3938
3938
3939
3939
3942
3943
3949
3955
3951
3962
3978
3984
3990
3992
3981
3989
4001
4003
4007
4010
4012
4011
4031
4034
4031
4032
4040
4039
4044
4042
4037
4036
4039
4048
4053
4062
4072
4062
4068
4071
4077
4074
4077
4079
4071
4081
4081
4082
4084
4091
4088
4092
4084
4089
4092
4098
4104
4100
4105
4095
4107
4104
4095
4097
4092
4091
4096
4103
4089
4101
4109
4111
4120
4122
4132
4141
4144
4147
4154
4169
4167
4164
4173
4177
4171
4171
4178
4176
4159
4169
4174
4179
4182
4182
4172
4166
4167
4155
4161
4155
4154
4159
4162
4157
4162
4170
4171
4180
4184
4178
4182
4196
4189
4195
4203
4200
4195
4203
4201
4204
4207
4210
4206
4220
4225
4231
4220
4230
4235
4242
4249
4249
4245
4246
4243
4246
4259
4256
4257
4260
4270
4273
4278
4269
4276
4277
4283
4285
4281
4283
4285
4293
4288
4295
4290
4292
4296
4296
4297
4298
4308
4308
4306
4320
4323
4332
4341
4344
4348
4353
4352
4352
4348
4355
4359
4362
4360
4360
4356
4356
4362
4347
4347
4350
4361
4368
4369
4372
4376
4376
4377
4384
4392
4391
4378
4382
4383
4385
4386
4390
4386
4394
4393
4395
4400
4409
4417
4412
4415
4429
4425
4429
4437
4428
4428
4436
4432
4436
4444
4447
4442
4442
4446
4445
4451
4454
4444
4446
4438
4440
4446
4449
4455
4465
4467
4465
4458
4470
4476
4481
4490
4493
4486
4478
4487
4491
4494
4498
4516
4518
4514
4512
4522
4519
4519
4515
4521
4521
4527
4532
4530
4539
4549
4551
4552
4551
4562
4565
4573
4580
4580
4581
4579
4576
4574
4574
4583
4579
4585
4573
4582
4590
4580
4573
4576
4566
4573
4576
4590
4596
4599
4609
4604
4615
4627
4626
4621
4627
4618
4631
4629
4627
4627
4636
4637
4644
4634
4641
4642
4638
4637
4639
4639
4640
4642
4654
4657
4660
4665
4673
4669
4672
4675
4682
4679
4674
4683
4680
4683
4686
4685
4688
4699
4707
4714
4705
4705
4705
4707
4711
4717
4714
4716
4715
4725
4721
4723
4730
4735
4729
4728
4743
4744
4740
4743
4744
4732
4731
4742
4751
4762
4764
4769
4777
4772
4781
4778
4785
4784
4781
4782
4770
4774
4775
4779
4788
4788
4794
4795
4806
4804
4794
4801
4808
4803
4804
4810
4810
4808
4804
4796
4797
4792
4800
4806
4816
4810
4828
4823
4803
4807
4810
4810
4810
4815
4826
4834
4846
4843
4851
4850
4843
4839
4836
4841
4842
4844
4857
4865
4871
4867
4883
4877
4883
4888
4892
4889
4901
4905
4898
4892
4904
4898
4903
4907
4909
4918
4918
4917
4914
4915
4913
4924
4929
4923
4924
4943
4958
4963
4956
4958
4958
4959
4961
4955
4948
4955
4954
4957
4953
4951
4959
4964
4968
4976
4970
4974
4972
4973
4987
4973
4977
4982
4988
4989
4990
4989
4984
4994
5009
5015
5016
5023
5023
5015
5018
5020
5014
5016
5020
5020
5013
4998
5007
5009
5014
5023
5019
5028
5027
5037
5046
5049
5049
5060
5074
5078
5077
5087
5074
5072
5078
5083
5083
5087
5082
5089
5094
5082
5093
5098
5107
5103
5107
5117
5125
5138
5133
5145
5156
5148
5135
5135
5143
5141
5139
5131
5141
5143
5152
5163
5155
5164
5173
5167
5169
5166
5169
5172
5184
5188
5192
5207
5216
5220
5221
5226
5215
5216
5204
5205
5203
5213
5207
5204
5212
5213
5219
5214
5215
5225
5229
5231
5226
5238
5253
5256
5275
5281
5281
5279
5287
5288
5289
5290
5292
5306
5304
5311
5299
5289
5295
5301
5299
5304
5309
5322
5316
5308
5309
5313
5324
5324
5322
5332
5321
5326
5325
5328
5334
5336
5344
5353
5351
5364
5365
5372
5373
5374
5380
5383
5384
5396
5401
5405
5411
5407
5406
5407
5399
5397
5410
5418
5421
5428
5439
5438
5438
5448
5436
5435
5449
5453
5436
5445
5453
5457
5452
5457
5461
5474
5486
5493
5495
5511
5517
5521
5517
5516
5517
5519
5532
5547
5554
5549
5553
5558
5570
5571
5567
5560
5561
5564
5564
5581
5578
5576
5578
5580
5582
5590
5582
5588
5592
5589
5578
5584
5592
5597
5604
5600
5606
5611
5614
5608
5615
5619
5605
5608
5612
5620
5629
5643
5646
5649
5667
5673
5672
5669
5669
5662
5665
5678
5675
5681
5695
5701
5696
5697
5694
5696
5690
5693
5700
5695
5702
5713
5733
5748
5749
5750
5763
5756
5755
5759
5761
5769
5769
5772
5769
5764
5770
5768
5781
5786
5796
5783
5784
5780
5773
5787
5794
5794
5798
5816
5816
5803
5807
5817
5828
5820
5823
5830
5831
5823
5815
5819
5819
5812
5813
5820
5833
5828
5829
5841
5843
5861
5862
5865
5860
5867
5866
5869
5878
5880
5886
5883
5887
5891
5903
5899
5906
5913
5909
5912
5929
5937
5929
5935
5939
5939
5953
5954
5957
5952
5955
5954
5957
5944
5948
5941
5947
5943
5949
5961
5960
5961
5963
5957
5955
5952
5962
5977
5981
5983
5985
5982
6000
5996
5998
6005
6012
6017
6031
6039
6048
6038
6041
6037
6040
6048
6049
6052
6070
6078
6081
6079
6080
6078
6100
6096
6096
6094
6096
6097
6110
6108
6116
6127
6124
6139
6138
6140
6152
6145
6141
6153
6163
6163
6165
6162
6173
6173
6175
6175
6175
6176
6186
6193
6192
6197
6193
6185
6188
6188
6185
6194
6193
6196
6203
6213
6211
6219
6220
6233
6240
6243
6254
6251
6262
6267
6269
6273
6274
6274
6292
6290
6291
6301
6307
6298
6321
6317
6332
6335
6328
6333
6341
6334
6335
6340
6348
6354
6365
6377
6381
6384
6381
6388
6398
6413
6426
6435
6424
6426
6437
6436
6429
6435
6440
6447
6452
6457
6464
6477
6495
6489
6495
6501
6495
6505
6508
6506
6505
6508
6515
6517
6524
6524
6532
6530
6529
6526
6525
6511
6522
6525
6534
6541
6538
6553
6557
6551
6557
6552
6552
6574
6559
6561
6567
6575
6574
6589
6591
6599
6611
6623
6631
6638
6633
6664
6662
6667
6682
6681
6686
6684
6688
6690
6707
6701
6702
6712
6720
6711
6727
6733
6736
6741
6744
6744
6750
6756
6761
6766
6787
6786
6787
6790
6799
6800
6797
6791
6795
6793
6806
6810
6802
6805
6808
6814
6798
6814
6825
6825
6831
6823
6822
6833
6839
6829
6826
6819
6816
6814
6820
6834
6840
6846
6850
6859
6865
6878
6876
6871
6863
6863
6866
6875
6878
6889
6893
6907
6908
6888
6906
6901
6907
6918
6941
6932
6926
6938
6929
6940
6940
6932
6940
6951
6954
6964
6962
6962
6967
6958
6956
6966
6971
6981
6984
6989
6998
7012
7006
7021
7020
7030
7031
7041
7048
7051
7041
7045
7051
7056
7053
7058
7066
7062
7079
7081
7088
7093
7094
7106
7104
7111
7102
7096
7114
7125
7115
7116
7111
7124
7134
7152
7155
7168
7172
7174
7169
7184
7193
7229
7230
7237
7244
7237
7241
7237
7252
7243
7251
7265
7276
7285
7285
7290
7280
7273
7271
7284
7304
7309
7321
7322
7328
7329
7332
7323
7335
7346
7343
7354
7361
7363
7375
7378
7373
7371
7380
7381
7398
7385
7412
7418
7407
7415
7429
7432
7440
7450
7448
7451
7453
7448
7466
7480
7488
7487
7488
7496
7494
7492
7504
7493
7501
7497
7515
7513
7498
7504
7515
7519
7528
7525
7534
7535
7546
7545
7561
7573
7579
7583
7579
7571
7578
7583
7598
7590
7592
7594
7605
7606
7613
7623
7626
7628
7638
7665
7654
7666
7656
7666
7667
7663
7676
7679
7686
7708
7717
7716
7716
7728
7729
7744
7747
7751
7745
7739
7737
7744
7738
7751
7749
7754
7768
7777
7791
7801
7803
7810
7807
7809
7811
7831
7827
7836
7849
7856
7857
7852
7847
7845
7862
7884
7888
7883
7889
7896
7897
7884
7889
7894
7908
7906
7914
7920
7930
7928
7923
7914
7932
7932
7936
7936
7924
7943
7948
7962
7955
7960
7976
7982
7983
8005
7998
7993
8003
8004
8013
8022
8027
8042
8043
8060
8054
8049
8049
8060
8062
8062
8049
8066
8081
8092
8094
8082
8095
8085
8089
8099
8104
8113
8107
8113
8104
8107
8104
8107
8102
8109
8116
8122
8137
8142
8149
8159
8148
8150
8158
8169
8153
8156
8161
8166
8174
8181
8173
8183
8195
8197
8209
8213
8210
8207
8223
8229
8219
8227
8236
8243
8247
8248
8254
8247
8265
8281
8276
8285
8287
8290
8302
8318
8310
8325
8324
8334
8332
8336
8345
8362
8354
8358
8376
8375
8388
8392
8399
8396
8397
8409
8415
8412
8423
8435
8441
8437
8440
8432
8438
8429
8443
8453
8466
8475
8469
8473
8478
8484
8487
8494
8491
8470
8488
8481
8482
8475
8492
8492
8485
8480
8478
8497
8519
8525
8539
8542
8531
8528
8527
8523
8520
8524
8529
8533
8530
8542
8546
8556
8568
8585
8594
8606
8598
8597
8600
8613
8623
8622
8629
8620
8621
8626
8633
8647
8671
8663
8671
8686
8683
8687
8682
8699
8708
8704
8699
8689
8683
8687
8694
8704
8706
8714
8706
8707
8713
8708
8711
8714
8736
8746
8745
8755
8775
8763
8765
8779
8785
8801
8818
8811
8804
8809
8815
8822
8833
8838
8837
8859
8854
8866
8871
8875
8886
8912
8908
8917
8918
8924
8919
8932
8923
8937
8931
8940
8947
8950
8971
8981
8980
8994
9008
9007
9024
9021
9027
9044
9038
9041
9042
9043
9047
9058
9058
9067
9066
9070
9075
9077
9089
9083
9106
9105
9105
9125
9115
9116
9132
9141
9138
9134
9146
9146
9159
9150
9140
9159
9183
9178
9195
9207
9205
9217
9227
9240
9250
9242
9243
9255
9269
9279
9274
9280
9293
9309
9322
9327
9325
9326
9338
9354
9346
9367
9372
9379
9387
9390
9396
9398
9402
9402
9410
9406
9428
9429
9427
9432
9437
9432
9426
9435
9448
9467
9468
9468
9478
9481
9475
9504
9511
9510
9496
9500
9508
9523
9524
9538
9549
9559
9567
9561
9567
9575
9565
9578
9581
9584
9592
9576
9586
9599
9606
9621
9630
9629
9634
9625
9621
9642
9637
9627
9649
9669
9686
9684
9680
9692
9690
9697
9697
9701
9700
9695
9707
9719
9721
9717
9727
9725
9730
9730
9742
9749
9750
9769
9769
9778
9781
9792
9784
9799
9795
9794
9811
9823
9829
9835
9837
9827
9829
9839
9855
9833
9854
9846
9868
9895
9893
9911
9904
9917
9928
9941
9964
9974
9968
9969
9967
9948
9962
9968
9978
9997
10000
10002
10011
10020
10008
10023
10016
10020
10027
10037
10057
10067
10069
10079
10086
10075
10084
10082
10089
10088
10090
10098
10095
10098
10114
10111
10125
10135
10151
10169
10171
10160
10171
10173
10185
10184
10193
10208
10232
10222
10239
10249
10254
10269
10271
10282
10286
10291
10304
10311
10318
10344
10338
10344
10354
10364
10356
10365
10369
10381
10380
10389
10402
10414
10422
10433
10432
10452
10447
10459
10470
10467
10478
10478
10487
10480
10470
10484
10491
10480
10496
10488
10493
10498
10513
10530
10528
10548
10533
10554
10568
10563
10569
10577
10586
10589
10593
10582
10602
10597
10607
10613
10615
10625
10628
10627
10625
10643
10665
10679
10669
10674
10684
10687
10695
10691
10691
10698
10700
10710
10706
10698
10695
10709
10725
10731
10748
10767
10770
10764
10769
10774
10791
10801
10801
10825
10833
10846
10846
10855
10861
10869
10879
10886
10902
10895
10888
10898
10929
10941
10934
10949
10963
10954
10961
10963
10977
10984
10991
11007
11018
11018
11026
11026
11024
11045
11052
11053
11065
11083
11090
11113
11123
11137
11130
11141
11141
11159
11174
11184
11187
11191
11189
11193
11203
11211
11201
11215
11237
11228
11233
11239
11253
11263
11263
11263
11270
11276
11286
11307
11302
11298
11309
11304
11316
11324
11334
11322
11337
11344
11358
11361
11359
11352
11378
11370
11375
11386
11393
11393
11402
11409
11430
11443
11442
11459
11468
11476
11497
11496
11499
11511
11523
11538
11533
11568
11567
11577
11597
11614
11643
11652
11660
11661
11657
11667
11667
11680
11713
11700
11698
11701
11711
11725
11740
11739
11738
11757
11773
11792
11794
11809
11803
11823
11847
11846
11840
11840
11854
11858
11865
11870
11872
11884
11894
11917
11924
11921
11917
11923
11924
11952
11965
11968
11971
11980
11994
12010
12016
12024
12028
12020
12031
12040
12037
12037
12060
12066
12076
12079
12108
12127
12128
12125
12119
12111
12118
12133
12127
12137
12135
12139
12157
12181
12182
12185
12185
12201
12217
12238
12252
12257
12247
12250
12266
12280
12286
12288
12294
12300
12326
12328
12345
12351
12352
12381
12388
12397
12388
12417
12417
12431
12439
12434
12445
12443
12461
12457
12473
12483
12491
12504
12516
12525
12558
12552
12539
12553
12567
12587
12583
12587
12601
12608
12602
12618
12637
12652
12643
12665
12664
12681
12678
12670
12661
12667
12693
12713
12709
12747
12733
12746
12750
12754
12767
12775
12790
12788
12802
12802
12824
12831
12837
12869
12860
12860
12851
12878
12892
12910
12935
12941
12946
12954
12967
12988
12985
13017
13024
13023
13034
13037
13056
13039
13047
13060
13078
13065
13087
13104
13106
13125
13146
13142
13138
13138
13168
13167
13175
13203
13171
13189
13190
13203
13215
13231
13248
13256
13266
13270
13270
13278
13292
13299
13304
13342
13329
13347
13338
13368
13390
13392
13409
13418
13426
13435
13458
13467
13477
13475
13493
13492
13469
13486
13492
13509
13521
13538
13553
13550
13568
13572
13566
13586
13599
13604
13602
13612
13629
13643
13647
13646
13641
13656
13681
13706
13700
13709
13710
13745
13729
13728
13746
13748
13770
13782
13789
13800
13801
13820
13824
13828
13849
13846
13840
13850
13872
13876
13882
13886
13917
13932
13936
13966
13986
14001
14007
14013
14028
14036
14050
14069
14067
14067
14089
14110
14124
14125
14147
14163
14172
14181
14176
14192
14202
14213
14221
14246
14250
14266
14272
14276
14296
14302
14300
14310
14337
14345
14332
14341
14347
14361
14378
14392
14403
14410
14419
14411
14423
14426
14447
14454
14445
14440
14457
14470
14504
14510
14506
14513
14520
14530
14533
14563
14561
14585
14602
14604
14615
14624
14624
14631
14637
14659
14656
14660
14675
14687
14700
14727
14723
14741
14761
14762
14750
14762
14753
14761
14789
14809
14817
14806
14826
14829
14834
14862
14864
14898
14901
14895
14888
14911
14926
14929
14925
14942
14956
14965
14956
14963
14998
15002
15003
15021
15023
15044
15052
15067
15081
15074
15091
15096
15103
15119
15126
15134
15161
15176
15181
15198
15200
15206
15209
15214
15217
15238
15247
15237
15250
15262
15282
15302
15311
15314
15320
15335
15349
15347
15347
15384
15379
15383
15377
15389
15377
15396
15401
15412
15433
15457
15462
15475
15470
15473
15489
15501
15524
15534
15542
15558
15552
15565
15569
15607
15613
15632
15630
15619
15644
15655
15666
15659
15685
15691
15700
15721
15713
15725
15735
15754
15749
15749
15765
15778
15817
15821
15831
15857
15855
15872
15873
15884
15896
15904
15929
15937
15966
15963
15959
15975
15984
16009
16007
16024
16045
16052
16078
16080
16081
16085
16106
16116
16139
16138
16154
16177
16180
16202
16216
16205
16211
16218
16241
16259
16276
16288
16301
16320
16327
16333
16347
16344
16369
16387
16393
16383
16410
16413
16440
16456
16463
16469
16488
16502
16531
16534
16553
16545
16575
16571
16593
16591
16616
16603
16620
16646
16628
16664
16652
16657
16682
16699
16721
16720
16708
16740
16732
16746
16754
16782
16796
16803
16833
16841
16865
16862
16859
16871
16887
16910
16953
16933
16952
16958
16973
16977
16993
17017
17008
17030
17034
17064
17082
17100
17124
17139
17156
17182
17183
17199
17225
17200
17216
17239
17250
17255
17279
17288
17290
17306
17317
17316
17318
17331
17373
17376
17382
17402
17395
17428
17436
17434
