0.0008975862068965518 0.0007268965517241379
300
297
297
289
281
284
278
273
268
265
262
260
259
258
261
259
261
256
255
255
254
252
249
246
246
248
245
241
239
235
232
232
230
229
230
230
230
229
230
232
231
232
231
231
227
227
225
225
225
225
226
226
226
227
227
226
227
226
227
232
230
230
228
224
223
223
222
225
224
224
224
221
221
219
217
217
221
221
221
220
218
218
219
216
220
218
218
219
219
222
222
223
220
218
218
218
214
215
215
216
214
215
214
215
217
217
220
216
216
213
213
212
212
212
209
209
211
211
209
210
211
212
213
213
214
216
216
216
214
213
215
215
215
214
214
215
216
214
216
214
216
217
216
215
214
213
213
211
213
214
214
214
214
214
213
214
213
213
212
213
215
215
214
214
214
210
208
209
209
208
207
207
208
207
206
205
208
209
208
208
207
206
206
205
205
206
204
203
204
202
203
204
201
198
198
198
197
199
199
199
199
200
200
200
200
200
200
202
202
203
203
201
200
201
202
203
203
204
204
205
204
204
204
201
199
200
201
201
200
201
203
203
201
200
200
200
200
199
200
200
201
200
199
197
197
198
198
198
196
196
195
196
196
195
192
193
195
195
195
193
194
196
197
197
197
196
195
196
196
197
197
197
199
200
200
202
201
199
201
201
201
201
199
199
200
201
201
202
203
202
199
203
204
209
210
210
210
210
212
209
209
210
214
213
212
216
215
211
211
210
211
208
208
207
207
205
204
203
201
203
201
201
201
201
200
200
200
198
197
197
196
197
197
198
199
201
201
200
200
200
200
201
200
202
200
201
201
200
202
203
204
204
205
204
202
202
202
203
203
201
203
201
199
200
200
200
198
198
198
199
198
197
195
196
196
193
194
195
196
197
196
196
198
199
200
202
205
204
206
207
204
202
202
199
199
198
199
199
200
201
201
199
197
196
197
195
195
195
194
192
193
192
194
194
194
193
194
194
196
197
197
196
195
195
196
196
198
196
196
197
198
198
195
196
195
195
195
195
196
198
197
197
197
196
196
196
195
193
190
192
191
191
191
190
192
192
191
192
193
190
190
191
191
191
191
190
190
189
189
189
188
186
187
188
189
187
186
186
186
188
190
191
191
191
190
190
191
192
193
191
189
188
189
188
188
187
186
186
185
186
187
188
188
190
190
188
190
190
191
191
190
191
189
190
190
188
187
187
187
187
186
186
185
187
189
187
187
188
188
187
185
184
184
182
182
184
185
188
188
188
187
187
186
188
187
187
189
188
188
187
189
187
186
187
186
188
186
186
186
187
186
186
185
183
183
183
185
185
186
187
188
189
191
192
193
192
190
188
188
189
188
187
186
187
187
187
185
184
186
186
186
184
184
185
185
185
187
188
187
189
192
191
191
191
190
190
190
190
189
190
193
191
191
192
193
193
194
196
195
194
195
195
193
190
190
193
195
196
195
196
195
195
195
195
195
194
194
193
192
191
189
188
187
187
185
183
184
183
186
186
188
187
185
186
185
187
187
185
184
185
185
186
186
186
186
187
187
186
185
184
187
187
189
188
189
191
190
187
187
185
185
181
181
181
181
182
179
180
180
178
179
178
177
180
180
183
182
182
181
180
179
177
178
181
181
181
179
178
178
177
179
179
178
179
178
177
177
176
174
175
173
172
171
169
168
168
168
170
168
169
171
170
170
170
170
172
173
176
176
177
174
172
176
174
174
176
178
175
174
175
173
174
176
174
175
175
175
177
177
177
177
176
175
174
174
173
172
171
172
173
174
174
173
173
171
171
173
172
175
174
173
172
173
172
170
171
173
174
176
173
172
172
173
174
174
173
174
174
173
175
174
175
175
174
173
174
173
175
175
172
172
173
174
174
173
170
172
172
172
173
172
172
172
172
172
171
171
171
173
173
173
174
172
173
170
173
173
174
174
175
175
177
176
175
176
178
179
178
178
179
181
179
179
178
177
178
177
175
173
174
175
177
176
175
174
174
174
174
175
174
175
173
173
174
174
170
170
169
169
168
167
167
166
167
167
167
165
165
161
162
163
163
163
163
161
161
160
160
162
161
162
162
163
163
163
163
163
163
165
166
166
166
168
168
167
168
168
167
165
165
166
165
166
166
166
166
167
167
168
167
167
169
167
167
167
168
168
169
170
169
168
167
170
171
171
169
170
171
169
168
168
169
171
171
170
170
170
170
170
172
173
170
170
167
168
169
169
168
169
170
169
169
169
169
167
166
166
165
165
167
167
167
167
166
166
166
166
164
164
164
167
167
167
167
169
169
169
169
171
171
169
169
170
170
171
171
172
172
171
170
172
169
170
170
170
169
168
169
169
169
169
168
170
170
170
170
169
168
169
172
169
170
172
172
173
173
172
170
171
171
169
168
169
167
167
168
169
168
167
167
169
169
167
164
165
164
165
166
166
167
167
167
167
168
167
166
163
163
165
165
165
166
168
170
170
168
167
168
170
169
167
169
170
170
172
170
168
168
168
170
168
166
166
165
162
162
162
162
160
159
159
158
158
158
158
159
157
159
161
161
162
161
160
160
160
161
161
161
160
160
159
161
161
161
160
160
162
161
162
163
162
163
164
164
164
166
164
163
164
164
164
163
164
163
162
163
164
164
165
163
163
165
166
167
167
168
167
167
168
167
166
163
162
163
163
164
163
163
162
164
163
164
164
165
165
167
166
166
166
167
165
163
163
164
166
166
166
165
166
167
167
169
169
168
169
168
167
168
169
169
168
169
168
168
170
169
166
166
165
164
166
167
165
166
168
167
166
165
167
165
167
166
168
169
166
166
165
165
164
164
164
163
163
163
164
162
164
164
164
162
161
161
160
160
161
159
160
160
160
161
160
160
159
159
157
156
157
159
159
159
160
160
159
159
161
161
160
161
160
161
161
161
161
161
161
160
159
159
160
156
156
158
158
158
159
157
158
158
159
160
159
161
160
159
159
158
157
157
157
157
158
160
160
159
159
157
157
158
157
159
160
160
161
163
163
164
165
163
162
161
159
157
158
156
155
154
154
154
152
152
152
152
153
154
154
155
155
155
155
155
156
155
158
158
159
159
159
160
162
161
162
160
161
162
162
163
162
162
161
159
159
159
160
159
160
159
162
161
162
162
162
161
159
158
159
160
160
158
159
159
160
160
160
159
159
158
159
159
159
158
157
159
159
161
161
161
162
162
162
164
163
163
163
161
160
162
163
162
162
164
164
167
167
166
164
164
165
164
163
163
161
161
162
161
161
162
162
162
162
162
162
166
166
167
166
165
164
164
164
164
165
166
166
168
168
168
168
168
165
165
163
162
163
163
164
164
164
164
163
164
163
163
162
163
164
165
164
163
163
162
163
163
165
165
162
161
161
162
160
161
164
164
165
164
163
163
164
164
164
164
163
160
161
160
160
160
159
160
161
160
159
159
158
157
157
157
158
158
158
159
158
158
157
157
156
156
156
155
155
156
157
158
157
156
156
159
158
158
157
157
158
158
158
158
159
158
156
157
159
158
160
160
158
158
157
157
157
155
156
157
158
158
160
160
158
157
157
157
158
157
157
156
157
157
157
156
156
156
156
157
158
157
157
158
158
158
158
157
155
155
154
153
154
153
153
152
153
152
152
152
152
153
153
156
153
154
153
154
155
156
157
158
160
160
157
157
156
157
155
156
154
155
155
157
157
156
156
157
157
159
159
158
155
157
157
157
157
158
160
160
159
159
161
162
161
160
159
158
158
155
157
157
158
160
159
158
158
159
159
159
158
159
159
160
160
160
160
160
157
157
157
156
156
155
154
152
152
152
153
153
153
154
156
153
153
153
153
152
153
155
157
155
155
152
152
152
152
152
152
149
149
148
149
150
150
152
152
151
151
151
152
152
152
152
151
151
152
151
150
149
151
151
151
150
147
149
149
149
149
150
151
153
152
151
150
148
148
148
148
148
148
148
148
148
148
149
148
149
148
149
150
149
149
149
150
150
148
148
148
147
147
147
147
147
146
147
146
147
145
144
145
147
148
147
147
148
148
149
149
147
148
147
149
148
148
146
146
146
148
149
150
149
149
150
152
152
149
148
147
147
148
148
149
148
149
149
148
149
148
146
146
145
144
145
143
142
142
144
143
142
142
143
144
145
146
146
146
146
145
147
147
145
145
145
144
143
142
141
141
141
141
144
145
147
147
147
147
147
147
146
147
148
149
148
149
146
146
146
146
146
146
145
144
144
143
144
144
144
144
146
146
145
144
142
141
142
142
144
142
141
141
140
140
141
141
142
144
145
145
146
145
145
144
143
145
146
148
145
144
144
144
144
144
144
143
142
142
140
138
137
136
136
136
136
136
135
137
138
138
139
140
141
142
143
144
143
145
145
144
144
144
145
145
146
146
142
143
143
143
143
140
140
141
142
142
141
141
142
142
141
142
143
144
143
145
145
144
143
145
146
147
145
145
145
146
147
147
145
145
146
145
146
147
148
148
149
148
148
147
146
146
145
146
148
146
146
145
144
144
146
147
147
147
148
149
150
151
153
153
151
153
154
153
152
152
152
152
151
151
150
150
149
149
150
149
150
150
150
149
149
150
150
149
149
148
151
152
151
151
152
150
150
150
152
150
149
150
151
151
150
151
152
154
151
151
150
150
150
152
148
148
148
148
149
150
149
148
149
148
148
148
148
147
147
147
147
147
148
148
149
149
149
148
148
148
149
152
151
151
151
152
149
146
146
146
146
146
148
147
145
145
145
144
144
145
146
147
145
145
145
146
148
147
147
147
147
146
145
145
145
146
146
147
148
146
146
145
143
144
144
145
143
141
142
142
142
142
143
143
144
145
146
147
147
147
147
149
149
149
150
149
151
153
151
152
152
150
150
150
149
150
149
148
149
148
148
149
149
149
149
148
149
151
152
150
147
149
150
150
149
149
149
150
149
147
147
147
148
148
148
149
150
149
149
149
149
150
152
151
151
151
152
152
153
152
153
154
153
152
152
150
151
149
150
148
149
151
152
152
151
148
149
149
149
149
151
150
150
151
151
151
151
150
153
153
153
155
155
156
155
151
151
151
149
149
151
152
151
153
153
152
154
154
154
154
154
154
153
153
152
152
152
155
156
155
153
154
155
154
154
154
152
153
154
156
154
152
153
152
150
152
153
153
154
154
153
152
153
153
152
151
152
152
153
152
151
151
150
149
150
149
150
149
148
148
149
150
149
148
149
151
151
150
150
150
150
150
150
149
149
148
148
148
148
147
147
146
147
148
149
148
147
148
146
145
146
145
144
145
146
146
147
146
147
148
149
152
152
152
153
152
152
150
149
147
145
144
142
143
142
143
145
145
145
145
148
145
141
143
146
145
144
144
144
142
141
139
139
140
140
139
140
140
138
138
138
138
138
139
139
138
137
137
138
139
138
138
139
139
140
139
138
139
138
136
136
137
139
139
139
141
141
140
139
139
140
140
140
139
139
138
138
137
137
135
134
136
135
135
136
139
138
138
138
139
139
139
140
138
137
139
139
141
142
142
142
140
141
139
140
140
142
142
141
139
139
139
139
139
138
137
138
138
138
137
135
133
133
134
135
134
134
135
135
135
136
138
137
138
137
136
137
139
141
142
142
142
144
144
143
141
141
141
141
139
140
140
140
141
142
142
143
142
139
139
139
139
139
140
141
142
143
142
142
140
140
138
136
136
136
136
137
137
136
137
138
136
135
135
136
135
137
138
139
139
139
139
140
141
140
139
138
137
137
137
138
138
140
140
142
141
141
143
140
140
140
141
141
141
142
143
141
141
144
141
140
140
140
142
142
141
141
141
140
140
140
140
140
139
138
138
138
138
139
140
141
141
141
140
141
144
143
144
144
142
143
141
140
140
140
143
143
143
141
141
141
141
143
144
143
144
145
144
143
142
140
139
138
138
139
141
143
142
142
143
144
145
146
145
144
144
145
144
146
145
144
145
144
145
142
142
141
142
142
141
141
140
141
141
141
142
142
142
142
142
142
143
143
142
142
142
142
142
142
142
143
142
141
142
140
140
141
141
141
141
141
142
141
141
142
142
141
142
142
144
144
144
144
143
143
143
141
141
139
139
141
142
141
141
141
142
141
141
141
140
141
142
143
141
139
139
139
140
140
140
140
140
140
140
139
140
140
139
141
141
141
142
140
141
140
139
138
138
137
138
137
138
138
138
139
137
137
137
137
137
138
139
139
141
139
139
139
139
138
139
139
139
139
139
138
138
138
138
138
138
138
137
137
137
137
138
138
138
138
139
142
142
145
146
146
145
144
145
145
144
147
146
146
146
143
143
144
142
142
144
145
144
145
144
143
143
143
142
142
143
143
143
144
143
143
143
142
142
142
141
143
144
142
141
140
141
140
141
140
140
140
140
141
141
140
139
139
139
140
141
140
142
142
142
140
141
141
142
142
141
143
143
143
144
143
142
142
142
143
143
145
144
143
142
142
144
143
143
143
144
144
144
145
145
146
146
144
146
143
142
142
140
140
141
141
142
143
140
139
140
141
141
139
138
138
138
138
139
140
140
140
140
141
141
141
141
142
143
144
143
143
142
142
142
142
140
140
142
143
143
141
140
141
142
141
141
142
142
141
142
143
142
143
144
144
143
143
143
142
142
142
141
141
142
145
144
144
144
143
144
143
144
145
146
147
148
147
147
145
144
141
141
143
142
142
143
142
142
143
143
145
145
143
142
141
141
140
140
142
142
142
142
141
140
143
143
144
144
144
144
144
143
144
143
142
142
141
142
142
139
141
141
141
141
141
141
141
140
140
142
142
143
145
145
143
142
141
143
142
143
142
142
143
143
143
142
142
143
144
143
144
145
145
145
146
148
148
148
149
147
148
147
147
150
151
152
153
155
155
153
152
152
151
152
151
150
150
149
148
148
148
146
146
149
150
149
148
149
149
147
147
146
146
144
145
146
145
145
145
147
147
146
147
146
144
144
143
143
140
140
141
141
139
140
140
140
141
140
141
140
138
139
138
138
137
136
135
134
133
132
134
133
134
134
134
134
133
133
133
133
133
134
134
135
136
137
137
138
139
140
140
138
137
136
134
134
134
133
133
134
133
133
133
133
132
133
133
132
131
130
129
127
129
129
129
129
128
129
130
130
129
130
133
133
134
134
134
135
136
137
137
137
137
137
137
136
136
136
136
137
136
138
138
140
140
139
139
138
137
136
137
136
134
134
133
133
134
134
134
135
136
136
135
135
135
135
135
135
135
133
133
133
133
133
134
134
135
134
134
134
135
137
138
140
140
140
140
140
141
139
138
139
138
138
137
137
136
139
139
136
135
135
135
135
136
137
137
137
137
135
136
134
134
134
134
134
133
133
134
134
133
133
133
133
132
132
132
132
134
134
134
135
135
136
135
135
136
136
136
137
136
136
134
135
134
134
135
135
135
136
135
136
136
135
134
134
134
134
136
136
136
137
137
137
138
137
137
137
138
137
137
138
138
138
139
138
136
137
137
137
136
137
136
136
136
136
136
136
137
137
137
138
136
137
137
138
138
137
137
136
136
134
134
135
135
134
134
132
132
131
130
131
130
132
132
133
134
134
134
133
133
133
132
132
132
131
131
129
129
130
129
130
129
129
129
129
130
131
133
133
133
133
133
132
133
133
132
132
130
130
130
130
132
132
132
133
134
133
133
133
132
132
133
131
132
132
131
128
128
129
130
129
130
130
132
133
133
133
134
133
133
132
133
133
133
133
134
135
135
136
137
136
136
136
136
137
140
139
137
135
136
136
139
139
140
139
138
140
141
142
140
140
142
142
141
140
140
139
140
143
144
143
143
146
147
145
146
147
146
146
144
143
143
143
142
143
143
143
145
144
142
141
141
142
141
143
143
143
143
143
141
140
140
142
143
143
141
143
142
143
143
142
142
140
141
141
140
139
141
141
142
143
144
144
143
145
145
144
143
144
144
143
142
141
141
141
140
140
139
139
139
139
139
138
138
137
136
135
135
135
136
136
135
136
135
135
135
135
135
135
134
133
134
134
133
133
133
134
136
136
137
137
136
138
137
138
139
137
140
140
139
139
138
137
137
137
139
140
141
141
141
140
141
141
140
140
141
140
142
141
141
141
141
142
141
142
141
140
140
140
141
140
141
141
142
141
139
140
142
141
138
138
138
138
137
138
138
139
138
139
139
140
141
140
139
140
139
139
140
140
140
144
143
142
140
141
141
141
141
141
140
139
137
137
135
135
134
134
134
133
135
134
135
134
134
133
134
133
134
134
134
132
131
131
132
135
134
133
134
133
134
135
135
135
134
133
135
137
138
138
137
134
134
134
135
136
137
138
137
137
135
135
135
135
135
134
134
134
134
134
134
133
134
134
134
135
134
134
134
135
135
133
133
133
133
134
135
135
131
134
134
133
133
133
134
133
134
134
135
135
134
134
136
136
136
139
141
141
140
142
140
138
138
139
139
139
138
137
135
135
136
136
138
139
138
138
138
138
138
136
139
137
137
137
137
137
138
137
137
136
138
137
137
138
138
137
138
138
137
137
138
138
137
139
141
140
140
139
139
136
136
135
136
135
136
135
133
133
134
135
134
133
133
134
135
136
136
136
136
137
136
134
133
133
136
136
136
135
137
137
136
136
137
137
137
135
135
135
134
133
133
133
134
133
132
131
133
134
135
135
135
136
135
133
132
131
131
132
132
131
132
131
133
134
134
134
132
132
133
131
132
132
133
134
134
135
135
135
134
134
133
135
134
133
134
132
133
131
130
131
131
132
132
132
133
132
132
132
133
133
133
133
133
131
130
129
129
128
131
131
130
129
129
127
127
128
129
130
130
132
132
132
134
134
134
134
134
134
135
134
132
132
130
130
131
129
129
130
130
131
133
131
131
130
131
133
134
134
134
134
133
133
134
134
134
134
134
133
133
133
135
136
136
136
136
137
134
134
134
134
133
133
133
131
130
128
129
129
125
125
125
126
127
127
126
126
126
125
125
125
124
124
124
123
123
123
124
124
125
126
127
127
127
127
126
124
124
122
122
121
121
121
122
121
121
121
122
123
122
123
122
122
122
124
122
122
122
123
124
124
124
124
125
125
125
126
126
126
127
127
127
127
127
126
127
126
126
126
126
126
125
125
125
126
126
126
126
127
127
127
127
127
126
126
129
129
129
129
130
129
129
130
130
129
128
127
129
129
129
129
130
131
131
131
130
128
129
129
129
131
130
129
128
128
129
130
130
131
131
130
130
131
131
132
133
133
133
132
134
134
134
134
133
134
136
133
134
132
134
133
132
132
134
133
134
133
133
134
134
136
136
136
136
136
137
136
135
134
134
135
135
135
134
135
135
135
134
135
135
134
133
133
132
132
133
133
133
131
132
129
130
130
130
130
130
130
130
130
132
132
132
131
132
132
132
132
133
131
132
131
134
130
131
131
130
130
130
129
129
130
129
130
131
131
132
131
129
129
130
130
132
134
134
135
135
134
133
133
132
133
133
133
134
133
133
131
130
130
130
130
133
132
132
130
130
129
129
128
130
131
132
132
130
130
129
129
129
130
130
132
132
132
130
131
131
132
131
133
135
134
133
132
133
133
135
135
136
136
134
135
136
136
134
137
137
138
138
138
137
137
135
135
135
135
135
135
133
135
137
136
135
134
134
134
130
131
131
130
131
130
130
129
129
129
129
128
127
128
129
128
129
129
129
127
127
127
129
129
130
130
132
132
130
131
132
132
133
131
131
134
134
134
133
136
136
137
137
135
134
137
138
138
140
139
139
140
140
138
139
139
139
139
138
136
135
135
135
136
136
135
134
132
133
133
134
135
137
138
137
137
136
134
136
135
138
139
138
137
138
136
135
134
134
134
133
134
135
134
133
132
134
134
133
133
133
131
132
131
132
132
131
131
132
132
132
131
131
130
129
129
128
129
129
130
130
131
131
130
130
130
130
132
131
130
129
130
130
130
128
129
129
128
129
130
131
131
131
132
131
130
130
130
131
132
132
132
132
132
130
131
131
131
131
130
131
131
132
134
134
135
136
135
135
136
135
135
134
134
134
135
134
134
133
133
131
131
131
131
131
133
133
132
133
133
131
129
127
126
128
128
128
129
129
129
130
130
132
133
130
130
130
128
128
128
129
130
129
129
129
128
129
129
133
132
132
133
132
132
132
132
132
133
133
132
132
131
131
130
131
131
131
131
131
130
129
128
129
129
128
127
125
125
125
125
124
125
124
124
124
124
124
124
124
124
124
123
123
126
128
128
128
129
128
125
125
126
127
127
127
127
127
126
127
126
126
125
125
124
125
125
124
125
124
124
122
123
123
124
124
124
122
124
123
123
124
122
122
123
124
125
124
124
124
124
124
124
124
124
125
126
127
126
126
126
126
127
126
125
123
124
125
125
124
123
123
123
125
125
126
127
127
127
128
129
130
130
130
131
131
130
130
132
133
134
134
133
133
132
130
130
130
129
130
129
129
128
128
128
128
129
130
131
130
130
132
132
132
132
132
133
133
132
134
134
134
134
134
133
131
131
133
134
136
136
137
136
135
135
137
136
136
136
135
135
137
137
137
136
136
135
135
135
136
136
136
137
139
139
139
139
139
140
140
139
138
137
137
138
139
137
136
137
137
135
134
134
135
135
134
134
133
133
133
134
133
133
133
133
134
133
134
132
131
131
132
132
132
132
133
134
134
132
133
132
128
128
129
130
128
130
131
132
132
131
131
127
127
127
127
125
127
129
131
130
130
130
129
127
124
125
125
126
126
127
127
127
126
125
125
127
125
126
126
126
127
128
125
127
127
127
127
127
129
129
128
129
127
129
128
129
129
129
128
129
129
127
126
127
128
128
127
127
128
127
125
126
127
127
126
127
127
127
125
127
128
129
131
130
128
127
127
127
127
126
127
127
126
126
127
126
124
123
124
124
125
127
127
126
126
126
125
128
126
126
127
127
126
126
126
126
126
128
128
127
127
127
126
127
126
127
126
126
128
127
127
126
125
125
124
124
125
124
124
126
126
124
124
125
123
122
120
122
122
123
123
123
123
123
123
124
123
124
126
125
123
124
124
123
124
124
122
124
123
123
122
121
123
123
123
124
122
121
120
122
121
121
121
123
123
123
124
125
125
124
123
122
122
121
122
122
124
125
123
123
124
122
122
122
123
122
122
123
123
122
122
122
122
122
122
122
120
120
121
121
120
120
120
120
120
123
123
123
124
124
126
124
126
126
126
128
128
128
128
127
128
129
128
128
127
126
126
129
128
128
129
128
125
124
120
120
120
118
119
119
120
119
119
118
118
116
116
116
115
114
114
115
115
116
116
118
116
116
115
114
114
115
116
116
116
116
116
116
116
116
117
