C1[1]		200.0
B0[1]		0.4
D0[1]		0.2
B1[1][1]	0.0		B1[1][2]	0.0
D1[1][1]	0.001		D1[1][2]	0.0005
Wbrmax[1][1]	0.0		Wbrmax[1][2]	0.00
Wbsd[1][1]      0.0		Wbsd[1][2]      0.0
Wdrmax[1][1]	0.12		Wdrmax[1][2]	0.12
Wdsd[1][1]      0.03		Wdsd[1][2]      0.03
Mbrmax[1]	0.12
Mbsd[1]         0.03
Mrmax[1]	0.0
Msd[1]          0.0
Mintegral[1]	0.0

C1[2]		200.0
B0[2]		0.4
D0[2]		0.2
B1[2][1]	0.0		B1[2][2]	0.0
D1[2][1]	0.002		D1[2][2]	0.001
Wbrmax[2][1]	0.0		Wbrmax[2][2]	0.0
Wbsd[2][1]      0.0		Wbsd[2][2]      0.0
Wdrmax[2][1]	0.12		Wdrmax[2][2]	0.12
Wdsd[2][1]      0.03		Wdsd[2][2]      0.03
Mbrmax[2]	0.5
Mbsd[2]         0.2
Mrmax[2]	0.0
Msd[2]          0.0
Mintegral[2]	0.0

