size discretization iterations initial_population birth_rate death_rate birth_variance death_variance seed
1 5000 5000 300 5e-3 1e-4 1e-05 1e-05 1
1 5000 5000 300 5e-3 1e-4 1e-05 4.413793103448276e-05 2
1 5000 5000 300 5e-3 1e-4 1e-05 7.827586206896552e-05 3
1 5000 5000 300 5e-3 1e-4 1e-05 0.00011241379310344828 4
1 5000 5000 300 5e-3 1e-4 1e-05 0.00014655172413793104 5
1 5000 5000 300 5e-3 1e-4 1e-05 0.0001806896551724138 6
1 5000 5000 300 5e-3 1e-4 1e-05 0.00021482758620689656 7
1 5000 5000 300 5e-3 1e-4 1e-05 0.00024896551724137937 8
1 5000 5000 300 5e-3 1e-4 1e-05 0.0002831034482758621 9
1 5000 5000 300 5e-3 1e-4 1e-05 0.00031724137931034486 10
1 5000 5000 300 5e-3 1e-4 1e-05 0.0003513793103448276 11
1 5000 5000 300 5e-3 1e-4 1e-05 0.0003855172413793104 12
1 5000 5000 300 5e-3 1e-4 1e-05 0.00041965517241379316 13
1 5000 5000 300 5e-3 1e-4 1e-05 0.0004537931034482759 14
1 5000 5000 300 5e-3 1e-4 1e-05 0.0004879310344827587 15
1 5000 5000 300 5e-3 1e-4 1e-05 0.0005220689655172415 16
1 5000 5000 300 5e-3 1e-4 1e-05 0.0005562068965517242 17
1 5000 5000 300 5e-3 1e-4 1e-05 0.0005903448275862069 18
1 5000 5000 300 5e-3 1e-4 1e-05 0.0006244827586206897 19
1 5000 5000 300 5e-3 1e-4 1e-05 0.0006586206896551724 20
1 5000 5000 300 5e-3 1e-4 1e-05 0.0006927586206896552 21
1 5000 5000 300 5e-3 1e-4 1e-05 0.000726896551724138 22
1 5000 5000 300 5e-3 1e-4 1e-05 0.0007610344827586208 23
1 5000 5000 300 5e-3 1e-4 1e-05 0.0007951724137931035 24
1 5000 5000 300 5e-3 1e-4 1e-05 0.0008293103448275863 25
1 5000 5000 300 5e-3 1e-4 1e-05 0.000863448275862069 26
1 5000 5000 300 5e-3 1e-4 1e-05 0.0008975862068965518 27
1 5000 5000 300 5e-3 1e-4 1e-05 0.0009317241379310345 28
1 5000 5000 300 5e-3 1e-4 1e-05 0.0009658620689655174 29
1 5000 5000 300 5e-3 1e-4 1e-05 0.001 30
1 5000 5000 300 5e-3 1e-4 4.413793103448276e-05 1e-05 31
1 5000 5000 300 5e-3 1e-4 4.413793103448276e-05 4.413793103448276e-05 32
1 5000 5000 300 5e-3 1e-4 4.413793103448276e-05 7.827586206896552e-05 33
1 5000 5000 300 5e-3 1e-4 4.413793103448276e-05 0.00011241379310344828 34
1 5000 5000 300 5e-3 1e-4 4.413793103448276e-05 0.00014655172413793104 35
1 5000 5000 300 5e-3 1e-4 4.413793103448276e-05 0.0001806896551724138 36
1 5000 5000 300 5e-3 1e-4 4.413793103448276e-05 0.00021482758620689656 37
1 5000 5000 300 5e-3 1e-4 4.413793103448276e-05 0.00024896551724137937 38
1 5000 5000 300 5e-3 1e-4 4.413793103448276e-05 0.0002831034482758621 39
1 5000 5000 300 5e-3 1e-4 4.413793103448276e-05 0.00031724137931034486 40
1 5000 5000 300 5e-3 1e-4 4.413793103448276e-05 0.0003513793103448276 41
1 5000 5000 300 5e-3 1e-4 4.413793103448276e-05 0.0003855172413793104 42
1 5000 5000 300 5e-3 1e-4 4.413793103448276e-05 0.00041965517241379316 43
1 5000 5000 300 5e-3 1e-4 4.413793103448276e-05 0.0004537931034482759 44
1 5000 5000 300 5e-3 1e-4 4.413793103448276e-05 0.0004879310344827587 45
1 5000 5000 300 5e-3 1e-4 4.413793103448276e-05 0.0005220689655172415 46
1 5000 5000 300 5e-3 1e-4 4.413793103448276e-05 0.0005562068965517242 47
1 5000 5000 300 5e-3 1e-4 4.413793103448276e-05 0.0005903448275862069 48
1 5000 5000 300 5e-3 1e-4 4.413793103448276e-05 0.0006244827586206897 49
1 5000 5000 300 5e-3 1e-4 4.413793103448276e-05 0.0006586206896551724 50
1 5000 5000 300 5e-3 1e-4 4.413793103448276e-05 0.0006927586206896552 51
1 5000 5000 300 5e-3 1e-4 4.413793103448276e-05 0.000726896551724138 52
1 5000 5000 300 5e-3 1e-4 4.413793103448276e-05 0.0007610344827586208 53
1 5000 5000 300 5e-3 1e-4 4.413793103448276e-05 0.0007951724137931035 54
1 5000 5000 300 5e-3 1e-4 4.413793103448276e-05 0.0008293103448275863 55
1 5000 5000 300 5e-3 1e-4 4.413793103448276e-05 0.000863448275862069 56
1 5000 5000 300 5e-3 1e-4 4.413793103448276e-05 0.0008975862068965518 57
1 5000 5000 300 5e-3 1e-4 4.413793103448276e-05 0.0009317241379310345 58
1 5000 5000 300 5e-3 1e-4 4.413793103448276e-05 0.0009658620689655174 59
1 5000 5000 300 5e-3 1e-4 4.413793103448276e-05 0.001 60
1 5000 5000 300 5e-3 1e-4 7.827586206896552e-05 1e-05 61
1 5000 5000 300 5e-3 1e-4 7.827586206896552e-05 4.413793103448276e-05 62
1 5000 5000 300 5e-3 1e-4 7.827586206896552e-05 7.827586206896552e-05 63
1 5000 5000 300 5e-3 1e-4 7.827586206896552e-05 0.00011241379310344828 64
1 5000 5000 300 5e-3 1e-4 7.827586206896552e-05 0.00014655172413793104 65
1 5000 5000 300 5e-3 1e-4 7.827586206896552e-05 0.0001806896551724138 66
1 5000 5000 300 5e-3 1e-4 7.827586206896552e-05 0.00021482758620689656 67
1 5000 5000 300 5e-3 1e-4 7.827586206896552e-05 0.00024896551724137937 68
1 5000 5000 300 5e-3 1e-4 7.827586206896552e-05 0.0002831034482758621 69
1 5000 5000 300 5e-3 1e-4 7.827586206896552e-05 0.00031724137931034486 70
1 5000 5000 300 5e-3 1e-4 7.827586206896552e-05 0.0003513793103448276 71
1 5000 5000 300 5e-3 1e-4 7.827586206896552e-05 0.0003855172413793104 72
1 5000 5000 300 5e-3 1e-4 7.827586206896552e-05 0.00041965517241379316 73
1 5000 5000 300 5e-3 1e-4 7.827586206896552e-05 0.0004537931034482759 74
1 5000 5000 300 5e-3 1e-4 7.827586206896552e-05 0.0004879310344827587 75
1 5000 5000 300 5e-3 1e-4 7.827586206896552e-05 0.0005220689655172415 76
1 5000 5000 300 5e-3 1e-4 7.827586206896552e-05 0.0005562068965517242 77
1 5000 5000 300 5e-3 1e-4 7.827586206896552e-05 0.0005903448275862069 78
1 5000 5000 300 5e-3 1e-4 7.827586206896552e-05 0.0006244827586206897 79
1 5000 5000 300 5e-3 1e-4 7.827586206896552e-05 0.0006586206896551724 80
1 5000 5000 300 5e-3 1e-4 7.827586206896552e-05 0.0006927586206896552 81
1 5000 5000 300 5e-3 1e-4 7.827586206896552e-05 0.000726896551724138 82
1 5000 5000 300 5e-3 1e-4 7.827586206896552e-05 0.0007610344827586208 83
1 5000 5000 300 5e-3 1e-4 7.827586206896552e-05 0.0007951724137931035 84
1 5000 5000 300 5e-3 1e-4 7.827586206896552e-05 0.0008293103448275863 85
1 5000 5000 300 5e-3 1e-4 7.827586206896552e-05 0.000863448275862069 86
1 5000 5000 300 5e-3 1e-4 7.827586206896552e-05 0.0008975862068965518 87
1 5000 5000 300 5e-3 1e-4 7.827586206896552e-05 0.0009317241379310345 88
1 5000 5000 300 5e-3 1e-4 7.827586206896552e-05 0.0009658620689655174 89
1 5000 5000 300 5e-3 1e-4 7.827586206896552e-05 0.001 90
1 5000 5000 300 5e-3 1e-4 0.00011241379310344828 1e-05 91
1 5000 5000 300 5e-3 1e-4 0.00011241379310344828 4.413793103448276e-05 92
1 5000 5000 300 5e-3 1e-4 0.00011241379310344828 7.827586206896552e-05 93
1 5000 5000 300 5e-3 1e-4 0.00011241379310344828 0.00011241379310344828 94
1 5000 5000 300 5e-3 1e-4 0.00011241379310344828 0.00014655172413793104 95
1 5000 5000 300 5e-3 1e-4 0.00011241379310344828 0.0001806896551724138 96
1 5000 5000 300 5e-3 1e-4 0.00011241379310344828 0.00021482758620689656 97
1 5000 5000 300 5e-3 1e-4 0.00011241379310344828 0.00024896551724137937 98
1 5000 5000 300 5e-3 1e-4 0.00011241379310344828 0.0002831034482758621 99
1 5000 5000 300 5e-3 1e-4 0.00011241379310344828 0.00031724137931034486 100
1 5000 5000 300 5e-3 1e-4 0.00011241379310344828 0.0003513793103448276 101
1 5000 5000 300 5e-3 1e-4 0.00011241379310344828 0.0003855172413793104 102
1 5000 5000 300 5e-3 1e-4 0.00011241379310344828 0.00041965517241379316 103
1 5000 5000 300 5e-3 1e-4 0.00011241379310344828 0.0004537931034482759 104
1 5000 5000 300 5e-3 1e-4 0.00011241379310344828 0.0004879310344827587 105
1 5000 5000 300 5e-3 1e-4 0.00011241379310344828 0.0005220689655172415 106
1 5000 5000 300 5e-3 1e-4 0.00011241379310344828 0.0005562068965517242 107
1 5000 5000 300 5e-3 1e-4 0.00011241379310344828 0.0005903448275862069 108
1 5000 5000 300 5e-3 1e-4 0.00011241379310344828 0.0006244827586206897 109
1 5000 5000 300 5e-3 1e-4 0.00011241379310344828 0.0006586206896551724 110
1 5000 5000 300 5e-3 1e-4 0.00011241379310344828 0.0006927586206896552 111
1 5000 5000 300 5e-3 1e-4 0.00011241379310344828 0.000726896551724138 112
1 5000 5000 300 5e-3 1e-4 0.00011241379310344828 0.0007610344827586208 113
1 5000 5000 300 5e-3 1e-4 0.00011241379310344828 0.0007951724137931035 114
1 5000 5000 300 5e-3 1e-4 0.00011241379310344828 0.0008293103448275863 115
1 5000 5000 300 5e-3 1e-4 0.00011241379310344828 0.000863448275862069 116
1 5000 5000 300 5e-3 1e-4 0.00011241379310344828 0.0008975862068965518 117
1 5000 5000 300 5e-3 1e-4 0.00011241379310344828 0.0009317241379310345 118
1 5000 5000 300 5e-3 1e-4 0.00011241379310344828 0.0009658620689655174 119
1 5000 5000 300 5e-3 1e-4 0.00011241379310344828 0.001 120
1 5000 5000 300 5e-3 1e-4 0.00014655172413793104 1e-05 121
1 5000 5000 300 5e-3 1e-4 0.00014655172413793104 4.413793103448276e-05 122
1 5000 5000 300 5e-3 1e-4 0.00014655172413793104 7.827586206896552e-05 123
1 5000 5000 300 5e-3 1e-4 0.00014655172413793104 0.00011241379310344828 124
1 5000 5000 300 5e-3 1e-4 0.00014655172413793104 0.00014655172413793104 125
1 5000 5000 300 5e-3 1e-4 0.00014655172413793104 0.0001806896551724138 126
1 5000 5000 300 5e-3 1e-4 0.00014655172413793104 0.00021482758620689656 127
1 5000 5000 300 5e-3 1e-4 0.00014655172413793104 0.00024896551724137937 128
1 5000 5000 300 5e-3 1e-4 0.00014655172413793104 0.0002831034482758621 129
1 5000 5000 300 5e-3 1e-4 0.00014655172413793104 0.00031724137931034486 130
1 5000 5000 300 5e-3 1e-4 0.00014655172413793104 0.0003513793103448276 131
1 5000 5000 300 5e-3 1e-4 0.00014655172413793104 0.0003855172413793104 132
1 5000 5000 300 5e-3 1e-4 0.00014655172413793104 0.00041965517241379316 133
1 5000 5000 300 5e-3 1e-4 0.00014655172413793104 0.0004537931034482759 134
1 5000 5000 300 5e-3 1e-4 0.00014655172413793104 0.0004879310344827587 135
1 5000 5000 300 5e-3 1e-4 0.00014655172413793104 0.0005220689655172415 136
1 5000 5000 300 5e-3 1e-4 0.00014655172413793104 0.0005562068965517242 137
1 5000 5000 300 5e-3 1e-4 0.00014655172413793104 0.0005903448275862069 138
1 5000 5000 300 5e-3 1e-4 0.00014655172413793104 0.0006244827586206897 139
1 5000 5000 300 5e-3 1e-4 0.00014655172413793104 0.0006586206896551724 140
1 5000 5000 300 5e-3 1e-4 0.00014655172413793104 0.0006927586206896552 141
1 5000 5000 300 5e-3 1e-4 0.00014655172413793104 0.000726896551724138 142
1 5000 5000 300 5e-3 1e-4 0.00014655172413793104 0.0007610344827586208 143
1 5000 5000 300 5e-3 1e-4 0.00014655172413793104 0.0007951724137931035 144
1 5000 5000 300 5e-3 1e-4 0.00014655172413793104 0.0008293103448275863 145
1 5000 5000 300 5e-3 1e-4 0.00014655172413793104 0.000863448275862069 146
1 5000 5000 300 5e-3 1e-4 0.00014655172413793104 0.0008975862068965518 147
1 5000 5000 300 5e-3 1e-4 0.00014655172413793104 0.0009317241379310345 148
1 5000 5000 300 5e-3 1e-4 0.00014655172413793104 0.0009658620689655174 149
1 5000 5000 300 5e-3 1e-4 0.00014655172413793104 0.001 150
1 5000 5000 300 5e-3 1e-4 0.0001806896551724138 1e-05 151
1 5000 5000 300 5e-3 1e-4 0.0001806896551724138 4.413793103448276e-05 152
1 5000 5000 300 5e-3 1e-4 0.0001806896551724138 7.827586206896552e-05 153
1 5000 5000 300 5e-3 1e-4 0.0001806896551724138 0.00011241379310344828 154
1 5000 5000 300 5e-3 1e-4 0.0001806896551724138 0.00014655172413793104 155
1 5000 5000 300 5e-3 1e-4 0.0001806896551724138 0.0001806896551724138 156
1 5000 5000 300 5e-3 1e-4 0.0001806896551724138 0.00021482758620689656 157
1 5000 5000 300 5e-3 1e-4 0.0001806896551724138 0.00024896551724137937 158
1 5000 5000 300 5e-3 1e-4 0.0001806896551724138 0.0002831034482758621 159
1 5000 5000 300 5e-3 1e-4 0.0001806896551724138 0.00031724137931034486 160
1 5000 5000 300 5e-3 1e-4 0.0001806896551724138 0.0003513793103448276 161
1 5000 5000 300 5e-3 1e-4 0.0001806896551724138 0.0003855172413793104 162
1 5000 5000 300 5e-3 1e-4 0.0001806896551724138 0.00041965517241379316 163
1 5000 5000 300 5e-3 1e-4 0.0001806896551724138 0.0004537931034482759 164
1 5000 5000 300 5e-3 1e-4 0.0001806896551724138 0.0004879310344827587 165
1 5000 5000 300 5e-3 1e-4 0.0001806896551724138 0.0005220689655172415 166
1 5000 5000 300 5e-3 1e-4 0.0001806896551724138 0.0005562068965517242 167
1 5000 5000 300 5e-3 1e-4 0.0001806896551724138 0.0005903448275862069 168
1 5000 5000 300 5e-3 1e-4 0.0001806896551724138 0.0006244827586206897 169
1 5000 5000 300 5e-3 1e-4 0.0001806896551724138 0.0006586206896551724 170
1 5000 5000 300 5e-3 1e-4 0.0001806896551724138 0.0006927586206896552 171
1 5000 5000 300 5e-3 1e-4 0.0001806896551724138 0.000726896551724138 172
1 5000 5000 300 5e-3 1e-4 0.0001806896551724138 0.0007610344827586208 173
1 5000 5000 300 5e-3 1e-4 0.0001806896551724138 0.0007951724137931035 174
1 5000 5000 300 5e-3 1e-4 0.0001806896551724138 0.0008293103448275863 175
1 5000 5000 300 5e-3 1e-4 0.0001806896551724138 0.000863448275862069 176
1 5000 5000 300 5e-3 1e-4 0.0001806896551724138 0.0008975862068965518 177
1 5000 5000 300 5e-3 1e-4 0.0001806896551724138 0.0009317241379310345 178
1 5000 5000 300 5e-3 1e-4 0.0001806896551724138 0.0009658620689655174 179
1 5000 5000 300 5e-3 1e-4 0.0001806896551724138 0.001 180
1 5000 5000 300 5e-3 1e-4 0.00021482758620689656 1e-05 181
1 5000 5000 300 5e-3 1e-4 0.00021482758620689656 4.413793103448276e-05 182
1 5000 5000 300 5e-3 1e-4 0.00021482758620689656 7.827586206896552e-05 183
1 5000 5000 300 5e-3 1e-4 0.00021482758620689656 0.00011241379310344828 184
1 5000 5000 300 5e-3 1e-4 0.00021482758620689656 0.00014655172413793104 185
1 5000 5000 300 5e-3 1e-4 0.00021482758620689656 0.0001806896551724138 186
1 5000 5000 300 5e-3 1e-4 0.00021482758620689656 0.00021482758620689656 187
1 5000 5000 300 5e-3 1e-4 0.00021482758620689656 0.00024896551724137937 188
1 5000 5000 300 5e-3 1e-4 0.00021482758620689656 0.0002831034482758621 189
1 5000 5000 300 5e-3 1e-4 0.00021482758620689656 0.00031724137931034486 190
1 5000 5000 300 5e-3 1e-4 0.00021482758620689656 0.0003513793103448276 191
1 5000 5000 300 5e-3 1e-4 0.00021482758620689656 0.0003855172413793104 192
1 5000 5000 300 5e-3 1e-4 0.00021482758620689656 0.00041965517241379316 193
1 5000 5000 300 5e-3 1e-4 0.00021482758620689656 0.0004537931034482759 194
1 5000 5000 300 5e-3 1e-4 0.00021482758620689656 0.0004879310344827587 195
1 5000 5000 300 5e-3 1e-4 0.00021482758620689656 0.0005220689655172415 196
1 5000 5000 300 5e-3 1e-4 0.00021482758620689656 0.0005562068965517242 197
1 5000 5000 300 5e-3 1e-4 0.00021482758620689656 0.0005903448275862069 198
1 5000 5000 300 5e-3 1e-4 0.00021482758620689656 0.0006244827586206897 199
1 5000 5000 300 5e-3 1e-4 0.00021482758620689656 0.0006586206896551724 200
1 5000 5000 300 5e-3 1e-4 0.00021482758620689656 0.0006927586206896552 201
1 5000 5000 300 5e-3 1e-4 0.00021482758620689656 0.000726896551724138 202
1 5000 5000 300 5e-3 1e-4 0.00021482758620689656 0.0007610344827586208 203
1 5000 5000 300 5e-3 1e-4 0.00021482758620689656 0.0007951724137931035 204
1 5000 5000 300 5e-3 1e-4 0.00021482758620689656 0.0008293103448275863 205
1 5000 5000 300 5e-3 1e-4 0.00021482758620689656 0.000863448275862069 206
1 5000 5000 300 5e-3 1e-4 0.00021482758620689656 0.0008975862068965518 207
1 5000 5000 300 5e-3 1e-4 0.00021482758620689656 0.0009317241379310345 208
1 5000 5000 300 5e-3 1e-4 0.00021482758620689656 0.0009658620689655174 209
1 5000 5000 300 5e-3 1e-4 0.00021482758620689656 0.001 210
1 5000 5000 300 5e-3 1e-4 0.00024896551724137937 1e-05 211
1 5000 5000 300 5e-3 1e-4 0.00024896551724137937 4.413793103448276e-05 212
1 5000 5000 300 5e-3 1e-4 0.00024896551724137937 7.827586206896552e-05 213
1 5000 5000 300 5e-3 1e-4 0.00024896551724137937 0.00011241379310344828 214
1 5000 5000 300 5e-3 1e-4 0.00024896551724137937 0.00014655172413793104 215
1 5000 5000 300 5e-3 1e-4 0.00024896551724137937 0.0001806896551724138 216
1 5000 5000 300 5e-3 1e-4 0.00024896551724137937 0.00021482758620689656 217
1 5000 5000 300 5e-3 1e-4 0.00024896551724137937 0.00024896551724137937 218
1 5000 5000 300 5e-3 1e-4 0.00024896551724137937 0.0002831034482758621 219
1 5000 5000 300 5e-3 1e-4 0.00024896551724137937 0.00031724137931034486 220
1 5000 5000 300 5e-3 1e-4 0.00024896551724137937 0.0003513793103448276 221
1 5000 5000 300 5e-3 1e-4 0.00024896551724137937 0.0003855172413793104 222
1 5000 5000 300 5e-3 1e-4 0.00024896551724137937 0.00041965517241379316 223
1 5000 5000 300 5e-3 1e-4 0.00024896551724137937 0.0004537931034482759 224
1 5000 5000 300 5e-3 1e-4 0.00024896551724137937 0.0004879310344827587 225
1 5000 5000 300 5e-3 1e-4 0.00024896551724137937 0.0005220689655172415 226
1 5000 5000 300 5e-3 1e-4 0.00024896551724137937 0.0005562068965517242 227
1 5000 5000 300 5e-3 1e-4 0.00024896551724137937 0.0005903448275862069 228
1 5000 5000 300 5e-3 1e-4 0.00024896551724137937 0.0006244827586206897 229
1 5000 5000 300 5e-3 1e-4 0.00024896551724137937 0.0006586206896551724 230
1 5000 5000 300 5e-3 1e-4 0.00024896551724137937 0.0006927586206896552 231
1 5000 5000 300 5e-3 1e-4 0.00024896551724137937 0.000726896551724138 232
1 5000 5000 300 5e-3 1e-4 0.00024896551724137937 0.0007610344827586208 233
1 5000 5000 300 5e-3 1e-4 0.00024896551724137937 0.0007951724137931035 234
1 5000 5000 300 5e-3 1e-4 0.00024896551724137937 0.0008293103448275863 235
1 5000 5000 300 5e-3 1e-4 0.00024896551724137937 0.000863448275862069 236
1 5000 5000 300 5e-3 1e-4 0.00024896551724137937 0.0008975862068965518 237
1 5000 5000 300 5e-3 1e-4 0.00024896551724137937 0.0009317241379310345 238
1 5000 5000 300 5e-3 1e-4 0.00024896551724137937 0.0009658620689655174 239
1 5000 5000 300 5e-3 1e-4 0.00024896551724137937 0.001 240
1 5000 5000 300 5e-3 1e-4 0.0002831034482758621 1e-05 241
1 5000 5000 300 5e-3 1e-4 0.0002831034482758621 4.413793103448276e-05 242
1 5000 5000 300 5e-3 1e-4 0.0002831034482758621 7.827586206896552e-05 243
1 5000 5000 300 5e-3 1e-4 0.0002831034482758621 0.00011241379310344828 244
1 5000 5000 300 5e-3 1e-4 0.0002831034482758621 0.00014655172413793104 245
1 5000 5000 300 5e-3 1e-4 0.0002831034482758621 0.0001806896551724138 246
1 5000 5000 300 5e-3 1e-4 0.0002831034482758621 0.00021482758620689656 247
1 5000 5000 300 5e-3 1e-4 0.0002831034482758621 0.00024896551724137937 248
1 5000 5000 300 5e-3 1e-4 0.0002831034482758621 0.0002831034482758621 249
1 5000 5000 300 5e-3 1e-4 0.0002831034482758621 0.00031724137931034486 250
1 5000 5000 300 5e-3 1e-4 0.0002831034482758621 0.0003513793103448276 251
1 5000 5000 300 5e-3 1e-4 0.0002831034482758621 0.0003855172413793104 252
1 5000 5000 300 5e-3 1e-4 0.0002831034482758621 0.00041965517241379316 253
1 5000 5000 300 5e-3 1e-4 0.0002831034482758621 0.0004537931034482759 254
1 5000 5000 300 5e-3 1e-4 0.0002831034482758621 0.0004879310344827587 255
1 5000 5000 300 5e-3 1e-4 0.0002831034482758621 0.0005220689655172415 256
1 5000 5000 300 5e-3 1e-4 0.0002831034482758621 0.0005562068965517242 257
1 5000 5000 300 5e-3 1e-4 0.0002831034482758621 0.0005903448275862069 258
1 5000 5000 300 5e-3 1e-4 0.0002831034482758621 0.0006244827586206897 259
1 5000 5000 300 5e-3 1e-4 0.0002831034482758621 0.0006586206896551724 260
1 5000 5000 300 5e-3 1e-4 0.0002831034482758621 0.0006927586206896552 261
1 5000 5000 300 5e-3 1e-4 0.0002831034482758621 0.000726896551724138 262
1 5000 5000 300 5e-3 1e-4 0.0002831034482758621 0.0007610344827586208 263
1 5000 5000 300 5e-3 1e-4 0.0002831034482758621 0.0007951724137931035 264
1 5000 5000 300 5e-3 1e-4 0.0002831034482758621 0.0008293103448275863 265
1 5000 5000 300 5e-3 1e-4 0.0002831034482758621 0.000863448275862069 266
1 5000 5000 300 5e-3 1e-4 0.0002831034482758621 0.0008975862068965518 267
1 5000 5000 300 5e-3 1e-4 0.0002831034482758621 0.0009317241379310345 268
1 5000 5000 300 5e-3 1e-4 0.0002831034482758621 0.0009658620689655174 269
1 5000 5000 300 5e-3 1e-4 0.0002831034482758621 0.001 270
1 5000 5000 300 5e-3 1e-4 0.00031724137931034486 1e-05 271
1 5000 5000 300 5e-3 1e-4 0.00031724137931034486 4.413793103448276e-05 272
1 5000 5000 300 5e-3 1e-4 0.00031724137931034486 7.827586206896552e-05 273
1 5000 5000 300 5e-3 1e-4 0.00031724137931034486 0.00011241379310344828 274
1 5000 5000 300 5e-3 1e-4 0.00031724137931034486 0.00014655172413793104 275
1 5000 5000 300 5e-3 1e-4 0.00031724137931034486 0.0001806896551724138 276
1 5000 5000 300 5e-3 1e-4 0.00031724137931034486 0.00021482758620689656 277
1 5000 5000 300 5e-3 1e-4 0.00031724137931034486 0.00024896551724137937 278
1 5000 5000 300 5e-3 1e-4 0.00031724137931034486 0.0002831034482758621 279
1 5000 5000 300 5e-3 1e-4 0.00031724137931034486 0.00031724137931034486 280
1 5000 5000 300 5e-3 1e-4 0.00031724137931034486 0.0003513793103448276 281
1 5000 5000 300 5e-3 1e-4 0.00031724137931034486 0.0003855172413793104 282
1 5000 5000 300 5e-3 1e-4 0.00031724137931034486 0.00041965517241379316 283
1 5000 5000 300 5e-3 1e-4 0.00031724137931034486 0.0004537931034482759 284
1 5000 5000 300 5e-3 1e-4 0.00031724137931034486 0.0004879310344827587 285
1 5000 5000 300 5e-3 1e-4 0.00031724137931034486 0.0005220689655172415 286
1 5000 5000 300 5e-3 1e-4 0.00031724137931034486 0.0005562068965517242 287
1 5000 5000 300 5e-3 1e-4 0.00031724137931034486 0.0005903448275862069 288
1 5000 5000 300 5e-3 1e-4 0.00031724137931034486 0.0006244827586206897 289
1 5000 5000 300 5e-3 1e-4 0.00031724137931034486 0.0006586206896551724 290
1 5000 5000 300 5e-3 1e-4 0.00031724137931034486 0.0006927586206896552 291
1 5000 5000 300 5e-3 1e-4 0.00031724137931034486 0.000726896551724138 292
1 5000 5000 300 5e-3 1e-4 0.00031724137931034486 0.0007610344827586208 293
1 5000 5000 300 5e-3 1e-4 0.00031724137931034486 0.0007951724137931035 294
1 5000 5000 300 5e-3 1e-4 0.00031724137931034486 0.0008293103448275863 295
1 5000 5000 300 5e-3 1e-4 0.00031724137931034486 0.000863448275862069 296
1 5000 5000 300 5e-3 1e-4 0.00031724137931034486 0.0008975862068965518 297
1 5000 5000 300 5e-3 1e-4 0.00031724137931034486 0.0009317241379310345 298
1 5000 5000 300 5e-3 1e-4 0.00031724137931034486 0.0009658620689655174 299
1 5000 5000 300 5e-3 1e-4 0.00031724137931034486 0.001 300
1 5000 5000 300 5e-3 1e-4 0.0003513793103448276 1e-05 301
1 5000 5000 300 5e-3 1e-4 0.0003513793103448276 4.413793103448276e-05 302
1 5000 5000 300 5e-3 1e-4 0.0003513793103448276 7.827586206896552e-05 303
1 5000 5000 300 5e-3 1e-4 0.0003513793103448276 0.00011241379310344828 304
1 5000 5000 300 5e-3 1e-4 0.0003513793103448276 0.00014655172413793104 305
1 5000 5000 300 5e-3 1e-4 0.0003513793103448276 0.0001806896551724138 306
1 5000 5000 300 5e-3 1e-4 0.0003513793103448276 0.00021482758620689656 307
1 5000 5000 300 5e-3 1e-4 0.0003513793103448276 0.00024896551724137937 308
1 5000 5000 300 5e-3 1e-4 0.0003513793103448276 0.0002831034482758621 309
1 5000 5000 300 5e-3 1e-4 0.0003513793103448276 0.00031724137931034486 310
1 5000 5000 300 5e-3 1e-4 0.0003513793103448276 0.0003513793103448276 311
1 5000 5000 300 5e-3 1e-4 0.0003513793103448276 0.0003855172413793104 312
1 5000 5000 300 5e-3 1e-4 0.0003513793103448276 0.00041965517241379316 313
1 5000 5000 300 5e-3 1e-4 0.0003513793103448276 0.0004537931034482759 314
1 5000 5000 300 5e-3 1e-4 0.0003513793103448276 0.0004879310344827587 315
1 5000 5000 300 5e-3 1e-4 0.0003513793103448276 0.0005220689655172415 316
1 5000 5000 300 5e-3 1e-4 0.0003513793103448276 0.0005562068965517242 317
1 5000 5000 300 5e-3 1e-4 0.0003513793103448276 0.0005903448275862069 318
1 5000 5000 300 5e-3 1e-4 0.0003513793103448276 0.0006244827586206897 319
1 5000 5000 300 5e-3 1e-4 0.0003513793103448276 0.0006586206896551724 320
1 5000 5000 300 5e-3 1e-4 0.0003513793103448276 0.0006927586206896552 321
1 5000 5000 300 5e-3 1e-4 0.0003513793103448276 0.000726896551724138 322
1 5000 5000 300 5e-3 1e-4 0.0003513793103448276 0.0007610344827586208 323
1 5000 5000 300 5e-3 1e-4 0.0003513793103448276 0.0007951724137931035 324
1 5000 5000 300 5e-3 1e-4 0.0003513793103448276 0.0008293103448275863 325
1 5000 5000 300 5e-3 1e-4 0.0003513793103448276 0.000863448275862069 326
1 5000 5000 300 5e-3 1e-4 0.0003513793103448276 0.0008975862068965518 327
1 5000 5000 300 5e-3 1e-4 0.0003513793103448276 0.0009317241379310345 328
1 5000 5000 300 5e-3 1e-4 0.0003513793103448276 0.0009658620689655174 329
1 5000 5000 300 5e-3 1e-4 0.0003513793103448276 0.001 330
1 5000 5000 300 5e-3 1e-4 0.0003855172413793104 1e-05 331
1 5000 5000 300 5e-3 1e-4 0.0003855172413793104 4.413793103448276e-05 332
1 5000 5000 300 5e-3 1e-4 0.0003855172413793104 7.827586206896552e-05 333
1 5000 5000 300 5e-3 1e-4 0.0003855172413793104 0.00011241379310344828 334
1 5000 5000 300 5e-3 1e-4 0.0003855172413793104 0.00014655172413793104 335
1 5000 5000 300 5e-3 1e-4 0.0003855172413793104 0.0001806896551724138 336
1 5000 5000 300 5e-3 1e-4 0.0003855172413793104 0.00021482758620689656 337
1 5000 5000 300 5e-3 1e-4 0.0003855172413793104 0.00024896551724137937 338
1 5000 5000 300 5e-3 1e-4 0.0003855172413793104 0.0002831034482758621 339
1 5000 5000 300 5e-3 1e-4 0.0003855172413793104 0.00031724137931034486 340
1 5000 5000 300 5e-3 1e-4 0.0003855172413793104 0.0003513793103448276 341
1 5000 5000 300 5e-3 1e-4 0.0003855172413793104 0.0003855172413793104 342
1 5000 5000 300 5e-3 1e-4 0.0003855172413793104 0.00041965517241379316 343
1 5000 5000 300 5e-3 1e-4 0.0003855172413793104 0.0004537931034482759 344
1 5000 5000 300 5e-3 1e-4 0.0003855172413793104 0.0004879310344827587 345
1 5000 5000 300 5e-3 1e-4 0.0003855172413793104 0.0005220689655172415 346
1 5000 5000 300 5e-3 1e-4 0.0003855172413793104 0.0005562068965517242 347
1 5000 5000 300 5e-3 1e-4 0.0003855172413793104 0.0005903448275862069 348
1 5000 5000 300 5e-3 1e-4 0.0003855172413793104 0.0006244827586206897 349
1 5000 5000 300 5e-3 1e-4 0.0003855172413793104 0.0006586206896551724 350
1 5000 5000 300 5e-3 1e-4 0.0003855172413793104 0.0006927586206896552 351
1 5000 5000 300 5e-3 1e-4 0.0003855172413793104 0.000726896551724138 352
1 5000 5000 300 5e-3 1e-4 0.0003855172413793104 0.0007610344827586208 353
1 5000 5000 300 5e-3 1e-4 0.0003855172413793104 0.0007951724137931035 354
1 5000 5000 300 5e-3 1e-4 0.0003855172413793104 0.0008293103448275863 355
1 5000 5000 300 5e-3 1e-4 0.0003855172413793104 0.000863448275862069 356
1 5000 5000 300 5e-3 1e-4 0.0003855172413793104 0.0008975862068965518 357
1 5000 5000 300 5e-3 1e-4 0.0003855172413793104 0.0009317241379310345 358
1 5000 5000 300 5e-3 1e-4 0.0003855172413793104 0.0009658620689655174 359
1 5000 5000 300 5e-3 1e-4 0.0003855172413793104 0.001 360
1 5000 5000 300 5e-3 1e-4 0.00041965517241379316 1e-05 361
1 5000 5000 300 5e-3 1e-4 0.00041965517241379316 4.413793103448276e-05 362
1 5000 5000 300 5e-3 1e-4 0.00041965517241379316 7.827586206896552e-05 363
1 5000 5000 300 5e-3 1e-4 0.00041965517241379316 0.00011241379310344828 364
1 5000 5000 300 5e-3 1e-4 0.00041965517241379316 0.00014655172413793104 365
1 5000 5000 300 5e-3 1e-4 0.00041965517241379316 0.0001806896551724138 366
1 5000 5000 300 5e-3 1e-4 0.00041965517241379316 0.00021482758620689656 367
1 5000 5000 300 5e-3 1e-4 0.00041965517241379316 0.00024896551724137937 368
1 5000 5000 300 5e-3 1e-4 0.00041965517241379316 0.0002831034482758621 369
1 5000 5000 300 5e-3 1e-4 0.00041965517241379316 0.00031724137931034486 370
1 5000 5000 300 5e-3 1e-4 0.00041965517241379316 0.0003513793103448276 371
1 5000 5000 300 5e-3 1e-4 0.00041965517241379316 0.0003855172413793104 372
1 5000 5000 300 5e-3 1e-4 0.00041965517241379316 0.00041965517241379316 373
1 5000 5000 300 5e-3 1e-4 0.00041965517241379316 0.0004537931034482759 374
1 5000 5000 300 5e-3 1e-4 0.00041965517241379316 0.0004879310344827587 375
1 5000 5000 300 5e-3 1e-4 0.00041965517241379316 0.0005220689655172415 376
1 5000 5000 300 5e-3 1e-4 0.00041965517241379316 0.0005562068965517242 377
1 5000 5000 300 5e-3 1e-4 0.00041965517241379316 0.0005903448275862069 378
1 5000 5000 300 5e-3 1e-4 0.00041965517241379316 0.0006244827586206897 379
1 5000 5000 300 5e-3 1e-4 0.00041965517241379316 0.0006586206896551724 380
1 5000 5000 300 5e-3 1e-4 0.00041965517241379316 0.0006927586206896552 381
1 5000 5000 300 5e-3 1e-4 0.00041965517241379316 0.000726896551724138 382
1 5000 5000 300 5e-3 1e-4 0.00041965517241379316 0.0007610344827586208 383
1 5000 5000 300 5e-3 1e-4 0.00041965517241379316 0.0007951724137931035 384
1 5000 5000 300 5e-3 1e-4 0.00041965517241379316 0.0008293103448275863 385
1 5000 5000 300 5e-3 1e-4 0.00041965517241379316 0.000863448275862069 386
1 5000 5000 300 5e-3 1e-4 0.00041965517241379316 0.0008975862068965518 387
1 5000 5000 300 5e-3 1e-4 0.00041965517241379316 0.0009317241379310345 388
1 5000 5000 300 5e-3 1e-4 0.00041965517241379316 0.0009658620689655174 389
1 5000 5000 300 5e-3 1e-4 0.00041965517241379316 0.001 390
1 5000 5000 300 5e-3 1e-4 0.0004537931034482759 1e-05 391
1 5000 5000 300 5e-3 1e-4 0.0004537931034482759 4.413793103448276e-05 392
1 5000 5000 300 5e-3 1e-4 0.0004537931034482759 7.827586206896552e-05 393
1 5000 5000 300 5e-3 1e-4 0.0004537931034482759 0.00011241379310344828 394
1 5000 5000 300 5e-3 1e-4 0.0004537931034482759 0.00014655172413793104 395
1 5000 5000 300 5e-3 1e-4 0.0004537931034482759 0.0001806896551724138 396
1 5000 5000 300 5e-3 1e-4 0.0004537931034482759 0.00021482758620689656 397
1 5000 5000 300 5e-3 1e-4 0.0004537931034482759 0.00024896551724137937 398
1 5000 5000 300 5e-3 1e-4 0.0004537931034482759 0.0002831034482758621 399
1 5000 5000 300 5e-3 1e-4 0.0004537931034482759 0.00031724137931034486 400
1 5000 5000 300 5e-3 1e-4 0.0004537931034482759 0.0003513793103448276 401
1 5000 5000 300 5e-3 1e-4 0.0004537931034482759 0.0003855172413793104 402
1 5000 5000 300 5e-3 1e-4 0.0004537931034482759 0.00041965517241379316 403
1 5000 5000 300 5e-3 1e-4 0.0004537931034482759 0.0004537931034482759 404
1 5000 5000 300 5e-3 1e-4 0.0004537931034482759 0.0004879310344827587 405
1 5000 5000 300 5e-3 1e-4 0.0004537931034482759 0.0005220689655172415 406
1 5000 5000 300 5e-3 1e-4 0.0004537931034482759 0.0005562068965517242 407
1 5000 5000 300 5e-3 1e-4 0.0004537931034482759 0.0005903448275862069 408
1 5000 5000 300 5e-3 1e-4 0.0004537931034482759 0.0006244827586206897 409
1 5000 5000 300 5e-3 1e-4 0.0004537931034482759 0.0006586206896551724 410
1 5000 5000 300 5e-3 1e-4 0.0004537931034482759 0.0006927586206896552 411
1 5000 5000 300 5e-3 1e-4 0.0004537931034482759 0.000726896551724138 412
1 5000 5000 300 5e-3 1e-4 0.0004537931034482759 0.0007610344827586208 413
1 5000 5000 300 5e-3 1e-4 0.0004537931034482759 0.0007951724137931035 414
1 5000 5000 300 5e-3 1e-4 0.0004537931034482759 0.0008293103448275863 415
1 5000 5000 300 5e-3 1e-4 0.0004537931034482759 0.000863448275862069 416
1 5000 5000 300 5e-3 1e-4 0.0004537931034482759 0.0008975862068965518 417
1 5000 5000 300 5e-3 1e-4 0.0004537931034482759 0.0009317241379310345 418
1 5000 5000 300 5e-3 1e-4 0.0004537931034482759 0.0009658620689655174 419
1 5000 5000 300 5e-3 1e-4 0.0004537931034482759 0.001 420
1 5000 5000 300 5e-3 1e-4 0.0004879310344827587 1e-05 421
1 5000 5000 300 5e-3 1e-4 0.0004879310344827587 4.413793103448276e-05 422
1 5000 5000 300 5e-3 1e-4 0.0004879310344827587 7.827586206896552e-05 423
1 5000 5000 300 5e-3 1e-4 0.0004879310344827587 0.00011241379310344828 424
1 5000 5000 300 5e-3 1e-4 0.0004879310344827587 0.00014655172413793104 425
1 5000 5000 300 5e-3 1e-4 0.0004879310344827587 0.0001806896551724138 426
1 5000 5000 300 5e-3 1e-4 0.0004879310344827587 0.00021482758620689656 427
1 5000 5000 300 5e-3 1e-4 0.0004879310344827587 0.00024896551724137937 428
1 5000 5000 300 5e-3 1e-4 0.0004879310344827587 0.0002831034482758621 429
1 5000 5000 300 5e-3 1e-4 0.0004879310344827587 0.00031724137931034486 430
1 5000 5000 300 5e-3 1e-4 0.0004879310344827587 0.0003513793103448276 431
1 5000 5000 300 5e-3 1e-4 0.0004879310344827587 0.0003855172413793104 432
1 5000 5000 300 5e-3 1e-4 0.0004879310344827587 0.00041965517241379316 433
1 5000 5000 300 5e-3 1e-4 0.0004879310344827587 0.0004537931034482759 434
1 5000 5000 300 5e-3 1e-4 0.0004879310344827587 0.0004879310344827587 435
1 5000 5000 300 5e-3 1e-4 0.0004879310344827587 0.0005220689655172415 436
1 5000 5000 300 5e-3 1e-4 0.0004879310344827587 0.0005562068965517242 437
1 5000 5000 300 5e-3 1e-4 0.0004879310344827587 0.0005903448275862069 438
1 5000 5000 300 5e-3 1e-4 0.0004879310344827587 0.0006244827586206897 439
1 5000 5000 300 5e-3 1e-4 0.0004879310344827587 0.0006586206896551724 440
1 5000 5000 300 5e-3 1e-4 0.0004879310344827587 0.0006927586206896552 441
1 5000 5000 300 5e-3 1e-4 0.0004879310344827587 0.000726896551724138 442
1 5000 5000 300 5e-3 1e-4 0.0004879310344827587 0.0007610344827586208 443
1 5000 5000 300 5e-3 1e-4 0.0004879310344827587 0.0007951724137931035 444
1 5000 5000 300 5e-3 1e-4 0.0004879310344827587 0.0008293103448275863 445
1 5000 5000 300 5e-3 1e-4 0.0004879310344827587 0.000863448275862069 446
1 5000 5000 300 5e-3 1e-4 0.0004879310344827587 0.0008975862068965518 447
1 5000 5000 300 5e-3 1e-4 0.0004879310344827587 0.0009317241379310345 448
1 5000 5000 300 5e-3 1e-4 0.0004879310344827587 0.0009658620689655174 449
1 5000 5000 300 5e-3 1e-4 0.0004879310344827587 0.001 450
1 5000 5000 300 5e-3 1e-4 0.0005220689655172415 1e-05 451
1 5000 5000 300 5e-3 1e-4 0.0005220689655172415 4.413793103448276e-05 452
1 5000 5000 300 5e-3 1e-4 0.0005220689655172415 7.827586206896552e-05 453
1 5000 5000 300 5e-3 1e-4 0.0005220689655172415 0.00011241379310344828 454
1 5000 5000 300 5e-3 1e-4 0.0005220689655172415 0.00014655172413793104 455
1 5000 5000 300 5e-3 1e-4 0.0005220689655172415 0.0001806896551724138 456
1 5000 5000 300 5e-3 1e-4 0.0005220689655172415 0.00021482758620689656 457
1 5000 5000 300 5e-3 1e-4 0.0005220689655172415 0.00024896551724137937 458
1 5000 5000 300 5e-3 1e-4 0.0005220689655172415 0.0002831034482758621 459
1 5000 5000 300 5e-3 1e-4 0.0005220689655172415 0.00031724137931034486 460
1 5000 5000 300 5e-3 1e-4 0.0005220689655172415 0.0003513793103448276 461
1 5000 5000 300 5e-3 1e-4 0.0005220689655172415 0.0003855172413793104 462
1 5000 5000 300 5e-3 1e-4 0.0005220689655172415 0.00041965517241379316 463
1 5000 5000 300 5e-3 1e-4 0.0005220689655172415 0.0004537931034482759 464
1 5000 5000 300 5e-3 1e-4 0.0005220689655172415 0.0004879310344827587 465
1 5000 5000 300 5e-3 1e-4 0.0005220689655172415 0.0005220689655172415 466
1 5000 5000 300 5e-3 1e-4 0.0005220689655172415 0.0005562068965517242 467
1 5000 5000 300 5e-3 1e-4 0.0005220689655172415 0.0005903448275862069 468
1 5000 5000 300 5e-3 1e-4 0.0005220689655172415 0.0006244827586206897 469
1 5000 5000 300 5e-3 1e-4 0.0005220689655172415 0.0006586206896551724 470
1 5000 5000 300 5e-3 1e-4 0.0005220689655172415 0.0006927586206896552 471
1 5000 5000 300 5e-3 1e-4 0.0005220689655172415 0.000726896551724138 472
1 5000 5000 300 5e-3 1e-4 0.0005220689655172415 0.0007610344827586208 473
1 5000 5000 300 5e-3 1e-4 0.0005220689655172415 0.0007951724137931035 474
1 5000 5000 300 5e-3 1e-4 0.0005220689655172415 0.0008293103448275863 475
1 5000 5000 300 5e-3 1e-4 0.0005220689655172415 0.000863448275862069 476
1 5000 5000 300 5e-3 1e-4 0.0005220689655172415 0.0008975862068965518 477
1 5000 5000 300 5e-3 1e-4 0.0005220689655172415 0.0009317241379310345 478
1 5000 5000 300 5e-3 1e-4 0.0005220689655172415 0.0009658620689655174 479
1 5000 5000 300 5e-3 1e-4 0.0005220689655172415 0.001 480
1 5000 5000 300 5e-3 1e-4 0.0005562068965517242 1e-05 481
1 5000 5000 300 5e-3 1e-4 0.0005562068965517242 4.413793103448276e-05 482
1 5000 5000 300 5e-3 1e-4 0.0005562068965517242 7.827586206896552e-05 483
1 5000 5000 300 5e-3 1e-4 0.0005562068965517242 0.00011241379310344828 484
1 5000 5000 300 5e-3 1e-4 0.0005562068965517242 0.00014655172413793104 485
1 5000 5000 300 5e-3 1e-4 0.0005562068965517242 0.0001806896551724138 486
1 5000 5000 300 5e-3 1e-4 0.0005562068965517242 0.00021482758620689656 487
1 5000 5000 300 5e-3 1e-4 0.0005562068965517242 0.00024896551724137937 488
1 5000 5000 300 5e-3 1e-4 0.0005562068965517242 0.0002831034482758621 489
1 5000 5000 300 5e-3 1e-4 0.0005562068965517242 0.00031724137931034486 490
1 5000 5000 300 5e-3 1e-4 0.0005562068965517242 0.0003513793103448276 491
1 5000 5000 300 5e-3 1e-4 0.0005562068965517242 0.0003855172413793104 492
1 5000 5000 300 5e-3 1e-4 0.0005562068965517242 0.00041965517241379316 493
1 5000 5000 300 5e-3 1e-4 0.0005562068965517242 0.0004537931034482759 494
1 5000 5000 300 5e-3 1e-4 0.0005562068965517242 0.0004879310344827587 495
1 5000 5000 300 5e-3 1e-4 0.0005562068965517242 0.0005220689655172415 496
1 5000 5000 300 5e-3 1e-4 0.0005562068965517242 0.0005562068965517242 497
1 5000 5000 300 5e-3 1e-4 0.0005562068965517242 0.0005903448275862069 498
1 5000 5000 300 5e-3 1e-4 0.0005562068965517242 0.0006244827586206897 499
1 5000 5000 300 5e-3 1e-4 0.0005562068965517242 0.0006586206896551724 500
1 5000 5000 300 5e-3 1e-4 0.0005562068965517242 0.0006927586206896552 501
1 5000 5000 300 5e-3 1e-4 0.0005562068965517242 0.000726896551724138 502
1 5000 5000 300 5e-3 1e-4 0.0005562068965517242 0.0007610344827586208 503
1 5000 5000 300 5e-3 1e-4 0.0005562068965517242 0.0007951724137931035 504
1 5000 5000 300 5e-3 1e-4 0.0005562068965517242 0.0008293103448275863 505
1 5000 5000 300 5e-3 1e-4 0.0005562068965517242 0.000863448275862069 506
1 5000 5000 300 5e-3 1e-4 0.0005562068965517242 0.0008975862068965518 507
1 5000 5000 300 5e-3 1e-4 0.0005562068965517242 0.0009317241379310345 508
1 5000 5000 300 5e-3 1e-4 0.0005562068965517242 0.0009658620689655174 509
1 5000 5000 300 5e-3 1e-4 0.0005562068965517242 0.001 510
1 5000 5000 300 5e-3 1e-4 0.0005903448275862069 1e-05 511
1 5000 5000 300 5e-3 1e-4 0.0005903448275862069 4.413793103448276e-05 512
1 5000 5000 300 5e-3 1e-4 0.0005903448275862069 7.827586206896552e-05 513
1 5000 5000 300 5e-3 1e-4 0.0005903448275862069 0.00011241379310344828 514
1 5000 5000 300 5e-3 1e-4 0.0005903448275862069 0.00014655172413793104 515
1 5000 5000 300 5e-3 1e-4 0.0005903448275862069 0.0001806896551724138 516
1 5000 5000 300 5e-3 1e-4 0.0005903448275862069 0.00021482758620689656 517
1 5000 5000 300 5e-3 1e-4 0.0005903448275862069 0.00024896551724137937 518
1 5000 5000 300 5e-3 1e-4 0.0005903448275862069 0.0002831034482758621 519
1 5000 5000 300 5e-3 1e-4 0.0005903448275862069 0.00031724137931034486 520
1 5000 5000 300 5e-3 1e-4 0.0005903448275862069 0.0003513793103448276 521
1 5000 5000 300 5e-3 1e-4 0.0005903448275862069 0.0003855172413793104 522
1 5000 5000 300 5e-3 1e-4 0.0005903448275862069 0.00041965517241379316 523
1 5000 5000 300 5e-3 1e-4 0.0005903448275862069 0.0004537931034482759 524
1 5000 5000 300 5e-3 1e-4 0.0005903448275862069 0.0004879310344827587 525
1 5000 5000 300 5e-3 1e-4 0.0005903448275862069 0.0005220689655172415 526
1 5000 5000 300 5e-3 1e-4 0.0005903448275862069 0.0005562068965517242 527
1 5000 5000 300 5e-3 1e-4 0.0005903448275862069 0.0005903448275862069 528
1 5000 5000 300 5e-3 1e-4 0.0005903448275862069 0.0006244827586206897 529
1 5000 5000 300 5e-3 1e-4 0.0005903448275862069 0.0006586206896551724 530
1 5000 5000 300 5e-3 1e-4 0.0005903448275862069 0.0006927586206896552 531
1 5000 5000 300 5e-3 1e-4 0.0005903448275862069 0.000726896551724138 532
1 5000 5000 300 5e-3 1e-4 0.0005903448275862069 0.0007610344827586208 533
1 5000 5000 300 5e-3 1e-4 0.0005903448275862069 0.0007951724137931035 534
1 5000 5000 300 5e-3 1e-4 0.0005903448275862069 0.0008293103448275863 535
1 5000 5000 300 5e-3 1e-4 0.0005903448275862069 0.000863448275862069 536
1 5000 5000 300 5e-3 1e-4 0.0005903448275862069 0.0008975862068965518 537
1 5000 5000 300 5e-3 1e-4 0.0005903448275862069 0.0009317241379310345 538
1 5000 5000 300 5e-3 1e-4 0.0005903448275862069 0.0009658620689655174 539
1 5000 5000 300 5e-3 1e-4 0.0005903448275862069 0.001 540
1 5000 5000 300 5e-3 1e-4 0.0006244827586206897 1e-05 541
1 5000 5000 300 5e-3 1e-4 0.0006244827586206897 4.413793103448276e-05 542
1 5000 5000 300 5e-3 1e-4 0.0006244827586206897 7.827586206896552e-05 543
1 5000 5000 300 5e-3 1e-4 0.0006244827586206897 0.00011241379310344828 544
1 5000 5000 300 5e-3 1e-4 0.0006244827586206897 0.00014655172413793104 545
1 5000 5000 300 5e-3 1e-4 0.0006244827586206897 0.0001806896551724138 546
1 5000 5000 300 5e-3 1e-4 0.0006244827586206897 0.00021482758620689656 547
1 5000 5000 300 5e-3 1e-4 0.0006244827586206897 0.00024896551724137937 548
1 5000 5000 300 5e-3 1e-4 0.0006244827586206897 0.0002831034482758621 549
1 5000 5000 300 5e-3 1e-4 0.0006244827586206897 0.00031724137931034486 550
1 5000 5000 300 5e-3 1e-4 0.0006244827586206897 0.0003513793103448276 551
1 5000 5000 300 5e-3 1e-4 0.0006244827586206897 0.0003855172413793104 552
1 5000 5000 300 5e-3 1e-4 0.0006244827586206897 0.00041965517241379316 553
1 5000 5000 300 5e-3 1e-4 0.0006244827586206897 0.0004537931034482759 554
1 5000 5000 300 5e-3 1e-4 0.0006244827586206897 0.0004879310344827587 555
1 5000 5000 300 5e-3 1e-4 0.0006244827586206897 0.0005220689655172415 556
1 5000 5000 300 5e-3 1e-4 0.0006244827586206897 0.0005562068965517242 557
1 5000 5000 300 5e-3 1e-4 0.0006244827586206897 0.0005903448275862069 558
1 5000 5000 300 5e-3 1e-4 0.0006244827586206897 0.0006244827586206897 559
1 5000 5000 300 5e-3 1e-4 0.0006244827586206897 0.0006586206896551724 560
1 5000 5000 300 5e-3 1e-4 0.0006244827586206897 0.0006927586206896552 561
1 5000 5000 300 5e-3 1e-4 0.0006244827586206897 0.000726896551724138 562
1 5000 5000 300 5e-3 1e-4 0.0006244827586206897 0.0007610344827586208 563
1 5000 5000 300 5e-3 1e-4 0.0006244827586206897 0.0007951724137931035 564
1 5000 5000 300 5e-3 1e-4 0.0006244827586206897 0.0008293103448275863 565
1 5000 5000 300 5e-3 1e-4 0.0006244827586206897 0.000863448275862069 566
1 5000 5000 300 5e-3 1e-4 0.0006244827586206897 0.0008975862068965518 567
1 5000 5000 300 5e-3 1e-4 0.0006244827586206897 0.0009317241379310345 568
1 5000 5000 300 5e-3 1e-4 0.0006244827586206897 0.0009658620689655174 569
1 5000 5000 300 5e-3 1e-4 0.0006244827586206897 0.001 570
1 5000 5000 300 5e-3 1e-4 0.0006586206896551724 1e-05 571
1 5000 5000 300 5e-3 1e-4 0.0006586206896551724 4.413793103448276e-05 572
1 5000 5000 300 5e-3 1e-4 0.0006586206896551724 7.827586206896552e-05 573
1 5000 5000 300 5e-3 1e-4 0.0006586206896551724 0.00011241379310344828 574
1 5000 5000 300 5e-3 1e-4 0.0006586206896551724 0.00014655172413793104 575
1 5000 5000 300 5e-3 1e-4 0.0006586206896551724 0.0001806896551724138 576
1 5000 5000 300 5e-3 1e-4 0.0006586206896551724 0.00021482758620689656 577
1 5000 5000 300 5e-3 1e-4 0.0006586206896551724 0.00024896551724137937 578
1 5000 5000 300 5e-3 1e-4 0.0006586206896551724 0.0002831034482758621 579
1 5000 5000 300 5e-3 1e-4 0.0006586206896551724 0.00031724137931034486 580
1 5000 5000 300 5e-3 1e-4 0.0006586206896551724 0.0003513793103448276 581
1 5000 5000 300 5e-3 1e-4 0.0006586206896551724 0.0003855172413793104 582
1 5000 5000 300 5e-3 1e-4 0.0006586206896551724 0.00041965517241379316 583
1 5000 5000 300 5e-3 1e-4 0.0006586206896551724 0.0004537931034482759 584
1 5000 5000 300 5e-3 1e-4 0.0006586206896551724 0.0004879310344827587 585
1 5000 5000 300 5e-3 1e-4 0.0006586206896551724 0.0005220689655172415 586
1 5000 5000 300 5e-3 1e-4 0.0006586206896551724 0.0005562068965517242 587
1 5000 5000 300 5e-3 1e-4 0.0006586206896551724 0.0005903448275862069 588
1 5000 5000 300 5e-3 1e-4 0.0006586206896551724 0.0006244827586206897 589
1 5000 5000 300 5e-3 1e-4 0.0006586206896551724 0.0006586206896551724 590
1 5000 5000 300 5e-3 1e-4 0.0006586206896551724 0.0006927586206896552 591
1 5000 5000 300 5e-3 1e-4 0.0006586206896551724 0.000726896551724138 592
1 5000 5000 300 5e-3 1e-4 0.0006586206896551724 0.0007610344827586208 593
1 5000 5000 300 5e-3 1e-4 0.0006586206896551724 0.0007951724137931035 594
1 5000 5000 300 5e-3 1e-4 0.0006586206896551724 0.0008293103448275863 595
1 5000 5000 300 5e-3 1e-4 0.0006586206896551724 0.000863448275862069 596
1 5000 5000 300 5e-3 1e-4 0.0006586206896551724 0.0008975862068965518 597
1 5000 5000 300 5e-3 1e-4 0.0006586206896551724 0.0009317241379310345 598
1 5000 5000 300 5e-3 1e-4 0.0006586206896551724 0.0009658620689655174 599
1 5000 5000 300 5e-3 1e-4 0.0006586206896551724 0.001 600
1 5000 5000 300 5e-3 1e-4 0.0006927586206896552 1e-05 601
1 5000 5000 300 5e-3 1e-4 0.0006927586206896552 4.413793103448276e-05 602
1 5000 5000 300 5e-3 1e-4 0.0006927586206896552 7.827586206896552e-05 603
1 5000 5000 300 5e-3 1e-4 0.0006927586206896552 0.00011241379310344828 604
1 5000 5000 300 5e-3 1e-4 0.0006927586206896552 0.00014655172413793104 605
1 5000 5000 300 5e-3 1e-4 0.0006927586206896552 0.0001806896551724138 606
1 5000 5000 300 5e-3 1e-4 0.0006927586206896552 0.00021482758620689656 607
1 5000 5000 300 5e-3 1e-4 0.0006927586206896552 0.00024896551724137937 608
1 5000 5000 300 5e-3 1e-4 0.0006927586206896552 0.0002831034482758621 609
1 5000 5000 300 5e-3 1e-4 0.0006927586206896552 0.00031724137931034486 610
1 5000 5000 300 5e-3 1e-4 0.0006927586206896552 0.0003513793103448276 611
1 5000 5000 300 5e-3 1e-4 0.0006927586206896552 0.0003855172413793104 612
1 5000 5000 300 5e-3 1e-4 0.0006927586206896552 0.00041965517241379316 613
1 5000 5000 300 5e-3 1e-4 0.0006927586206896552 0.0004537931034482759 614
1 5000 5000 300 5e-3 1e-4 0.0006927586206896552 0.0004879310344827587 615
1 5000 5000 300 5e-3 1e-4 0.0006927586206896552 0.0005220689655172415 616
1 5000 5000 300 5e-3 1e-4 0.0006927586206896552 0.0005562068965517242 617
1 5000 5000 300 5e-3 1e-4 0.0006927586206896552 0.0005903448275862069 618
1 5000 5000 300 5e-3 1e-4 0.0006927586206896552 0.0006244827586206897 619
1 5000 5000 300 5e-3 1e-4 0.0006927586206896552 0.0006586206896551724 620
1 5000 5000 300 5e-3 1e-4 0.0006927586206896552 0.0006927586206896552 621
1 5000 5000 300 5e-3 1e-4 0.0006927586206896552 0.000726896551724138 622
1 5000 5000 300 5e-3 1e-4 0.0006927586206896552 0.0007610344827586208 623
1 5000 5000 300 5e-3 1e-4 0.0006927586206896552 0.0007951724137931035 624
1 5000 5000 300 5e-3 1e-4 0.0006927586206896552 0.0008293103448275863 625
1 5000 5000 300 5e-3 1e-4 0.0006927586206896552 0.000863448275862069 626
1 5000 5000 300 5e-3 1e-4 0.0006927586206896552 0.0008975862068965518 627
1 5000 5000 300 5e-3 1e-4 0.0006927586206896552 0.0009317241379310345 628
1 5000 5000 300 5e-3 1e-4 0.0006927586206896552 0.0009658620689655174 629
1 5000 5000 300 5e-3 1e-4 0.0006927586206896552 0.001 630
1 5000 5000 300 5e-3 1e-4 0.000726896551724138 1e-05 631
1 5000 5000 300 5e-3 1e-4 0.000726896551724138 4.413793103448276e-05 632
1 5000 5000 300 5e-3 1e-4 0.000726896551724138 7.827586206896552e-05 633
1 5000 5000 300 5e-3 1e-4 0.000726896551724138 0.00011241379310344828 634
1 5000 5000 300 5e-3 1e-4 0.000726896551724138 0.00014655172413793104 635
1 5000 5000 300 5e-3 1e-4 0.000726896551724138 0.0001806896551724138 636
1 5000 5000 300 5e-3 1e-4 0.000726896551724138 0.00021482758620689656 637
1 5000 5000 300 5e-3 1e-4 0.000726896551724138 0.00024896551724137937 638
1 5000 5000 300 5e-3 1e-4 0.000726896551724138 0.0002831034482758621 639
1 5000 5000 300 5e-3 1e-4 0.000726896551724138 0.00031724137931034486 640
1 5000 5000 300 5e-3 1e-4 0.000726896551724138 0.0003513793103448276 641
1 5000 5000 300 5e-3 1e-4 0.000726896551724138 0.0003855172413793104 642
1 5000 5000 300 5e-3 1e-4 0.000726896551724138 0.00041965517241379316 643
1 5000 5000 300 5e-3 1e-4 0.000726896551724138 0.0004537931034482759 644
1 5000 5000 300 5e-3 1e-4 0.000726896551724138 0.0004879310344827587 645
1 5000 5000 300 5e-3 1e-4 0.000726896551724138 0.0005220689655172415 646
1 5000 5000 300 5e-3 1e-4 0.000726896551724138 0.0005562068965517242 647
1 5000 5000 300 5e-3 1e-4 0.000726896551724138 0.0005903448275862069 648
1 5000 5000 300 5e-3 1e-4 0.000726896551724138 0.0006244827586206897 649
1 5000 5000 300 5e-3 1e-4 0.000726896551724138 0.0006586206896551724 650
1 5000 5000 300 5e-3 1e-4 0.000726896551724138 0.0006927586206896552 651
1 5000 5000 300 5e-3 1e-4 0.000726896551724138 0.000726896551724138 652
1 5000 5000 300 5e-3 1e-4 0.000726896551724138 0.0007610344827586208 653
1 5000 5000 300 5e-3 1e-4 0.000726896551724138 0.0007951724137931035 654
1 5000 5000 300 5e-3 1e-4 0.000726896551724138 0.0008293103448275863 655
1 5000 5000 300 5e-3 1e-4 0.000726896551724138 0.000863448275862069 656
1 5000 5000 300 5e-3 1e-4 0.000726896551724138 0.0008975862068965518 657
1 5000 5000 300 5e-3 1e-4 0.000726896551724138 0.0009317241379310345 658
1 5000 5000 300 5e-3 1e-4 0.000726896551724138 0.0009658620689655174 659
1 5000 5000 300 5e-3 1e-4 0.000726896551724138 0.001 660
1 5000 5000 300 5e-3 1e-4 0.0007610344827586208 1e-05 661
1 5000 5000 300 5e-3 1e-4 0.0007610344827586208 4.413793103448276e-05 662
1 5000 5000 300 5e-3 1e-4 0.0007610344827586208 7.827586206896552e-05 663
1 5000 5000 300 5e-3 1e-4 0.0007610344827586208 0.00011241379310344828 664
1 5000 5000 300 5e-3 1e-4 0.0007610344827586208 0.00014655172413793104 665
1 5000 5000 300 5e-3 1e-4 0.0007610344827586208 0.0001806896551724138 666
1 5000 5000 300 5e-3 1e-4 0.0007610344827586208 0.00021482758620689656 667
1 5000 5000 300 5e-3 1e-4 0.0007610344827586208 0.00024896551724137937 668
1 5000 5000 300 5e-3 1e-4 0.0007610344827586208 0.0002831034482758621 669
1 5000 5000 300 5e-3 1e-4 0.0007610344827586208 0.00031724137931034486 670
1 5000 5000 300 5e-3 1e-4 0.0007610344827586208 0.0003513793103448276 671
1 5000 5000 300 5e-3 1e-4 0.0007610344827586208 0.0003855172413793104 672
1 5000 5000 300 5e-3 1e-4 0.0007610344827586208 0.00041965517241379316 673
1 5000 5000 300 5e-3 1e-4 0.0007610344827586208 0.0004537931034482759 674
1 5000 5000 300 5e-3 1e-4 0.0007610344827586208 0.0004879310344827587 675
1 5000 5000 300 5e-3 1e-4 0.0007610344827586208 0.0005220689655172415 676
1 5000 5000 300 5e-3 1e-4 0.0007610344827586208 0.0005562068965517242 677
1 5000 5000 300 5e-3 1e-4 0.0007610344827586208 0.0005903448275862069 678
1 5000 5000 300 5e-3 1e-4 0.0007610344827586208 0.0006244827586206897 679
1 5000 5000 300 5e-3 1e-4 0.0007610344827586208 0.0006586206896551724 680
1 5000 5000 300 5e-3 1e-4 0.0007610344827586208 0.0006927586206896552 681
1 5000 5000 300 5e-3 1e-4 0.0007610344827586208 0.000726896551724138 682
1 5000 5000 300 5e-3 1e-4 0.0007610344827586208 0.0007610344827586208 683
1 5000 5000 300 5e-3 1e-4 0.0007610344827586208 0.0007951724137931035 684
1 5000 5000 300 5e-3 1e-4 0.0007610344827586208 0.0008293103448275863 685
1 5000 5000 300 5e-3 1e-4 0.0007610344827586208 0.000863448275862069 686
1 5000 5000 300 5e-3 1e-4 0.0007610344827586208 0.0008975862068965518 687
1 5000 5000 300 5e-3 1e-4 0.0007610344827586208 0.0009317241379310345 688
1 5000 5000 300 5e-3 1e-4 0.0007610344827586208 0.0009658620689655174 689
1 5000 5000 300 5e-3 1e-4 0.0007610344827586208 0.001 690
1 5000 5000 300 5e-3 1e-4 0.0007951724137931035 1e-05 691
1 5000 5000 300 5e-3 1e-4 0.0007951724137931035 4.413793103448276e-05 692
1 5000 5000 300 5e-3 1e-4 0.0007951724137931035 7.827586206896552e-05 693
1 5000 5000 300 5e-3 1e-4 0.0007951724137931035 0.00011241379310344828 694
1 5000 5000 300 5e-3 1e-4 0.0007951724137931035 0.00014655172413793104 695
1 5000 5000 300 5e-3 1e-4 0.0007951724137931035 0.0001806896551724138 696
1 5000 5000 300 5e-3 1e-4 0.0007951724137931035 0.00021482758620689656 697
1 5000 5000 300 5e-3 1e-4 0.0007951724137931035 0.00024896551724137937 698
1 5000 5000 300 5e-3 1e-4 0.0007951724137931035 0.0002831034482758621 699
1 5000 5000 300 5e-3 1e-4 0.0007951724137931035 0.00031724137931034486 700
1 5000 5000 300 5e-3 1e-4 0.0007951724137931035 0.0003513793103448276 701
1 5000 5000 300 5e-3 1e-4 0.0007951724137931035 0.0003855172413793104 702
1 5000 5000 300 5e-3 1e-4 0.0007951724137931035 0.00041965517241379316 703
1 5000 5000 300 5e-3 1e-4 0.0007951724137931035 0.0004537931034482759 704
1 5000 5000 300 5e-3 1e-4 0.0007951724137931035 0.0004879310344827587 705
1 5000 5000 300 5e-3 1e-4 0.0007951724137931035 0.0005220689655172415 706
1 5000 5000 300 5e-3 1e-4 0.0007951724137931035 0.0005562068965517242 707
1 5000 5000 300 5e-3 1e-4 0.0007951724137931035 0.0005903448275862069 708
1 5000 5000 300 5e-3 1e-4 0.0007951724137931035 0.0006244827586206897 709
1 5000 5000 300 5e-3 1e-4 0.0007951724137931035 0.0006586206896551724 710
1 5000 5000 300 5e-3 1e-4 0.0007951724137931035 0.0006927586206896552 711
1 5000 5000 300 5e-3 1e-4 0.0007951724137931035 0.000726896551724138 712
1 5000 5000 300 5e-3 1e-4 0.0007951724137931035 0.0007610344827586208 713
1 5000 5000 300 5e-3 1e-4 0.0007951724137931035 0.0007951724137931035 714
1 5000 5000 300 5e-3 1e-4 0.0007951724137931035 0.0008293103448275863 715
1 5000 5000 300 5e-3 1e-4 0.0007951724137931035 0.000863448275862069 716
1 5000 5000 300 5e-3 1e-4 0.0007951724137931035 0.0008975862068965518 717
1 5000 5000 300 5e-3 1e-4 0.0007951724137931035 0.0009317241379310345 718
1 5000 5000 300 5e-3 1e-4 0.0007951724137931035 0.0009658620689655174 719
1 5000 5000 300 5e-3 1e-4 0.0007951724137931035 0.001 720
1 5000 5000 300 5e-3 1e-4 0.0008293103448275863 1e-05 721
1 5000 5000 300 5e-3 1e-4 0.0008293103448275863 4.413793103448276e-05 722
1 5000 5000 300 5e-3 1e-4 0.0008293103448275863 7.827586206896552e-05 723
1 5000 5000 300 5e-3 1e-4 0.0008293103448275863 0.00011241379310344828 724
1 5000 5000 300 5e-3 1e-4 0.0008293103448275863 0.00014655172413793104 725
1 5000 5000 300 5e-3 1e-4 0.0008293103448275863 0.0001806896551724138 726
1 5000 5000 300 5e-3 1e-4 0.0008293103448275863 0.00021482758620689656 727
1 5000 5000 300 5e-3 1e-4 0.0008293103448275863 0.00024896551724137937 728
1 5000 5000 300 5e-3 1e-4 0.0008293103448275863 0.0002831034482758621 729
1 5000 5000 300 5e-3 1e-4 0.0008293103448275863 0.00031724137931034486 730
1 5000 5000 300 5e-3 1e-4 0.0008293103448275863 0.0003513793103448276 731
1 5000 5000 300 5e-3 1e-4 0.0008293103448275863 0.0003855172413793104 732
1 5000 5000 300 5e-3 1e-4 0.0008293103448275863 0.00041965517241379316 733
1 5000 5000 300 5e-3 1e-4 0.0008293103448275863 0.0004537931034482759 734
1 5000 5000 300 5e-3 1e-4 0.0008293103448275863 0.0004879310344827587 735
1 5000 5000 300 5e-3 1e-4 0.0008293103448275863 0.0005220689655172415 736
1 5000 5000 300 5e-3 1e-4 0.0008293103448275863 0.0005562068965517242 737
1 5000 5000 300 5e-3 1e-4 0.0008293103448275863 0.0005903448275862069 738
1 5000 5000 300 5e-3 1e-4 0.0008293103448275863 0.0006244827586206897 739
1 5000 5000 300 5e-3 1e-4 0.0008293103448275863 0.0006586206896551724 740
1 5000 5000 300 5e-3 1e-4 0.0008293103448275863 0.0006927586206896552 741
1 5000 5000 300 5e-3 1e-4 0.0008293103448275863 0.000726896551724138 742
1 5000 5000 300 5e-3 1e-4 0.0008293103448275863 0.0007610344827586208 743
1 5000 5000 300 5e-3 1e-4 0.0008293103448275863 0.0007951724137931035 744
1 5000 5000 300 5e-3 1e-4 0.0008293103448275863 0.0008293103448275863 745
1 5000 5000 300 5e-3 1e-4 0.0008293103448275863 0.000863448275862069 746
1 5000 5000 300 5e-3 1e-4 0.0008293103448275863 0.0008975862068965518 747
1 5000 5000 300 5e-3 1e-4 0.0008293103448275863 0.0009317241379310345 748
1 5000 5000 300 5e-3 1e-4 0.0008293103448275863 0.0009658620689655174 749
1 5000 5000 300 5e-3 1e-4 0.0008293103448275863 0.001 750
1 5000 5000 300 5e-3 1e-4 0.000863448275862069 1e-05 751
1 5000 5000 300 5e-3 1e-4 0.000863448275862069 4.413793103448276e-05 752
1 5000 5000 300 5e-3 1e-4 0.000863448275862069 7.827586206896552e-05 753
1 5000 5000 300 5e-3 1e-4 0.000863448275862069 0.00011241379310344828 754
1 5000 5000 300 5e-3 1e-4 0.000863448275862069 0.00014655172413793104 755
1 5000 5000 300 5e-3 1e-4 0.000863448275862069 0.0001806896551724138 756
1 5000 5000 300 5e-3 1e-4 0.000863448275862069 0.00021482758620689656 757
1 5000 5000 300 5e-3 1e-4 0.000863448275862069 0.00024896551724137937 758
1 5000 5000 300 5e-3 1e-4 0.000863448275862069 0.0002831034482758621 759
1 5000 5000 300 5e-3 1e-4 0.000863448275862069 0.00031724137931034486 760
1 5000 5000 300 5e-3 1e-4 0.000863448275862069 0.0003513793103448276 761
1 5000 5000 300 5e-3 1e-4 0.000863448275862069 0.0003855172413793104 762
1 5000 5000 300 5e-3 1e-4 0.000863448275862069 0.00041965517241379316 763
1 5000 5000 300 5e-3 1e-4 0.000863448275862069 0.0004537931034482759 764
1 5000 5000 300 5e-3 1e-4 0.000863448275862069 0.0004879310344827587 765
1 5000 5000 300 5e-3 1e-4 0.000863448275862069 0.0005220689655172415 766
1 5000 5000 300 5e-3 1e-4 0.000863448275862069 0.0005562068965517242 767
1 5000 5000 300 5e-3 1e-4 0.000863448275862069 0.0005903448275862069 768
1 5000 5000 300 5e-3 1e-4 0.000863448275862069 0.0006244827586206897 769
1 5000 5000 300 5e-3 1e-4 0.000863448275862069 0.0006586206896551724 770
1 5000 5000 300 5e-3 1e-4 0.000863448275862069 0.0006927586206896552 771
1 5000 5000 300 5e-3 1e-4 0.000863448275862069 0.000726896551724138 772
1 5000 5000 300 5e-3 1e-4 0.000863448275862069 0.0007610344827586208 773
1 5000 5000 300 5e-3 1e-4 0.000863448275862069 0.0007951724137931035 774
1 5000 5000 300 5e-3 1e-4 0.000863448275862069 0.0008293103448275863 775
1 5000 5000 300 5e-3 1e-4 0.000863448275862069 0.000863448275862069 776
1 5000 5000 300 5e-3 1e-4 0.000863448275862069 0.0008975862068965518 777
1 5000 5000 300 5e-3 1e-4 0.000863448275862069 0.0009317241379310345 778
1 5000 5000 300 5e-3 1e-4 0.000863448275862069 0.0009658620689655174 779
1 5000 5000 300 5e-3 1e-4 0.000863448275862069 0.001 780
1 5000 5000 300 5e-3 1e-4 0.0008975862068965518 1e-05 781
1 5000 5000 300 5e-3 1e-4 0.0008975862068965518 4.413793103448276e-05 782
1 5000 5000 300 5e-3 1e-4 0.0008975862068965518 7.827586206896552e-05 783
1 5000 5000 300 5e-3 1e-4 0.0008975862068965518 0.00011241379310344828 784
1 5000 5000 300 5e-3 1e-4 0.0008975862068965518 0.00014655172413793104 785
1 5000 5000 300 5e-3 1e-4 0.0008975862068965518 0.0001806896551724138 786
1 5000 5000 300 5e-3 1e-4 0.0008975862068965518 0.00021482758620689656 787
1 5000 5000 300 5e-3 1e-4 0.0008975862068965518 0.00024896551724137937 788
1 5000 5000 300 5e-3 1e-4 0.0008975862068965518 0.0002831034482758621 789
1 5000 5000 300 5e-3 1e-4 0.0008975862068965518 0.00031724137931034486 790
1 5000 5000 300 5e-3 1e-4 0.0008975862068965518 0.0003513793103448276 791
1 5000 5000 300 5e-3 1e-4 0.0008975862068965518 0.0003855172413793104 792
1 5000 5000 300 5e-3 1e-4 0.0008975862068965518 0.00041965517241379316 793
1 5000 5000 300 5e-3 1e-4 0.0008975862068965518 0.0004537931034482759 794
1 5000 5000 300 5e-3 1e-4 0.0008975862068965518 0.0004879310344827587 795
1 5000 5000 300 5e-3 1e-4 0.0008975862068965518 0.0005220689655172415 796
1 5000 5000 300 5e-3 1e-4 0.0008975862068965518 0.0005562068965517242 797
1 5000 5000 300 5e-3 1e-4 0.0008975862068965518 0.0005903448275862069 798
1 5000 5000 300 5e-3 1e-4 0.0008975862068965518 0.0006244827586206897 799
1 5000 5000 300 5e-3 1e-4 0.0008975862068965518 0.0006586206896551724 800
1 5000 5000 300 5e-3 1e-4 0.0008975862068965518 0.0006927586206896552 801
1 5000 5000 300 5e-3 1e-4 0.0008975862068965518 0.000726896551724138 802
1 5000 5000 300 5e-3 1e-4 0.0008975862068965518 0.0007610344827586208 803
1 5000 5000 300 5e-3 1e-4 0.0008975862068965518 0.0007951724137931035 804
1 5000 5000 300 5e-3 1e-4 0.0008975862068965518 0.0008293103448275863 805
1 5000 5000 300 5e-3 1e-4 0.0008975862068965518 0.000863448275862069 806
1 5000 5000 300 5e-3 1e-4 0.0008975862068965518 0.0008975862068965518 807
1 5000 5000 300 5e-3 1e-4 0.0008975862068965518 0.0009317241379310345 808
1 5000 5000 300 5e-3 1e-4 0.0008975862068965518 0.0009658620689655174 809
1 5000 5000 300 5e-3 1e-4 0.0008975862068965518 0.001 810
1 5000 5000 300 5e-3 1e-4 0.0009317241379310345 1e-05 811
1 5000 5000 300 5e-3 1e-4 0.0009317241379310345 4.413793103448276e-05 812
1 5000 5000 300 5e-3 1e-4 0.0009317241379310345 7.827586206896552e-05 813
1 5000 5000 300 5e-3 1e-4 0.0009317241379310345 0.00011241379310344828 814
1 5000 5000 300 5e-3 1e-4 0.0009317241379310345 0.00014655172413793104 815
1 5000 5000 300 5e-3 1e-4 0.0009317241379310345 0.0001806896551724138 816
1 5000 5000 300 5e-3 1e-4 0.0009317241379310345 0.00021482758620689656 817
1 5000 5000 300 5e-3 1e-4 0.0009317241379310345 0.00024896551724137937 818
1 5000 5000 300 5e-3 1e-4 0.0009317241379310345 0.0002831034482758621 819
1 5000 5000 300 5e-3 1e-4 0.0009317241379310345 0.00031724137931034486 820
1 5000 5000 300 5e-3 1e-4 0.0009317241379310345 0.0003513793103448276 821
1 5000 5000 300 5e-3 1e-4 0.0009317241379310345 0.0003855172413793104 822
1 5000 5000 300 5e-3 1e-4 0.0009317241379310345 0.00041965517241379316 823
1 5000 5000 300 5e-3 1e-4 0.0009317241379310345 0.0004537931034482759 824
1 5000 5000 300 5e-3 1e-4 0.0009317241379310345 0.0004879310344827587 825
1 5000 5000 300 5e-3 1e-4 0.0009317241379310345 0.0005220689655172415 826
1 5000 5000 300 5e-3 1e-4 0.0009317241379310345 0.0005562068965517242 827
1 5000 5000 300 5e-3 1e-4 0.0009317241379310345 0.0005903448275862069 828
1 5000 5000 300 5e-3 1e-4 0.0009317241379310345 0.0006244827586206897 829
1 5000 5000 300 5e-3 1e-4 0.0009317241379310345 0.0006586206896551724 830
1 5000 5000 300 5e-3 1e-4 0.0009317241379310345 0.0006927586206896552 831
1 5000 5000 300 5e-3 1e-4 0.0009317241379310345 0.000726896551724138 832
1 5000 5000 300 5e-3 1e-4 0.0009317241379310345 0.0007610344827586208 833
1 5000 5000 300 5e-3 1e-4 0.0009317241379310345 0.0007951724137931035 834
1 5000 5000 300 5e-3 1e-4 0.0009317241379310345 0.0008293103448275863 835
1 5000 5000 300 5e-3 1e-4 0.0009317241379310345 0.000863448275862069 836
1 5000 5000 300 5e-3 1e-4 0.0009317241379310345 0.0008975862068965518 837
1 5000 5000 300 5e-3 1e-4 0.0009317241379310345 0.0009317241379310345 838
1 5000 5000 300 5e-3 1e-4 0.0009317241379310345 0.0009658620689655174 839
1 5000 5000 300 5e-3 1e-4 0.0009317241379310345 0.001 840
1 5000 5000 300 5e-3 1e-4 0.0009658620689655174 1e-05 841
1 5000 5000 300 5e-3 1e-4 0.0009658620689655174 4.413793103448276e-05 842
1 5000 5000 300 5e-3 1e-4 0.0009658620689655174 7.827586206896552e-05 843
1 5000 5000 300 5e-3 1e-4 0.0009658620689655174 0.00011241379310344828 844
1 5000 5000 300 5e-3 1e-4 0.0009658620689655174 0.00014655172413793104 845
1 5000 5000 300 5e-3 1e-4 0.0009658620689655174 0.0001806896551724138 846
1 5000 5000 300 5e-3 1e-4 0.0009658620689655174 0.00021482758620689656 847
1 5000 5000 300 5e-3 1e-4 0.0009658620689655174 0.00024896551724137937 848
1 5000 5000 300 5e-3 1e-4 0.0009658620689655174 0.0002831034482758621 849
1 5000 5000 300 5e-3 1e-4 0.0009658620689655174 0.00031724137931034486 850
1 5000 5000 300 5e-3 1e-4 0.0009658620689655174 0.0003513793103448276 851
1 5000 5000 300 5e-3 1e-4 0.0009658620689655174 0.0003855172413793104 852
1 5000 5000 300 5e-3 1e-4 0.0009658620689655174 0.00041965517241379316 853
1 5000 5000 300 5e-3 1e-4 0.0009658620689655174 0.0004537931034482759 854
1 5000 5000 300 5e-3 1e-4 0.0009658620689655174 0.0004879310344827587 855
1 5000 5000 300 5e-3 1e-4 0.0009658620689655174 0.0005220689655172415 856
1 5000 5000 300 5e-3 1e-4 0.0009658620689655174 0.0005562068965517242 857
1 5000 5000 300 5e-3 1e-4 0.0009658620689655174 0.0005903448275862069 858
1 5000 5000 300 5e-3 1e-4 0.0009658620689655174 0.0006244827586206897 859
1 5000 5000 300 5e-3 1e-4 0.0009658620689655174 0.0006586206896551724 860
1 5000 5000 300 5e-3 1e-4 0.0009658620689655174 0.0006927586206896552 861
1 5000 5000 300 5e-3 1e-4 0.0009658620689655174 0.000726896551724138 862
1 5000 5000 300 5e-3 1e-4 0.0009658620689655174 0.0007610344827586208 863
1 5000 5000 300 5e-3 1e-4 0.0009658620689655174 0.0007951724137931035 864
1 5000 5000 300 5e-3 1e-4 0.0009658620689655174 0.0008293103448275863 865
1 5000 5000 300 5e-3 1e-4 0.0009658620689655174 0.000863448275862069 866
1 5000 5000 300 5e-3 1e-4 0.0009658620689655174 0.0008975862068965518 867
1 5000 5000 300 5e-3 1e-4 0.0009658620689655174 0.0009317241379310345 868
1 5000 5000 300 5e-3 1e-4 0.0009658620689655174 0.0009658620689655174 869
1 5000 5000 300 5e-3 1e-4 0.0009658620689655174 0.001 870
1 5000 5000 300 5e-3 1e-4 0.001 1e-05 871
1 5000 5000 300 5e-3 1e-4 0.001 4.413793103448276e-05 872
1 5000 5000 300 5e-3 1e-4 0.001 7.827586206896552e-05 873
1 5000 5000 300 5e-3 1e-4 0.001 0.00011241379310344828 874
1 5000 5000 300 5e-3 1e-4 0.001 0.00014655172413793104 875
1 5000 5000 300 5e-3 1e-4 0.001 0.0001806896551724138 876
1 5000 5000 300 5e-3 1e-4 0.001 0.00021482758620689656 877
1 5000 5000 300 5e-3 1e-4 0.001 0.00024896551724137937 878
1 5000 5000 300 5e-3 1e-4 0.001 0.0002831034482758621 879
1 5000 5000 300 5e-3 1e-4 0.001 0.00031724137931034486 880
1 5000 5000 300 5e-3 1e-4 0.001 0.0003513793103448276 881
1 5000 5000 300 5e-3 1e-4 0.001 0.0003855172413793104 882
1 5000 5000 300 5e-3 1e-4 0.001 0.00041965517241379316 883
1 5000 5000 300 5e-3 1e-4 0.001 0.0004537931034482759 884
1 5000 5000 300 5e-3 1e-4 0.001 0.0004879310344827587 885
1 5000 5000 300 5e-3 1e-4 0.001 0.0005220689655172415 886
1 5000 5000 300 5e-3 1e-4 0.001 0.0005562068965517242 887
1 5000 5000 300 5e-3 1e-4 0.001 0.0005903448275862069 888
1 5000 5000 300 5e-3 1e-4 0.001 0.0006244827586206897 889
1 5000 5000 300 5e-3 1e-4 0.001 0.0006586206896551724 890
1 5000 5000 300 5e-3 1e-4 0.001 0.0006927586206896552 891
1 5000 5000 300 5e-3 1e-4 0.001 0.000726896551724138 892
1 5000 5000 300 5e-3 1e-4 0.001 0.0007610344827586208 893
1 5000 5000 300 5e-3 1e-4 0.001 0.0007951724137931035 894
1 5000 5000 300 5e-3 1e-4 0.001 0.0008293103448275863 895
1 5000 5000 300 5e-3 1e-4 0.001 0.000863448275862069 896
1 5000 5000 300 5e-3 1e-4 0.001 0.0008975862068965518 897
1 5000 5000 300 5e-3 1e-4 0.001 0.0009317241379310345 898
1 5000 5000 300 5e-3 1e-4 0.001 0.0009658620689655174 899
1 5000 5000 300 5e-3 1e-4 0.001 0.001 900
